"V1","V2"
1,0.166135897620238
1,0.166135897620238
0.18526506108026,0.166135897620238
0.18526506108026,0.71924291960854
0.500497784876124,0.71924291960854
0.405507436365205,0.71924291960854
0.405507436365205,0.203941437865144
0.347970628907184,0.272938185643046
0.347970628907184,0.272938185643046
0.331274074519991,0.272938185643046
0.331274074519991,0.272938185643046
0.331274074519991,0.272938185643046
0.331274074519991,0.272938185643046
0.331274074519991,0.272938185643046
0.331274074519991,0.414615503689593
0.331274074519991,0.414615503689593
0.331274074519991,0.414615503689593
0.331274074519991,0.414615503689593
0.331274074519991,0.414615503689593
0.331274074519991,0.414615503689593
0.331274074519991,0.414615503689593
0.331274074519991,0.414615503689593
0.331274074519991,0.414615503689593
0.331274074519991,0.413205258672077
0.331274074519991,0.413205258672077
0.331274074519991,0.496538830810697
0.404932253613199,0.496538830810697
0.404932253613199,0.496538830810697
0.404932253613199,0.496538830810697
0.404932253613199,0.496538830810697
0.404932253613199,0.471098492177392
0.404932253613199,0.471098492177392
0.404932253613199,0.471098492177392
0.404932253613199,0.471098492177392
0.404932253613199,0.471098492177392
0.404932253613199,0.471098492177392
0.404932253613199,0.471098492177392
0.415517747993189,0.471098492177392
0.514687254145531,0.471098492177392
0.514687254145531,0.471098492177392
0.514687254145531,0.471098492177392
0.514687254145531,0.471098492177392
0.514687254145531,0.471098492177392
0.514687254145531,0.471098492177392
0.514687254145531,0.471098492177392
0.505520310464665,0.471098492177392
0.505520310464665,0.471098492177392
0.505520310464665,0.471098492177392
0.505520310464665,0.471098492177392
0.505520310464665,0.471098492177392
0.505520310464665,0.471098492177392
0.505520310464665,0.471098492177392
0.505520310464665,0.471098492177392
0.439816125901759,0.471098492177392
0.439816125901759,0.434104980439449
0.439816125901759,0.434104980439449
0.439816125901759,0.434104980439449
0.439816125901759,0.434104980439449
0.439816125901759,0.529186529587426
0.439816125901759,0.529186529587426
0.439816125901759,0.529186529587426
0.439816125901759,0.529186529587426
0.439816125901759,0.529186529587426
0.439816125901759,0.529186529587426
0.439816125901759,0.529186529587426
0.439816125901759,0.529186529587426
0.439816125901759,0.529186529587426
0.439816125901759,0.529186529587426
0.439816125901759,0.529186529587426
0.439816125901759,0.529186529587426
0.439816125901759,0.529186529587426
0.439816125901759,0.548728400086852
0.439816125901759,0.548728400086852
0.439816125901759,0.548728400086852
0.439816125901759,0.548728400086852
0.439816125901759,0.548728400086852
0.439816125901759,0.548728400086852
0.439816125901759,0.548728400086852
0.439816125901759,0.548728400086852
0.439816125901759,0.548728400086852
0.439816125901759,0.685513832751105
0.439816125901759,0.685513832751105
0.439816125901759,0.685513832751105
0.439816125901759,0.763600128893378
0.439816125901759,0.675034887229465
0.56802132317404,0.675034887229465
0.56802132317404,0.675034887229465
0.56802132317404,0.675034887229465
0.56802132317404,0.675034887229465
0.56802132317404,0.675034887229465
0.56802132317404,0.675034887229465
0.56802132317404,0.675034887229465
0.56802132317404,0.675034887229465
0.56802132317404,0.675034887229465
0.56802132317404,0.675034887229465
0.56802132317404,0.675034887229465
0.56802132317404,0.675034887229465
0.56802132317404,0.675034887229465
0.56802132317404,0.675034887229465
0.56802132317404,0.675034887229465
0.56802132317404,0.880536088724933
0.56802132317404,0.880536088724933
0.56802132317404,0.848081731379561
0.56802132317404,0.848081731379561
0.56802132317404,0.848081731379561
0.56802132317404,0.848081731379561
0.56802132317404,0.848081731379561
0.600947771369938,0.848081731379561
0.600947771369938,0.848081731379561
0.600947771369938,0.848081731379561
0.600947771369938,0.848081731379561
0.600947771369938,0.939090821540374
0.600947771369938,0.939090821540374
0.600947771369938,0.939090821540374
0.600947771369938,0.939090821540374
0.600947771369938,0.939090821540374
0.600947771369938,0.939090821540374
0.600947771369938,0.939090821540374
0.600947771369938,0.939090821540374
0.600947771369938,0.939090821540374
0.707002183586921,0.939090821540374
0.736452357599879,0.939090821540374
0.736452357599879,0.939090821540374
0.736452357599879,0.939090821540374
0.77853002947184,0.889777439191124
0.77853002947184,0.889777439191124
0.77853002947184,0.889777439191124
0.77853002947184,0.889777439191124
0.77853002947184,0.889777439191124
0.77853002947184,0.889777439191124
0.77853002947184,0.889777439191124
0.814643881586081,0.889777439191124
0.786733642916582,0.889777439191124
0.786733642916582,0.889777439191124
0.71539855511855,0.935879641975488
0.71539855511855,1.04389148472505
0.71539855511855,1.04389148472505
0.71539855511855,1.04389148472505
0.71539855511855,1.04389148472505
0.728065757594438,1.04389148472505
0.625120582620811,1.04389148472505
0.728644388766915,1.04389148472505
0.728644388766915,1.04389148472505
0.842297586881682,1.04389148472505
0.842297586881682,1.04389148472505
0.842297586881682,1.04389148472505
0.842297586881682,1.04389148472505
0.842297586881682,1.04389148472505
0.612383290706733,1.04389148472505
0.612383290706733,1.04389148472505
0.612383290706733,1.04040511788232
0.612383290706733,1.04040511788232
0.612383290706733,1.04040511788232
0.612383290706733,1.04040511788232
0.612383290706733,0.961585137720154
0.612383290706733,0.961585137720154
0.612383290706733,0.961585137720154
0.612383290706733,0.961585137720154
0.619921914179951,0.934964234084023
0.619921914179951,0.934964234084023
0.619921914179951,0.934964234084023
0.619921914179951,0.934964234084023
0.619921914179951,0.934964234084023
0.619921914179951,0.934964234084023
0.619921914179951,0.934964234084023
0.619921914179951,0.988726107541159
0.619921914179951,0.988726107541159
0.619921914179951,0.988726107541159
0.619921914179951,1.04067252336261
0.619921914179951,1.04067252336261
0.619921914179951,1.04067252336261
0.619921914179951,1.04067252336261
0.619921914179951,1.04067252336261
0.619921914179951,1.04067252336261
0.619921914179951,0.89021669924433
0.619921914179951,0.941346401534226
0.619921914179951,0.941346401534226
0.619921914179951,0.941346401534226
0.619921914179951,0.941346401534226
0.619921914179951,0.941346401534226
0.619921914179951,1.2379678404275
0.619921914179951,0.781837898442495
0.619921914179951,0.781837898442495
0.619921914179951,0.781837898442495
0.619921914179951,0.781837898442495
0.619921914179951,0.781837898442495
0.86314026162717,0.781837898442495
0.86314026162717,0.781837898442495
0.86314026162717,0.781837898442495
0.86314026162717,0.781837898442495
0.86314026162717,0.781837898442495
0.86314026162717,1.00722510217414
0.86314026162717,1.00722510217414
0.862068317472286,1.00722510217414
0.862068317472286,0.949321433889156
0.862068317472286,0.949321433889156
0.862068317472286,0.949321433889156
0.862068317472286,0.949321433889156
0.862068317472286,0.949321433889156
0.819333416426991,0.955492269955782
0.819333416426991,0.955492269955782
0.819333416426991,0.955492269955782
0.819333416426991,0.955492269955782
0.819333416426991,0.955492269955782
0.819333416426991,0.955492269955782
0.881050813179894,0.955492269955782
0.881050813179894,0.955492269955782
0.881050813179894,0.955492269955782
0.881050813179894,0.955492269955782
0.881050813179894,1.17568518966773
0.881050813179894,1.17568518966773
0.881050813179894,1.17568518966773
0.953447200075302,1.26191759914255
0.953447200075302,1.26191759914255
0.953447200075302,1.26191759914255
0.953447200075302,1.26191759914255
0.953447200075302,1.26191759914255
0.953447200075302,1.26191759914255
0.953447200075302,1.34718764066283
0.953447200075302,1.34718764066283
0.953447200075302,1.34718764066283
0.874651564316005,1.34718764066283
0.874651564316005,1.34718764066283
0.874651564316005,1.34718764066283
0.874651564316005,1.34718764066283
0.874651564316005,1.34718764066283
0.918939194695673,1.34718764066283
0.918939194695673,1.34718764066283
0.918939194695673,1.34718764066283
0.918939194695673,1.20489253639374
0.918939194695673,1.20489253639374
0.918939194695673,1.39016365706638
0.798421312564662,1.39016365706638
0.798421312564662,1.49435970215254
0.798421312564662,1.49435970215254
0.798421312564662,1.49435970215254
0.798421312564662,1.49435970215254
0.798421312564662,1.49435970215254
0.798421312564662,1.28996296691775
0.798421312564662,1.28996296691775
0.798421312564662,1.28996296691775
0.798421312564662,1.28996296691775
0.643268602819144,1.28996296691775
0.650797331422758,1.28996296691775
0.859997353381579,1.28996296691775
0.859997353381579,1.28996296691775
0.859997353381579,1.28996296691775
0.859997353381579,1.28996296691775
0.859997353381579,1.28996296691775
0.859997353381579,1.28996296691775
0.859997353381579,1.19466990244366
0.932893943176767,1.19466990244366
0.932893943176767,1.67392818735728
0.932893943176767,1.67392818735728
0.932893943176767,1.67392818735728
0.932893943176767,1.67392818735728
0.932893943176767,1.67392818735728
0.932893943176767,1.67392818735728
0.932893943176767,1.67392818735728
0.932893943176767,1.67392818735728
0.932893943176767,1.67392818735728
0.932893943176767,1.67392818735728
0.932893943176767,1.67392818735728
0.932893943176767,1.67392818735728
0.932893943176767,1.67392818735728
0.932893943176767,1.67392818735728
0.932893943176767,1.67392818735728
0.932893943176767,1.67392818735728
0.932893943176767,1.67392818735728
0.932893943176767,1.67392818735728
0.932893943176767,1.88368331673881
0.932893943176767,1.88368331673881
0.932893943176767,1.88368331673881
0.932893943176767,1.88368331673881
0.932893943176767,1.88368331673881
0.932893943176767,1.88368331673881
0.932893943176767,1.88368331673881
0.932893943176767,1.88368331673881
0.932893943176767,1.88368331673881
0.932893943176767,1.88368331673881
0.932893943176767,1.88368331673881
0.932893943176767,1.88368331673881
0.932893943176767,1.88368331673881
0.932893943176767,1.88368331673881
0.932893943176767,1.88368331673881
0.932893943176767,2.00488646309756
0.932893943176767,2.00488646309756
0.932893943176767,2.00488646309756
0.932893943176767,2.00488646309756
0.932893943176767,2.00488646309756
0.932893943176767,2.00488646309756
0.932893943176767,2.00488646309756
0.932893943176767,2.00488646309756
0.932893943176767,2.00488646309756
0.932893943176767,2.00488646309756
0.932893943176767,2.00488646309756
0.932893943176767,2.00488646309756
0.932893943176767,2.00488646309756
0.932893943176767,2.00488646309756
0.932893943176767,2.00488646309756
0.932893943176767,2.00488646309756
0.932893943176767,2.00488646309756
0.932893943176767,2.00488646309756
0.932893943176767,2.00488646309756
0.932893943176767,2.00488646309756
0.932893943176767,2.00488646309756
0.932893943176767,2.00488646309756
0.932893943176767,2.00488646309756
0.932893943176767,2.00488646309756
0.932893943176767,2.00488646309756
0.932893943176767,2.00488646309756
0.932893943176767,2.00488646309756
0.873239393345751,2.00488646309756
0.873239393345751,2.00488646309756
0.873239393345751,2.00488646309756
1.14787450908886,2.00488646309756
1.14787450908886,2.00488646309756
1.14787450908886,2.00488646309756
1.14787450908886,2.00488646309756
1.14787450908886,2.00488646309756
1.14787450908886,2.00488646309756
1.14787450908886,2.00488646309756
1.14787450908886,2.00488646309756
1.14787450908886,2.00488646309756
1.14787450908886,2.00488646309756
1.14787450908886,2.00488646309756
1.14787450908886,2.00488646309756
1.14787450908886,2.00488646309756
1.14787450908886,2.00488646309756
1.14787450908886,1.84725967338743
1.14787450908886,1.84725967338743
1.14787450908886,1.84725967338743
1.14787450908886,1.84725967338743
1.14787450908886,1.84725967338743
1.14787450908886,2.00181967673809
1.14787450908886,2.00181967673809
1.14787450908886,2.00181967673809
1.14787450908886,2.00181967673809
1.31163791599209,2.00181967673809
1.31163791599209,1.80778321675191
1.31163791599209,1.80778321675191
1.31163791599209,2.11458993011388
1.31163791599209,2.11458993011388
1.31163791599209,2.11458993011388
1.31163791599209,2.11458993011388
1.31163791599209,2.11458993011388
1.31163791599209,2.11458993011388
1.31163791599209,2.11458993011388
1.31163791599209,2.11458993011388
1.31163791599209,2.11458993011388
0.897886445068715,2.11458993011388
0.897886445068715,2.11458993011388
0.897886445068715,2.11458993011388
0.897886445068715,2.11458993011388
0.897886445068715,2.11458993011388
1.01351777033296,2.11458993011388
1.01351777033296,2.11458993011388
1.01351777033296,2.11458993011388
1.01351777033296,2.11458993011388
1.01351777033296,2.11458993011388
1.19376347085993,2.11458993011388
1.19376347085993,2.11458993011388
1.19376347085993,2.11458993011388
1.19376347085993,2.11458993011388
1.19376347085993,2.11458993011388
1.19376347085993,2.11458993011388
1.19376347085993,2.4163546286455
1.19376347085993,2.4163546286455
1.19376347085993,2.4163546286455
1.0320575416438,2.4163546286455
1.0320575416438,2.4163546286455
1.0320575416438,1.81597774380765
1.0320575416438,1.81597774380765
1.0320575416438,1.81597774380765
1.0320575416438,1.81597774380765
1.0320575416438,1.81597774380765
1.0700538515592,1.81597774380765
1.0700538515592,1.81597774380765
1.0700538515592,1.81628552677456
1.0700538515592,2.05953089701571
1.0700538515592,2.05953089701571
1.0700538515592,2.05953089701571
1.0700538515592,2.05953089701571
1.0700538515592,2.05953089701571
1.0700538515592,2.05953089701571
1.15692514196929,2.05953089701571
1.15692514196929,2.05953089701571
1.15692514196929,2.05953089701571
1.15692514196929,2.05953089701571
1.15692514196929,2.05953089701571
1.15692514196929,2.05953089701571
1.15692514196929,2.05953089701571
1.35853487186107,2.05953089701571
1.35853487186107,2.05953089701571
1.35853487186107,2.05953089701571
1.35853487186107,2.05953089701571
1.19033539676511,2.05953089701571
1.19033539676511,2.05953089701571
1.31859542485403,2.05953089701571
1.31859542485403,2.05953089701571
1.31859542485403,2.05953089701571
1.31859542485403,1.90908256039109
1.31859542485403,1.90908256039109
1.31859542485403,1.90908256039109
1.27397969510682,1.90908256039109
1.03566704554034,1.90908256039109
1.03566704554034,2.28084972945923
1.03566704554034,2.28084972945923
1.62195179598372,2.0741210405523
1.62195179598372,2.0741210405523
1.62195179598372,2.0741210405523
1.69887047412254,2.0741210405523
1.69887047412254,1.63076582078584
1.69887047412254,1.63076582078584
1.69887047412254,1.63076582078584
1.69887047412254,1.63076582078584
1.69887047412254,1.63076582078584
1.69887047412254,1.63076582078584
1.34562206971266,1.63076582078584
1.34562206971266,1.63076582078584
1.3830266478917,1.86067832727635
1.3830266478917,1.61089448454045
1.3830266478917,1.61089448454045
1.3830266478917,1.61089448454045
1.3830266478917,1.61089448454045
1.8858477585959,1.61089448454045
1.8858477585959,1.61089448454045
1.8858477585959,1.61089448454045
1.8858477585959,1.61089448454045
1.8858477585959,1.61089448454045
1.8858477585959,1.61089448454045
1.8858477585959,1.61089448454045
1.8858477585959,1.61089448454045
1.8858477585959,1.61089448454045
1.8858477585959,1.61089448454045
1.38647665387793,1.61089448454045
1.38647665387793,1.61089448454045
1.38647665387793,1.61089448454045
1.38647665387793,1.61089448454045
1.38647665387793,1.61089448454045
1.38647665387793,1.61089448454045
1.79280920329165,1.61089448454045
1.79280920329165,1.61089448454045
1.81610265300198,1.61089448454045
1.81610265300198,2.10047413883136
1.81610265300198,2.10047413883136
1.81610265300198,2.10047413883136
1.81610265300198,2.10047413883136
1.81610265300198,2.10047413883136
1.81610265300198,2.0901106749413
1.81610265300198,2.0901106749413
1.81610265300198,2.0901106749413
1.81610265300198,1.19647933048699
1.81610265300198,1.78394802167005
1.81610265300198,1.78394802167005
1.81610265300198,1.78394802167005
1.81610265300198,1.44255861096942
1.81610265300198,1.44255861096942
1.23889666233964,1.44255861096942
1.23889666233964,1.44255861096942
1.23889666233964,1.44255861096942
1.23889666233964,1.44255861096942
1.34179024340092,1.44255861096942
1.34179024340092,1.44255861096942
1.34179024340092,1.37744051278543
1.34179024340092,1.78889493971983
1.34179024340092,1.42674432494946
1.34179024340092,1.42674432494946
1.34179024340092,1.42674432494946
1.34179024340092,1.42674432494946
1.34179024340092,1.42674432494946
1.34179024340092,1.42674432494946
1.34179024340092,1.42674432494946
1.34179024340092,1.42674432494946
1.34179024340092,1.72933912379542
1.47988215232276,1.72933912379542
1.47988215232276,1.72933912379542
1.47988215232276,1.72933912379542
1.47988215232276,1.72933912379542
1.47988215232276,1.72933912379542
1.47988215232276,1.69564773616898
1.47988215232276,1.69564773616898
1.47988215232276,1.69564773616898
1.47988215232276,1.69564773616898
1.47988215232276,1.69564773616898
1.47988215232276,1.69564773616898
1.47988215232276,1.69564773616898
1.47988215232276,1.69564773616898
1.47988215232276,1.65228084125993
1.47988215232276,1.65228084125993
1.47988215232276,1.65228084125993
1.47988215232276,1.65228084125993
1.47988215232276,1.65228084125993
1.47988215232276,1.65228084125993
1.47988215232276,1.65228084125993
1.47988215232276,1.65228084125993
1.47988215232276,1.65228084125993
1.47988215232276,1.65228084125993
1.47988215232276,1.65228084125993
1.47988215232276,1.65228084125993
1.47988215232276,1.65228084125993
1.47988215232276,1.65228084125993
1.47988215232276,1.65228084125993
1.47988215232276,1.65228084125993
1.47988215232276,2.02331157481531
1.47988215232276,2.02331157481531
1.47988215232276,2.02331157481531
1.47988215232276,2.02331157481531
1.47988215232276,2.02331157481531
1.47988215232276,2.02331157481531
1.47988215232276,1.66406027638517
1.47988215232276,1.66406027638517
1.47988215232276,1.68064820037207
1.47988215232276,1.68064820037207
1.47988215232276,1.68064820037207
1.47988215232276,1.68064820037207
1.47988215232276,1.68064820037207
1.47988215232276,1.68064820037207
1.47988215232276,1.68064820037207
1.47988215232276,1.91480835284376
1.47988215232276,1.91480835284376
1.47988215232276,1.91480835284376
1.47988215232276,1.91480835284376
1.47988215232276,1.91480835284376
1.47988215232276,1.91480835284376
1.47988215232276,1.91480835284376
1.49693255048825,1.91480835284376
1.49693255048825,1.91480835284376
1.49693255048825,1.91480835284376
1.49693255048825,1.99716854883567
1.49693255048825,1.99716854883567
1.49693255048825,1.99716854883567
1.49693255048825,1.99716854883567
1.49693255048825,1.99716854883567
1.4503901294843,1.99716854883567
1.42096024582045,1.99716854883567
1.42096024582045,1.99716854883567
1.42096024582045,1.99716854883567
1.42096024582045,1.99716854883567
1.64732810078437,1.99716854883567
1.47436994354194,1.99716854883567
1.47436994354194,1.99716854883567
1.37537100788461,1.99716854883567
1.37537100788461,1.59023464335171
1.37537100788461,1.59023464335171
1.37537100788461,1.59023464335171
1.37537100788461,1.59023464335171
1.37537100788461,1.59023464335171
1.37537100788461,1.59023464335171
1.37537100788461,1.59023464335171
1.38021118224597,1.59023464335171
1.38021118224597,1.59023464335171
1.38021118224597,1.59023464335171
1.38021118224597,1.59023464335171
1.38021118224597,1.59023464335171
1.38021118224597,1.59023464335171
1.38021118224597,1.64258693697889
1.38021118224597,1.64258693697889
1.38021118224597,1.64258693697889
1.38021118224597,1.64258693697889
1.38021118224597,1.64258693697889
1.38021118224597,1.64258693697889
1.38021118224597,1.64258693697889
1.38021118224597,1.64258693697889
1.38021118224597,1.64258693697889
1.38021118224597,1.64258693697889
1.38021118224597,1.64258693697889
1.38021118224597,1.64258693697889
1.38021118224597,1.64258693697889
1.33659464956727,1.64258693697889
1.33659464956727,1.64258693697889
1.33659464956727,1.64258693697889
1.33659464956727,1.64258693697889
1.33659464956727,1.64258693697889
1.33659464956727,1.64258693697889
1.33659464956727,1.64258693697889
1.5976905165989,1.64258693697889
1.5976905165989,1.64258693697889
1.5976905165989,1.64258693697889
1.5976905165989,1.64258693697889
1.62603136589277,1.64215322531757
1.62603136589277,1.43899562514103
1.62603136589277,1.43899562514103
1.62603136589277,1.43899562514103
1.62603136589277,1.60178149649864
1.62603136589277,1.60178149649864
1.62603136589277,1.82661960112323
1.62603136589277,1.93155405368128
1.62603136589277,1.93155405368128
1.62603136589277,2.01382805270497
1.62603136589277,2.01382805270497
1.62603136589277,2.01382805270497
1.62603136589277,2.01382805270497
1.62603136589277,1.93444684689284
1.41247271304745,1.93444684689284
1.41247271304745,1.87649911589373
1.41247271304745,1.87649911589373
1.41247271304745,1.87649911589373
1.41247271304745,1.87649911589373
1.41247271304745,1.87649911589373
1.41247271304745,1.87649911589373
1.41247271304745,1.87649911589373
1.56241469531826,1.87649911589373
1.56241469531826,1.87649911589373
1.56241469531826,1.87649911589373
1.34339591953983,1.77701060162116
1.34339591953983,1.77701060162116
1.34339591953983,1.77701060162116
1.34339591953983,1.77701060162116
1.34339591953983,1.77701060162116
1.34339591953983,1.77701060162116
1.34339591953983,1.77701060162116
1.34339591953983,1.77701060162116
1.34339591953983,1.77701060162116
1.34339591953983,1.77701060162116
1.34339591953983,1.77701060162116
1.34974011660483,1.77701060162116
1.34974011660483,1.77701060162116
1.34974011660483,1.93710251965819
1.34974011660483,1.93710251965819
1.34974011660483,1.93710251965819
1.34974011660483,1.93710251965819
1.34974011660483,1.93710251965819
1.34974011660483,1.93710251965819
1.34974011660483,1.93710251965819
1.34974011660483,1.93710251965819
1.34974011660483,1.93710251965819
1.17493384975844,1.93710251965819
1.17493384975844,1.93710251965819
1.17493384975844,1.93710251965819
1.17493384975844,1.93710251965819
1.17493384975844,1.93710251965819
1.44613185448212,1.93710251965819
1.44613185448212,1.93710251965819
1.44613185448212,1.93710251965819
1.44613185448212,1.93710251965819
1.44613185448212,1.82088089432862
1.44613185448212,1.82088089432862
1.44613185448212,1.82088089432862
1.44613185448212,1.82088089432862
1.44613185448212,1.82088089432862
1.44613185448212,1.82088089432862
1.44613185448212,1.82088089432862
1.44613185448212,1.82088089432862
1.44613185448212,1.82088089432862
1.44421372151152,1.82088089432862
1.40674436611723,1.82088089432862
1.40674436611723,1.82088089432862
1.20691475387202,1.82088089432862
1.42220240236109,1.82088089432862
1.39420488195654,1.82088089432862
1.39420488195654,1.82088089432862
1.39420488195654,1.82088089432862
1.3448971948695,1.82088089432862
1.3448971948695,1.82088089432862
1.3448971948695,1.82088089432862
1.3448971948695,1.82088089432862
1.3448971948695,1.54641038280093
1.3448971948695,1.54641038280093
1.42209930981417,1.54641038280093
1.56855358093697,1.54641038280093
1.56855358093697,1.54641038280093
1.56855358093697,1.54641038280093
1.56855358093697,1.54641038280093
1.56855358093697,1.54641038280093
1.56855358093697,1.57262705563819
1.56855358093697,1.57262705563819
1.56855358093697,1.57262705563819
1.56855358093697,1.57262705563819
1.56855358093697,1.57262705563819
1.56855358093697,1.57262705563819
1.56855358093697,1.57262705563819
1.33191647034182,1.57262705563819
1.33191647034182,1.57262705563819
1.33191647034182,1.57262705563819
1.33191647034182,1.48224364783619
1.33191647034182,1.48224364783619
1.33191647034182,1.48224364783619
1.33191647034182,1.48224364783619
1.33191647034182,1.48224364783619
1.33191647034182,1.48224364783619
1.33191647034182,1.48224364783619
1.33191647034182,1.48224364783619
1.14482421944281,1.48224364783619
1.14482421944281,1.48224364783619
1.14482421944281,1.48224364783619
1.14482421944281,1.48224364783619
1.13826177225841,1.48224364783619
1.13826177225841,1.48224364783619
1.13826177225841,1.48224364783619
1.13826177225841,1.48224364783619
1.13826177225841,1.67252962029625
1.13826177225841,1.67252962029625
1.13826177225841,1.67252962029625
1.36339443884348,1.82669742986193
1.36339443884348,1.79333784228948
1.36339443884348,1.79333784228948
1.36339443884348,1.79333784228948
1.3084329324108,1.79333784228948
1.3084329324108,1.79333784228948
1.3084329324108,1.79333784228948
1.3084329324108,1.79333784228948
1.3084329324108,1.79333784228948
1.3084329324108,1.79333784228948
1.3084329324108,1.79333784228948
1.3084329324108,1.79333784228948
1.30376484389204,1.79333784228948
1.30376484389204,1.25974446363603
1.30376484389204,1.25974446363603
1.30376484389204,1.30649857277784
1.30376484389204,1.6026660796593
1.30376484389204,1.6026660796593
1.30376484389204,1.6026660796593
1.30376484389204,1.6026660796593
1.30376484389204,1.6026660796593
1.30376484389204,1.6026660796593
1.30376484389204,1.6026660796593
1.30376484389204,1.6026660796593
1.30376484389204,1.6026660796593
1.30376484389204,1.58400113778311
1.30376484389204,1.58400113778311
1.30376484389204,1.58400113778311
1.30376484389204,1.58400113778311
1.30376484389204,1.58400113778311
1.30376484389204,1.58400113778311
1.30376484389204,1.58400113778311
1.30376484389204,1.58400113778311
1.30376484389204,1.58400113778311
1.30376484389204,1.58400113778311
1.30376484389204,1.58400113778311
1.30376484389204,1.58400113778311
1.30376484389204,1.58400113778311
1.32934935135928,1.31436007081001
1.32934935135928,1.31436007081001
1.32934935135928,1.31436007081001
1.1855535750448,1.31436007081001
1.1855535750448,1.20218440238129
1.1855535750448,1.19667685303059
1.35724284938887,1.19667685303059
1.35724284938887,1.19667685303059
1.35724284938887,1.19667685303059
1.35724284938887,1.19667685303059
1.52071621954792,1.35408550851765
1.52071621954792,1.35408550851765
1.52071621954792,1.35408550851765
1.52071621954792,1.35408550851765
1.30544618185439,1.35408550851765
1.30544618185439,1.35408550851765
1.30544618185439,1.35408550851765
1.30544618185439,1.35408550851765
1.30544618185439,1.35408550851765
1.30544618185439,1.35408550851765
1.30544618185439,1.35408550851765
1.30544618185439,1.35408550851765
1.30544618185439,1.67198434263574
1.30544618185439,1.67198434263574
1.30544618185439,1.67198434263574
1.30544618185439,1.67198434263574
1.30544618185439,1.67198434263574
1.30544618185439,1.67198434263574
1.30544618185439,1.67198434263574
1.31892027048367,1.67198434263574
1.31892027048367,1.67198434263574
1.31892027048367,1.67198434263574
1.31892027048367,1.67198434263574
1.47308581721965,1.67198434263574
1.43694834996218,1.67198434263574
1.43694834996218,1.67198434263574
1.43694834996218,1.26649056100333
1.65477232622761,1.26649056100333
1.18738816396267,1.26649056100333
1.18738816396267,1.26649056100333
1.18738816396267,1.23988948752593
1.18738816396267,1.23988948752593
1.22322465979834,1.23988948752593
1.22322465979834,1.23988948752593
1.22322465979834,1.23988948752593
1.22322465979834,1.23988948752593
1.22322465979834,1.23988948752593
1.22322465979834,1.23988948752593
1.22322465979834,1.23988948752593
1.22322465979834,1.23988948752593
1.22322465979834,1.23988948752593
1.22322465979834,1.23988948752593
1.22322465979834,1.23988948752593
1.22322465979834,1.23988948752593
1.22322465979834,1.31821690285276
1.22322465979834,1.31821690285276
1.22322465979834,1.31821690285276
1.22322465979834,1.31821690285276
1.22322465979834,1.31821690285276
1.22322465979834,1.31821690285276
1.22322465979834,1.31821690285276
1.22322465979834,1.31821690285276
1.22322465979834,1.31821690285276
1.22322465979834,1.5466504636465
1.22322465979834,1.5466504636465
1.22322465979834,1.74875490478639
1.22322465979834,1.74875490478639
1.22322465979834,1.74875490478639
1.22322465979834,1.74875490478639
1.22322465979834,1.74875490478639
1.22322465979834,1.74875490478639
1.22322465979834,1.74875490478639
1.22322465979834,1.74875490478639
1.22322465979834,1.74875490478639
1.22322465979834,1.74875490478639
1.22322465979834,1.63326635936373
1.22322465979834,1.63326635936373
1.22322465979834,1.63326635936373
1.22322465979834,1.63326635936373
1.22322465979834,1.63326635936373
1.22322465979834,1.63326635936373
1.22322465979834,1.63326635936373
1.22322465979834,1.63326635936373
1.22322465979834,1.63326635936373
1.18399487632462,1.63326635936373
1.18399487632462,1.63326635936373
1.18399487632462,1.63326635936373
1.18399487632462,1.63326635936373
1.18399487632462,1.63326635936373
1.18399487632462,1.63326635936373
1.18399487632462,1.63326635936373
1.18399487632462,1.63326635936373
1.29371222539439,1.63326635936373
1.29371222539439,1.63326635936373
1.29371222539439,1.63326635936373
1.29371222539439,1.63326635936373
1.29371222539439,1.63326635936373
1.29371222539439,1.63326635936373
1.29371222539439,1.56348333261382
1.29371222539439,1.56348333261382
1.29371222539439,1.56348333261382
1.29371222539439,1.47847446774663
1.29371222539439,1.62053412128834
1.29371222539439,1.62053412128834
1.29371222539439,1.62053412128834
1.29371222539439,1.62053412128834
1.29371222539439,1.63232455347072
1.29371222539439,1.63232455347072
1.29371222539439,1.63232455347072
1.29371222539439,1.63232455347072
1.29371222539439,1.54203899606082
1.29371222539439,1.54203899606082
1.29371222539439,1.54203899606082
1.29371222539439,1.54203899606082
1.29371222539439,1.54203899606082
1.29371222539439,1.54203899606082
1.29371222539439,1.54203899606082
1.76827981715694,1.54203899606082
1.76827981715694,1.54203899606082
1.49942396526818,1.54203899606082
1.49942396526818,1.54203899606082
1.49942396526818,1.54203899606082
1.49942396526818,1.54203899606082
1.49942396526818,1.54203899606082
1.49942396526818,1.54203899606082
1.49942396526818,1.54203899606082
1.49942396526818,1.54203899606082
1.49942396526818,1.54203899606082
1.49942396526818,1.54203899606082
1.55532040098128,1.54203899606082
1.55532040098128,1.54203899606082
1.55532040098128,1.54203899606082
1.55532040098128,1.54203899606082
1.55532040098128,1.54203899606082
1.55532040098128,1.51421311771069
1.55532040098128,1.51421311771069
1.22625102617307,1.51421311771069
1.22625102617307,1.51421311771069
1.22625102617307,1.51421311771069
1.22625102617307,1.51421311771069
1.22625102617307,1.51421311771069
1.22625102617307,1.51421311771069
1.22625102617307,1.51421311771069
1.22625102617307,1.51421311771069
1.22625102617307,1.51421311771069
1.22625102617307,1.51421311771069
1.22625102617307,1.51421311771069
1.22625102617307,1.51421311771069
1.31844804319989,1.51421311771069
1.31844804319989,1.51421311771069
1.31844804319989,1.51421311771069
1.31844804319989,1.51421311771069
1.31844804319989,1.51421311771069
1.31844804319989,1.51421311771069
1.31844804319989,1.51421311771069
1.31844804319989,1.51421311771069
1.31844804319989,1.51421311771069
1.31844804319989,1.51421311771069
1.31844804319989,1.51421311771069
1.31844804319989,1.51421311771069
1.31844804319989,1.51421311771069
1.31844804319989,1.51421311771069
1.31844804319989,1.51421311771069
1.31844804319989,1.51421311771069
1.31844804319989,1.51421311771069
1.34571781128356,1.51421311771069
1.91511033715317,1.51421311771069
1.91511033715317,1.51421311771069
2.0228859291856,1.51421311771069
2.0228859291856,1.88501947050405
2.0228859291856,1.88501947050405
1.30912390533044,1.88501947050405
1.30912390533044,1.49989791746516
1.30912390533044,1.49989791746516
1.30912390533044,1.49989791746516
1.30912390533044,1.49989791746516
1.30912390533044,1.49989791746516
1.30912390533044,1.49989791746516
1.30912390533044,1.48999217157508
1.30912390533044,1.48999217157508
1.30912390533044,1.48999217157508
1.30912390533044,1.48999217157508
1.30912390533044,1.48999217157508
1.30912390533044,1.81832290970086
1.30912390533044,1.81832290970086
1.30912390533044,1.81832290970086
1.30912390533044,1.81832290970086
1.30912390533044,1.81832290970086
1.30912390533044,1.81832290970086
1.3366489259064,1.81832290970086
1.3366489259064,1.81832290970086
1.3366489259064,1.81832290970086
1.3366489259064,1.81832290970086
1.3366489259064,1.25151009432368
1.3366489259064,1.25151009432368
1.3366489259064,1.25151009432368
1.3366489259064,1.25151009432368
1.3366489259064,1.53075120458481
1.3366489259064,1.53075120458481
1.67512486054733,1.53075120458481
1.67512486054733,1.53075120458481
1.67512486054733,1.53075120458481
1.67512486054733,1.53075120458481
1.67512486054733,1.53075120458481
1.67512486054733,1.53075120458481
1.67512486054733,1.53075120458481
1.67512486054733,1.53075120458481
1.5161305086203,1.53075120458481
1.5161305086203,1.53075120458481
1.5161305086203,1.53075120458481
1.5161305086203,1.53075120458481
1.5161305086203,1.53075120458481
1.5161305086203,1.53075120458481
1.5161305086203,1.53075120458481
1.5161305086203,1.53075120458481
1.5161305086203,1.53075120458481
1.5161305086203,1.53075120458481
1.5161305086203,1.53075120458481
1.5161305086203,1.53075120458481
1.5161305086203,1.53075120458481
1.5161305086203,1.53075120458481
1.5161305086203,1.53075120458481
1.5161305086203,1.53075120458481
1.5161305086203,1.53075120458481
1.5161305086203,1.53075120458481
1.5161305086203,1.53075120458481
1.5161305086203,1.53075120458481
1.5161305086203,1.53075120458481
1.5161305086203,1.53075120458481
1.5161305086203,1.53075120458481
1.5161305086203,1.53075120458481
1.5161305086203,1.53075120458481
1.5161305086203,1.53075120458481
1.5161305086203,1.53075120458481
1.5161305086203,1.53075120458481
1.5161305086203,1.53075120458481
1.5161305086203,1.3773626072293
1.5161305086203,1.3773626072293
1.5161305086203,1.3773626072293
1.5161305086203,1.8427998899918
1.5161305086203,1.8427998899918
1.5161305086203,1.8427998899918
1.5161305086203,1.8427998899918
1.5161305086203,1.8427998899918
1.5161305086203,1.8427998899918
1.5161305086203,1.8427998899918
1.5161305086203,1.8427998899918
1.5161305086203,1.8427998899918
1.2704556217211,1.8427998899918
1.2704556217211,1.8427998899918
1.2704556217211,1.8427998899918
1.40842151018035,1.8427998899918
1.40842151018035,1.8427998899918
1.40842151018035,1.8427998899918
1.40842151018035,1.8427998899918
1.40842151018035,1.8427998899918
1.40842151018035,1.56179438818021
1.40842151018035,1.56179438818021
1.40842151018035,1.56179438818021
1.40842151018035,1.56179438818021
1.40842151018035,1.56179438818021
1.40842151018035,1.56179438818021
1.40842151018035,1.56179438818021
1.40842151018035,1.56179438818021
1.40842151018035,1.56179438818021
1.40842151018035,1.56179438818021
1.54678800710594,1.56179438818021
1.54678800710594,1.56179438818021
1.54678800710594,1.56179438818021
1.54678800710594,1.56179438818021
1.54678800710594,1.56179438818021
1.54678800710594,1.56179438818021
1.54678800710594,1.56179438818021
1.54678800710594,1.56179438818021
1.54678800710594,1.56179438818021
1.54678800710594,1.56179438818021
1.54678800710594,1.56179438818021
1.54678800710594,1.56179438818021
1.54678800710594,1.56179438818021
1.19378924437652,1.56179438818021
1.19378924437652,1.56179438818021
1.19378924437652,1.56179438818021
1.19378924437652,1.50001614079213
1.19378924437652,1.50001614079213
1.19378924437652,1.94425443544434
1.19378924437652,1.94425443544434
1.19378924437652,1.94425443544434
1.40157980713419,1.94425443544434
1.40157980713419,1.94425443544434
1.40157980713419,1.94425443544434
1.40157980713419,1.94425443544434
1.40157980713419,1.94425443544434
1.22620803563795,1.94425443544434
1.22620803563795,1.94259250908829
1.22620803563795,1.94259250908829
1.22620803563795,1.94259250908829
1.22620803563795,1.94259250908829
1.18908052085014,1.94259250908829
1.18908052085014,1.94259250908829
1.18908052085014,1.94259250908829
1.18908052085014,1.94259250908829
1.18908052085014,1.94259250908829
1.18908052085014,1.47597666822662
1.18908052085014,1.47597666822662
1.18908052085014,1.47597666822662
1.18908052085014,1.47597666822662
1.18908052085014,1.47597666822662
1.18908052085014,1.72316309151561
1.18908052085014,1.72316309151561
1.18908052085014,1.72316309151561
1.18908052085014,1.72316309151561
1.18908052085014,1.72316309151561
1.38701667772219,1.72316309151561
1.38701667772219,1.72316309151561
1.38701667772219,1.72316309151561
1.38701667772219,1.72316309151561
1.23866938924949,1.72316309151561
1.23866938924949,1.72316309151561
1.23866938924949,1.72316309151561
1.23866938924949,1.72316309151561
1.23866938924949,1.69185069712876
1.23866938924949,1.69185069712876
1.23866938924949,1.64810221342755
1.23866938924949,1.64810221342755
1.23866938924949,1.64810221342755
1.23866938924949,1.64810221342755
1.23866938924949,1.64810221342755
1.23866938924949,1.64810221342755
1.23866938924949,1.64810221342755
1.23866938924949,1.64810221342755
1.23866938924949,1.64810221342755
1.23866938924949,1.73063302947746
1.23866938924949,1.73063302947746
1.37875684146539,1.73063302947746
1.37875684146539,1.73063302947746
1.37875684146539,1.73063302947746
1.37875684146539,1.37331319183629
1.37875684146539,1.37331319183629
1.37875684146539,1.37331319183629
1.37875684146539,1.37331319183629
1.56214392382598,1.37331319183629
1.28703751483209,1.37331319183629
1.28703751483209,1.58475105211781
1.28703751483209,1.58475105211781
1.28703751483209,1.58475105211781
1.28703751483209,1.58475105211781
1.37139754043264,1.58475105211781
1.37139754043264,1.58475105211781
1.21019606599798,1.58475105211781
1.21019606599798,1.58475105211781
1.21019606599798,1.58475105211781
1.21019606599798,1.58475105211781
1.21019606599798,1.58475105211781
1.30863688608333,1.58475105211781
1.30863688608333,1.58475105211781
1.30863688608333,1.58475105211781
1.30863688608333,1.58475105211781
1.30863688608333,1.58475105211781
1.30863688608333,1.58475105211781
1.30863688608333,1.58475105211781
1.30863688608333,1.58475105211781
1.30863688608333,1.58475105211781
1.30863688608333,1.65697239673256
1.30863688608333,1.65697239673256
1.30863688608333,1.65697239673256
1.68959042503588,1.65697239673256
1.68959042503588,1.65697239673256
1.68959042503588,1.65697239673256
1.68959042503588,1.43443494847027
1.68959042503588,1.43443494847027
1.09691892415682,1.43443494847027
1.09691892415682,1.43443494847027
1.09691892415682,1.43443494847027
1.09691892415682,1.43443494847027
1.09691892415682,1.43443494847027
1.09691892415682,1.47572342272311
1.09691892415682,1.47572342272311
1.09691892415682,1.47572342272311
1.59555090203152,1.47572342272311
1.59555090203152,1.47572342272311
1.59555090203152,1.47572342272311
1.59555090203152,1.47572342272311
1.507774276294,1.47572342272311
1.30663128065148,1.68515581928993
1.30663128065148,1.68515581928993
1.30663128065148,1.68515581928993
1.30663128065148,1.68515581928993
1.30663128065148,1.68515581928993
1.30663128065148,1.68515581928993
1.30663128065148,1.68515581928993
1.30663128065148,1.68515581928993
1.30663128065148,1.68515581928993
1.30663128065148,1.68515581928993
1.30663128065148,1.68515581928993
1.30663128065148,1.68515581928993
1.30663128065148,1.68515581928993
1.30663128065148,1.52409939900267
1.30663128065148,1.52409939900267
1.30663128065148,1.52409939900267
1.30663128065148,1.52409939900267
1.74248257274347,1.52409939900267
1.74248257274347,1.52409939900267
1.74248257274347,1.52409939900267
1.74248257274347,1.72584450725904
1.74248257274347,1.72584450725904
1.74248257274347,1.72584450725904
1.74248257274347,1.72584450725904
1.74248257274347,1.72584450725904
1.74248257274347,1.72584450725904
1.74248257274347,1.72584450725904
1.74248257274347,1.72584450725904
1.74248257274347,1.72584450725904
1.74248257274347,1.72584450725904
1.74248257274347,1.64008027740976
1.74248257274347,1.64008027740976
1.74248257274347,1.64008027740976
1.74248257274347,1.64008027740976
1.73358408172229,1.3647064930915
1.73358408172229,1.3647064930915
1.73358408172229,1.3647064930915
1.73358408172229,1.3647064930915
1.73358408172229,1.38491470574474
1.73358408172229,1.38491470574474
1.73358408172229,1.38491470574474
1.73358408172229,1.38491470574474
1.73358408172229,1.38491470574474
1.73358408172229,1.38491470574474
1.73358408172229,1.38491470574474
1.73358408172229,1.65304924569612
1.73358408172229,1.65304924569612
1.49117700533593,1.65304924569612
1.49117700533593,1.65304924569612
1.49117700533593,1.65304924569612
1.49117700533593,1.65304924569612
1.49117700533593,1.65304924569612
1.49117700533593,1.42447237120727
1.49117700533593,1.42447237120727
1.49117700533593,1.42447237120727
1.49117700533593,1.41880447226885
1.49117700533593,1.41880447226885
1.64615933893603,1.53579114891153
1.64615933893603,1.53579114891153
1.54938556657632,1.53579114891153
1.54938556657632,1.53579114891153
1.54938556657632,1.53579114891153
1.54938556657632,1.53579114891153
1.54938556657632,1.53579114891153
1.54938556657632,1.53579114891153
1.54938556657632,1.53579114891153
1.54938556657632,1.53579114891153
1.3906054250271,1.53579114891153
1.3906054250271,1.53579114891153
1.3906054250271,1.53579114891153
1.3906054250271,1.53579114891153
1.37171766465958,1.53579114891153
1.37171766465958,1.53579114891153
1.37171766465958,1.53579114891153
1.37171766465958,1.53579114891153
1.37171766465958,1.53579114891153
1.37171766465958,1.53579114891153
1.37171766465958,1.53579114891153
1.37171766465958,1.53579114891153
1.37171766465958,1.52032728918638
1.37171766465958,1.52032728918638
1.37171766465958,1.52032728918638
1.37171766465958,1.52032728918638
1.37171766465958,1.52032728918638
1.37171766465958,1.52032728918638
1.46111853099854,1.52032728918638
1.15573393057837,1.52032728918638
1.15573393057837,1.52032728918638
1.15573393057837,1.52032728918638
1.029846435342,1.52032728918638
1.029846435342,1.52032728918638
1.029846435342,1.52032728918638
1.029846435342,1.52032728918638
1.029846435342,1.52032728918638
1.029846435342,1.52032728918638
1.029846435342,1.52032728918638
1.50257442653917,1.52032728918638
1.50257442653917,1.52032728918638
1.50257442653917,1.53682722556465
1.50257442653917,1.53682722556465
1.50257442653917,1.53682722556465
1.50257442653917,1.70306628074354
1.50257442653917,1.70306628074354
1.50257442653917,1.70306628074354
1.50257442653917,1.70306628074354
1.50257442653917,1.70306628074354
1.50257442653917,1.70306628074354
1.50257442653917,1.70306628074354
1.50257442653917,1.70306628074354
1.50257442653917,1.70306628074354
1.50257442653917,1.70306628074354
1.50257442653917,1.70306628074354
1.50257442653917,1.36487061334314
1.50257442653917,1.36487061334314
1.50257442653917,1.36487061334314
1.50257442653917,1.36487061334314
1.50257442653917,1.36487061334314
1.60935809865661,1.36487061334314
1.62125208064093,1.36487061334314
1.62125208064093,1.36487061334314
1.62125208064093,1.52072634299933
1.62125208064093,1.57447710046218
1.62125208064093,1.57447710046218
1.62125208064093,1.57447710046218
1.62125208064093,1.57447710046218
1.62125208064093,1.57447710046218
1.62125208064093,1.5853573038004
1.62125208064093,1.5853573038004
1.62125208064093,1.5853573038004
1.62125208064093,1.5853573038004
1.62125208064093,1.5853573038004
1.62125208064093,1.5853573038004
1.62125208064093,1.5853573038004
1.62125208064093,1.5853573038004
1.62125208064093,1.5853573038004
1.62125208064093,1.5853573038004
1.62125208064093,1.5853573038004
1.62125208064093,1.5853573038004
1.62125208064093,1.5853573038004
1.62125208064093,1.55680909253943
1.62125208064093,1.55680909253943
1.62125208064093,1.55680909253943
1.62125208064093,1.55680909253943
1.62125208064093,1.55680909253943
1.62125208064093,1.43378453704072
1.62125208064093,1.43378453704072
1.62125208064093,1.43378453704072
1.62125208064093,1.43378453704072
1.62125208064093,1.43378453704072
1.62125208064093,1.43378453704072
1.62125208064093,1.43378453704072
1.37920283173151,1.43378453704072
1.37920283173151,1.43378453704072
1.37920283173151,1.43378453704072
1.37920283173151,1.43378453704072
1.37920283173151,1.43378453704072
1.37920283173151,1.43378453704072
1.37920283173151,1.43378453704072
1.37920283173151,1.43378453704072
1.37920283173151,1.40786165471057
1.37920283173151,1.40786165471057
1.37920283173151,1.40786165471057
1.37920283173151,1.40786165471057
1.37920283173151,1.40786165471057
1.37920283173151,1.40786165471057
1.37920283173151,1.40786165471057
1.37920283173151,1.40786165471057
1.5542597223319,1.40786165471057
1.5542597223319,1.40786165471057
1.5542597223319,1.40786165471057
1.5542597223319,1.40786165471057
1.3693869102104,1.40786165471057
1.39727029897482,1.40786165471057
1.39727029897482,1.40786165471057
1.39727029897482,1.40786165471057
1.44720809586203,1.40786165471057
1.44720809586203,1.40786165471057
1.44720809586203,1.40786165471057
1.44720809586203,1.40786165471057
1.44720809586203,1.40786165471057
1.44720809586203,1.40786165471057
1.44720809586203,1.40786165471057
1.44720809586203,1.40786165471057
1.44720809586203,1.40786165471057
1.44720809586203,1.40786165471057
1.44720809586203,1.40786165471057
1.44720809586203,1.40786165471057
1.44720809586203,1.40786165471057
1.44720809586203,1.40786165471057
1.44720809586203,1.40786165471057
1.39534747212456,1.40786165471057
1.39534747212456,1.40786165471057
1.39534747212456,1.40786165471057
1.39534747212456,1.40786165471057
1.39534747212456,1.40786165471057
1.39534747212456,1.40786165471057
1.39534747212456,1.40786165471057
1.39534747212456,1.40786165471057
1.39534747212456,1.40786165471057
1.39534747212456,1.40786165471057
1.39534747212456,1.40786165471057
1.39534747212456,1.40786165471057
1.39534747212456,1.40786165471057
1.39534747212456,1.40786165471057
1.39534747212456,1.40786165471057
1.39534747212456,1.40786165471057
1.39534747212456,1.40786165471057
1.39534747212456,1.40786165471057
1.39534747212456,1.40786165471057
1.39534747212456,1.40786165471057
1.39534747212456,1.39446542282375
1.39534747212456,1.39446542282375
1.39534747212456,1.39446542282375
1.39534747212456,1.39446542282375
1.39534747212456,1.39446542282375
1.39534747212456,1.39446542282375
1.24682797542413,1.45501457152509
1.24682797542413,1.45501457152509
1.24682797542413,1.45501457152509
1.24682797542413,1.45501457152509
1.24682797542413,1.45501457152509
1.45684906642233,1.45501457152509
1.45684906642233,1.45501457152509
1.45684906642233,1.45501457152509
1.45684906642233,1.45501457152509
1.45684906642233,1.45501457152509
1.45684906642233,1.73507140164944
1.45684906642233,1.19894548892276
1.45684906642233,1.19894548892276
1.45684906642233,1.19894548892276
1.45684906642233,1.19894548892276
1.45684906642233,1.19894548892276
1.45684906642233,1.19894548892276
1.3187450153026,1.19894548892276
1.3187450153026,1.19894548892276
1.3187450153026,1.19894548892276
1.3187450153026,1.19894548892276
1.3187450153026,1.19894548892276
1.3187450153026,1.15198731239228
1.3187450153026,1.15198731239228
1.3187450153026,1.15198731239228
1.3187450153026,1.15198731239228
1.3187450153026,1.15198731239228
1.3187450153026,1.15198731239228
1.3187450153026,1.39704519624479
1.3187450153026,1.57663218442833
1.38871228802837,1.57663218442833
1.38871228802837,1.57663218442833
1.38871228802837,1.57663218442833
1.38871228802837,1.57663218442833
1.38871228802837,1.57663218442833
1.38871228802837,1.57663218442833
1.38871228802837,1.57663218442833
1.38871228802837,1.57663218442833
1.17840903428318,1.57663218442833
1.17840903428318,1.57663218442833
1.17840903428318,1.57663218442833
1.17840903428318,1.57663218442833
1.17840903428318,1.57663218442833
1.17840903428318,1.78035417909801
1.17840903428318,1.78035417909801
1.17840903428318,1.78035417909801
1.17840903428318,1.78035417909801
1.17840903428318,1.78035417909801
1.17840903428318,1.78035417909801
1.17840903428318,1.78035417909801
1.20480408231082,1.78035417909801
1.20480408231082,1.78035417909801
1.20480408231082,1.78035417909801
1.20480408231082,1.78035417909801
1.20480408231082,1.78035417909801
1.20480408231082,1.3394962782895
1.20480408231082,1.3394962782895
1.20480408231082,1.3394962782895
1.20480408231082,1.77160213481019
1.20480408231082,1.77160213481019
1.20480408231082,1.77160213481019
1.20480408231082,1.17979371815967
1.30191768378355,1.17979371815967
1.30191768378355,1.17979371815967
1.30191768378355,1.17979371815967
1.30191768378355,1.17979371815967
1.30191768378355,1.38019458935892
1.30191768378355,1.38019458935892
1.24301721241941,1.38019458935892
1.24301721241941,1.38019458935892
1.24301721241941,1.38019458935892
1.20471747835551,1.38019458935892
1.20471747835551,1.38019458935892
1.41590274483015,1.38019458935892
1.41590274483015,1.21436181109992
1.41590274483015,1.21436181109992
1.41590274483015,1.21436181109992
1.41590274483015,1.16891834541543
1.41590274483015,1.16891834541543
1.41590274483015,1.15142108510306
1.41590274483015,1.15142108510306
1.41590274483015,1.15142108510306
1.41590274483015,1.15142108510306
1.41590274483015,1.15142108510306
1.41590274483015,1.15142108510306
1.390050426774,1.15142108510306
1.390050426774,1.15142108510306
1.390050426774,1.15142108510306
1.390050426774,1.15142108510306
1.390050426774,1.15142108510306
1.390050426774,1.15142108510306
1.390050426774,1.15142108510306
1.390050426774,1.15142108510306
1.390050426774,1.15142108510306
1.390050426774,1.15142108510306
1.390050426774,1.15142108510306
1.390050426774,1.15142108510306
1.390050426774,1.15142108510306
1.390050426774,1.15142108510306
1.390050426774,1.89344638533313
1.390050426774,1.89344638533313
1.390050426774,1.89344638533313
1.31508631654451,1.89344638533313
1.31508631654451,1.89344638533313
1.31508631654451,1.89344638533313
1.31508631654451,1.89344638533313
1.31508631654451,1.89344638533313
1.41422817449422,1.89344638533313
1.41422817449422,1.89344638533313
1.41422817449422,1.10506598214954
1.41422817449422,1.10506598214954
1.41422817449422,1.10506598214954
1.41422817449422,1.10506598214954
1.41422817449422,1.10506598214954
1.41422817449422,1.10506598214954
1.41422817449422,1.10506598214954
1.41422817449422,1.10506598214954
1.41422817449422,1.10506598214954
1.41422817449422,1.10506598214954
1.41422817449422,1.10506598214954
1.41422817449422,1.10506598214954
1.41422817449422,1.10506598214954
1.41422817449422,1.51502648148015
1.46378534674962,1.51502648148015
1.46378534674962,1.51502648148015
1.46378534674962,1.53451704696617
1.46378534674962,1.53451704696617
1.23702300223347,1.53451704696617
1.23702300223347,1.53451704696617
1.23702300223347,1.53451704696617
1.23702300223347,1.53451704696617
1.23702300223347,1.53451704696617
1.23702300223347,1.53451704696617
1.23702300223347,1.53451704696617
1.23702300223347,1.53451704696617
1.23702300223347,1.53451704696617
1.23702300223347,1.53451704696617
1.23702300223347,1.13449146175977
1.23702300223347,1.13449146175977
1.23702300223347,1.49640460029748
1.47151085637482,1.49640460029748
1.47151085637482,1.49640460029748
1.47151085637482,1.49640460029748
1.47151085637482,1.49640460029748
1.47151085637482,1.49640460029748
1.47151085637482,1.49640460029748
1.47151085637482,1.49640460029748
1.47151085637482,1.49640460029748
1.47151085637482,1.49640460029748
1.47151085637482,1.49640460029748
1.47151085637482,1.49640460029748
1.47151085637482,1.27983088603226
1.47151085637482,1.27983088603226
1.47151085637482,1.27983088603226
1.47151085637482,1.27983088603226
1.47151085637482,1.27983088603226
1.47151085637482,1.27983088603226
1.47151085637482,1.27983088603226
1.47151085637482,1.34004092484267
1.47151085637482,1.34004092484267
1.47151085637482,1.34004092484267
1.47151085637482,1.34004092484267
1.47151085637482,1.34004092484267
1.47151085637482,1.34004092484267
1.47151085637482,1.34004092484267
1.47151085637482,1.34004092484267
1.47151085637482,1.34004092484267
1.47151085637482,1.34004092484267
1.47151085637482,1.34004092484267
1.47151085637482,1.34004092484267
1.47151085637482,1.34004092484267
1.47151085637482,1.34004092484267
1.47151085637482,1.34004092484267
1.47151085637482,1.34004092484267
1.47151085637482,1.34004092484267
1.47151085637482,1.34004092484267
1.47151085637482,1.34004092484267
1.47151085637482,1.34004092484267
1.47151085637482,1.34004092484267
1.29213123864418,1.34004092484267
1.29213123864418,1.34004092484267
1.29213123864418,1.34004092484267
1.29213123864418,1.34004092484267
1.29213123864418,1.26242729519133
1.41912461434686,1.26242729519133
1.41912461434686,1.26242729519133
1.42690739346637,1.26242729519133
1.42690739346637,1.26242729519133
1.42690739346637,1.26242729519133
1.42690739346637,1.26242729519133
1.42690739346637,1.26242729519133
1.42690739346637,1.50188110196266
1.42690739346637,1.50188110196266
1.42690739346637,1.50188110196266
1.42690739346637,1.50188110196266
1.42690739346637,1.50188110196266
1.38982442682064,1.574276872706
1.38982442682064,1.54907035306401
1.38982442682064,1.38198231959889
1.38982442682064,1.38198231959889
1.38982442682064,1.38198231959889
1.38982442682064,1.38198231959889
1.16570680472274,1.38198231959889
1.16570680472274,1.38198231959889
1.16570680472274,1.63429255794862
1.48749125237835,1.63429255794862
1.48749125237835,1.63429255794862
1.48749125237835,1.63429255794862
1.48749125237835,1.63429255794862
1.48749125237835,1.63429255794862
1.43826385557376,1.63429255794862
1.43826385557376,1.63429255794862
1.43826385557376,1.63429255794862
1.43826385557376,1.63429255794862
1.43826385557376,1.63429255794862
1.43826385557376,1.44179010380737
1.43826385557376,1.44179010380737
1.34325372776349,1.44179010380737
1.34325372776349,1.44179010380737
1.34325372776349,1.46933107548095
1.34325372776349,1.12641023518058
1.34325372776349,1.12641023518058
1.34325372776349,1.12641023518058
1.36517597606589,1.12641023518058
1.36517597606589,1.12641023518058
1.36517597606589,1.23215402919578
1.36517597606589,1.23215402919578
1.36517597606589,1.23215402919578
1.36517597606589,1.23215402919578
1.36517597606589,1.23215402919578
1.36517597606589,1.23215402919578
1.36517597606589,1.23215402919578
1.36517597606589,1.23215402919578
1.36517597606589,1.23215402919578
1.36517597606589,1.23215402919578
1.30187939889406,1.23215402919578
1.30187939889406,1.23215402919578
1.30187939889406,1.23215402919578
1.30187939889406,1.23215402919578
1.30187939889406,1.23215402919578
1.30187939889406,1.21602137610936
1.30187939889406,1.21602137610936
1.30187939889406,1.21602137610936
1.30187939889406,1.21602137610936
1.52691827320565,1.21602137610936
1.52691827320565,1.21602137610936
1.52691827320565,1.26321073784464
1.29879572683755,1.26321073784464
1.29879572683755,1.26321073784464
1.29879572683755,1.26321073784464
1.29879572683755,1.26321073784464
1.39289241088134,1.26321073784464
1.39289241088134,1.26321073784464
1.39289241088134,1.26321073784464
1.39289241088134,1.26321073784464
1.39289241088134,1.26321073784464
1.39289241088134,1.26321073784464
1.39289241088134,1.26321073784464
1.39289241088134,1.26321073784464
1.39289241088134,1.26321073784464
1.39289241088134,1.26321073784464
1.39289241088134,1.26321073784464
1.39289241088134,1.26321073784464
1.39289241088134,1.26321073784464
1.39289241088134,1.08873953398774
1.39289241088134,1.08873953398774
1.39289241088134,1.08873953398774
1.40485911849398,1.08873953398774
1.40485911849398,1.08873953398774
1.40485911849398,1.08873953398774
1.50019521793923,1.08873953398774
1.50019521793923,1.08873953398774
1.50019521793923,1.08873953398774
1.50019521793923,1.51938844905693
1.50019521793923,1.51938844905693
1.50019521793923,1.51938844905693
1.50019521793923,1.51938844905693
1.50019521793923,1.51938844905693
1.50019521793923,1.13174096797058
1.50019521793923,1.32023026068129
1.50019521793923,1.32023026068129
1.50019521793923,1.32023026068129
1.50019521793923,1.32023026068129
1.50019521793923,1.32023026068129
1.50019521793923,1.32023026068129
1.50019521793923,1.32023026068129
1.50019521793923,1.4751348770472
1.50019521793923,1.4751348770472
1.50019521793923,1.4751348770472
1.50019521793923,1.4751348770472
1.50019521793923,1.4751348770472
1.26032306997947,1.4751348770472
1.26032306997947,1.43005147791546
1.26032306997947,1.43005147791546
1.26032306997947,1.43005147791546
1.26032306997947,1.43005147791546
1.26032306997947,1.43005147791546
1.26032306997947,1.43005147791546
1.26032306997947,1.43005147791546
1.26032306997947,1.13823281133624
1.26032306997947,1.13823281133624
1.26032306997947,1.13823281133624
1.26032306997947,1.13823281133624
1.26032306997947,1.13823281133624
1.26032306997947,1.13823281133624
1.26032306997947,1.21840533891126
1.26032306997947,1.21840533891126
1.26032306997947,1.21840533891126
1.26032306997947,1.21840533891126
1.26032306997947,1.21840533891126
1.26032306997947,1.21840533891126
1.26032306997947,1.21840533891126
1.26032306997947,1.21840533891126
1.13262090483098,1.45221414221476
1.13262090483098,1.45221414221476
1.13262090483098,1.42446145106095
1.13262090483098,1.42446145106095
1.34127482714654,1.42446145106095
1.34127482714654,1.42446145106095
1.34127482714654,1.36095460184214
1.34712125943109,1.36095460184214
1.21927800949796,1.36095460184214
1.21927800949796,1.36095460184214
1.12243195129405,1.36095460184214
1.12243195129405,1.36095460184214
1.12243195129405,1.36095460184214
1.12243195129405,1.36095460184214
1.12243195129405,1.36095460184214
1.12243195129405,1.36095460184214
1.12243195129405,1.36095460184214
1.06906277747578,1.52734356591668
1.06906277747578,1.52734356591668
1.06906277747578,1.52734356591668
1.18126975863765,1.52734356591668
1.18126975863765,1.38969629092537
1.18126975863765,1.38969629092537
1.18126975863765,1.38969629092537
1.18126975863765,1.38969629092537
1.18126975863765,1.38969629092537
1.18126975863765,1.38969629092537
1.18126975863765,1.38969629092537
1.18126975863765,1.38969629092537
1.18126975863765,1.38969629092537
1.18126975863765,1.38969629092537
1.18126975863765,1.38969629092537
1.18126975863765,1.38969629092537
1.18126975863765,1.38969629092537
1.18126975863765,1.38969629092537
1.18126975863765,1.38969629092537
1.18126975863765,1.38969629092537
1.18126975863765,1.38969629092537
1.18126975863765,1.38969629092537
1.18126975863765,1.38969629092537
1.18126975863765,1.38969629092537
1.18126975863765,1.38969629092537
1.18126975863765,1.24192825518997
1.18126975863765,1.24192825518997
1.18126975863765,1.24192825518997
1.18126975863765,1.28189660974026
1.18126975863765,1.28189660974026
1.18126975863765,1.28189660974026
1.18126975863765,1.28189660974026
1.18126975863765,1.28189660974026
1.18126975863765,1.28189660974026
1.18126975863765,1.31617028800769
1.18126975863765,1.31617028800769
1.18126975863765,1.31617028800769
1.18126975863765,1.31617028800769
1.22899778144677,1.31617028800769
1.22899778144677,1.31617028800769
1.22899778144677,1.31617028800769
1.22899778144677,1.31617028800769
1.22899778144677,1.31617028800769
1.22899778144677,1.31617028800769
1.22899778144677,1.31617028800769
1.22899778144677,1.31617028800769
1.22899778144677,1.31617028800769
1.22899778144677,1.25860456277565
1.22899778144677,1.25860456277565
1.22899778144677,1.25860456277565
1.22899778144677,1.25860456277565
1.22899778144677,1.25860456277565
1.22899778144677,1.15279360731674
1.22899778144677,1.15279360731674
1.22899778144677,1.15279360731674
1.22899778144677,1.15279360731674
1.22899778144677,1.15279360731674
1.22899778144677,1.15279360731674
1.22899778144677,1.15279360731674
0.975161993640692,1.15279360731674
0.975161993640692,1.15279360731674
0.940456736743289,1.15279360731674
0.940456736743289,1.13064180361114
0.940456736743289,1.13064180361114
0.940456736743289,1.13064180361114
0.940456736743289,1.13064180361114
0.940456736743289,1.13064180361114
0.940456736743289,1.00220660939003
0.940456736743289,1.00220660939003
0.940456736743289,1.00220660939003
0.940456736743289,1.00220660939003
0.940456736743289,1.22272912037446
0.940456736743289,1.22272912037446
0.940456736743289,1.22272912037446
0.940456736743289,1.22272912037446
1.15934649408946,1.25051513968219
1.15934649408946,1.25051513968219
1.15934649408946,1.25051513968219
1.15934649408946,1.04168499833778
1.15934649408946,1.0262601813189
1.27392139006079,1.06853470001299
1.27392139006079,1.06853470001299
1.31447673325306,1.06853470001299
1.31447673325306,1.06853470001299
1.31447673325306,1.06853470001299
1.31447673325306,1.06853470001299
1.31447673325306,1.06853470001299
1.31447673325306,1.06853470001299
1.31447673325306,1.06853470001299
1.31447673325306,1.06853470001299
1.31447673325306,1.06853470001299
1.31447673325306,1.06853470001299
1.31447673325306,1.06853470001299
1.31447673325306,1.06853470001299
1.31447673325306,1.06853470001299
1.31447673325306,1.06853470001299
1.31447673325306,1.06853470001299
1.31447673325306,1.06853470001299
1.31447673325306,1.06853470001299
1.31447673325306,1.06853470001299
1.31447673325306,1.06853470001299
1.31447673325306,1.16980394490106
1.31447673325306,1.16980394490106
1.31447673325306,1.16980394490106
1.31447673325306,1.16980394490106
1.31447673325306,1.16980394490106
1.31447673325306,1.16980394490106
1.27946335732266,1.16980394490106
1.27946335732266,1.16980394490106
1.27946335732266,1.16980394490106
1.27946335732266,1.16980394490106
1.27946335732266,1.16980394490106
1.27946335732266,1.16980394490106
1.27946335732266,1.14485882948547
1.27946335732266,1.14485882948547
1.43083292932025,1.24416713123556
1.43083292932025,1.24416713123556
1.43083292932025,1.24416713123556
1.43083292932025,1.25899026187344
1.43083292932025,1.25899026187344
1.43083292932025,1.25899026187344
1.43083292932025,1.25899026187344
1.43083292932025,1.25899026187344
1.43083292932025,1.25899026187344
1.43083292932025,1.25899026187344
1.43083292932025,1.25899026187344
1.43083292932025,1.25899026187344
1.48688490435538,1.25899026187344
1.48688490435538,1.25899026187344
1.48688490435538,1.25899026187344
1.48688490435538,1.25899026187344
1.48688490435538,1.25899026187344
1.48688490435538,1.25899026187344
1.48688490435538,1.25899026187344
1.48688490435538,1.25899026187344
1.48688490435538,1.25899026187344
1.45846212830968,1.25899026187344
1.45846212830968,1.25899026187344
1.45846212830968,1.25899026187344
1.45846212830968,1.23865666921602
1.45846212830968,1.23865666921602
1.45846212830968,1.23865666921602
1.45846212830968,1.23865666921602
1.45846212830968,1.24942213465914
1.45846212830968,1.24942213465914
1.45846212830968,1.24942213465914
1.45846212830968,1.24942213465914
1.45846212830968,1.24942213465914
1.45846212830968,1.24942213465914
1.45846212830968,1.24942213465914
1.45846212830968,1.24942213465914
1.45846212830968,1.24942213465914
1.45846212830968,1.24942213465914
1.45846212830968,1.24942213465914
1.45846212830968,1.24942213465914
1.45846212830968,1.24942213465914
1.45846212830968,1.24942213465914
1.45846212830968,1.24942213465914
1.45846212830968,1.24942213465914
1.45846212830968,1.24942213465914
1.45846212830968,1.24942213465914
1.45846212830968,1.24942213465914
1.3057547940564,1.24942213465914
0.970559015476932,1.24942213465914
0.970559015476932,1.20108531037177
1.43321083921173,1.20108531037177
1.43321083921173,1.20108531037177
1.43321083921173,1.20108531037177
1.16620940343304,1.20108531037177
1.16620940343304,1.20108531037177
1.16620940343304,1.20108531037177
1.16620940343304,1.20108531037177
1.4390170755473,1.20108531037177
1.4390170755473,1.20108531037177
1.4390170755473,1.20108531037177
1.4390170755473,1.20108531037177
1.4390170755473,1.20108531037177
1.4390170755473,1.20108531037177
1.4390170755473,1.20108531037177
1.4390170755473,1.20108531037177
1.4390170755473,1.20108531037177
1.4390170755473,1.20108531037177
1.4390170755473,1.20108531037177
1.4390170755473,1.20108531037177
1.4390170755473,1.21411447376934
1.4390170755473,1.21411447376934
1.4390170755473,1.21411447376934
1.4390170755473,1.21411447376934
1.4390170755473,1.21411447376934
1.4390170755473,1.21411447376934
1.4390170755473,1.21411447376934
1.4390170755473,1.21411447376934
1.4390170755473,1.31368431063966
1.40075450238382,1.31368431063966
1.40075450238382,1.31368431063966
1.40075450238382,1.42799683839326
1.40075450238382,1.42799683839326
1.40075450238382,1.42799683839326
1.40075450238382,1.11235115184337
1.40075450238382,1.11235115184337
1.40075450238382,1.11235115184337
1.40075450238382,1.11235115184337
1.26523102995831,1.11235115184337
1.26523102995831,1.11235115184337
1.26523102995831,1.11235115184337
1.26523102995831,1.11235115184337
1.26523102995831,1.11235115184337
1.26523102995831,1.35358956804226
1.26523102995831,1.35358956804226
1.26523102995831,1.35358956804226
1.26523102995831,1.35358956804226
1.26523102995831,1.32961428561214
1.26523102995831,1.32961428561214
1.26523102995831,1.32961428561214
1.26523102995831,1.32961428561214
1.26523102995831,1.32961428561214
1.26523102995831,1.32961428561214
1.26523102995831,1.32961428561214
1.26523102995831,1.5577307607602
1.26523102995831,1.5577307607602
1.10576043296135,1.5577307607602
1.10576043296135,1.5577307607602
1.10576043296135,1.5577307607602
1.10576043296135,1.5577307607602
1.1648474671274,1.5577307607602
1.1648474671274,1.5577307607602
1.1648474671274,1.5577307607602
1.1648474671274,1.5577307607602
1.1648474671274,1.5577307607602
1.1648474671274,1.5577307607602
1.1648474671274,1.5577307607602
1.1648474671274,1.5577307607602
1.1648474671274,1.5577307607602
1.06347278278863,1.5577307607602
1.06347278278863,1.31008964906875
1.06347278278863,1.31008964906875
1.05447075040166,1.31008964906875
1.05447075040166,1.31008964906875
1.05447075040166,1.31008964906875
1.19512409325952,1.31008964906875
1.19512409325952,1.31008964906875
1.19512409325952,1.31008964906875
1.19512409325952,1.31008964906875
1.19512409325952,1.43541998934264
1.19512409325952,1.43541998934264
1.19512409325952,1.43541998934264
1.13974216037444,1.43541998934264
1.13974216037444,1.43541998934264
1.13974216037444,1.43541998934264
1.13974216037444,1.43541998934264
1.13974216037444,1.43541998934264
1.13974216037444,1.43541998934264
1.13974216037444,1.43541998934264
1.13974216037444,1.7385966980673
1.13974216037444,1.7385966980673
1.13974216037444,1.7385966980673
1.13974216037444,1.7385966980673
1.13974216037444,1.7385966980673
1.13974216037444,1.7385966980673
1.13974216037444,1.7385966980673
1.13974216037444,1.6016223395393
1.13974216037444,1.54230251601945
1.13974216037444,1.54230251601945
1.62607682233443,1.54230251601945
1.62607682233443,1.54230251601945
1.62607682233443,1.54230251601945
1.62607682233443,1.54230251601945
1.55038121490658,1.54230251601945
1.55038121490658,1.54230251601945
1.55038121490658,1.54230251601945
1.55038121490658,1.54230251601945
1.55038121490658,1.54230251601945
1.55038121490658,1.74681521483005
1.55038121490658,1.74681521483005
1.55038121490658,1.74681521483005
1.55038121490658,1.74681521483005
1.55038121490658,1.74681521483005
1.55038121490658,1.74681521483005
1.55038121490658,1.74681521483005
1.55038121490658,1.74681521483005
1.27165072543178,1.74681521483005
1.27165072543178,1.74681521483005
1.27165072543178,1.74681521483005
1.27165072543178,1.74681521483005
1.27165072543178,1.74681521483005
1.27165072543178,1.32823706660822
1.27165072543178,1.32823706660822
1.27165072543178,1.32823706660822
1.27165072543178,1.32823706660822
1.27165072543178,1.55930191881204
1.27165072543178,1.8296857145339
1.27165072543178,1.8296857145339
1.27165072543178,1.8296857145339
1.27165072543178,1.8296857145339
1.27165072543178,1.8296857145339
1.27165072543178,1.8296857145339
1.27165072543178,1.5573667297374
1.27165072543178,1.5573667297374
1.27165072543178,1.5573667297374
1.27165072543178,1.5573667297374
1.27165072543178,1.5573667297374
1.27165072543178,1.5573667297374
1.27165072543178,1.48676347589096
1.27165072543178,1.48676347589096
1.27165072543178,1.48676347589096
1.27590007763918,1.48676347589096
1.27590007763918,1.48676347589096
1.27590007763918,1.48676347589096
1.27590007763918,1.48676347589096
1.27590007763918,1.30608397175872
1.27590007763918,1.30608397175872
1.27590007763918,1.30608397175872
1.27590007763918,1.30608397175872
1.08756274234609,1.30608397175872
1.08756274234609,1.30608397175872
1.08756274234609,1.30608397175872
1.08756274234609,1.30608397175872
1.08756274234609,1.30608397175872
1.08756274234609,1.30608397175872
1.08756274234609,1.30608397175872
1.08756274234609,1.30608397175872
1.08756274234609,1.30608397175872
1.08756274234609,1.30608397175872
1.08756274234609,1.30608397175872
1.08756274234609,1.30608397175872
1.08756274234609,1.30608397175872
1.08756274234609,1.30608397175872
1.08756274234609,1.30608397175872
1.08756274234609,1.30608397175872
1.08756274234609,1.30608397175872
1.08756274234609,1.42704563674623
1.08756274234609,1.42704563674623
1.08756274234609,1.42704563674623
1.09459277749877,1.42704563674623
1.09459277749877,1.42704563674623
1.09459277749877,1.36841324631208
1.09459277749877,1.36841324631208
1.14192274849667,1.31629109003562
1.14192274849667,1.31629109003562
1.14192274849667,1.31629109003562
1.14192274849667,1.31629109003562
1.14192274849667,1.21997596666189
1.14192274849667,1.21997596666189
1.14192274849667,1.26584275673029
1.14192274849667,1.26584275673029
1.14192274849667,1.26584275673029
1.14192274849667,1.26584275673029
1.14192274849667,1.26584275673029
1.14192274849667,1.26584275673029
1.14192274849667,1.26584275673029
1.14192274849667,1.26584275673029
1.14192274849667,1.26584275673029
1.14192274849667,1.26584275673029
1.22054481395073,1.26584275673029
1.22054481395073,1.26584275673029
1.22054481395073,1.26584275673029
1.22054481395073,1.26584275673029
1.22054481395073,1.26584275673029
1.22054481395073,1.26584275673029
1.22054481395073,1.29210046280352
1.22054481395073,1.29210046280352
1.28524677319976,1.29210046280352
1.28524677319976,1.29210046280352
1.28524677319976,1.29210046280352
1.31706698869971,1.29210046280352
1.31706698869971,1.29210046280352
1.31706698869971,1.29210046280352
1.31706698869971,1.29210046280352
1.31706698869971,1.29210046280352
1.31706698869971,1.39171666908838
1.31706698869971,1.39171666908838
1.31706698869971,1.39171666908838
1.31706698869971,1.39171666908838
1.31706698869971,1.39171666908838
1.31706698869971,1.39171666908838
1.31706698869971,1.39171666908838
1.31706698869971,1.39171666908838
1.31706698869971,1.39171666908838
1.31706698869971,1.39171666908838
1.31706698869971,1.39171666908838
1.31706698869971,1.39171666908838
1.31706698869971,1.34177709300481
1.31706698869971,1.34177709300481
1.31706698869971,1.34177709300481
1.02138301779608,1.34177709300481
1.02138301779608,1.34177709300481
1.02138301779608,1.49485336761952
1.02138301779608,1.49485336761952
1.02138301779608,1.49485336761952
1.02138301779608,1.49485336761952
1.24753542584949,1.49485336761952
1.24753542584949,1.49485336761952
1.24753542584949,1.49485336761952
1.24753542584949,1.49485336761952
1.24753542584949,1.49485336761952
1.24753542584949,1.49485336761952
1.24753542584949,1.49485336761952
1.24753542584949,1.49485336761952
1.24753542584949,1.49485336761952
1.24753542584949,1.49485336761952
1.24753542584949,1.49485336761952
1.18484408687413,1.49485336761952
1.26513043008864,1.49485336761952
1.22831142879322,1.49485336761952
1.22831142879322,1.49485336761952
1.22831142879322,1.49485336761952
1.22831142879322,1.49485336761952
0.9820411679266,1.49485336761952
1.09517371877122,1.49485336761952
1.09517371877122,1.49485336761952
1.09517371877122,1.49485336761952
1.09517371877122,1.49042590131435
1.09517371877122,1.36636896804669
1.09517371877122,1.36636896804669
1.09517371877122,1.36636896804669
1.09517371877122,1.60466794791049
1.09517371877122,1.60466794791049
1.09517371877122,1.44174229105896
1.09517371877122,1.44174229105896
1.09517371877122,1.44174229105896
1.09517371877122,1.44174229105896
1.09517371877122,1.44174229105896
1.07279993632548,1.44174229105896
1.07279993632548,1.44174229105896
1.07279993632548,1.44174229105896
1.07279993632548,1.44174229105896
1.07279993632548,1.44174229105896
1.07279993632548,1.44174229105896
1.07279993632548,1.44174229105896
1.07279993632548,1.44174229105896
1.07279993632548,1.44174229105896
1.07279993632548,1.34089940591341
1.07279993632548,1.32812064130083
1.07279993632548,1.23499625651822
1.07279993632548,1.23499625651822
1.07279993632548,1.23499625651822
1.14179254614573,1.23499625651822
1.14179254614573,1.43573913276632
1.14179254614573,1.43573913276632
1.14179254614573,1.43573913276632
1.14179254614573,1.49932110887897
1.14179254614573,1.49932110887897
1.14179254614573,1.49932110887897
1.14179254614573,1.49932110887897
1.14179254614573,1.49932110887897
1.14179254614573,1.49932110887897
1.14179254614573,1.49932110887897
1.14179254614573,1.49932110887897
1.14179254614573,1.49932110887897
1.14179254614573,1.49932110887897
1.14179254614573,1.49932110887897
1.14179254614573,1.49932110887897
1.14179254614573,1.49932110887897
1.14179254614573,1.49932110887897
1.14179254614573,1.49932110887897
1.14179254614573,1.49932110887897
1.14179254614573,1.49932110887897
1.14179254614573,1.49932110887897
1.14179254614573,1.49932110887897
1.14179254614573,1.49932110887897
1.20594749042179,1.49932110887897
1.20594749042179,1.20871742279643
1.20594749042179,1.20871742279643
1.20594749042179,1.20871742279643
1.20594749042179,1.20871742279643
1.20594749042179,1.20871742279643
1.20594749042179,1.20871742279643
1.20594749042179,1.35621546842428
1.20594749042179,1.35621546842428
1.22070558300835,1.35621546842428
1.22070558300835,1.35621546842428
1.12785195099098,1.35621546842428
1.12785195099098,1.35621546842428
1.12785195099098,1.35621546842428
1.22232246967946,1.35621546842428
1.22232246967946,1.35621546842428
1.22232246967946,1.35621546842428
1.22232246967946,1.35621546842428
1.22232246967946,1.35621546842428
1.22232246967946,1.35621546842428
1.22232246967946,1.35621546842428
1.22232246967946,1.35621546842428
1.22232246967946,1.35621546842428
1.22232246967946,1.67036847157712
1.22232246967946,1.67036847157712
1.22232246967946,1.67036847157712
1.22232246967946,1.67036847157712
1.22232246967946,1.8357869131744
1.22232246967946,1.57332923320497
1.22232246967946,1.57332923320497
1.22232246967946,1.55528041442431
1.22232246967946,1.55528041442431
1.22232246967946,1.55528041442431
1.22232246967946,1.55528041442431
1.22232246967946,1.55528041442431
1.22232246967946,1.55528041442431
1.22232246967946,1.55528041442431
1.22232246967946,1.55528041442431
1.22232246967946,1.55528041442431
1.22232246967946,1.55528041442431
1.22232246967946,1.55528041442431
1.22232246967946,1.55528041442431
1.22232246967946,1.55528041442431
1.22232246967946,1.55528041442431
0.921276833101263,1.55528041442431
0.921276833101263,1.55528041442431
0.921276833101263,1.55528041442431
0.921276833101263,1.55528041442431
0.921276833101263,1.55528041442431
0.921276833101263,1.26812042372857
0.921276833101263,1.26812042372857
0.921276833101263,1.26812042372857
0.921276833101263,1.26812042372857
0.903087478858871,1.34019440535603
0.982414482492765,1.34019440535603
0.982414482492765,1.34019440535603
0.982414482492765,1.34019440535603
0.982414482492765,1.34019440535603
0.982414482492765,1.34019440535603
0.982414482492765,1.34019440535603
0.982414482492765,1.34019440535603
0.982414482492765,1.34019440535603
0.982414482492765,1.34019440535603
0.982414482492765,1.34019440535603
0.982414482492765,1.6363013935745
0.982414482492765,1.6363013935745
1.34786030915783,1.6363013935745
1.34786030915783,1.6363013935745
1.34786030915783,1.6363013935745
1.34786030915783,1.6363013935745
1.34786030915783,1.60961757160113
1.34786030915783,1.60961757160113
1.34786030915783,1.60961757160113
1.34786030915783,1.60961757160113
1.34786030915783,1.60961757160113
1.17155137236426,1.60961757160113
1.17155137236426,1.60961757160113
1.17155137236426,1.60961757160113
1.17155137236426,1.60961757160113
1.17155137236426,1.60961757160113
1.17155137236426,1.60961757160113
1.17155137236426,1.60961757160113
1.17155137236426,1.60961757160113
1.17155137236426,1.60961757160113
1.17155137236426,1.60961757160113
1.17155137236426,1.60961757160113
1.18714916487117,1.60961757160113
1.18714916487117,1.60961757160113
1.18714916487117,1.5838152966
1.18714916487117,1.5838152966
1.18714916487117,1.5838152966
1.18714916487117,1.5838152966
1.18714916487117,1.30461877428422
1.18714916487117,1.30461877428422
1.18714916487117,1.30461877428422
1.18714916487117,1.30461877428422
1.18714916487117,1.30461877428422
1.18714916487117,1.30461877428422
1.25515881198314,1.30461877428422
1.25515881198314,1.30461877428422
1.25515881198314,1.30461877428422
1.25515881198314,1.30461877428422
1.25515881198314,1.30461877428422
1.25515881198314,1.30461877428422
1.26733933887981,1.30461877428422
1.26733933887981,1.30461877428422
1.26733933887981,1.30461877428422
1.26733933887981,1.35991788242121
1.26733933887981,1.35991788242121
1.26733933887981,1.35991788242121
1.26733933887981,1.35991788242121
1.26733933887981,1.35991788242121
1.26733933887981,1.35991788242121
1.26733933887981,1.35991788242121
1.26733933887981,1.35991788242121
1.26733933887981,1.35991788242121
1.26733933887981,1.35991788242121
1.26733933887981,1.35991788242121
1.26733933887981,1.35991788242121
1.26733933887981,1.35991788242121
1.26733933887981,1.35991788242121
1.26733933887981,1.35991788242121
1.26733933887981,1.35991788242121
1.26733933887981,1.35991788242121
1.26733933887981,1.35991788242121
1.26733933887981,1.35991788242121
1.26733933887981,1.35991788242121
1.26733933887981,1.35991788242121
1.26733933887981,1.35991788242121
1.516352038627,1.35991788242121
1.516352038627,1.35991788242121
1.516352038627,1.2614283229761
1.516352038627,1.2614283229761
1.516352038627,1.2614283229761
1.516352038627,1.40179922271606
1.516352038627,1.40179922271606
1.516352038627,1.40179922271606
1.06667449648608,1.40179922271606
1.21799202472271,1.40179922271606
1.21799202472271,1.40179922271606
1.21799202472271,1.40179922271606
1.21799202472271,1.40179922271606
1.21799202472271,1.40179922271606
1.13047213427356,1.40179922271606
1.13047213427356,1.40179922271606
1.13047213427356,1.40179922271606
1.13047213427356,1.40179922271606
1.13047213427356,1.40179922271606
1.13047213427356,1.40179922271606
1.13047213427356,1.40179922271606
1.13047213427356,1.40179922271606
1.13047213427356,1.40179922271606
1.13047213427356,1.40179922271606
1.12722399646664,1.40179922271606
1.12722399646664,1.40179922271606
1.12722399646664,1.40179922271606
1.12722399646664,1.40179922271606
1.12722399646664,1.40179922271606
1.12722399646664,1.40179922271606
1.12722399646664,1.40179922271606
1.12722399646664,1.40179922271606
1.14170801869215,1.40179922271606
1.14170801869215,1.40179922271606
1.17989293051391,1.40179922271606
1.17989293051391,1.40179922271606
1.17989293051391,1.40179922271606
1.17989293051391,1.3644215257179
1.23857030868611,1.3644215257179
1.23857030868611,1.3644215257179
1.23857030868611,1.52752139356962
1.44067580663621,1.52752139356962
1.44067580663621,1.52752139356962
1.44067580663621,1.52752139356962
1.44067580663621,1.52752139356962
1.44067580663621,1.52752139356962
1.44067580663621,1.52752139356962
1.44067580663621,1.34848204999468
1.45140832198356,1.34848204999468
1.20363082469457,1.34848204999468
1.20363082469457,1.34848204999468
1.20363082469457,1.34848204999468
1.20363082469457,1.54062326831482
1.20363082469457,1.54062326831482
1.20363082469457,1.54062326831482
1.20363082469457,1.54062326831482
1.20363082469457,1.27394629361194
1.20363082469457,1.27394629361194
1.20363082469457,1.27394629361194
1.20363082469457,1.27394629361194
1.20363082469457,1.37463267116797
1.20363082469457,1.20942825683738
1.20363082469457,1.20942825683738
1.20363082469457,1.20942825683738
1.20363082469457,1.20942825683738
1.20363082469457,1.20942825683738
1.43586047691079,1.20942825683738
1.43586047691079,1.20942825683738
1.43586047691079,1.20942825683738
1.43586047691079,1.20942825683738
1.43586047691079,1.58257499268222
1.43286499214809,1.58257499268222
1.43286499214809,1.58257499268222
1.43286499214809,1.58257499268222
1.43286499214809,1.58257499268222
1.43286499214809,1.58257499268222
1.43286499214809,1.58257499268222
1.43286499214809,1.58257499268222
1.43286499214809,1.58257499268222
1.43286499214809,1.58257499268222
1.43286499214809,1.58257499268222
1.43286499214809,1.38025308862987
1.43286499214809,1.38025308862987
1.43286499214809,1.38025308862987
1.43286499214809,1.38025308862987
1.43286499214809,1.62112974489298
1.43286499214809,1.62112974489298
1.43286499214809,1.62112974489298
1.43286499214809,1.62112974489298
1.43286499214809,1.62112974489298
1.43286499214809,1.36545546839616
1.43286499214809,1.3455972772519
1.43286499214809,1.3455972772519
1.43286499214809,1.3455972772519
1.43286499214809,1.3455972772519
1.43286499214809,1.3455972772519
1.43286499214809,1.3455972772519
1.56171413630922,1.36792425510733
1.56171413630922,1.3560595522839
1.56171413630922,1.3560595522839
1.56171413630922,1.3560595522839
1.56171413630922,1.3560595522839
1.56171413630922,1.3560595522839
1.26261780549052,1.3560595522839
1.26261780549052,1.3560595522839
1.26261780549052,1.3560595522839
1.26261780549052,1.3560595522839
1.26261780549052,1.3560595522839
1.26261780549052,1.31838512189076
1.26261780549052,1.31838512189076
1.26261780549052,1.31838512189076
1.26261780549052,1.31838512189076
1.26261780549052,1.31838512189076
1.26261780549052,1.31838512189076
1.26261780549052,1.31838512189076
1.26261780549052,1.54120165205762
1.26261780549052,1.54120165205762
1.26261780549052,1.23437208762681
1.26261780549052,1.23437208762681
1.26261780549052,1.23437208762681
1.26261780549052,1.23437208762681
1.26261780549052,1.23437208762681
1.26261780549052,1.23437208762681
1.26261780549052,1.23437208762681
1.26261780549052,1.23437208762681
1.26261780549052,1.23437208762681
1.26261780549052,1.23437208762681
1.26261780549052,1.23437208762681
1.26261780549052,1.23437208762681
1.26261780549052,1.23437208762681
1.26261780549052,1.44329766165424
1.26261780549052,1.44329766165424
1.26261780549052,1.44329766165424
1.26261780549052,1.44329766165424
1.26261780549052,1.44329766165424
1.26261780549052,1.44329766165424
1.26261780549052,1.44329766165424
1.26261780549052,1.44329766165424
1.26261780549052,1.44329766165424
1.26261780549052,1.44329766165424
1.26261780549052,1.44329766165424
1.26261780549052,1.44329766165424
1.26261780549052,1.44329766165424
1.26261780549052,1.44329766165424
1.26261780549052,1.44329766165424
1.26261780549052,1.44329766165424
1.26261780549052,1.44329766165424
1.26261780549052,1.44329766165424
1.31221744740818,1.3371676656378
1.31221744740818,1.3371676656378
1.31221744740818,1.3371676656378
1.37098674482492,1.26000966406371
1.37098674482492,1.26000966406371
1.35736648451359,1.26000966406371
1.35736648451359,1.26000966406371
1.35736648451359,1.26000966406371
1.35736648451359,1.26000966406371
1.35736648451359,1.26000966406371
1.35736648451359,1.26000966406371
1.35736648451359,1.26000966406371
1.35736648451359,1.26000966406371
1.35736648451359,1.1441047923983
1.35736648451359,1.1441047923983
1.24164074377507,1.1441047923983
1.24164074377507,1.1441047923983
1.28350957704129,1.1441047923983
1.28350957704129,1.43523816535774
1.28350957704129,1.43523816535774
1.28350957704129,1.43523816535774
1.28350957704129,1.43523816535774
1.28350957704129,1.43523816535774
1.28350957704129,1.43523816535774
1.28350957704129,1.43523816535774
1.28350957704129,1.43523816535774
1.28350957704129,1.40509139460953
1.28350957704129,1.40509139460953
1.28350957704129,1.40509139460953
1.28350957704129,1.40509139460953
1.28350957704129,1.40509139460953
1.22531109873662,1.40509139460953
1.22531109873662,1.40509139460953
1.22531109873662,1.40509139460953
1.22531109873662,1.40509139460953
1.22531109873662,1.40509139460953
1.22531109873662,1.40509139460953
1.22531109873662,1.40509139460953
1.22531109873662,1.40509139460953
1.22531109873662,1.42672904461742
1.22531109873662,1.42672904461742
1.22531109873662,1.42672904461742
1.22531109873662,1.41387308027063
1.24484698558271,1.41387308027063
1.24484698558271,1.41387308027063
1.24484698558271,1.41387308027063
1.24484698558271,1.41387308027063
1.28192089906764,1.41387308027063
1.28192089906764,1.41387308027063
1.20483573729571,1.41387308027063
1.20483573729571,1.54164905072523
1.20483573729571,1.54164905072523
1.20483573729571,1.54164905072523
1.38212025910456,1.54164905072523
1.38212025910456,1.54164905072523
1.38212025910456,1.54164905072523
1.38212025910456,1.5281611957515
1.38212025910456,1.5281611957515
1.38212025910456,1.41660701946385
1.03969054322324,1.41660701946385
1.03969054322324,1.41660701946385
0.897636839576541,1.41660701946385
0.897636839576541,1.41660701946385
0.897636839576541,1.41660701946385
0.897636839576541,1.41660701946385
0.977612319440207,1.41660701946385
0.977612319440207,1.41660701946385
0.977612319440207,1.41660701946385
0.977612319440207,1.41660701946385
0.977612319440207,1.41660701946385
0.977612319440207,1.41660701946385
0.977612319440207,1.41660701946385
0.977612319440207,1.41660701946385
1.10252667155551,1.41660701946385
1.10252667155551,1.41660701946385
1.10252667155551,1.41660701946385
1.10252667155551,1.41660701946385
1.10252667155551,1.41660701946385
1.10252667155551,1.41660701946385
1.09033050387798,1.41660701946385
1.09033050387798,1.41660701946385
1.09033050387798,1.41660701946385
1.09033050387798,1.41660701946385
1.08184983610937,1.41660701946385
1.08184983610937,1.46569943132049
1.08184983610937,1.46569943132049
1.08184983610937,1.46569943132049
1.08184983610937,1.46569943132049
1.08184983610937,1.46569943132049
1.08184983610937,1.46569943132049
1.08184983610937,1.46569943132049
1.09223223291766,1.46569943132049
1.09223223291766,1.46569943132049
1.09223223291766,1.46569943132049
1.09223223291766,1.46569943132049
1.09223223291766,1.46569943132049
1.09223223291766,1.46569943132049
1.09223223291766,1.46569943132049
1.09223223291766,1.46569943132049
1.09223223291766,1.46569943132049
1.09223223291766,1.46569943132049
1.09223223291766,1.46569943132049
1.09223223291766,1.46569943132049
1.09223223291766,1.46569943132049
1.09223223291766,1.46569943132049
1.09223223291766,1.46569943132049
1.09223223291766,1.16837916756541
1.09223223291766,1.16837916756541
1.09223223291766,1.16837916756541
1.09223223291766,1.28531473809177
1.09223223291766,1.28531473809177
1.09223223291766,1.28531473809177
1.09223223291766,1.28531473809177
1.09223223291766,1.28531473809177
1.09223223291766,1.28531473809177
1.09223223291766,1.28531473809177
0.86391452858988,1.28531473809177
0.86391452858988,1.28531473809177
1.76863359192453,1.28531473809177
1.76863359192453,1.28531473809177
1.76863359192453,1.19963656791135
1.76863359192453,1.19963656791135
1.76863359192453,1.19963656791135
1.76863359192453,1.19963656791135
1.76863359192453,1.19963656791135
1.76863359192453,1.19963656791135
1.76863359192453,1.48341256639002
1.76863359192453,1.48341256639002
1.75060666007742,1.48341256639002
1.75060666007742,1.48341256639002
1.44039325203009,1.48341256639002
1.44039325203009,1.48341256639002
1.44039325203009,1.48341256639002
1.44039325203009,1.48341256639002
1.44039325203009,1.48341256639002
1.44039325203009,1.48341256639002
1.44039325203009,1.48341256639002
1.44039325203009,1.48341256639002
1.44039325203009,1.48341256639002
1.44039325203009,1.4073725955512
1.44039325203009,1.4073725955512
1.44039325203009,1.4073725955512
1.44039325203009,1.4073725955512
1.44039325203009,1.4073725955512
1.44039325203009,1.4073725955512
1.44039325203009,1.4073725955512
1.44039325203009,1.4073725955512
1.44039325203009,1.4073725955512
1.44039325203009,1.4073725955512
1.19648171398506,1.36945552387852
1.19648171398506,1.67637673381039
1.19648171398506,1.67637673381039
1.19648171398506,1.27431973309836
1.19648171398506,1.47088145709824
1.19648171398506,1.47088145709824
1.19648171398506,1.47088145709824
1.19648171398506,1.47088145709824
1.31977019447482,1.47088145709824
1.31977019447482,1.47088145709824
1.31977019447482,1.19318711004802
1.31977019447482,1.27254497263705
1.31977019447482,1.27254497263705
1.31977019447482,1.27254497263705
1.31977019447482,1.31847480858572
1.05114268985608,1.10866126949386
1.05114268985608,1.10866126949386
1.05114268985608,1.10866126949386
1.05114268985608,1.10866126949386
1.05114268985608,1.10866126949386
1.05114268985608,1.10866126949386
1.05114268985608,1.10866126949386
1.15474361500278,1.10866126949386
1.15474361500278,1.10866126949386
1.15474361500278,1.10866126949386
1.15474361500278,1.10866126949386
1.08501469897937,1.10866126949386
1.30459237232651,1.10866126949386
1.30459237232651,1.49041843684865
1.30459237232651,1.49041843684865
1.30459237232651,1.49041843684865
1.30459237232651,1.49041843684865
1.30459237232651,1.19711986992359
1.30459237232651,1.48265063727653
1.30459237232651,1.48265063727653
1.30459237232651,1.48265063727653
1.30459237232651,1.48265063727653
1.30459237232651,1.48265063727653
1.30459237232651,1.48265063727653
1.30459237232651,1.48265063727653
1.30459237232651,1.48265063727653
1.30459237232651,1.48265063727653
1.30459237232651,1.48265063727653
1.30459237232651,1.48265063727653
1.30459237232651,1.48265063727653
1.30459237232651,1.48265063727653
1.30459237232651,1.48265063727653
1.30459237232651,1.48265063727653
1.30459237232651,1.48265063727653
1.30459237232651,1.48265063727653
1.30459237232651,1.48265063727653
1.30459237232651,1.48265063727653
1.30459237232651,1.48265063727653
1.30459237232651,1.11039914826493
1.30459237232651,1.11039914826493
1.30459237232651,1.11039914826493
1.30459237232651,1.11039914826493
1.30459237232651,1.11039914826493
1.1366664960367,1.11039914826493
1.1366664960367,1.11039914826493
1.1366664960367,1.34342940911486
1.1366664960367,1.34342940911486
1.2661053681484,1.34342940911486
1.2661053681484,1.34342940911486
1.2661053681484,1.34342940911486
1.2661053681484,1.38871417813564
1.2661053681484,1.38871417813564
1.2661053681484,1.63737530086606
1.2661053681484,1.63737530086606
1.10611065876516,1.63737530086606
1.10611065876516,1.63737530086606
1.10611065876516,1.63737530086606
1.10611065876516,1.63737530086606
1.10611065876516,1.63737530086606
1.3386760770404,1.63737530086606
1.3386760770404,1.63737530086606
1.3386760770404,1.63737530086606
1.3386760770404,1.63737530086606
1.3386760770404,1.63737530086606
1.3386760770404,1.63737530086606
1.3386760770404,1.63737530086606
1.3386760770404,1.1720865158223
1.3386760770404,1.1720865158223
1.3386760770404,1.21661091459993
1.3386760770404,1.21661091459993
1.32158632163189,1.56111587204821
0.985886781399286,1.56111587204821
0.985886781399286,1.56111587204821
0.985886781399286,1.56111587204821
0.985886781399286,1.56111587204821
0.985886781399286,1.56111587204821
0.985886781399286,1.56111587204821
0.985886781399286,1.56111587204821
0.985886781399286,1.16203861063355
0.985886781399286,1.16203861063355
0.985886781399286,1.58476328181642
1.37929515541522,1.58476328181642
1.37929515541522,1.58476328181642
1.37929515541522,1.58476328181642
1.37929515541522,1.58476328181642
1.37929515541522,1.58476328181642
1.186947469342,1.19866163936505
1.186947469342,1.19866163936505
1.186947469342,1.19866163936505
1.186947469342,1.19866163936505
1.09625288198228,1.19866163936505
1.09625288198228,1.19866163936505
1.09625288198228,1.19866163936505
1.09625288198228,1.19866163936505
1.09625288198228,1.19866163936505
1.09625288198228,1.19866163936505
1.09625288198228,1.19866163936505
1.09625288198228,1.19866163936505
1.09625288198228,1.19866163936505
1.09625288198228,1.19866163936505
1.09625288198228,1.5343603560703
1.09625288198228,1.5343603560703
1.09625288198228,1.5343603560703
1.09625288198228,1.5343603560703
1.09625288198228,1.19722659016055
1.09625288198228,1.18130017247303
1.09625288198228,1.18130017247303
1.09625288198228,1.18130017247303
1.09625288198228,1.18130017247303
1.09625288198228,1.18130017247303
1.09625288198228,1.18130017247303
1.09625288198228,1.18130017247303
1.09625288198228,1.18130017247303
1.09625288198228,1.18130017247303
1.09625288198228,1.18130017247303
1.09625288198228,1.18130017247303
1.09625288198228,1.18130017247303
1.05266247782372,1.18130017247303
1.05266247782372,1.30545100168475
1.05266247782372,1.30545100168475
1.05266247782372,1.27113047852477
1.05266247782372,1.27113047852477
1.05266247782372,1.34952054933967
1.05266247782372,1.34952054933967
1.05266247782372,1.34952054933967
1.08358120749295,1.34952054933967
1.08358120749295,1.34952054933967
1.08358120749295,1.34952054933967
1.08358120749295,1.34952054933967
1.08358120749295,1.34952054933967
1.08358120749295,1.34952054933967
1.08358120749295,1.34795913330058
1.08358120749295,1.70881685331181
1.08358120749295,1.70881685331181
1.08358120749295,1.70881685331181
1.08358120749295,1.70881685331181
1.08358120749295,1.70881685331181
1.08358120749295,1.70881685331181
1.08358120749295,1.70881685331181
1.08358120749295,1.70881685331181
1.08358120749295,1.70881685331181
1.08358120749295,1.70881685331181
1.08358120749295,1.70881685331181
1.19477969948499,1.70881685331181
1.19477969948499,1.70881685331181
1.19477969948499,1.70881685331181
1.19477969948499,1.70881685331181
1.19477969948499,1.70881685331181
1.24114868962121,1.70881685331181
1.24114868962121,1.70881685331181
1.24114868962121,1.70881685331181
1.24114868962121,1.70881685331181
1.24114868962121,1.70881685331181
1.24114868962121,1.70881685331181
1.24114868962121,1.70881685331181
1.24114868962121,1.70881685331181
1.24114868962121,1.70881685331181
1.24114868962121,1.70881685331181
1.25715347153702,1.70881685331181
1.25715347153702,1.70881685331181
1.25715347153702,1.70881685331181
1.25715347153702,1.70881685331181
1.25715347153702,1.41304535195239
1.25715347153702,1.41304535195239
1.25715347153702,1.41304535195239
1.25715347153702,1.41304535195239
1.25715347153702,1.41304535195239
1.25715347153702,1.41304535195239
0.995384641521486,1.41304535195239
0.995384641521486,1.50443131933677
0.995384641521486,1.50443131933677
0.995384641521486,1.50443131933677
0.995384641521486,1.44941620351027
0.995384641521486,1.44941620351027
0.995384641521486,1.44941620351027
0.995384641521486,1.44941620351027
0.995384641521486,1.44941620351027
0.995384641521486,1.44941620351027
0.995384641521486,1.44941620351027
0.995384641521486,1.44941620351027
0.995384641521486,1.44941620351027
1.48456168778179,1.44941620351027
1.48456168778179,1.44941620351027
1.48456168778179,1.44941620351027
1.48456168778179,1.44941620351027
1.49466519737334,1.44941620351027
1.42295010474255,1.44941620351027
1.42295010474255,1.44941620351027
1.29869701824087,1.44941620351027
1.29869701824087,1.44941620351027
1.29869701824087,1.44941620351027
1.29869701824087,1.44941620351027
1.29869701824087,1.44941620351027
1.29869701824087,1.44941620351027
1.29869701824087,1.44941620351027
1.30604923005182,1.44941620351027
1.30604923005182,1.44941620351027
1.30604923005182,1.20491534643254
1.30604923005182,1.20491534643254
1.05319959319558,1.51087210038828
1.05319959319558,1.51087210038828
1.05319959319558,1.51087210038828
1.05319959319558,1.51651226582339
1.05319959319558,1.51651226582339
1.05319959319558,1.51651226582339
1.05319959319558,1.51651226582339
1.05319959319558,1.40298411699363
1.05319959319558,1.40298411699363
1.05319959319558,1.4357919420852
1.05319959319558,1.4357919420852
1.05319959319558,1.30498438612161
1.05319959319558,1.30498438612161
1.05319959319558,1.30498438612161
1.36317973467843,1.30498438612161
1.27002810865646,1.30498438612161
1.27002810865646,1.46762045841858
1.27002810865646,1.46762045841858
1.27002810865646,1.46762045841858
1.27002810865646,1.46762045841858
1.27002810865646,1.46762045841858
1.27002810865646,1.46762045841858
1.27002810865646,1.46762045841858
1.27002810865646,1.46762045841858
1.27002810865646,1.46762045841858
1.27002810865646,1.38675998099556
1.27002810865646,1.38675998099556
1.27002810865646,1.38675998099556
1.27002810865646,1.38675998099556
1.27002810865646,1.38675998099556
1.27002810865646,1.31627620445502
1.02269312645269,1.31627620445502
1.02269312645269,1.31627620445502
1.16820839671637,1.31627620445502
1.16820839671637,1.31627620445502
1.16820839671637,1.31627620445502
1.16820839671637,1.31627620445502
1.18256200738778,1.31627620445502
1.18256200738778,1.31627620445502
1.18256200738778,1.31627620445502
1.18256200738778,1.31627620445502
1.18256200738778,1.31627620445502
1.18256200738778,1.31627620445502
1.18256200738778,1.31627620445502
1.18256200738778,1.31627620445502
1.18256200738778,1.31627620445502
1.18256200738778,1.31627620445502
1.18256200738778,1.31627620445502
1.18256200738778,1.31627620445502
1.18256200738778,1.31627620445502
1.18256200738778,1.31627620445502
1.18256200738778,1.31627620445502
1.18256200738778,1.31627620445502
1.2367639325966,1.31627620445502
1.2367639325966,1.31627620445502
1.2367639325966,1.31627620445502
1.2367639325966,1.31627620445502
1.2367639325966,1.31627620445502
1.2367639325966,1.31627620445502
1.24487453645021,1.31627620445502
1.24487453645021,1.31627620445502
1.24487453645021,1.31627620445502
1.24487453645021,1.31627620445502
1.17738584607359,1.31627620445502
1.17738584607359,1.31627620445502
1.09097299356364,1.31627620445502
1.09097299356364,1.31627620445502
1.09097299356364,1.31627620445502
1.09097299356364,1.31627620445502
1.09097299356364,1.31627620445502
1.09097299356364,1.31627620445502
1.09097299356364,1.31627620445502
1.09097299356364,1.31627620445502
1.09097299356364,1.31627620445502
1.09097299356364,1.31627620445502
1.09097299356364,1.31627620445502
1.09097299356364,1.31627620445502
1.09097299356364,1.31627620445502
1.09097299356364,1.31627620445502
1.09097299356364,1.31627620445502
1.09097299356364,1.31627620445502
1.09097299356364,1.31627620445502
1.09097299356364,1.31627620445502
1.09097299356364,1.31627620445502
1.09097299356364,1.31627620445502
1.09097299356364,1.31627620445502
1.09097299356364,1.31627620445502
1.09097299356364,1.31627620445502
1.22111038654397,1.31627620445502
1.2860083105308,1.31627620445502
1.2860083105308,1.27301297954097
1.2860083105308,1.27301297954097
1.2860083105308,1.27301297954097
1.2860083105308,1.27301297954097
1.2860083105308,1.27301297954097
1.13555811910111,1.27301297954097
1.37941566340573,1.27301297954097
1.37941566340573,1.27301297954097
1.37941566340573,1.27301297954097
1.37941566340573,1.27301297954097
1.37941566340573,1.27301297954097
1.37941566340573,1.27301297954097
1.37941566340573,1.27301297954097
1.37941566340573,1.27301297954097
1.37941566340573,1.27301297954097
1.17579061532489,1.27301297954097
1.17579061532489,1.48317425452233
1.17579061532489,1.48317425452233
1.17579061532489,1.37802054380985
1.17579061532489,1.37802054380985
1.17579061532489,1.37802054380985
1.17579061532489,1.37802054380985
1.17579061532489,1.37802054380985
1.17579061532489,1.37802054380985
1.17579061532489,1.34500444245502
1.17579061532489,1.34500444245502
1.17579061532489,1.33401540791685
1.17579061532489,1.50321554803231
1.17579061532489,1.50321554803231
1.17579061532489,1.50321554803231
1.17579061532489,1.50321554803231
1.17579061532489,1.50321554803231
1.17579061532489,1.50321554803231
1.17579061532489,1.50321554803231
1.17579061532489,1.50321554803231
1.17579061532489,1.50321554803231
1.17579061532489,1.50321554803231
1.17579061532489,1.50321554803231
1.17579061532489,1.50321554803231
1.17579061532489,1.50321554803231
1.17579061532489,1.50321554803231
1.24061976334613,1.50321554803231
1.24061976334613,1.50321554803231
1.24061976334613,1.50321554803231
1.24061976334613,1.50321554803231
1.24061976334613,1.50321554803231
1.24061976334613,1.50321554803231
1.24061976334613,1.50321554803231
1.18346784220535,1.50321554803231
1.18346784220535,1.50321554803231
1.18346784220535,1.50321554803231
1.18346784220535,1.33236793871652
1.33291733955083,1.33236793871652
1.33291733955083,1.32887204930702
1.33291733955083,1.32887204930702
1.33291733955083,1.32887204930702
1.33291733955083,1.43949826055444
1.1670724089168,1.43949826055444
1.1670724089168,1.43949826055444
1.1670724089168,1.43949826055444
1.1670724089168,1.43949826055444
1.1670724089168,1.43949826055444
1.1670724089168,1.43949826055444
1.1670724089168,1.43949826055444
1.1670724089168,1.43949826055444
1.1670724089168,1.43949826055444
1.1670724089168,1.43949826055444
1.1670724089168,1.4042541555935
1.1670724089168,1.4042541555935
1.1670724089168,1.4042541555935
1.1670724089168,1.4042541555935
1.1670724089168,1.63146499155836
1.1670724089168,1.30076603545638
1.1670724089168,1.30076603545638
1.1670724089168,1.30076603545638
1.1670724089168,1.30076603545638
1.1670724089168,1.30076603545638
1.1670724089168,1.30076603545638
1.1670724089168,1.30076603545638
1.1670724089168,1.30076603545638
1.1670724089168,1.30076603545638
1.1670724089168,1.30076603545638
1.1670724089168,1.30076603545638
1.1670724089168,1.45626887910302
1.1670724089168,1.45626887910302
1.13532667770455,1.45626887910302
1.11561786838793,1.45626887910302
1.11561786838793,1.15938655206843
1.11561786838793,1.15938655206843
1.11561786838793,1.10222138147648
1.11561786838793,1.28224418173571
1.11561786838793,1.28224418173571
1.11561786838793,1.28224418173571
1.1490084821035,1.3470775539169
1.1490084821035,1.3470775539169
1.1490084821035,1.3470775539169
1.1490084821035,1.3470775539169
1.1490084821035,1.3470775539169
1.1490084821035,1.3470775539169
1.1490084821035,1.3470775539169
1.1490084821035,1.3470775539169
1.1490084821035,1.14596882753196
1.1490084821035,1.14596882753196
1.14811068806908,1.14596882753196
1.14811068806908,1.14596882753196
1.14811068806908,1.14596882753196
1.14811068806908,1.14596882753196
1.14811068806908,1.14596882753196
1.14811068806908,1.14596882753196
1.14811068806908,1.14596882753196
1.14811068806908,1.14596882753196
1.14811068806908,1.14596882753196
1.03622190333518,1.14596882753196
1.03622190333518,1.14596882753196
1.30299376436482,1.14596882753196
1.14380766118508,1.14596882753196
1.14380766118508,1.14596882753196
1.14380766118508,1.14596882753196
1.14380766118508,1.14596882753196
1.14380766118508,1.14596882753196
1.14380766118508,1.14596882753196
1.14380766118508,1.241799421636
1.14380766118508,1.241799421636
1.14380766118508,1.241799421636
1.14380766118508,1.241799421636
1.14380766118508,1.241799421636
1.14380766118508,1.241799421636
1.14380766118508,1.38375019267994
1.14380766118508,1.38375019267994
1.14380766118508,1.06479923982358
0.949355370403519,1.06479923982358
0.949355370403519,1.06479923982358
0.949355370403519,1.06479923982358
1.28517190434737,1.06479923982358
1.28517190434737,1.03462848864862
1.28517190434737,1.03462848864862
1.28517190434737,1.03462848864862
1.28517190434737,1.03462848864862
1.06717382305302,0.98954192950251
1.06717382305302,0.98954192950251
1.06717382305302,1.2928189182863
1.06717382305302,1.2928189182863
1.06717382305302,1.14481388053993
1.06717382305302,1.14481388053993
1.35490002359719,1.14481388053993
1.35490002359719,1.14481388053993
1.34019749734705,1.14481388053993
1.34019749734705,1.14481388053993
1.34019749734705,1.14481388053993
1.34019749734705,1.1967446816411
1.34019749734705,1.1967446816411
1.34019749734705,1.1967446816411
1.34019749734705,1.31981854376816
1.34019749734705,1.31981854376816
1.34019749734705,1.31981854376816
1.34019749734705,1.31981854376816
1.34019749734705,1.31981854376816
1.34019749734705,1.31981854376816
1.34019749734705,1.31981854376816
1.34019749734705,1.31981854376816
1.34019749734705,1.31981854376816
1.34019749734705,1.31981854376816
1.34019749734705,1.31981854376816
1.34019749734705,1.31981854376816
1.34019749734705,1.31981854376816
1.34019749734705,1.31981854376816
1.34019749734705,1.31981854376816
1.34019749734705,1.31981854376816
1.34019749734705,1.51817348350319
1.34019749734705,1.51817348350319
1.34019749734705,1.51817348350319
1.34019749734705,1.3888654856664
1.34019749734705,1.3888654856664
1.34019749734705,1.3888654856664
1.1652429154842,1.3888654856664
1.1652429154842,1.3888654856664
1.1652429154842,1.3888654856664
1.1652429154842,1.3888654856664
1.1652429154842,1.3888654856664
1.1652429154842,1.3888654856664
1.1652429154842,1.3888654856664
1.1652429154842,1.3888654856664
1.1652429154842,1.3888654856664
1.1652429154842,1.3888654856664
1.1652429154842,1.3888654856664
1.1652429154842,1.3888654856664
1.1652429154842,1.3888654856664
1.1652429154842,1.3888654856664
1.1652429154842,1.52441492910546
1.1652429154842,1.52441492910546
1.1652429154842,1.52441492910546
1.1652429154842,1.52441492910546
1.1652429154842,1.52441492910546
1.1652429154842,1.52441492910546
1.1652429154842,1.52441492910546
1.1652429154842,1.52441492910546
1.1652429154842,1.52441492910546
1.1652429154842,1.52441492910546
1.1652429154842,1.52441492910546
1.1652429154842,1.52441492910546
1.1652429154842,1.52441492910546
1.1652429154842,1.52441492910546
1.1652429154842,1.52441492910546
1.17617753047662,1.18131508962178
1.17617753047662,1.18131508962178
1.17617753047662,1.18131508962178
1.0417129202913,1.13887505100358
1.0417129202913,1.13887505100358
1.0417129202913,1.13887505100358
1.0417129202913,1.13887505100358
1.0417129202913,1.13887505100358
1.0417129202913,1.13887505100358
1.0417129202913,1.13887505100358
1.0417129202913,1.4026244378517
1.0417129202913,1.4026244378517
1.0417129202913,1.4026244378517
1.0417129202913,1.4026244378517
1.0417129202913,1.4026244378517
1.07212533725924,1.4026244378517
1.07212533725924,1.4026244378517
1.07212533725924,1.4026244378517
1.07212533725924,1.4026244378517
1.07212533725924,1.44003789234472
1.35667717575823,1.44003789234472
1.35667717575823,1.44003789234472
1.35667717575823,1.63449043152648
1.35667717575823,1.63449043152648
1.35667717575823,1.63449043152648
1.35667717575823,1.63449043152648
1.35667717575823,1.63449043152648
1.35667717575823,1.63449043152648
1.35667717575823,1.63449043152648
1.35667717575823,1.63449043152648
1.35667717575823,1.63449043152648
1.35667717575823,1.4774057414302
1.35667717575823,1.41181176553526
1.35667717575823,1.41181176553526
1.35667717575823,1.41181176553526
1.35667717575823,1.41181176553526
1.0597550258037,1.41181176553526
1.24227512112311,1.41181176553526
1.24227512112311,1.18718732005386
1.24227512112311,1.18718732005386
1.24227512112311,1.18718732005386
1.24227512112311,1.18718732005386
1.24227512112311,1.18718732005386
1.24227512112311,1.18718732005386
1.24227512112311,1.18718732005386
1.24227512112311,1.18718732005386
1.24227512112311,1.18718732005386
1.24227512112311,1.18718732005386
1.24227512112311,1.53325312022666
1.06827857597734,1.34922165776978
1.06827857597734,1.34922165776978
1.06827857597734,1.34922165776978
1.20030618554674,1.34922165776978
1.20030618554674,1.34922165776978
1.20030618554674,1.34922165776978
1.20030618554674,1.34922165776978
1.20030618554674,1.34922165776978
1.20030618554674,1.34922165776978
1.20030618554674,1.34922165776978
1.20030618554674,1.34922165776978
1.20030618554674,1.34922165776978
1.20030618554674,1.34922165776978
1.18897852277623,1.34922165776978
1.1466084035639,1.34922165776978
1.29419799838803,1.34922165776978
1.29419799838803,1.34922165776978
1.29419799838803,1.34922165776978
1.29419799838803,1.34922165776978
1.29419799838803,1.34922165776978
1.29419799838803,1.34922165776978
1.29419799838803,1.34922165776978
1.29419799838803,1.34922165776978
1.29419799838803,1.34922165776978
1.29419799838803,1.34922165776978
1.35058592261869,1.34922165776978
1.35058592261869,1.34922165776978
1.35058592261869,1.34922165776978
1.35058592261869,1.34922165776978
1.35058592261869,1.51651065743654
1.35058592261869,1.51651065743654
1.35058592261869,1.51651065743654
1.35058592261869,1.25834893827123
1.35058592261869,1.25834893827123
1.35058592261869,1.25834893827123
1.35058592261869,1.25834893827123
1.35058592261869,1.25834893827123
1.35058592261869,1.25834893827123
1.35058592261869,1.25834893827123
1.35058592261869,1.25834893827123
1.35058592261869,1.25834893827123
1.35058592261869,1.25834893827123
1.35058592261869,1.25834893827123
1.35058592261869,1.25834893827123
1.35058592261869,1.25834893827123
1.35058592261869,1.25834893827123
1.35058592261869,1.25834893827123
1.35058592261869,1.25834893827123
1.35058592261869,1.25834893827123
1.35058592261869,1.25834893827123
1.35058592261869,1.25834893827123
1.35058592261869,1.25834893827123
1.35058592261869,1.35922332678057
1.35058592261869,1.35922332678057
1.35058592261869,1.35922332678057
1.35058592261869,1.35922332678057
1.35058592261869,1.35922332678057
1.35058592261869,1.35922332678057
1.35058592261869,1.35922332678057
1.35058592261869,1.35788892843355
1.35058592261869,1.35788892843355
1.35058592261869,1.35788892843355
1.35058592261869,1.35788892843355
1.35058592261869,1.35788892843355
1.35058592261869,1.35788892843355
1.35058592261869,1.35788892843355
1.35058592261869,1.35788892843355
1.35058592261869,1.35788892843355
1.35058592261869,1.35788892843355
1.35058592261869,1.35788892843355
1.35058592261869,1.35788892843355
1.35058592261869,1.35788892843355
1.14691416637691,1.35788892843355
1.14691416637691,1.35788892843355
1.14691416637691,1.35788892843355
1.14691416637691,1.35788892843355
1.14691416637691,1.35788892843355
1.14691416637691,1.35788892843355
1.14691416637691,1.35788892843355
1.14691416637691,1.35788892843355
1.14691416637691,1.35788892843355
1.23422677378118,1.35788892843355
1.23422677378118,1.35788892843355
1.17918638779027,1.42696975394539
1.17918638779027,1.56358449983208
1.17918638779027,1.56358449983208
1.17918638779027,1.53634064522801
1.17918638779027,1.53634064522801
1.3067227175807,1.53634064522801
1.3067227175807,1.4373772072899
1.3067227175807,1.4373772072899
1.3067227175807,1.4373772072899
1.3067227175807,1.4373772072899
1.17260475335835,1.4373772072899
1.17260475335835,1.28066712116693
1.17260475335835,1.28066712116693
1.17260475335835,1.28066712116693
1.17260475335835,1.28066712116693
1.17260475335835,1.28066712116693
1.17260475335835,1.28066712116693
1.17260475335835,1.28066712116693
1.17260475335835,1.28066712116693
1.17260475335835,1.28066712116693
1.17260475335835,1.28066712116693
1.17260475335835,1.28066712116693
1.17260475335835,1.22450712700148
1.17260475335835,1.22450712700148
1.17260475335835,1.22450712700148
1.17260475335835,1.22450712700148
1.17260475335835,1.5667104288069
1.17260475335835,1.5667104288069
1.17260475335835,1.5667104288069
1.17260475335835,1.5667104288069
1.17260475335835,1.10123837633594
1.06483966684593,1.10123837633594
1.06483966684593,1.10123837633594
1.06483966684593,1.10123837633594
1.06483966684593,1.10123837633594
1.06483966684593,1.10123837633594
1.0346287562297,1.10123837633594
1.0346287562297,1.10123837633594
1.0346287562297,1.10123837633594
1.0346287562297,1.10123837633594
1.0346287562297,1.10123837633594
1.0346287562297,1.10123837633594
1.0346287562297,1.10123837633594
1.0346287562297,1.10123837633594
1.0346287562297,1.10123837633594
1.0346287562297,1.10123837633594
1.0346287562297,1.10123837633594
1.0346287562297,1.08693021099542
1.0346287562297,1.08693021099542
1.0346287562297,1.08693021099542
1.3658015367888,1.08693021099542
1.3658015367888,1.07995062623415
1.3658015367888,1.07995062623415
1.40724536852313,1.07995062623415
1.09895601099673,1.07995062623415
1.09895601099673,1.07995062623415
1.09895601099673,1.07995062623415
1.09895601099673,1.07995062623415
1.09895601099673,1.07995062623415
1.09895601099673,1.25539708825519
1.09895601099673,1.25539708825519
1.09895601099673,1.25539708825519
1.09895601099673,1.25539708825519
1.09895601099673,1.25539708825519
1.09895601099673,1.25539708825519
1.18010219218436,1.25539708825519
1.18010219218436,1.25539708825519
1.36553342016835,1.25539708825519
1.06108538386494,1.25539708825519
1.06108538386494,1.25539708825519
1.06108538386494,1.25539708825519
1.06108538386494,1.25539708825519
1.06108538386494,1.25539708825519
1.06108538386494,1.3417768521051
1.06108538386494,1.3417768521051
1.06108538386494,1.3417768521051
1.06108538386494,1.3417768521051
1.05447522376904,1.3417768521051
1.05447522376904,1.3417768521051
1.05447522376904,1.3417768521051
1.05447522376904,1.3417768521051
1.05447522376904,1.40137704595736
1.05447522376904,1.40137704595736
1.05447522376904,1.40137704595736
1.05447522376904,1.43689000476042
1.05447522376904,1.43689000476042
1.05447522376904,1.43689000476042
1.10734094882356,1.43689000476042
1.10734094882356,1.43689000476042
1.10734094882356,1.49694173712845
1.10734094882356,1.49694173712845
1.10734094882356,1.49694173712845
1.10734094882356,1.49694173712845
1.10734094882356,1.72108713185297
0.9892095017607,1.72108713185297
0.9892095017607,1.72108713185297
0.9892095017607,1.72108713185297
1.01169304229964,1.72108713185297
1.09160800348266,1.72108713185297
1.09160800348266,1.21590814267291
1.09160800348266,1.21590814267291
1.12192832222933,1.21590814267291
1.02515710297651,1.39295183691899
1.02515710297651,1.39295183691899
1.02515710297651,1.39295183691899
1.02515710297651,1.39295183691899
1.02515710297651,1.39295183691899
1.02515710297651,1.39295183691899
1.02515710297651,1.39295183691899
0.997602835215242,1.39295183691899
0.997602835215242,1.39295183691899
0.997602835215242,1.39295183691899
0.997602835215242,1.39295183691899
1.23445347501293,1.39295183691899
1.23445347501293,1.39295183691899
1.23445347501293,1.39295183691899
1.23445347501293,1.39295183691899
1.23445347501293,1.39295183691899
1.23445347501293,1.39295183691899
1.23445347501293,1.39295183691899
1.23445347501293,1.30797537487375
1.23445347501293,1.30797537487375
1.23445347501293,1.30797537487375
1.23445347501293,1.30797537487375
1.23445347501293,1.30797537487375
1.23445347501293,1.30797537487375
1.23445347501293,1.30797537487375
1.23445347501293,1.30797537487375
1.23445347501293,1.30797537487375
1.23445347501293,1.30797537487375
1.23445347501293,1.30797537487375
1.23445347501293,1.30797537487375
1.23445347501293,1.52189203961562
1.23445347501293,1.52189203961562
1.23445347501293,1.52189203961562
1.23445347501293,1.52189203961562
1.23445347501293,1.52189203961562
1.23445347501293,1.26008991279959
1.23445347501293,1.26008991279959
1.23445347501293,1.26008991279959
1.23445347501293,1.26008991279959
1.23445347501293,1.26008991279959
1.23445347501293,1.26008991279959
1.23445347501293,1.26008991279959
1.23445347501293,1.41689824420493
1.23445347501293,1.19640294960485
1.23445347501293,1.19640294960485
1.23445347501293,1.19640294960485
1.23445347501293,1.19640294960485
1.23445347501293,1.19640294960485
1.23445347501293,1.14446586829833
1.23445347501293,1.14446586829833
1.23445347501293,1.27254175991507
1.23445347501293,1.27254175991507
1.23445347501293,1.27254175991507
1.23445347501293,1.27254175991507
1.23445347501293,1.27254175991507
1.23445347501293,1.27254175991507
1.23445347501293,1.26067338728846
1.10635030126213,1.26067338728846
1.10635030126213,1.26067338728846
1.10635030126213,1.26067338728846
1.10635030126213,1.26067338728846
1.10635030126213,1.26067338728846
1.10635030126213,1.26067338728846
1.10635030126213,1.26067338728846
1.10635030126213,1.26067338728846
1.10635030126213,1.52576284373949
1.10635030126213,1.52576284373949
1.10635030126213,1.52576284373949
1.10635030126213,1.44894519682124
1.11824975284754,1.44894519682124
1.11824975284754,1.44894519682124
1.11824975284754,1.44894519682124
1.11824975284754,1.44894519682124
1.11824975284754,1.44894519682124
0.934311726379257,1.44894519682124
0.934311726379257,1.44894519682124
0.934311726379257,1.64768058843375
0.934311726379257,1.64768058843375
0.934311726379257,1.64768058843375
0.934311726379257,1.64768058843375
0.934311726379257,1.64768058843375
0.934311726379257,1.64768058843375
0.934311726379257,1.64768058843375
0.934311726379257,1.45501395799344
0.934311726379257,1.26857852424191
0.934311726379257,1.26857852424191
0.934311726379257,1.26857852424191
1.02333978082632,1.26857852424191
1.02333978082632,1.26857852424191
1.02333978082632,1.26857852424191
1.01745196213543,1.31503710162284
0.937994350717041,1.31503710162284
0.937994350717041,1.31503710162284
0.979114995316233,1.31503710162284
0.979114995316233,1.31503710162284
0.979114995316233,1.31503710162284
0.979114995316233,1.31503710162284
0.979114995316233,1.31503710162284
0.979114995316233,1.31503710162284
1.0057972081351,1.31503710162284
1.0057972081351,1.31503710162284
1.0057972081351,1.31503710162284
1.0057972081351,1.30918380829025
1.0057972081351,1.30918380829025
0.98565989371632,1.30918380829025
0.98565989371632,1.30918380829025
0.98565989371632,1.30918380829025
0.98565989371632,1.30918380829025
0.98565989371632,1.30918380829025
0.98565989371632,1.28638401121517
0.98565989371632,1.28638401121517
0.98565989371632,1.28638401121517
0.98565989371632,1.28638401121517
0.98565989371632,1.28638401121517
0.98565989371632,1.28638401121517
0.98565989371632,1.45712569485725
0.98565989371632,1.45712569485725
0.98565989371632,1.45712569485725
0.98565989371632,1.45712569485725
0.98565989371632,1.45712569485725
0.884301368325734,1.45712569485725
0.884301368325734,1.45712569485725
0.884301368325734,1.45712569485725
0.884301368325734,1.45712569485725
0.884301368325734,1.45712569485725
0.884301368325734,1.49986982500765
0.884301368325734,1.49986982500765
0.884301368325734,1.49986982500765
0.884301368325734,1.65700476664069
0.884301368325734,1.65700476664069
0.884301368325734,1.65700476664069
0.884301368325734,1.65700476664069
0.884301368325734,1.65700476664069
0.884301368325734,1.65700476664069
0.884301368325734,1.65700476664069
0.884301368325734,1.65700476664069
0.884301368325734,1.65700476664069
0.884301368325734,1.65700476664069
0.884301368325734,1.65700476664069
0.884301368325734,1.65700476664069
0.884301368325734,1.65700476664069
0.884301368325734,1.65700476664069
0.884301368325734,1.65700476664069
0.884301368325734,1.65700476664069
0.884301368325734,1.65700476664069
0.884301368325734,1.65700476664069
0.884301368325734,1.65700476664069
0.884301368325734,1.65700476664069
0.884301368325734,1.24422163192483
0.884301368325734,1.24422163192483
0.927001370327043,1.24422163192483
0.927001370327043,1.19636117756511
0.927001370327043,1.19636117756511
0.927001370327043,1.19636117756511
0.927001370327043,1.19636117756511
0.927001370327043,1.19636117756511
1.10130430688507,1.37498583747392
0.998054832959479,1.37498583747392
0.998054832959479,1.41647141597307
0.998054832959479,1.41647141597307
0.998054832959479,1.41647141597307
0.998054832959479,1.41647141597307
0.998054832959479,1.41647141597307
0.998054832959479,1.41647141597307
0.998054832959479,1.41647141597307
0.998054832959479,1.41647141597307
0.998054832959479,1.75179978683622
0.998054832959479,1.75179978683622
0.998054832959479,1.75179978683622
0.998054832959479,1.75179978683622
0.998054832959479,1.75179978683622
0.998054832959479,1.75179978683622
0.998054832959479,1.75179978683622
0.998054832959479,1.75179978683622
0.998054832959479,1.75179978683622
0.998054832959479,1.75179978683622
0.998054832959479,1.75179978683622
0.915999691024448,1.75179978683622
0.915999691024448,1.75179978683622
0.837682999820824,1.75179978683622
0.837682999820824,1.75179978683622
0.837682999820824,1.44845493325335
0.837682999820824,1.44845493325335
0.837682999820824,1.44845493325335
0.837682999820824,1.44845493325335
0.837682999820824,1.44845493325335
0.837682999820824,1.44845493325335
0.837682999820824,1.44845493325335
0.837682999820824,1.44845493325335
0.837682999820824,1.44845493325335
0.837682999820824,1.44845493325335
0.837682999820824,1.44845493325335
0.837682999820824,1.44845493325335
0.837682999820824,1.44845493325335
0.837682999820824,1.44845493325335
0.837682999820824,1.44845493325335
0.837682999820824,1.44845493325335
0.837682999820824,1.44845493325335
0.837682999820824,1.44845493325335
0.837682999820824,1.44845493325335
0.837682999820824,1.44845493325335
0.837682999820824,1.44845493325335
0.837682999820824,1.44845493325335
0.837682999820824,1.44845493325335
0.837682999820824,1.44845493325335
0.837682999820824,1.44845493325335
0.837682999820824,1.44845493325335
0.837682999820824,1.44845493325335
0.837682999820824,1.44845493325335
0.837682999820824,1.44845493325335
0.837682999820824,1.44845493325335
0.837682999820824,1.44845493325335
0.942350116985079,1.44845493325335
0.942350116985079,1.44845493325335
0.942350116985079,1.44845493325335
0.942350116985079,1.44845493325335
0.942350116985079,1.44845493325335
0.929493194044524,1.39631798497045
0.929493194044524,1.39631798497045
0.929493194044524,1.39631798497045
0.929493194044524,1.39631798497045
0.929493194044524,1.39631798497045
0.929493194044524,1.39631798497045
0.929493194044524,1.39631798497045
0.929493194044524,1.39631798497045
0.929493194044524,1.39631798497045
0.873690650016582,1.39631798497045
0.873690650016582,1.39631798497045
0.873690650016582,1.39631798497045
0.873690650016582,1.39631798497045
0.873690650016582,1.39631798497045
0.873690650016582,1.39631798497045
0.873690650016582,1.39631798497045
0.873690650016582,1.39631798497045
0.873690650016582,1.39631798497045
0.873690650016582,1.39631798497045
0.873690650016582,1.39631798497045
0.873690650016582,1.39631798497045
0.873690650016582,1.39631798497045
0.873690650016582,1.39631798497045
0.873690650016582,1.39631798497045
0.873690650016582,1.39631798497045
0.873690650016582,1.83929662160719
0.873690650016582,1.83929662160719
0.873690650016582,1.83929662160719
1.07281129744956,1.53135707975308
1.07281129744956,1.53135707975308
1.07281129744956,1.53135707975308
1.07281129744956,1.53135707975308
1.07281129744956,1.53135707975308
1.07281129744956,1.53135707975308
1.07281129744956,1.53135707975308
0.899308390070301,1.53135707975308
0.952285101935187,1.53135707975308
0.952285101935187,1.53135707975308
0.952285101935187,1.53135707975308
0.952285101935187,1.53135707975308
0.952285101935187,1.53135707975308
0.952285101935187,1.53135707975308
0.952285101935187,1.53135707975308
0.952285101935187,1.53135707975308
0.952285101935187,1.53135707975308
0.952285101935187,1.53135707975308
0.952285101935187,1.53135707975308
0.952285101935187,1.53135707975308
0.952285101935187,1.53135707975308
0.98028160833801,1.53135707975308
0.98028160833801,1.53135707975308
0.98028160833801,1.53135707975308
0.98028160833801,1.53135707975308
0.98028160833801,1.53135707975308
0.98028160833801,1.53135707975308
0.98028160833801,1.53135707975308
0.98028160833801,1.53135707975308
0.872866105615883,1.67754503075153
0.872866105615883,1.67754503075153
0.872866105615883,1.67754503075153
0.872866105615883,1.67754503075153
0.872866105615883,1.58859323443133
0.872866105615883,1.58859323443133
0.872866105615883,1.58859323443133
0.872866105615883,1.58859323443133
0.872866105615883,1.58859323443133
0.872866105615883,1.58859323443133
0.872866105615883,1.31433439125973
0.872866105615883,1.50225300299454
0.872866105615883,1.50225300299454
0.872866105615883,1.50225300299454
0.872866105615883,1.50225300299454
0.872866105615883,1.50225300299454
0.872866105615883,1.50225300299454
0.872866105615883,1.50225300299454
0.872866105615883,1.50225300299454
0.872866105615883,1.50225300299454
0.872866105615883,1.50225300299454
0.872866105615883,1.50225300299454
0.900867041037675,1.50225300299454
0.900867041037675,1.50225300299454
0.900867041037675,1.50225300299454
0.900867041037675,1.50225300299454
0.900867041037675,1.50225300299454
0.900867041037675,1.50225300299454
0.900867041037675,1.39699437230456
0.900867041037675,1.39699437230456
0.900867041037675,1.39699437230456
0.900867041037675,1.39699437230456
0.900867041037675,1.39699437230456
0.900867041037675,1.39699437230456
0.900867041037675,1.39699437230456
0.847346192203613,1.39699437230456
1.0593992119552,1.39699437230456
1.0593992119552,1.39699437230456
1.0593992119552,1.39699437230456
1.0593992119552,1.39699437230456
1.0593992119552,1.39699437230456
1.0593992119552,1.39699437230456
1.0593992119552,1.39699437230456
1.0593992119552,1.28759851798774
1.0593992119552,1.54616804656946
1.0593992119552,1.54616804656946
1.0593992119552,1.54616804656946
1.0593992119552,1.54616804656946
1.0593992119552,1.4236878374163
1.0593992119552,1.4236878374163
1.0593992119552,1.4236878374163
1.0593992119552,1.46088016987298
1.0593992119552,1.46088016987298
1.0593992119552,1.46088016987298
1.0593992119552,1.46088016987298
1.0593992119552,1.46088016987298
0.892113731064385,1.46088016987298
0.892113731064385,1.46088016987298
0.892113731064385,1.46088016987298
0.892113731064385,1.46088016987298
0.892113731064385,1.46088016987298
0.892113731064385,1.46088016987298
0.892113731064385,1.46088016987298
0.892113731064385,1.46088016987298
0.892113731064385,1.46088016987298
0.897444050859932,1.46088016987298
0.897444050859932,1.46088016987298
0.897444050859932,1.46088016987298
0.876569350682679,1.46088016987298
0.876569350682679,1.46088016987298
0.876569350682679,1.46088016987298
0.876569350682679,1.46088016987298
0.876569350682679,1.46088016987298
0.876569350682679,1.46088016987298
0.876569350682679,1.46088016987298
0.876569350682679,1.46088016987298
0.876569350682679,1.46088016987298
0.876569350682679,1.28019491179392
0.876569350682679,1.28019491179392
0.936611856346552,1.28019491179392
0.936611856346552,1.28019491179392
0.936611856346552,1.28019491179392
0.83979897739871,1.28019491179392
0.83979897739871,1.28019491179392
0.83979897739871,1.28019491179392
0.83979897739871,1.28019491179392
0.74450564970944,1.28019491179392
0.74450564970944,1.47383725326767
0.74450564970944,1.47383725326767
0.74450564970944,1.47383725326767
1.08251885248765,1.47383725326767
0.928656964611459,1.47383725326767
0.928656964611459,1.47383725326767
0.928656964611459,1.47383725326767
0.928656964611459,1.29258265497432
0.839816434255516,1.29258265497432
0.839816434255516,1.29258265497432
0.839816434255516,1.29258265497432
0.839816434255516,1.29258265497432
0.839816434255516,1.29258265497432
0.839816434255516,1.29258265497432
0.839816434255516,1.29258265497432
0.839816434255516,1.29258265497432
0.839816434255516,1.29258265497432
0.839816434255516,1.25920814466374
0.839816434255516,1.25920814466374
0.839816434255516,1.25920814466374
0.839816434255516,1.25920814466374
0.839816434255516,1.25920814466374
0.839816434255516,1.25920814466374
0.839816434255516,1.25920814466374
0.839816434255516,1.25920814466374
0.839816434255516,1.25920814466374
0.839816434255516,1.25920814466374
0.839816434255516,1.25920814466374
0.839816434255516,1.4253281083647
0.897589460272915,1.4253281083647
0.897589460272915,1.4253281083647
0.897589460272915,1.4253281083647
0.897589460272915,1.4253281083647
0.897589460272915,1.4253281083647
0.897589460272915,1.57075216293924
0.897589460272915,1.57075216293924
0.897589460272915,1.57075216293924
0.897589460272915,1.57075216293924
0.897589460272915,1.57075216293924
0.897589460272915,1.57075216293924
0.897589460272915,1.57075216293924
0.897589460272915,1.57075216293924
0.897589460272915,1.57075216293924
0.897589460272915,1.57075216293924
0.897589460272915,1.57075216293924
0.897589460272915,1.62663901424871
0.897589460272915,1.62663901424871
0.897589460272915,1.62663901424871
1.04514482163758,1.62663901424871
1.04514482163758,1.62663901424871
1.04514482163758,1.62663901424871
1.04514482163758,1.62663901424871
1.04514482163758,1.62663901424871
1.04514482163758,1.62663901424871
1.04514482163758,1.62663901424871
1.04514482163758,1.62663901424871
1.04514482163758,1.62663901424871
1.04514482163758,1.62663901424871
1.04514482163758,1.62663901424871
1.04514482163758,1.62663901424871
1.04514482163758,1.62663901424871
1.04514482163758,1.62663901424871
1.06078395802959,1.62663901424871
1.06078395802959,1.5859140512524
0.875816909233833,1.66387570050772
0.875816909233833,1.16205686423522
0.875816909233833,1.16205686423522
0.875816909233833,1.16205686423522
0.847642237156541,1.16205686423522
0.847642237156541,1.16205686423522
0.847642237156541,1.60887890266654
0.847642237156541,1.60887890266654
0.847642237156541,1.60887890266654
0.847642237156541,1.60887890266654
0.847642237156541,1.60887890266654
0.84598942280247,1.60887890266654
0.84598942280247,1.60887890266654
0.84598942280247,1.32063631569248
0.84598942280247,1.32063631569248
0.84598942280247,1.32063631569248
0.84598942280247,1.32063631569248
0.84598942280247,1.4170343015223
0.962718175230638,1.4170343015223
0.962718175230638,1.4170343015223
0.961935484423508,1.4170343015223
0.961935484423508,1.4170343015223
0.961935484423508,1.4170343015223
0.961935484423508,1.4170343015223
0.961935484423508,1.4170343015223
0.961935484423508,1.4170343015223
0.961935484423508,1.4170343015223
0.961935484423508,1.4170343015223
0.956324724815547,1.4170343015223
0.956324724815547,1.4170343015223
0.956324724815547,1.59878052415747
0.956324724815547,1.59878052415747
0.956324724815547,1.59878052415747
0.956324724815547,1.59878052415747
0.956324724815547,1.59878052415747
0.880653543276864,1.59878052415747
0.880653543276864,1.59878052415747
0.880653543276864,1.59878052415747
0.880653543276864,1.59878052415747
0.880653543276864,1.59878052415747
0.823977034722684,1.59878052415747
0.823977034722684,1.59878052415747
0.823977034722684,1.59878052415747
0.823977034722684,1.59878052415747
0.823977034722684,1.59878052415747
0.823977034722684,1.59878052415747
0.895565607082021,1.59878052415747
0.895565607082021,1.59878052415747
0.895565607082021,1.39639176425364
0.895565607082021,1.39639176425364
0.895565607082021,1.39639176425364
0.895565607082021,1.39639176425364
0.895565607082021,1.39639176425364
0.895565607082021,1.30237732232318
0.931231107651298,1.30237732232318
0.931231107651298,1.30237732232318
0.931231107651298,1.30237732232318
0.879380605079802,1.30237732232318
0.879380605079802,1.30237732232318
0.879380605079802,1.30237732232318
0.879380605079802,1.30237732232318
0.879380605079802,1.30237732232318
0.879380605079802,1.43718253110259
0.879380605079802,1.43718253110259
0.879380605079802,1.43718253110259
0.879380605079802,1.43718253110259
0.879380605079802,1.43718253110259
0.879380605079802,1.43718253110259
0.879380605079802,1.43718253110259
0.879380605079802,1.43718253110259
0.879380605079802,1.43718253110259
0.879380605079802,1.43718253110259
0.879380605079802,1.35860776252994
0.879380605079802,1.35860776252994
0.879380605079802,1.35860776252994
1.00401943913197,1.35860776252994
1.00401943913197,1.35860776252994
1.00401943913197,1.35860776252994
1.00401943913197,1.35860776252994
1.00401943913197,1.35860776252994
1.00401943913197,1.35860776252994
1.00401943913197,1.35860776252994
1.00401943913197,1.35860776252994
1.00401943913197,1.35860776252994
1.00401943913197,1.35860776252994
1.00401943913197,1.35860776252994
1.00401943913197,1.35860776252994
1.00401943913197,1.35860776252994
1.00401943913197,1.35860776252994
1.00401943913197,1.35860776252994
1.00401943913197,1.35860776252994
1.00401943913197,1.35860776252994
1.00401943913197,1.14097870122684
1.00401943913197,1.14097870122684
1.00401943913197,1.14097870122684
1.00401943913197,1.14097870122684
1.00401943913197,1.14097870122684
1.00401943913197,1.14097870122684
1.00401943913197,1.14097870122684
1.00401943913197,1.14097870122684
1.00401943913197,1.14097870122684
1.00401943913197,1.14097870122684
1.00401943913197,1.14097870122684
1.00401943913197,1.14097870122684
1.00401943913197,1.14097870122684
1.00401943913197,1.14097870122684
1.00401943913197,1.41121737954969
1.00401943913197,1.41121737954969
1.00401943913197,1.41121737954969
1.00401943913197,1.41121737954969
1.00401943913197,1.41121737954969
1.00401943913197,1.41121737954969
1.00401943913197,1.41121737954969
1.00401943913197,1.41121737954969
1.00401943913197,1.41121737954969
1.00401943913197,1.41121737954969
1.00401943913197,1.3365127818111
1.00401943913197,1.3365127818111
1.00401943913197,1.3365127818111
1.00401943913197,1.3365127818111
0.869638935899984,1.3365127818111
0.869638935899984,1.3365127818111
0.869638935899984,1.3365127818111
0.869638935899984,1.3365127818111
0.869638935899984,1.21355761034268
0.869638935899984,1.21355761034268
0.869638935899984,1.21355761034268
0.869638935899984,1.21355761034268
0.869638935899984,1.21355761034268
0.856254355030672,1.21355761034268
0.856254355030672,1.21355761034268
0.856254355030672,1.21355761034268
0.856254355030672,1.21355761034268
0.856254355030672,1.21355761034268
0.856254355030672,1.51057638987944
0.856254355030672,1.51057638987944
0.856254355030672,1.51057638987944
0.856254355030672,1.51057638987944
0.881941545046339,1.51057638987944
0.881941545046339,1.51057638987944
0.881941545046339,1.86666389483783
0.881941545046339,1.86666389483783
0.881941545046339,1.86666389483783
0.881941545046339,1.05535126885337
0.881941545046339,1.05535126885337
0.881941545046339,1.34520846322812
0.881941545046339,1.34520846322812
0.881941545046339,1.32116291763634
0.881941545046339,1.22221892853192
0.881941545046339,1.22221892853192
0.881941545046339,1.22221892853192
0.881941545046339,1.22221892853192
0.881941545046339,1.22221892853192
0.798365880224166,1.22221892853192
0.798365880224166,1.22221892853192
0.798365880224166,1.22221892853192
0.798365880224166,1.22221892853192
0.798365880224166,1.22221892853192
0.798365880224166,1.22221892853192
0.798365880224166,1.22221892853192
0.798365880224166,1.22221892853192
0.798365880224166,1.22221892853192
0.798365880224166,1.22221892853192
0.798365880224166,1.22221892853192
0.798365880224166,1.22221892853192
0.798365880224166,1.2552351556871
0.798365880224166,1.2552351556871
0.798365880224166,1.2552351556871
0.798365880224166,1.2552351556871
0.798365880224166,1.2552351556871
0.798365880224166,1.2552351556871
0.798365880224166,1.2552351556871
0.798365880224166,1.2552351556871
0.798365880224166,1.2874036616941
0.798365880224166,1.2874036616941
0.798365880224166,1.2874036616941
0.798365880224166,1.2874036616941
0.798365880224166,1.2874036616941
0.798365880224166,1.38457453950344
0.798365880224166,1.38457453950344
0.798365880224166,1.38457453950344
1.00299874860016,1.32831730943039
1.00299874860016,1.32831730943039
1.00299874860016,1.32831730943039
1.00299874860016,1.32831730943039
1.00299874860016,1.55947369631187
1.00299874860016,1.55947369631187
1.00299874860016,1.55947369631187
1.00299874860016,1.55947369631187
1.00299874860016,1.18437871140118
1.00299874860016,1.49465849189934
1.00260993340131,1.49465849189934
1.00260993340131,1.49465849189934
1.00260993340131,1.49465849189934
1.00260993340131,1.49465849189934
1.02243049543895,1.49465849189934
1.02243049543895,1.49465849189934
1.02243049543895,1.49465849189934
1.02243049543895,1.49465849189934
0.785287201340285,1.57869934687146
0.785287201340285,1.57869934687146
0.785287201340285,1.57869934687146
0.785287201340285,1.16654877680244
0.785287201340285,1.16654877680244
0.785287201340285,1.16654877680244
0.785287201340285,1.15092792277243
0.785287201340285,1.15092792277243
0.901561451500061,1.28856489325065
0.901561451500061,1.28856489325065
0.901561451500061,1.28856489325065
0.901561451500061,1.28856489325065
0.901561451500061,1.28856489325065
0.901561451500061,1.28856489325065
0.901561451500061,1.28856489325065
0.901561451500061,1.28856489325065
0.814027265476711,1.28856489325065
0.829238945508592,1.28856489325065
0.829238945508592,1.28856489325065
0.829238945508592,1.28856489325065
0.995437547194166,1.28856489325065
0.995437547194166,1.28856489325065
0.861330391434402,1.28856489325065
0.861330391434402,1.25757096580676
0.861330391434402,1.25757096580676
0.861330391434402,1.25757096580676
0.861330391434402,1.25757096580676
0.854406847584266,1.25757096580676
0.854406847584266,1.25757096580676
0.854406847584266,1.25757096580676
0.75136105990494,1.25757096580676
0.75136105990494,1.25757096580676
0.75136105990494,1.25757096580676
0.75136105990494,1.25757096580676
0.75136105990494,1.25757096580676
0.75136105990494,1.25757096580676
0.75136105990494,1.25757096580676
0.75136105990494,1.25757096580676
0.75136105990494,1.25757096580676
0.75136105990494,1.25757096580676
0.75136105990494,1.25757096580676
0.75136105990494,1.25757096580676
0.745154182800897,1.25757096580676
0.745154182800897,1.24392167086334
0.745154182800897,1.24392167086334
0.745154182800897,1.24392167086334
0.73133115473806,1.24392167086334
0.73133115473806,1.24392167086334
0.73133115473806,1.24392167086334
0.73133115473806,1.29801980315268
0.73133115473806,1.29801980315268
0.73133115473806,1.29801980315268
0.73133115473806,1.29801980315268
0.73133115473806,1.29801980315268
0.73133115473806,1.29801980315268
0.73133115473806,1.29801980315268
0.73133115473806,1.29801980315268
0.73133115473806,1.29801980315268
0.73133115473806,1.29801980315268
0.73133115473806,1.29801980315268
0.73133115473806,1.29801980315268
0.73133115473806,1.29801980315268
0.73133115473806,1.29801980315268
0.751036568217195,1.29801980315268
0.751036568217195,1.29801980315268
0.751036568217195,1.29801980315268
0.751036568217195,1.29801980315268
0.773933869983184,1.41513395773589
0.773933869983184,1.41513395773589
0.74161213920891,1.41513395773589
0.845212355696263,1.41513395773589
0.845212355696263,1.41513395773589
0.845212355696263,1.41513395773589
0.845212355696263,1.44964095255229
0.845212355696263,1.15455840712523
0.845212355696263,1.15455840712523
0.845212355696263,1.15455840712523
0.845212355696263,1.15455840712523
0.845212355696263,1.07404269831815
0.845212355696263,1.04574568013639
0.845212355696263,1.04574568013639
0.845212355696263,1.17527071970253
0.845212355696263,1.17527071970253
0.845212355696263,1.17527071970253
0.845212355696263,1.17527071970253
0.845212355696263,1.17527071970253
0.845212355696263,1.17527071970253
0.845212355696263,1.17527071970253
0.845212355696263,1.17527071970253
0.888672688956803,1.17527071970253
0.888672688956803,1.24645436692014
0.888672688956803,1.24645436692014
0.888672688956803,1.24645436692014
0.888672688956803,1.24645436692014
0.888672688956803,1.24645436692014
0.888672688956803,1.24645436692014
0.888672688956803,1.24645436692014
0.888672688956803,1.24645436692014
0.888672688956803,1.24645436692014
0.888672688956803,1.24645436692014
0.888672688956803,1.24645436692014
0.888672688956803,1.24645436692014
0.888672688956803,1.24645436692014
0.888672688956803,1.24645436692014
0.888672688956803,1.24645436692014
0.888672688956803,1.24645436692014
0.888672688956803,1.24645436692014
0.888672688956803,1.24645436692014
0.888672688956803,1.24645436692014
0.888672688956803,1.24645436692014
0.888672688956803,1.24645436692014
0.888672688956803,1.24645436692014
0.888672688956803,1.24645436692014
0.888672688956803,1.24645436692014
0.888672688956803,1.24645436692014
0.888672688956803,1.24645436692014
0.888672688956803,1.24645436692014
1.06673629440104,1.24645436692014
1.06673629440104,1.24645436692014
1.06673629440104,1.24645436692014
1.06673629440104,1.24645436692014
1.06673629440104,1.24451406721514
1.10186032510639,1.24451406721514
1.10186032510639,1.24451406721514
1.11613258327145,1.31927677527933
1.11613258327145,1.31927677527933
0.829255639690475,1.31927677527933
0.829255639690475,1.31927677527933
0.829255639690475,1.31927677527933
0.843626784896432,1.31927677527933
0.957696318107317,1.31927677527933
0.957696318107317,1.31927677527933
0.957696318107317,1.31927677527933
0.954134613264535,1.31927677527933
0.954134613264535,1.31927677527933
0.742597924684511,1.31927677527933
0.742597924684511,1.2539107214814
0.742597924684511,1.2539107214814
0.742597924684511,1.2539107214814
0.742597924684511,1.2539107214814
0.730567436233721,1.2539107214814
0.730567436233721,1.2539107214814
0.730567436233721,1.2539107214814
0.730567436233721,1.2539107214814
0.735883277316427,1.2539107214814
0.735883277316427,1.2539107214814
1.0663715118463,1.2539107214814
1.0663715118463,1.2539107214814
1.0663715118463,1.2539107214814
1.0663715118463,1.32356941680282
0.994278524319163,1.32356941680282
0.994278524319163,1.32356941680282
0.995897419728013,1.18618452282097
0.995897419728013,1.20689348306257
0.995897419728013,1.20689348306257
0.995897419728013,1.20689348306257
0.995897419728013,1.20689348306257
0.995897419728013,1.20689348306257
0.995897419728013,1.20689348306257
0.995897419728013,1.20689348306257
0.995897419728013,1.20689348306257
0.858120817701322,1.24329634646476
0.858120817701322,1.24329634646476
0.858120817701322,1.24329634646476
0.858120817701322,1.24329634646476
0.858120817701322,1.24329634646476
0.724839222968144,1.24329634646476
0.724839222968144,1.07832126317219
0.724839222968144,1.07832126317219
0.724839222968144,1.39976690804523
0.724839222968144,1.39976690804523
0.724839222968144,1.39976690804523
0.724839222968144,1.39976690804523
0.724839222968144,1.39976690804523
0.724839222968144,1.39976690804523
0.724839222968144,1.39976690804523
0.724839222968144,1.39976690804523
0.900006597437446,1.39976690804523
0.900006597437446,1.39976690804523
0.900006597437446,1.24982275054488
0.900006597437446,1.24982275054488
0.900006597437446,1.24982275054488
0.900006597437446,1.24982275054488
0.900006597437446,1.24982275054488
0.900006597437446,1.24982275054488
0.900006597437446,1.24982275054488
0.900006597437446,1.24982275054488
0.900006597437446,1.24982275054488
0.900006597437446,1.22974983756433
0.900006597437446,1.22974983756433
0.900006597437446,1.22974983756433
0.900006597437446,1.22974983756433
0.900006597437446,1.22974983756433
0.900006597437446,1.22974983756433
0.900006597437446,1.22974983756433
0.900006597437446,1.22974983756433
0.900006597437446,1.22974983756433
0.900006597437446,1.22974983756433
0.900006597437446,1.05293581659586
0.900006597437446,1.05293581659586
1.0349415213399,1.05293581659586
1.0349415213399,1.05293581659586
1.0349415213399,1.05293581659586
0.940877013800842,1.05293581659586
0.940877013800842,1.05293581659586
0.940877013800842,1.05293581659586
0.940877013800842,1.05293581659586
0.940877013800842,1.05293581659586
0.940877013800842,1.31678544973628
0.940877013800842,1.31678544973628
0.940877013800842,1.31678544973628
0.940877013800842,1.33490457356491
0.940877013800842,1.33490457356491
0.940877013800842,1.33490457356491
0.940877013800842,1.33490457356491
0.940877013800842,1.33490457356491
0.940877013800842,1.33490457356491
0.940877013800842,1.33490457356491
0.960934104645903,1.33490457356491
0.960934104645903,1.33490457356491
0.960934104645903,1.33490457356491
0.960934104645903,1.20722662503157
0.960934104645903,1.20722662503157
0.960934104645903,1.20722662503157
0.960934104645903,1.20722662503157
0.960934104645903,1.20722662503157
0.960934104645903,1.20722662503157
0.960934104645903,1.20722662503157
0.960934104645903,1.20722662503157
0.960934104645903,1.20722662503157
0.960934104645903,1.20722662503157
0.960934104645903,1.20722662503157
0.960934104645903,1.20722662503157
0.898314766779043,1.20722662503157
0.898314766779043,1.20722662503157
0.898314766779043,1.20722662503157
0.898314766779043,1.20722662503157
0.898314766779043,1.20722662503157
0.898314766779043,1.20722662503157
0.898314766779043,1.20722662503157
0.898314766779043,1.20722662503157
0.898314766779043,1.20722662503157
0.898314766779043,1.20722662503157
0.898314766779043,1.58371425440683
0.898314766779043,1.58371425440683
0.898314766779043,1.58371425440683
0.898314766779043,1.38623807685438
0.898314766779043,1.51202533341061
0.898314766779043,1.51202533341061
0.898314766779043,1.51202533341061
0.898314766779043,1.51202533341061
0.879274613966359,1.51202533341061
0.879274613966359,1.51202533341061
0.879274613966359,1.51202533341061
0.879274613966359,1.51202533341061
0.879274613966359,1.51202533341061
0.879274613966359,1.51202533341061
0.879274613966359,1.33677012569124
0.879274613966359,1.33677012569124
0.879274613966359,1.22137646388909
0.879274613966359,1.22137646388909
0.879274613966359,1.22137646388909
0.879274613966359,1.22137646388909
1.10283201809021,1.22137646388909
1.10283201809021,1.46892975731362
1.10283201809021,1.46892975731362
1.10283201809021,1.45972525344734
1.10283201809021,1.47584178736499
1.10283201809021,1.52367001427966
1.10283201809021,1.52367001427966
1.10283201809021,1.52367001427966
1.10283201809021,1.52367001427966
1.10933937188367,1.52367001427966
1.10933937188367,1.52367001427966
1.10933937188367,1.52367001427966
0.863784545089418,1.52367001427966
0.863784545089418,1.52367001427966
0.863784545089418,1.52367001427966
0.815062217658956,1.52367001427966
0.815062217658956,1.52367001427966
0.815062217658956,1.52367001427966
0.815062217658956,1.52367001427966
0.815062217658956,1.55620723340744
0.897118676869426,1.55620723340744
0.897118676869426,1.55620723340744
0.897118676869426,1.55620723340744
0.774542132557365,1.55620723340744
0.774542132557365,1.09338514644833
0.774542132557365,1.09338514644833
0.774542132557365,1.09338514644833
0.774542132557365,1.09338514644833
0.774542132557365,1.09338514644833
0.774542132557365,1.39231168946185
0.774542132557365,1.39231168946185
0.774542132557365,1.39231168946185
0.774542132557365,1.39231168946185
0.774542132557365,1.39231168946185
0.774542132557365,1.39231168946185
0.774542132557365,1.49511777459736
0.774542132557365,1.49511777459736
0.774542132557365,1.49511777459736
0.870313902654755,1.49511777459736
0.870313902654755,1.49511777459736
0.870313902654755,1.49511777459736
0.870313902654755,1.49511777459736
0.870313902654755,1.62487872396091
0.870313902654755,1.62487872396091
0.870313902654755,1.12899649712069
0.870313902654755,1.12899649712069
0.870313902654755,1.12899649712069
0.832027467882408,1.12899649712069
0.832027467882408,1.12899649712069
0.832027467882408,1.12899649712069
0.832027467882408,1.12899649712069
0.832027467882408,1.12899649712069
0.832027467882408,1.12899649712069
0.882299908544366,1.12899649712069
0.882299908544366,1.12899649712069
0.882299908544366,1.12899649712069
0.882299908544366,1.12899649712069
0.882299908544366,1.12899649712069
0.882299908544366,1.34278440961152
0.882299908544366,1.34278440961152
0.882299908544366,1.34278440961152
0.882299908544366,1.34278440961152
0.882299908544366,1.34278440961152
0.882299908544366,1.34278440961152
0.882299908544366,1.34278440961152
0.882299908544366,1.34278440961152
0.882299908544366,1.34278440961152
0.882299908544366,1.34278440961152
0.882299908544366,1.34278440961152
0.847927622641668,1.34278440961152
0.847927622641668,1.34278440961152
0.847927622641668,1.34278440961152
0.847927622641668,1.34278440961152
0.847927622641668,1.34278440961152
0.847927622641668,1.34278440961152
0.847927622641668,1.34278440961152
0.847927622641668,1.34278440961152
0.847927622641668,1.34278440961152
0.847927622641668,1.34278440961152
0.847927622641668,1.34278440961152
0.847927622641668,1.34278440961152
0.847927622641668,1.34278440961152
0.847927622641668,1.49485308354016
0.847927622641668,1.49485308354016
0.847927622641668,1.34913678739205
0.847927622641668,1.34913678739205
0.847927622641668,1.62775827263211
0.847927622641668,1.62775827263211
0.847927622641668,1.62775827263211
0.847927622641668,1.62775827263211
0.847927622641668,1.62775827263211
0.847927622641668,1.62775827263211
0.847927622641668,1.62775827263211
0.847927622641668,1.62775827263211
0.847927622641668,1.62775827263211
0.847927622641668,1.62775827263211
0.847927622641668,1.62775827263211
0.847927622641668,1.62775827263211
0.847927622641668,1.62775827263211
0.847927622641668,1.62775827263211
0.847927622641668,1.07897581412637
0.847927622641668,1.38168266186479
0.847927622641668,1.38168266186479
0.847927622641668,1.38168266186479
0.847927622641668,1.38168266186479
0.847927622641668,1.38168266186479
0.847927622641668,1.38168266186479
0.847927622641668,1.38168266186479
0.847927622641668,1.77203066681051
0.847927622641668,1.77203066681051
0.847927622641668,1.77203066681051
0.847927622641668,1.77203066681051
0.847927622641668,1.77203066681051
0.847927622641668,1.77203066681051
0.847927622641668,1.77203066681051
0.847927622641668,1.77203066681051
0.847927622641668,1.77203066681051
0.847927622641668,1.77203066681051
0.847927622641668,1.77203066681051
0.832839759979052,1.72018345681432
0.832839759979052,1.72018345681432
0.832839759979052,1.72018345681432
0.832839759979052,1.3779576518824
0.832839759979052,1.3779576518824
0.832839759979052,1.3779576518824
0.832839759979052,1.39204401956373
0.832839759979052,1.39204401956373
0.832839759979052,1.39204401956373
0.832839759979052,1.39204401956373
0.832839759979052,1.39204401956373
0.832839759979052,1.39204401956373
0.832839759979052,1.39204401956373
0.832839759979052,1.39204401956373
0.832839759979052,1.39204401956373
0.832839759979052,1.39204401956373
0.832839759979052,1.39204401956373
0.832839759979052,1.39204401956373
0.832839759979052,1.53337127442277
0.832839759979052,1.24004330594739
0.832839759979052,1.2463733890896
0.832839759979052,1.2463733890896
0.832839759979052,1.2463733890896
0.832839759979052,1.2463733890896
0.832839759979052,1.40634575779902
0.832839759979052,1.40634575779902
0.832839759979052,1.40634575779902
0.832839759979052,1.40634575779902
0.832839759979052,1.40634575779902
0.832839759979052,1.35297158705799
0.832839759979052,1.35297158705799
0.832839759979052,1.35297158705799
0.832839759979052,1.37561875051005
0.832839759979052,1.37561875051005
0.832839759979052,1.37561875051005
0.832839759979052,1.37561875051005
0.832839759979052,1.37561875051005
0.832839759979052,1.37561875051005
0.832839759979052,1.37561875051005
0.832839759979052,1.37561875051005
0.832839759979052,1.37561875051005
0.832839759979052,1.37561875051005
0.832839759979052,1.37561875051005
0.832839759979052,1.37561875051005
0.832839759979052,1.37561875051005
0.832839759979052,1.37561875051005
0.832839759979052,1.37561875051005
0.832839759979052,1.31196185376867
0.832839759979052,1.31196185376867
0.832839759979052,1.31196185376867
0.832839759979052,1.63358350131509
0.832839759979052,1.63358350131509
0.832839759979052,1.37135446190823
0.832839759979052,1.37135446190823
0.832839759979052,1.37135446190823
0.832839759979052,1.37135446190823
0.832839759979052,1.37135446190823
0.832839759979052,1.37135446190823
0.832839759979052,1.37135446190823
0.832839759979052,1.37135446190823
0.832839759979052,1.58348579176647
0.832839759979052,1.58348579176647
0.832839759979052,1.58348579176647
0.873998639458337,1.58348579176647
0.873998639458337,1.58348579176647
0.873998639458337,1.58348579176647
0.873998639458337,1.57442038348014
0.873998639458337,1.57442038348014
0.873998639458337,1.57442038348014
0.873998639458337,1.57442038348014
0.873998639458337,1.57442038348014
0.873998639458337,1.57442038348014
0.873998639458337,1.57442038348014
0.873998639458337,1.57442038348014
0.873998639458337,1.57442038348014
0.873998639458337,1.57442038348014
0.873998639458337,1.57442038348014
0.873998639458337,1.57442038348014
0.873998639458337,1.58795580485977
0.881393819922142,1.66936336703164
0.881393819922142,1.66936336703164
0.881393819922142,1.66936336703164
0.881393819922142,1.66936336703164
0.881393819922142,1.57780376151235
0.911383702123525,1.57780376151235
0.911383702123525,1.57780376151235
0.911383702123525,1.57780376151235
0.911383702123525,1.57780376151235
0.911383702123525,1.57780376151235
0.911383702123525,1.57780376151235
0.911383702123525,1.36911772697028
0.911383702123525,1.36911772697028
0.911383702123525,1.36911772697028
0.911383702123525,1.55082562188656
0.911383702123525,1.55082562188656
0.911383702123525,1.55082562188656
0.911383702123525,1.55082562188656
0.911383702123525,1.55082562188656
0.911383702123525,1.55082562188656
0.911383702123525,1.55082562188656
0.911383702123525,1.55082562188656
0.911383702123525,1.55082562188656
0.911383702123525,1.32424927781771
0.911383702123525,1.32424927781771
0.911383702123525,1.32424927781771
0.911383702123525,1.32424927781771
0.911383702123525,1.32424927781771
0.911383702123525,1.32424927781771
0.911383702123525,1.32424927781771
0.911383702123525,1.32424927781771
0.911383702123525,1.32424927781771
0.911383702123525,1.32424927781771
0.790847829756643,1.32424927781771
0.790847829756643,1.32424927781771
0.790847829756643,1.32424927781771
0.790847829756643,1.32424927781771
0.790847829756643,1.32424927781771
0.790847829756643,1.32424927781771
0.790847829756643,1.32424927781771
0.790847829756643,1.32424927781771
0.790847829756643,1.32424927781771
0.790847829756643,1.32424927781771
0.790847829756643,1.32424927781771
0.933472785831382,1.32424927781771
0.933472785831382,1.32424927781771
0.933472785831382,1.32424927781771
0.933472785831382,1.32424927781771
0.933472785831382,1.32424927781771
0.933472785831382,1.32424927781771
0.933472785831382,1.32424927781771
0.933472785831382,1.32424927781771
0.933472785831382,1.32424927781771
0.933472785831382,1.32424927781771
1.00920723785176,1.32424927781771
1.00920723785176,1.32424927781771
0.807029082761515,1.32424927781771
0.807029082761515,1.32424927781771
0.807029082761515,1.32424927781771
0.807029082761515,1.32424927781771
0.807029082761515,1.32424927781771
0.807029082761515,1.32424927781771
0.807029082761515,1.32424927781771
0.807029082761515,1.32424927781771
0.807029082761515,1.32424927781771
0.807029082761515,1.32424927781771
0.807029082761515,1.32424927781771
0.807029082761515,1.32424927781771
0.807029082761515,1.32424927781771
0.807029082761515,1.32424927781771
0.889066403511461,1.32424927781771
0.889066403511461,1.32424927781771
0.889066403511461,1.32424927781771
0.889066403511461,1.32424927781771
0.889066403511461,1.3988654323786
0.889066403511461,1.3988654323786
0.889066403511461,1.3988654323786
0.889066403511461,1.3988654323786
0.889066403511461,1.3988654323786
0.889066403511461,1.3988654323786
0.889066403511461,1.3988654323786
0.889066403511461,1.3988654323786
0.889066403511461,1.52622806624442
0.889066403511461,1.52622806624442
0.889066403511461,1.52622806624442
0.889066403511461,1.52622806624442
0.804844442238549,1.52622806624442
0.804844442238549,1.52622806624442
0.804844442238549,1.52622806624442
0.804844442238549,1.52622806624442
0.804844442238549,1.52622806624442
0.804844442238549,1.52622806624442
0.804844442238549,1.52622806624442
0.804844442238549,1.52622806624442
0.804844442238549,1.36841109839859
0.804844442238549,1.36841109839859
0.804844442238549,1.36841109839859
0.804844442238549,1.36841109839859
0.804844442238549,1.36841109839859
0.804844442238549,1.36841109839859
0.804844442238549,1.36841109839859
0.804844442238549,1.37114250912181
0.804844442238549,1.37114250912181
0.804844442238549,1.37114250912181
0.804844442238549,1.37114250912181
0.804844442238549,1.37114250912181
0.804844442238549,1.37114250912181
0.804844442238549,1.21720151442556
0.804844442238549,1.15888379418869
0.804844442238549,1.15888379418869
0.804844442238549,1.15888379418869
0.804844442238549,1.15888379418869
0.804844442238549,1.43508547318199
0.804844442238549,1.43508547318199
0.804844442238549,1.42619833974401
0.804844442238549,1.42619833974401
0.804844442238549,1.42619833974401
0.804844442238549,1.42619833974401
0.804844442238549,1.42619833974401
0.804844442238549,1.42619833974401
0.804844442238549,1.42619833974401
0.804844442238549,1.42619833974401
0.804844442238549,1.42619833974401
0.804844442238549,1.42619833974401
0.804844442238549,1.35684107750795
0.804844442238549,1.35684107750795
0.804844442238549,1.35684107750795
0.804844442238549,1.35684107750795
0.804844442238549,1.35684107750795
0.804844442238549,1.35684107750795
0.804844442238549,1.33018599478052
0.804844442238549,1.33018599478052
0.804844442238549,1.33018599478052
0.804844442238549,1.33018599478052
0.804844442238549,1.69042863508391
0.804844442238549,1.69042863508391
0.804844442238549,1.44910726389573
0.804844442238549,1.44910726389573
0.804844442238549,1.44910726389573
0.804844442238549,1.44910726389573
0.804844442238549,1.32156287058362
0.804844442238549,1.32156287058362
0.804844442238549,1.32156287058362
0.783503922257586,1.32156287058362
0.783503922257586,1.32156287058362
0.783503922257586,1.20654608705193
0.783503922257586,1.20654608705193
0.783503922257586,1.20654608705193
0.783503922257586,1.20654608705193
0.783503922257586,1.20654608705193
0.783503922257586,1.20654608705193
0.783503922257586,1.20654608705193
0.783503922257586,1.20654608705193
0.783503922257586,1.20654608705193
0.783503922257586,1.20654608705193
0.783503922257586,1.20654608705193
0.731733078619331,1.30744535389773
0.731733078619331,1.55580359445365
0.731733078619331,1.55580359445365
0.731733078619331,1.55580359445365
0.731733078619331,1.55580359445365
0.731733078619331,1.55580359445365
0.731733078619331,1.55580359445365
0.731733078619331,1.55580359445365
0.731733078619331,1.55580359445365
0.731733078619331,1.55580359445365
0.731733078619331,1.55580359445365
0.731733078619331,1.55580359445365
0.876463949127059,1.55580359445365
0.876463949127059,1.38035387460885
0.876463949127059,1.38035387460885
0.876463949127059,1.38035387460885
0.876463949127059,1.37275818435151
0.876463949127059,1.37275818435151
0.876463949127059,1.37275818435151
0.876463949127059,1.37275818435151
0.876463949127059,1.28358993651622
0.758615746428292,1.28358993651622
0.758615746428292,1.28358993651622
0.758615746428292,1.28358993651622
0.758615746428292,1.28358993651622
0.758615746428292,1.28358993651622
0.758615746428292,1.28358993651622
0.758615746428292,1.28358993651622
0.758615746428292,1.28358993651622
0.758615746428292,1.28358993651622
0.70241473610459,1.45487935789124
0.70241473610459,1.45487935789124
0.70241473610459,1.45487935789124
0.70241473610459,1.41984010979734
0.70241473610459,1.41984010979734
0.70241473610459,1.13478155655671
0.70241473610459,1.13478155655671
0.70241473610459,1.13478155655671
0.70241473610459,1.13478155655671
0.70241473610459,1.13478155655671
0.70241473610459,1.13478155655671
0.70241473610459,1.13478155655671
0.987581008843142,1.35220062031368
0.987581008843142,1.35220062031368
0.987581008843142,1.35220062031368
0.987581008843142,1.35220062031368
0.987581008843142,1.35220062031368
0.987581008843142,1.35220062031368
0.987581008843142,1.35220062031368
0.987581008843142,1.35220062031368
0.987581008843142,1.35220062031368
0.692067257821484,1.35220062031368
0.879094268504517,1.35220062031368
0.879094268504517,1.35220062031368
0.879094268504517,1.43934084279328
0.879094268504517,1.43934084279328
0.879094268504517,1.43934084279328
0.879094268504517,1.43934084279328
0.879094268504517,1.43934084279328
0.879094268504517,1.43934084279328
0.879094268504517,1.59581844834959
0.879094268504517,1.59581844834959
0.879094268504517,1.59581844834959
0.879094268504517,1.2448421076163
0.879094268504517,1.2448421076163
0.804954139416877,1.2448421076163
0.804954139416877,1.2448421076163
0.804954139416877,1.2448421076163
0.804954139416877,1.2448421076163
0.804954139416877,1.2448421076163
0.804954139416877,1.2448421076163
0.804954139416877,1.2448421076163
0.804954139416877,1.2448421076163
0.814843954705116,1.2448421076163
0.814843954705116,1.2448421076163
0.789907923278022,1.2448421076163
0.789907923278022,1.2448421076163
0.789907923278022,1.2448421076163
0.789907923278022,1.2448421076163
0.789907923278022,1.2448421076163
0.789907923278022,1.2448421076163
0.789907923278022,1.2448421076163
0.789907923278022,1.2448421076163
0.786190598987593,1.2448421076163
0.786190598987593,1.2448421076163
0.786190598987593,1.2448421076163
0.786190598987593,1.2448421076163
0.786190598987593,1.2448421076163
0.786190598987593,1.2448421076163
0.786190598987593,1.2448421076163
0.786190598987593,1.2448421076163
1.0305688803251,1.2448421076163
1.0305688803251,1.2448421076163
1.0305688803251,1.2448421076163
0.764707421006919,1.2448421076163
0.764707421006919,1.2448421076163
0.764707421006919,1.2448421076163
0.764707421006919,1.2448421076163
0.764707421006919,1.2448421076163
0.764707421006919,1.2448421076163
0.764707421006919,1.2448421076163
0.764707421006919,1.2448421076163
0.764707421006919,1.2448421076163
0.764707421006919,1.2448421076163
0.764707421006919,1.2448421076163
0.764707421006919,1.2448421076163
0.764707421006919,1.2448421076163
0.764707421006919,1.2448421076163
0.764707421006919,1.2448421076163
0.695802267304233,1.2448421076163
0.695802267304233,1.2448421076163
0.824247700032554,1.2448421076163
0.824247700032554,1.2448421076163
0.824247700032554,1.2448421076163
0.824247700032554,1.2448421076163
0.824247700032554,1.2448421076163
0.824247700032554,1.2448421076163
0.824247700032554,1.2448421076163
0.824247700032554,1.2448421076163
0.824247700032554,1.2448421076163
0.824247700032554,1.2448421076163
0.824247700032554,1.2448421076163
0.824247700032554,1.2448421076163
0.824247700032554,1.2448421076163
0.824247700032554,1.2448421076163
0.824247700032554,1.2448421076163
0.824247700032554,1.2448421076163
0.824247700032554,1.2448421076163
0.824247700032554,1.2448421076163
0.824247700032554,1.2448421076163
0.824247700032554,1.2448421076163
0.824247700032554,1.2448421076163
0.824247700032554,1.2448421076163
0.758750033782603,1.2448421076163
0.758750033782603,1.2448421076163
0.758750033782603,1.2448421076163
0.758750033782603,1.25925406381657
0.758750033782603,1.25925406381657
0.758750033782603,1.25925406381657
0.828495973455097,1.23156190266189
0.828495973455097,1.27953688670933
0.701626040692236,1.27953688670933
0.701626040692236,1.27953688670933
0.701626040692236,1.27953688670933
0.701626040692236,1.27953688670933
0.701626040692236,1.27953688670933
0.701626040692236,1.27953688670933
0.699459641263914,1.27953688670933
0.873820450714804,1.24755013652026
0.873820450714804,1.24755013652026
0.873820450714804,1.24755013652026
0.873820450714804,1.37880233122006
0.873820450714804,1.37880233122006
0.775286984416833,1.37880233122006
0.775286984416833,1.37880233122006
0.775286984416833,1.37880233122006
0.775286984416833,1.37880233122006
0.775286984416833,1.37880233122006
0.775286984416833,1.37880233122006
0.775286984416833,1.37880233122006
0.747716168605686,1.37880233122006
0.747716168605686,1.37880233122006
0.757049075527629,1.37880233122006
0.757049075527629,1.37880233122006
0.757049075527629,1.37880233122006
0.757049075527629,1.37880233122006
0.757049075527629,1.37880233122006
0.757049075527629,1.37880233122006
0.852920906494395,1.37880233122006
0.852920906494395,1.37880233122006
0.852920906494395,1.37880233122006
0.852920906494395,1.37880233122006
0.852920906494395,1.37880233122006
0.852920906494395,1.37880233122006
0.864521315432304,1.37880233122006
0.864521315432304,1.37880233122006
0.864521315432304,1.37880233122006
0.864521315432304,1.37880233122006
0.864521315432304,1.37880233122006
0.864521315432304,1.37880233122006
0.864521315432304,1.37880233122006
0.864521315432304,1.07980803898865
0.864521315432304,1.07980803898865
0.864521315432304,1.07980803898865
0.864521315432304,1.07980803898865
0.864521315432304,1.07980803898865
0.864521315432304,1.26116712979386
0.864521315432304,1.26116712979386
0.864521315432304,1.26116712979386
0.864521315432304,1.26116712979386
0.864521315432304,1.55183337750185
0.864521315432304,1.55183337750185
0.90794691752503,1.55183337750185
0.90794691752503,1.55183337750185
0.90794691752503,1.55183337750185
0.90794691752503,1.55183337750185
0.980921675882369,1.55183337750185
0.980921675882369,1.55183337750185
0.980921675882369,1.07951813624715
0.980921675882369,1.07951813624715
0.980921675882369,1.07951813624715
0.980921675882369,1.07951813624715
0.980921675882369,1.07951813624715
0.902277050829143,1.07951813624715
0.902277050829143,1.07951813624715
0.902277050829143,1.07951813624715
0.902277050829143,1.07951813624715
0.902277050829143,1.07951813624715
0.902277050829143,1.07951813624715
0.902277050829143,1.07951813624715
0.902277050829143,1.07951813624715
0.902277050829143,1.07951813624715
0.902277050829143,1.07951813624715
0.991162916340491,1.07951813624715
0.991162916340491,1.07951813624715
0.991162916340491,1.07951813624715
0.956377401730813,1.07951813624715
0.956377401730813,1.07951813624715
0.956377401730813,1.07951813624715
0.956377401730813,1.07951813624715
0.956377401730813,1.07951813624715
0.956377401730813,1.07951813624715
0.956377401730813,1.07951813624715
0.956377401730813,1.07951813624715
0.747780681565843,1.07951813624715
0.722908973839353,1.07951813624715
0.722908973839353,1.28382410949026
0.925455691683781,1.28382410949026
0.925455691683781,1.28382410949026
0.925455691683781,1.28382410949026
0.925455691683781,1.28382410949026
0.753597363017433,1.28382410949026
0.874264141238863,1.36944813276346
0.874264141238863,1.36944813276346
0.874264141238863,1.36944813276346
0.874264141238863,1.36944813276346
0.874264141238863,1.36944813276346
0.84341251715062,1.3636037612142
0.84341251715062,1.3636037612142
0.84341251715062,1.3636037612142
0.84341251715062,1.3636037612142
0.84341251715062,1.3636037612142
0.84341251715062,1.3636037612142
0.84341251715062,1.44479198909291
0.84341251715062,1.44479198909291
0.84341251715062,1.44479198909291
0.84341251715062,1.44479198909291
1.04159305970511,1.44479198909291
1.04159305970511,1.44479198909291
1.04159305970511,1.44479198909291
1.18848902622094,1.44479198909291
1.1742305175371,1.44479198909291
1.1742305175371,1.44479198909291
1.1742305175371,1.44479198909291
0.714979262503121,1.44479198909291
0.714979262503121,1.44479198909291
0.714979262503121,1.44479198909291
0.714979262503121,1.44479198909291
0.714979262503121,1.44479198909291
0.915649282674461,1.44479198909291
0.814459891964692,1.44479198909291
0.814459891964692,1.44479198909291
0.814459891964692,1.44479198909291
0.814459891964692,1.44479198909291
0.814459891964692,1.44479198909291
0.814459891964692,1.44479198909291
0.814459891964692,1.44479198909291
0.814459891964692,1.44479198909291
0.814459891964692,1.44479198909291
0.814459891964692,1.44479198909291
0.814459891964692,1.44479198909291
0.814459891964692,1.44479198909291
0.814459891964692,1.44479198909291
0.814459891964692,1.44479198909291
0.814459891964692,1.44479198909291
0.814459891964692,1.44479198909291
0.814459891964692,1.44479198909291
0.814459891964692,1.40756899716553
0.814459891964692,1.40756899716553
0.814459891964692,1.40756899716553
0.814459891964692,1.40756899716553
0.814459891964692,1.40756899716553
0.814459891964692,1.40756899716553
0.707810932165328,1.40756899716553
0.707810932165328,1.40756899716553
0.707810932165328,1.40756899716553
0.707810932165328,1.40756899716553
0.707810932165328,1.40756899716553
0.707810932165328,1.40756899716553
0.707810932165328,1.40756899716553
0.707810932165328,1.40756899716553
0.707810932165328,1.40756899716553
0.707810932165328,1.40756899716553
0.707810932165328,1.40756899716553
0.707810932165328,1.40756899716553
0.707810932165328,1.40756899716553
0.707810932165328,1.40756899716553
0.707810932165328,1.40756899716553
0.707810932165328,1.40756899716553
0.707810932165328,1.47202690779328
0.707810932165328,1.47202690779328
0.707810932165328,1.47202690779328
0.740931855009907,1.47202690779328
0.721451585743405,1.47202690779328
0.721451585743405,1.47202690779328
0.721451585743405,1.47202690779328
0.721451585743405,1.47202690779328
0.721451585743405,1.47202690779328
0.721451585743405,1.47202690779328
0.721451585743405,0.956638707446833
0.721451585743405,1.02285674380897
0.711871409374811,1.02285674380897
0.711871409374811,1.02285674380897
0.711871409374811,1.02285674380897
0.711871409374811,1.43351030535708
0.711871409374811,1.43351030535708
0.739945765238669,1.10289243314702
0.739945765238669,1.10289243314702
0.739945765238669,1.10289243314702
0.758169198966027,1.10289243314702
0.758169198966027,1.10289243314702
0.758169198966027,1.10289243314702
0.758169198966027,1.10289243314702
0.758169198966027,1.10289243314702
0.755291103546601,1.10289243314702
0.755291103546601,1.10289243314702
0.755291103546601,1.10289243314702
0.755291103546601,1.10289243314702
0.755291103546601,1.10289243314702
0.755291103546601,1.10289243314702
0.755291103546601,1.10289243314702
0.755291103546601,1.22277386471054
0.755291103546601,1.22277386471054
0.755291103546601,1.22277386471054
0.755291103546601,1.22277386471054
0.755291103546601,1.22277386471054
0.755291103546601,1.22277386471054
0.755291103546601,1.22277386471054
0.755291103546601,1.22277386471054
0.755291103546601,1.22277386471054
0.755291103546601,1.22277386471054
0.755291103546601,1.22277386471054
0.807259550762885,1.22277386471054
0.807259550762885,1.22277386471054
0.807259550762885,1.22277386471054
0.807259550762885,1.22277386471054
0.807259550762885,1.22277386471054
0.807259550762885,1.22277386471054
0.807259550762885,1.22277386471054
0.854133358493546,1.21145939284267
0.854133358493546,1.21145939284267
0.854133358493546,1.21145939284267
0.854133358493546,1.21145939284267
0.778404299695492,1.21145939284267
0.778404299695492,1.21145939284267
0.778404299695492,1.21145939284267
0.778404299695492,1.21145939284267
0.778404299695492,1.21145939284267
0.778404299695492,1.21145939284267
0.778404299695492,1.21145939284267
0.778404299695492,1.34952253070616
0.778404299695492,1.34952253070616
0.778404299695492,1.34952253070616
0.778404299695492,1.34952253070616
0.778404299695492,1.34952253070616
0.778404299695492,1.34952253070616
0.778404299695492,1.34952253070616
0.778404299695492,1.35484449523562
0.778404299695492,1.00812534358983
0.778404299695492,1.00812534358983
0.778404299695492,1.00812534358983
0.778404299695492,1.00812534358983
0.778404299695492,1.00812534358983
0.778404299695492,1.00812534358983
0.778404299695492,1.00812534358983
0.778404299695492,1.43012806501755
0.778404299695492,1.43012806501755
0.778404299695492,1.42692445725582
0.794441467427543,1.42542360732332
0.794441467427543,1.42542360732332
0.794441467427543,1.42542360732332
0.794441467427543,1.42542360732332
0.794441467427543,1.42542360732332
0.794441467427543,1.42542360732332
0.794441467427543,1.42542360732332
0.794441467427543,1.42542360732332
0.794441467427543,1.42542360732332
0.794441467427543,1.42542360732332
0.794441467427543,1.42542360732332
0.794441467427543,1.42542360732332
0.794441467427543,1.42542360732332
0.794441467427543,1.3204508156518
0.794441467427543,1.19545784761701
0.794441467427543,1.19545784761701
0.843351190803894,1.19545784761701
0.843351190803894,1.19545784761701
0.843351190803894,1.1074360748504
0.843351190803894,1.1074360748504
0.843351190803894,1.1074360748504
0.753882836551848,1.1074360748504
0.753882836551848,1.1074360748504
0.753882836551848,1.1074360748504
0.753882836551848,1.1074360748504
0.753882836551848,1.1074360748504
0.753882836551848,1.1074360748504
0.753882836551848,1.15701048536968
0.753882836551848,1.15701048536968
0.753882836551848,1.15701048536968
0.753882836551848,1.15701048536968
0.753882836551848,1.1919824779439
0.753882836551848,1.1919824779439
0.753882836551848,1.1919824779439
0.753882836551848,1.1834138508037
0.753882836551848,1.1834138508037
0.753882836551848,1.1834138508037
0.753882836551848,1.1834138508037
0.753882836551848,1.1834138508037
0.753882836551848,1.1834138508037
0.753882836551848,1.1834138508037
0.753882836551848,1.1834138508037
0.753882836551848,1.1834138508037
0.753882836551848,1.1834138508037
0.753882836551848,1.1834138508037
0.753882836551848,1.1834138508037
0.753882836551848,1.1834138508037
0.753882836551848,1.1834138508037
0.753882836551848,1.1834138508037
0.742131098671829,1.1834138508037
0.742131098671829,1.1834138508037
0.742131098671829,1.15686075214085
0.742131098671829,1.23312256469416
0.742131098671829,1.34463872097357
0.742131098671829,1.34463872097357
0.742131098671829,1.34463872097357
0.742131098671829,1.34463872097357
0.742131098671829,1.34463872097357
0.742131098671829,1.34463872097357
0.742131098671829,1.34463872097357
0.742131098671829,1.34463872097357
0.742131098671829,1.34463872097357
0.742131098671829,1.34463872097357
0.885383163136551,1.34463872097357
0.885383163136551,1.34463872097357
0.885383163136551,1.1642411598653
0.885383163136551,1.1642411598653
0.885383163136551,1.1642411598653
0.885383163136551,1.1642411598653
0.885383163136551,1.1642411598653
0.885383163136551,1.1642411598653
0.885383163136551,1.1642411598653
0.885383163136551,1.25654474468992
0.885383163136551,1.25654474468992
0.885383163136551,1.25654474468992
0.863774905775683,1.25654474468992
0.863774905775683,1.25654474468992
0.863774905775683,1.25654474468992
0.863774905775683,1.25654474468992
0.863774905775683,1.25654474468992
0.863774905775683,1.25654474468992
0.827156029740781,1.25654474468992
0.827156029740781,1.25654474468992
0.827156029740781,1.25654474468992
1.0658070552531,1.25654474468992
0.910985743101353,1.25654474468992
0.801958589223484,1.25654474468992
0.801958589223484,1.25654474468992
0.801958589223484,1.25654474468992
0.801958589223484,1.25654474468992
0.875236122605872,1.25654474468992
0.875236122605872,1.24762361217598
0.875236122605872,1.24762361217598
0.875236122605872,1.24762361217598
0.875236122605872,1.24762361217598
0.875236122605872,1.24762361217598
0.875236122605872,1.24762361217598
0.875236122605872,1.24762361217598
0.875236122605872,1.24762361217598
0.875236122605872,1.24762361217598
0.875236122605872,1.24762361217598
0.875236122605872,1.24762361217598
0.875236122605872,1.24762361217598
0.875236122605872,1.24762361217598
0.875236122605872,1.24762361217598
0.875236122605872,1.24762361217598
0.875236122605872,1.24762361217598
0.875236122605872,1.24762361217598
0.747709877516714,1.24762361217598
0.747709877516714,1.24762361217598
0.747709877516714,1.24762361217598
0.747709877516714,1.24762361217598
0.747709877516714,1.24762361217598
0.747709877516714,1.24762361217598
0.747709877516714,1.24762361217598
0.747709877516714,1.24762361217598
0.747709877516714,1.24762361217598
0.747709877516714,1.24762361217598
0.747709877516714,1.24762361217598
0.747709877516714,1.24762361217598
0.747709877516714,1.24762361217598
0.747709877516714,1.24762361217598
0.747709877516714,1.24762361217598
0.747709877516714,1.24762361217598
0.747709877516714,1.24762361217598
0.747709877516714,1.24762361217598
0.747709877516714,1.24762361217598
0.747709877516714,1.24762361217598
0.747709877516714,1.24762361217598
0.747709877516714,1.24762361217598
0.747709877516714,1.24762361217598
0.747709877516714,1.24762361217598
0.747709877516714,1.24762361217598
0.747709877516714,1.24762361217598
0.747709877516714,1.24762361217598
0.814244940276596,1.24762361217598
0.814244940276596,1.24762361217598
0.814244940276596,1.24762361217598
0.814244940276596,1.24762361217598
0.959635141780731,1.24762361217598
0.959635141780731,1.24762361217598
0.959635141780731,1.24762361217598
0.959635141780731,1.24762361217598
0.959635141780731,1.24762361217598
0.959635141780731,1.24762361217598
0.959635141780731,1.24762361217598
0.959635141780731,1.24762361217598
0.858796461321768,1.33889806687926
0.858796461321768,1.33889806687926
0.858796461321768,1.33889806687926
0.858796461321768,1.33889806687926
0.858796461321768,1.30289252968579
0.858796461321768,1.25530600462099
0.858796461321768,1.25530600462099
0.858796461321768,1.25530600462099
0.858796461321768,1.25530600462099
0.858796461321768,1.25530600462099
1.01081012832015,1.25530600462099
1.01081012832015,1.45856235759549
1.01081012832015,1.45856235759549
1.01081012832015,1.45856235759549
1.01081012832015,1.45856235759549
1.01081012832015,1.45856235759549
1.01081012832015,1.45856235759549
1.01081012832015,1.45856235759549
1.01081012832015,1.10466524740968
1.01081012832015,1.10466524740968
1.01081012832015,1.10466524740968
1.01081012832015,1.10466524740968
1.01081012832015,1.10466524740968
1.01081012832015,1.76353458865698
1.01081012832015,1.76353458865698
1.01081012832015,1.76984490582974
1.01081012832015,1.76984490582974
1.01081012832015,1.76984490582974
1.01081012832015,1.76984490582974
1.01081012832015,1.76984490582974
1.01081012832015,1.19129721966804
1.01081012832015,1.19129721966804
0.819077093170142,1.19129721966804
0.819077093170142,1.19129721966804
0.819077093170142,1.19129721966804
0.819077093170142,1.07513914951223
0.819077093170142,1.52684254471825
0.819077093170142,1.51389019431455
0.819077093170142,1.51389019431455
0.819077093170142,1.51389019431455
0.819077093170142,1.51389019431455
0.819077093170142,1.51389019431455
0.819077093170142,1.51389019431455
0.819077093170142,1.51389019431455
0.819077093170142,1.4113256787223
0.819077093170142,1.39352136834342
0.819077093170142,1.39352136834342
0.796522777984246,1.39352136834342
0.796522777984246,1.39352136834342
0.796522777984246,1.39352136834342
0.796522777984246,1.39352136834342
0.796522777984246,1.39352136834342
0.796522777984246,1.39352136834342
0.796522777984246,1.39352136834342
0.796522777984246,1.39352136834342
0.796522777984246,1.39352136834342
0.796522777984246,1.39352136834342
0.796522777984246,1.39352136834342
0.796522777984246,1.39352136834342
0.796522777984246,1.39352136834342
0.796522777984246,1.39352136834342
0.796522777984246,1.39352136834342
0.796522777984246,1.39352136834342
0.796522777984246,1.39352136834342
0.796522777984246,1.39352136834342
0.796522777984246,1.39352136834342
0.796522777984246,1.39352136834342
0.796522777984246,1.39352136834342
0.796522777984246,1.39352136834342
0.796522777984246,1.39352136834342
0.796522777984246,1.39352136834342
0.796522777984246,1.39352136834342
0.796522777984246,1.39352136834342
0.796522777984246,1.39352136834342
0.796522777984246,1.39352136834342
0.829160554733654,1.39352136834342
0.829160554733654,1.39352136834342
0.829160554733654,1.39352136834342
0.829160554733654,1.39352136834342
0.829160554733654,1.39352136834342
0.829160554733654,1.39352136834342
0.829160554733654,1.39352136834342
0.829160554733654,1.39352136834342
0.961900610556391,1.39352136834342
0.961900610556391,1.39352136834342
0.961900610556391,1.39352136834342
0.961900610556391,1.39352136834342
0.961900610556391,1.39352136834342
0.961900610556391,1.39352136834342
0.961900610556391,1.44571530815734
0.961900610556391,1.44571530815734
0.961900610556391,1.44571530815734
0.757211867050016,1.44571530815734
0.757211867050016,1.44571530815734
0.757211867050016,1.44571530815734
0.699252265487056,1.44571530815734
0.699252265487056,1.44571530815734
0.699252265487056,1.44571530815734
0.699252265487056,1.44571530815734
0.699252265487056,1.44571530815734
0.699252265487056,1.44571530815734
0.699252265487056,1.44571530815734
0.699252265487056,1.29826839004155
0.926383071710391,1.29826839004155
0.874300277356099,1.29826839004155
0.874300277356099,1.29826839004155
0.874300277356099,1.29826839004155
0.874300277356099,1.29826839004155
0.874300277356099,1.29826839004155
0.874300277356099,1.29826839004155
0.874300277356099,1.21721866407749
0.874300277356099,1.21721866407749
0.871445320395261,1.21721866407749
0.871445320395261,1.21721866407749
0.871445320395261,1.21721866407749
0.871445320395261,1.21721866407749
0.871445320395261,1.21721866407749
0.871445320395261,1.21721866407749
0.89058928442702,1.21721866407749
0.89058928442702,1.40054403007524
0.89058928442702,1.4972301499558
0.89058928442702,1.4972301499558
0.89058928442702,1.25215635600913
0.89058928442702,1.25215635600913
0.89058928442702,1.25215635600913
0.89058928442702,1.25215635600913
0.929406701262442,1.25215635600913
0.929406701262442,1.25215635600913
0.929406701262442,1.25215635600913
0.929406701262442,1.25215635600913
0.929406701262442,1.25215635600913
0.929406701262442,1.25215635600913
0.929406701262442,1.25215635600913
0.929406701262442,1.25215635600913
0.929406701262442,1.25215635600913
0.929406701262442,1.40825943196425
0.929406701262442,1.40825943196425
0.929406701262442,1.40825943196425
0.929406701262442,1.40825943196425
0.929406701262442,1.40825943196425
0.929406701262442,1.40825943196425
0.929406701262442,1.40825943196425
0.929406701262442,1.40825943196425
0.929406701262442,1.40825943196425
0.929406701262442,1.40825943196425
0.929406701262442,1.40825943196425
0.929406701262442,1.40825943196425
0.929406701262442,1.40825943196425
0.929406701262442,1.40825943196425
0.929406701262442,1.40825943196425
1.05535806606832,1.40825943196425
1.05535806606832,1.40825943196425
1.05535806606832,1.40825943196425
1.05535806606832,1.40825943196425
1.05535806606832,1.40825943196425
1.05535806606832,1.40825943196425
1.14331122283194,1.40825943196425
1.14331122283194,1.40825943196425
1.14331122283194,1.40825943196425
1.14331122283194,1.40825943196425
1.14331122283194,1.40825943196425
1.14331122283194,1.40825943196425
1.14331122283194,1.40825943196425
1.14331122283194,1.40825943196425
0.715222135833776,1.40825943196425
0.715222135833776,1.40825943196425
0.715222135833776,1.5471560181246
0.715222135833776,1.5471560181246
0.715222135833776,1.5471560181246
0.715222135833776,1.5471560181246
0.715222135833776,1.5471560181246
0.715222135833776,1.5471560181246
0.715222135833776,1.5471560181246
0.715222135833776,1.5471560181246
0.715222135833776,1.5471560181246
0.715222135833776,1.5471560181246
0.715222135833776,1.5471560181246
0.715222135833776,1.5471560181246
0.949690604021211,1.5471560181246
0.949690604021211,1.5471560181246
0.949690604021211,1.5471560181246
0.949690604021211,1.5471560181246
0.949690604021211,1.5471560181246
0.949690604021211,1.5471560181246
0.949690604021211,1.5471560181246
0.949690604021211,1.5471560181246
0.949690604021211,1.5471560181246
0.949690604021211,1.5471560181246
0.949690604021211,1.5471560181246
0.949690604021211,1.5471560181246
0.949690604021211,1.5471560181246
0.949690604021211,1.5471560181246
0.949690604021211,1.5471560181246
0.949690604021211,1.5471560181246
0.949690604021211,1.5471560181246
0.949690604021211,1.5471560181246
0.69320718906603,1.57255594987999
0.69320718906603,1.57255594987999
1.03290983570752,1.57255594987999
1.03290983570752,1.57255594987999
1.03290983570752,1.57255594987999
1.03290983570752,1.57255594987999
1.03290983570752,1.57255594987999
1.03290983570752,1.57255594987999
1.03290983570752,1.85886882437037
1.03290983570752,1.85886882437037
1.03290983570752,1.85886882437037
1.03290983570752,1.85886882437037
1.03290983570752,1.85886882437037
1.03290983570752,1.85886882437037
1.03290983570752,1.85886882437037
1.03290983570752,1.85886882437037
0.9382920337526,1.85886882437037
0.9382920337526,1.85886882437037
0.9382920337526,1.85886882437037
0.9382920337526,1.85886882437037
0.9382920337526,1.85886882437037
0.9382920337526,1.85886882437037
0.9382920337526,1.85886882437037
0.9382920337526,1.85886882437037
0.9382920337526,1.66457715924828
0.9382920337526,1.82832606632462
0.9382920337526,1.8239377131218
0.9382920337526,1.8239377131218
0.9382920337526,1.8239377131218
0.9382920337526,1.8239377131218
0.9382920337526,1.8239377131218
0.9382920337526,1.8239377131218
0.9382920337526,1.8239377131218
0.9382920337526,1.8239377131218
0.9382920337526,1.94486281274421
0.774671663617827,1.94486281274421
0.774671663617827,1.94486281274421
0.774671663617827,1.4965455683237
0.774671663617827,1.4965455683237
0.774671663617827,1.4965455683237
0.774671663617827,1.4965455683237
0.774671663617827,1.4965455683237
0.774671663617827,1.4965455683237
0.774671663617827,1.4965455683237
0.774671663617827,1.37370649080884
0.774671663617827,1.37370649080884
0.774671663617827,1.37370649080884
0.774671663617827,1.37370649080884
0.774671663617827,1.37370649080884
0.774671663617827,1.37370649080884
0.774671663617827,1.37370649080884
0.774671663617827,1.37370649080884
0.774671663617827,1.37370649080884
0.774671663617827,1.37370649080884
0.774671663617827,1.37370649080884
0.774671663617827,1.37370649080884
0.774671663617827,1.37370649080884
0.774671663617827,1.37370649080884
0.774671663617827,1.37370649080884
0.851628710931031,1.37370649080884
0.851628710931031,1.37370649080884
0.851628710931031,1.37370649080884
0.851628710931031,1.37370649080884
0.851628710931031,1.22708654226414
0.879742085391248,1.22708654226414
0.879742085391248,1.22708654226414
0.879742085391248,1.22708654226414
0.879742085391248,1.28250050173907
0.879742085391248,1.28250050173907
0.879742085391248,1.28250050173907
0.879742085391248,1.28250050173907
0.879742085391248,1.28250050173907
0.879742085391248,1.28250050173907
0.818252251868745,1.37626415576184
0.818252251868745,1.37626415576184
0.818252251868745,1.37626415576184
0.818252251868745,1.37626415576184
0.818252251868745,1.37626415576184
0.818252251868745,1.57447453372189
0.818252251868745,1.57447453372189
0.818252251868745,1.57447453372189
0.818252251868745,1.57447453372189
0.91061650861576,1.57447453372189
0.91061650861576,1.57447453372189
0.91061650861576,1.57447453372189
0.91061650861576,1.57447453372189
0.91061650861576,1.57447453372189
0.91061650861576,1.57447453372189
0.91061650861576,1.57447453372189
0.91061650861576,1.45757185977987
0.91061650861576,1.45757185977987
0.91061650861576,1.45757185977987
0.91061650861576,1.45757185977987
1.04984003320304,1.45757185977987
1.04984003320304,1.45757185977987
1.04984003320304,1.45757185977987
1.04984003320304,1.45757185977987
1.04984003320304,1.45757185977987
1.08261295978687,1.45757185977987
1.08261295978687,1.45757185977987
1.08261295978687,1.45757185977987
1.08261295978687,1.45757185977987
1.08261295978687,1.45757185977987
1.08261295978687,1.45757185977987
1.08261295978687,1.45757185977987
1.08261295978687,1.45757185977987
1.08261295978687,1.45757185977987
1.08261295978687,1.45757185977987
1.08261295978687,1.45757185977987
1.08261295978687,1.44526415107976
1.08261295978687,1.44526415107976
1.08261295978687,1.44526415107976
1.08261295978687,1.44526415107976
1.08261295978687,1.26454961349848
1.08261295978687,1.26454961349848
0.915289838388794,1.26454961349848
0.915289838388794,1.26454961349848
0.915289838388794,1.26454961349848
0.915289838388794,1.26454961349848
0.915289838388794,1.26454961349848
0.915289838388794,1.26454961349848
0.915289838388794,1.26454961349848
0.915289838388794,1.26454961349848
0.915289838388794,1.26454961349848
0.915289838388794,1.26454961349848
0.915289838388794,1.26454961349848
0.915289838388794,1.26454961349848
0.915289838388794,1.26454961349848
0.915289838388794,1.26454961349848
0.915289838388794,1.26454961349848
0.915289838388794,1.26454961349848
0.937942834986878,1.26454961349848
0.937942834986878,1.26454961349848
0.937942834986878,1.26454961349848
0.862189900072383,1.58582312110554
0.862189900072383,1.58582312110554
0.862189900072383,1.58582312110554
0.862189900072383,1.58582312110554
0.862189900072383,1.58582312110554
0.862189900072383,1.27580127641754
0.862189900072383,1.27580127641754
0.862189900072383,1.27580127641754
0.862189900072383,1.27580127641754
0.862189900072383,1.27580127641754
0.862189900072383,1.27580127641754
0.862189900072383,1.27580127641754
0.862189900072383,1.27580127641754
0.862189900072383,1.27580127641754
0.862189900072383,1.27580127641754
0.862189900072383,1.27580127641754
0.862189900072383,1.27580127641754
0.862189900072383,1.27580127641754
0.862189900072383,1.27580127641754
0.862189900072383,1.27580127641754
0.904566699688745,1.27580127641754
0.904566699688745,1.27580127641754
0.904566699688745,1.27580127641754
0.904566699688745,1.27580127641754
0.871066107251169,1.27580127641754
0.871066107251169,1.27580127641754
0.783358384424467,1.27580127641754
0.783358384424467,1.27580127641754
0.783358384424467,1.04410396463633
0.783358384424467,1.04858232196463
0.783358384424467,1.04858232196463
0.783358384424467,1.05945359213536
0.783358384424467,1.03076545529927
0.783358384424467,1.03076545529927
0.783358384424467,1.03076545529927
0.783358384424467,1.03076545529927
1.06308041814342,1.03076545529927
1.06308041814342,1.03076545529927
1.06308041814342,1.03076545529927
1.06308041814342,1.07833138698624
1.06308041814342,1.07833138698624
1.06308041814342,1.07833138698624
0.821885667598706,1.07833138698624
0.821885667598706,1.07833138698624
0.821885667598706,1.07833138698624
0.828762580672024,1.49625042721823
0.828762580672024,1.49625042721823
0.828762580672024,1.49625042721823
0.828762580672024,1.49625042721823
0.828762580672024,1.49625042721823
0.828762580672024,1.49625042721823
0.828762580672024,1.49625042721823
0.831946408940612,1.49625042721823
0.831946408940612,1.49625042721823
0.831946408940612,1.49625042721823
0.831946408940612,1.49625042721823
0.831946408940612,1.49625042721823
0.831946408940612,1.57035585298032
0.831946408940612,1.57035585298032
0.831946408940612,1.4215036587099
0.831946408940612,1.5197014135268
0.831946408940612,1.5197014135268
0.83266492236861,1.5197014135268
0.83266492236861,1.5197014135268
0.799815059954471,1.5197014135268
0.799815059954471,1.5197014135268
0.799815059954471,1.5197014135268
0.799815059954471,1.40910029127011
0.799815059954471,1.40910029127011
0.799815059954471,1.5281486557283
0.799815059954471,1.5281486557283
0.799815059954471,1.5281486557283
0.799815059954471,1.5281486557283
1.05741024733577,1.5281486557283
1.05741024733577,1.5281486557283
1.08097780333733,1.5281486557283
1.08097780333733,1.5281486557283
1.08097780333733,1.27877339456435
1.08097780333733,1.27877339456435
1.08097780333733,1.27877339456435
1.08097780333733,1.27877339456435
1.08097780333733,1.27877339456435
0.941551481998524,1.45803409246958
0.941551481998524,1.31822519939642
0.941551481998524,1.28660721627872
0.941551481998524,1.28660721627872
0.941551481998524,1.12579391051037
0.941551481998524,1.12579391051037
1.13941115723579,1.12579391051037
1.13941115723579,1.12579391051037
1.13941115723579,1.12579391051037
1.13941115723579,1.13724616554736
1.13941115723579,1.13724616554736
0.853697177478104,1.13724616554736
0.853697177478104,1.13724616554736
0.893892122533554,1.13724616554736
0.893892122533554,1.13724616554736
0.893892122533554,1.13724616554736
0.893892122533554,1.13724616554736
0.893892122533554,1.13724616554736
0.893892122533554,1.13724616554736
0.893892122533554,1.13724616554736
0.893892122533554,1.13724616554736
0.893892122533554,1.13724616554736
0.893892122533554,1.13724616554736
0.893892122533554,1.13724616554736
0.893892122533554,1.13724616554736
0.893892122533554,1.13724616554736
0.893892122533554,1.13724616554736
0.893892122533554,1.13724616554736
0.893892122533554,1.13724616554736
0.893892122533554,1.13724616554736
0.893892122533554,1.13724616554736
0.893892122533554,1.13724616554736
0.893892122533554,1.13724616554736
0.893892122533554,1.13724616554736
0.893892122533554,1.13724616554736
0.893892122533554,1.13724616554736
1.0262819823924,1.13724616554736
1.0262819823924,1.13724616554736
0.852573407185069,1.13724616554736
0.852573407185069,1.39270650305354
0.852573407185069,1.39270650305354
0.852573407185069,1.39270650305354
0.852573407185069,1.39270650305354
0.852573407185069,1.39270650305354
0.852573407185069,1.39270650305354
0.852573407185069,1.47732839594822
0.852573407185069,1.47732839594822
0.852573407185069,1.47732839594822
0.852573407185069,1.47732839594822
0.852573407185069,1.47732839594822
0.852573407185069,1.47732839594822
0.852573407185069,1.47732839594822
0.852573407185069,1.47732839594822
0.852573407185069,1.47732839594822
0.852573407185069,1.4776370068324
0.852573407185069,1.4776370068324
0.852573407185069,1.4776370068324
0.852573407185069,1.4776370068324
0.852573407185069,1.54477053217049
0.763948762122774,1.54477053217049
0.763948762122774,1.54477053217049
0.763948762122774,1.54477053217049
0.761936713420418,1.54477053217049
1.00126493115876,1.3576126012853
1.00126493115876,1.46697569279364
1.00126493115876,1.46697569279364
1.00126493115876,1.46697569279364
1.00126493115876,1.46697569279364
1.00126493115876,1.46697569279364
1.00126493115876,1.46697569279364
1.00126493115876,1.46697569279364
1.00126493115876,1.46697569279364
1.00126493115876,1.46697569279364
1.00126493115876,1.46697569279364
1.00126493115876,1.46697569279364
1.00126493115876,1.46697569279364
1.00126493115876,1.46697569279364
1.00126493115876,1.46697569279364
1.00126493115876,1.46697569279364
1.00126493115876,1.46697569279364
1.00126493115876,1.46697569279364
0.973890446386387,1.46697569279364
0.973890446386387,1.46697569279364
0.973890446386387,1.46697569279364
0.973890446386387,1.46697569279364
0.973890446386387,1.46697569279364
0.753644080363576,1.46697569279364
0.753644080363576,1.46697569279364
0.753644080363576,1.46697569279364
0.753644080363576,1.46697569279364
0.897082625399838,1.46697569279364
0.897082625399838,1.46697569279364
0.897082625399838,1.46697569279364
0.897082625399838,1.46697569279364
0.856601519227403,1.46697569279364
0.856601519227403,1.46697569279364
0.856601519227403,1.46697569279364
1.0110884330383,1.46697569279364
1.0110884330383,1.25957377269831
1.0110884330383,1.25957377269831
1.0110884330383,1.27979280228562
1.0110884330383,1.27979280228562
1.0110884330383,1.31630650249278
1.0110884330383,1.31630650249278
1.0110884330383,1.31630650249278
1.0110884330383,1.31630650249278
1.0110884330383,1.31630650249278
1.0110884330383,1.31630650249278
1.0110884330383,1.31630650249278
1.0110884330383,1.31630650249278
1.0110884330383,1.31630650249278
1.0110884330383,1.31630650249278
1.0110884330383,1.31630650249278
1.0110884330383,1.31630650249278
1.0110884330383,1.31630650249278
1.0110884330383,1.31630650249278
1.0110884330383,1.31630650249278
1.0110884330383,1.31630650249278
1.0110884330383,1.30948531480708
1.0110884330383,1.30948531480708
0.727084494941869,1.30948531480708
0.727084494941869,1.30948531480708
0.727084494941869,1.30948531480708
0.796972599848316,1.30948531480708
0.796972599848316,1.30948531480708
0.796972599848316,1.30948531480708
0.796972599848316,1.30948531480708
0.796972599848316,1.30948531480708
0.796972599848316,1.30948531480708
0.796972599848316,1.30948531480708
0.975576783624046,1.30948531480708
0.815962725189427,1.30948531480708
0.815962725189427,1.30948531480708
0.815962725189427,1.30948531480708
0.884307680690894,1.30948531480708
0.876315719566476,1.30948531480708
0.876315719566476,1.30948531480708
0.876315719566476,1.30948531480708
0.876315719566476,1.30948531480708
0.781146389312557,1.30948531480708
0.781146389312557,1.30948531480708
0.781146389312557,1.30948531480708
0.781146389312557,1.34439644833903
0.795977627260088,1.34439644833903
0.795977627260088,1.34439644833903
0.795977627260088,1.34439644833903
0.795977627260088,1.34439644833903
0.795977627260088,1.34439644833903
1.16488654948931,1.34439644833903
1.16488654948931,1.34439644833903
1.16488654948931,1.32852935757575
1.16488654948931,1.32852935757575
1.16488654948931,1.32852935757575
1.16488654948931,1.15980018480209
1.16488654948931,1.29335495720395
1.16488654948931,1.29335495720395
0.867989207169431,1.29335495720395
0.867989207169431,1.32400479678416
0.867989207169431,1.30076440667044
0.867989207169431,1.30076440667044
0.867989207169431,1.30076440667044
0.867989207169431,1.50353440693862
0.867989207169431,1.50353440693862
0.89546031008475,1.50353440693862
0.89546031008475,1.50353440693862
0.89546031008475,1.50353440693862
0.89546031008475,1.50353440693862
0.89546031008475,1.50353440693862
0.89546031008475,1.50353440693862
0.89546031008475,1.50353440693862
0.89546031008475,1.50353440693862
0.89546031008475,1.50353440693862
0.89546031008475,1.50353440693862
0.89546031008475,1.50353440693862
0.89546031008475,1.50353440693862
0.89546031008475,1.50353440693862
0.89546031008475,1.50353440693862
0.89546031008475,1.50353440693862
0.89546031008475,1.50353440693862
0.89546031008475,1.50353440693862
0.89546031008475,1.50353440693862
0.89546031008475,1.50353440693862
0.89546031008475,1.50353440693862
0.89546031008475,1.50353440693862
0.89546031008475,1.44297476246634
0.89546031008475,1.44297476246634
0.89546031008475,1.44297476246634
0.89546031008475,1.44297476246634
0.89546031008475,1.44297476246634
0.89546031008475,1.44297476246634
0.89546031008475,1.44297476246634
0.89546031008475,1.44297476246634
0.89546031008475,1.44297476246634
0.89546031008475,1.44297476246634
0.89546031008475,1.37801065002363
0.89546031008475,1.37801065002363
0.89546031008475,1.37801065002363
0.89546031008475,1.37801065002363
0.89546031008475,1.37801065002363
1.03519948304593,1.37801065002363
0.847526729934051,1.37801065002363
0.847526729934051,1.37801065002363
0.795256380721048,1.37801065002363
0.795256380721048,1.37801065002363
0.795256380721048,1.37801065002363
0.795256380721048,1.37801065002363
0.795256380721048,1.37801065002363
0.795256380721048,1.37801065002363
0.795256380721048,1.37801065002363
0.795256380721048,1.37801065002363
0.795256380721048,1.37801065002363
0.795256380721048,1.37801065002363
0.795256380721048,1.37801065002363
0.795256380721048,1.37801065002363
0.795256380721048,1.14788114502739
0.795256380721048,1.14788114502739
0.795256380721048,1.14788114502739
0.795256380721048,1.14788114502739
0.795256380721048,1.14788114502739
0.795256380721048,1.14788114502739
0.795256380721048,1.14788114502739
0.795256380721048,1.14788114502739
0.795256380721048,1.14788114502739
0.795256380721048,1.14788114502739
0.795256380721048,1.14788114502739
0.795256380721048,1.14788114502739
0.795256380721048,1.14788114502739
0.795256380721048,1.14788114502739
0.795256380721048,1.14788114502739
0.795256380721048,1.14788114502739
0.795256380721048,1.14788114502739
0.795256380721048,1.14788114502739
0.795256380721048,1.14788114502739
0.795256380721048,1.14788114502739
0.890184800733079,1.14788114502739
0.890184800733079,1.14788114502739
0.890184800733079,1.27596421509681
0.890184800733079,1.27596421509681
0.902038226458525,1.07048798021036
0.902038226458525,1.07048798021036
0.902038226458525,1.07048798021036
0.902038226458525,1.07048798021036
0.902038226458525,1.18952307114285
0.902038226458525,1.18952307114285
0.902038226458525,1.18952307114285
0.902038226458525,1.18952307114285
0.902038226458525,1.18952307114285
0.902038226458525,1.18952307114285
0.902038226458525,1.18952307114285
0.902038226458525,1.18952307114285
0.902038226458525,1.18952307114285
0.902038226458525,1.18952307114285
0.902038226458525,1.10673062942949
0.902038226458525,1.10673062942949
0.857931264810143,1.10673062942949
0.857931264810143,1.10673062942949
0.857931264810143,1.10673062942949
0.857931264810143,1.10673062942949
0.857931264810143,1.10673062942949
0.857931264810143,1.10673062942949
0.857931264810143,1.10673062942949
0.951483521234431,1.10673062942949
0.933673425451465,1.10673062942949
0.933673425451465,1.10673062942949
0.933673425451465,1.10673062942949
0.933673425451465,1.10673062942949
0.933673425451465,1.10673062942949
0.933673425451465,1.10673062942949
0.933673425451465,1.3708547385504
0.933673425451465,1.3708547385504
0.933673425451465,1.3708547385504
0.933673425451465,1.3708547385504
0.933673425451465,1.3708547385504
0.933673425451465,1.3708547385504
0.933673425451465,1.3708547385504
0.933673425451465,1.3708547385504
0.933673425451465,1.3708547385504
0.909032923812859,1.32372376213181
0.909032923812859,1.32372376213181
0.909032923812859,1.32372376213181
0.909032923812859,1.32372376213181
0.909032923812859,1.32372376213181
0.909032923812859,1.32372376213181
0.909032923812859,1.32372376213181
0.909032923812859,1.32372376213181
0.909032923812859,1.32372376213181
0.909032923812859,1.32372376213181
0.909032923812859,1.32372376213181
0.909032923812859,1.07239687478882
0.909032923812859,1.07239687478882
0.909032923812859,1.07239687478882
0.909032923812859,1.07239687478882
0.909032923812859,1.07239687478882
0.909032923812859,1.07239687478882
0.909032923812859,1.07239687478882
0.909032923812859,1.07239687478882
0.964441461596219,1.07239687478882
0.964441461596219,1.07239687478882
0.964441461596219,1.07239687478882
0.964441461596219,1.07239687478882
0.964441461596219,1.07239687478882
0.964441461596219,1.07239687478882
0.964441461596219,1.07239687478882
0.964441461596219,1.07239687478882
0.964441461596219,1.07239687478882
0.973432427103782,1.07239687478882
0.973432427103782,1.07239687478882
0.973432427103782,1.0595190915853
0.973432427103782,1.32210038467014
0.973432427103782,1.32210038467014
0.973432427103782,1.32210038467014
0.973432427103782,1.32210038467014
0.973432427103782,1.32210038467014
0.973432427103782,1.32210038467014
0.973432427103782,1.32210038467014
0.973432427103782,1.32210038467014
0.9746192871474,1.32210038467014
0.849982334718751,1.32210038467014
0.849982334718751,1.32210038467014
0.849982334718751,1.32210038467014
0.849982334718751,1.32210038467014
1.03917433678082,1.32210038467014
1.03917433678082,1.32210038467014
1.03917433678082,1.32210038467014
1.03917433678082,1.32210038467014
1.03917433678082,1.32210038467014
1.03917433678082,1.32210038467014
1.03917433678082,1.32210038467014
1.03917433678082,1.32210038467014
1.03917433678082,1.32210038467014
1.03917433678082,1.36641263452307
1.03917433678082,1.36641263452307
1.07829183543423,1.36641263452307
1.07829183543423,1.36641263452307
1.07829183543423,1.36641263452307
1.07829183543423,1.36641263452307
0.947071741541334,1.36641263452307
0.947071741541334,1.36641263452307
0.947071741541334,1.36641263452307
0.947071741541334,1.36641263452307
0.947071741541334,1.36641263452307
0.947071741541334,1.36641263452307
0.786086288619261,1.36641263452307
0.786086288619261,1.36641263452307
0.786086288619261,1.36641263452307
0.786086288619261,1.36641263452307
0.786086288619261,1.36641263452307
0.786086288619261,1.36641263452307
0.786086288619261,1.36641263452307
0.786086288619261,1.36641263452307
0.786086288619261,1.36641263452307
0.786086288619261,1.36641263452307
0.786086288619261,1.36641263452307
0.786086288619261,1.36641263452307
0.786086288619261,1.36641263452307
0.786086288619261,1.36641263452307
0.786086288619261,1.36641263452307
0.786086288619261,1.36641263452307
0.786086288619261,1.36641263452307
0.846742713252434,1.36641263452307
0.846742713252434,1.36641263452307
0.875716713155311,1.36641263452307
0.875716713155311,1.36641263452307
0.875716713155311,1.36641263452307
0.875716713155311,1.36641263452307
0.875716713155311,1.36641263452307
0.956052734693531,1.36641263452307
0.956052734693531,1.36641263452307
0.956052734693531,1.36641263452307
0.845362540903656,1.36641263452307
0.850150179591302,1.36641263452307
0.850150179591302,1.36641263452307
0.816248453438545,1.36641263452307
0.816248453438545,1.36641263452307
0.816248453438545,1.36641263452307
0.816248453438545,1.36641263452307
0.816248453438545,1.21828617176883
0.816248453438545,1.21828617176883
0.816248453438545,1.21828617176883
0.92382883110891,1.26023992715086
0.92382883110891,1.26023992715086
0.92382883110891,1.26023992715086
0.986657424193039,1.26023992715086
0.986657424193039,1.26023992715086
0.997160123074842,1.26023992715086
0.997160123074842,1.26023992715086
0.997160123074842,1.26023992715086
0.997160123074842,1.19676653007218
0.997160123074842,1.19676653007218
0.997160123074842,1.19676653007218
0.997160123074842,1.19676653007218
1.01534405569207,1.19676653007218
0.865185124318296,1.19676653007218
0.865185124318296,1.19676653007218
0.967499605581494,1.19676653007218
0.967499605581494,1.19676653007218
0.967499605581494,1.19676653007218
0.967499605581494,1.19676653007218
0.967499605581494,1.19676653007218
0.700840884660662,1.19676653007218
0.700840884660662,1.19676653007218
0.700840884660662,1.19676653007218
0.813363490623379,1.19676653007218
0.813363490623379,1.19676653007218
0.813363490623379,1.19676653007218
0.813363490623379,1.19676653007218
0.813363490623379,1.19676653007218
0.77054002857457,1.19676653007218
0.77054002857457,1.19676653007218
0.77054002857457,1.19676653007218
0.77054002857457,1.19676653007218
0.77054002857457,1.19676653007218
0.77054002857457,1.19676653007218
0.760010437211155,1.19676653007218
0.760010437211155,1.19676653007218
0.760010437211155,1.08205437650009
0.760010437211155,1.08205437650009
0.760010437211155,1.08205437650009
0.760010437211155,1.08205437650009
1.0188689920648,1.08205437650009
1.0188689920648,1.08205437650009
1.0188689920648,1.08205437650009
1.0188689920648,1.08205437650009
1.0188689920648,1.08205437650009
1.0188689920648,1.08205437650009
0.822990782452642,1.08205437650009
0.822990782452642,1.08205437650009
0.822990782452642,1.54004335913314
0.822990782452642,1.54004335913314
0.822990782452642,1.54004335913314
0.822990782452642,1.54004335913314
0.822990782452642,1.54004335913314
0.822990782452642,1.27694005205702
0.822990782452642,1.33633700679951
0.822990782452642,1.33633700679951
0.822990782452642,1.33633700679951
0.75523153900899,1.33633700679951
0.75523153900899,1.33633700679951
0.75523153900899,1.33633700679951
0.75523153900899,1.33633700679951
0.75523153900899,1.33633700679951
0.75523153900899,1.33633700679951
0.849442326020056,1.33633700679951
0.849442326020056,1.33633700679951
0.849442326020056,1.33633700679951
0.849442326020056,1.33633700679951
0.849442326020056,1.33633700679951
0.849442326020056,1.33633700679951
0.849442326020056,1.33633700679951
0.849442326020056,1.33633700679951
0.849442326020056,1.33633700679951
0.849442326020056,1.33633700679951
0.849442326020056,1.33633700679951
0.849442326020056,1.33633700679951
0.849442326020056,1.30648256941372
0.90507472677386,1.30648256941372
0.90507472677386,1.30648256941372
0.90507472677386,1.30648256941372
0.90507472677386,1.30648256941372
0.90507472677386,1.30648256941372
0.90507472677386,1.30648256941372
0.90507472677386,1.30648256941372
0.90507472677386,1.30648256941372
0.90507472677386,1.30648256941372
0.90507472677386,1.30648256941372
0.90507472677386,1.30648256941372
0.90507472677386,1.30648256941372
0.90507472677386,1.30648256941372
0.90507472677386,1.30648256941372
0.90507472677386,1.30648256941372
0.90507472677386,1.30648256941372
0.90507472677386,1.30648256941372
0.90507472677386,1.30648256941372
0.682750479271413,1.30648256941372
0.682750479271413,1.30648256941372
0.682750479271413,1.30648256941372
0.682750479271413,1.30648256941372
0.682750479271413,1.30648256941372
0.680589617982134,1.30648256941372
0.680589617982134,1.29219400162645
0.680589617982134,1.29219400162645
0.680589617982134,1.29219400162645
0.680589617982134,1.29219400162645
0.680589617982134,1.29219400162645
0.680589617982134,1.29219400162645
0.680589617982134,1.29219400162645
0.828969611382926,1.29219400162645
0.828969611382926,1.29219400162645
0.965578639324362,1.29219400162645
0.965578639324362,1.29219400162645
0.965578639324362,1.29219400162645
0.965578639324362,1.33809974139751
0.965578639324362,1.33809974139751
0.965578639324362,1.33809974139751
0.965578639324362,1.33809974139751
0.965578639324362,1.33809974139751
0.888332009026813,1.33809974139751
0.888332009026813,1.33809974139751
0.888332009026813,1.33809974139751
0.888332009026813,1.33809974139751
0.888332009026813,1.33809974139751
0.888332009026813,1.33809974139751
0.888332009026813,1.33809974139751
0.888332009026813,1.33809974139751
0.888332009026813,1.2663400001788
0.888332009026813,1.2663400001788
0.888332009026813,1.2663400001788
0.888332009026813,1.2663400001788
0.888332009026813,1.2663400001788
0.888332009026813,1.2663400001788
0.888332009026813,1.2663400001788
0.888332009026813,1.2663400001788
0.888332009026813,1.2663400001788
0.888332009026813,1.2663400001788
0.888332009026813,1.19586882901782
0.888332009026813,1.19586882901782
0.888332009026813,1.19586882901782
0.88488807041006,1.19586882901782
0.88488807041006,1.19586882901782
0.88488807041006,1.19586882901782
0.88488807041006,1.19586882901782
0.921860519936204,1.19586882901782
0.921860519936204,1.19586882901782
0.921860519936204,1.19586882901782
0.888587691161488,1.19586882901782
0.888587691161488,1.19586882901782
0.888587691161488,1.19586882901782
0.888587691161488,1.19586882901782
0.888587691161488,1.19586882901782
0.888587691161488,1.19586882901782
0.888587691161488,1.19586882901782
0.847979082917294,1.19586882901782
0.847979082917294,1.19586882901782
0.786875301569977,1.19586882901782
0.786875301569977,1.19586882901782
0.743008689258421,1.19586882901782
0.743008689258421,1.25108237697642
0.743008689258421,1.39946586101457
0.743008689258421,1.39946586101457
0.743008689258421,1.39946586101457
0.743008689258421,1.39946586101457
0.743008689258421,1.39946586101457
0.743008689258421,1.39946586101457
0.743008689258421,1.39946586101457
0.743008689258421,1.39946586101457
0.743008689258421,1.31007657191891
0.743008689258421,1.31007657191891
0.743008689258421,1.31007657191891
0.743008689258421,1.31007657191891
0.743008689258421,1.4314241567125
0.743008689258421,1.2015830392561
0.743008689258421,1.2015830392561
0.743008689258421,1.2015830392561
0.743008689258421,1.33502880840893
0.743008689258421,1.33502880840893
0.743008689258421,1.33502880840893
0.743008689258421,1.33502880840893
0.743008689258421,1.33502880840893
0.743008689258421,1.09959141464248
0.743008689258421,1.09959141464248
0.743008689258421,1.09959141464248
0.743008689258421,1.09959141464248
0.743008689258421,1.09959141464248
0.743008689258421,1.47716902112449
0.743008689258421,1.47716902112449
0.743008689258421,1.47716902112449
0.743008689258421,1.47716902112449
0.743008689258421,1.47716902112449
0.743008689258421,1.47716902112449
0.743008689258421,1.47716902112449
0.743008689258421,1.47716902112449
0.743008689258421,1.47716902112449
0.743008689258421,1.42894355438882
0.743008689258421,1.42894355438882
0.683435259121865,1.42894355438882
0.683435259121865,1.42894355438882
0.683435259121865,1.42894355438882
0.683435259121865,1.42894355438882
0.683435259121865,1.42894355438882
0.683435259121865,1.42894355438882
0.683435259121865,1.42894355438882
0.683435259121865,1.42894355438882
0.683435259121865,1.42894355438882
0.683435259121865,1.42894355438882
0.683435259121865,1.42894355438882
0.683435259121865,1.42894355438882
0.683435259121865,1.42894355438882
0.818217167024951,1.42894355438882
0.818217167024951,1.42894355438882
0.818217167024951,1.42894355438882
0.902946386259389,1.42894355438882
0.902946386259389,1.42894355438882
0.902946386259389,1.42894355438882
0.902946386259389,1.42894355438882
0.902946386259389,1.42894355438882
0.902946386259389,1.42894355438882
0.902946386259389,1.42894355438882
0.804377877386215,1.42894355438882
0.804377877386215,1.42894355438882
0.804377877386215,1.42894355438882
0.76569473581145,1.42894355438882
0.76569473581145,1.42894355438882
0.951875772923857,1.42894355438882
0.951875772923857,1.42894355438882
0.951875772923857,1.42894355438882
0.951875772923857,1.42894355438882
0.951875772923857,1.42894355438882
0.951875772923857,1.42894355438882
0.951875772923857,1.42894355438882
0.951875772923857,1.42894355438882
0.951875772923857,1.42894355438882
0.951875772923857,1.42894355438882
0.951875772923857,1.42894355438882
0.951875772923857,1.42894355438882
0.732423892822541,1.42894355438882
0.732423892822541,1.42894355438882
0.763036068243831,1.42894355438882
0.763036068243831,1.42894355438882
0.763036068243831,1.42894355438882
0.763036068243831,1.42894355438882
0.763036068243831,1.4665849182792
0.763036068243831,1.4665849182792
0.763036068243831,1.4665849182792
0.763036068243831,1.4665849182792
0.719703504038038,1.4665849182792
0.719703504038038,1.4665849182792
0.719703504038038,1.4665849182792
0.719703504038038,1.4665849182792
0.770477765439163,1.22632223533284
0.770477765439163,1.22632223533284
0.770477765439163,1.22632223533284
0.770477765439163,1.22632223533284
0.770477765439163,1.22632223533284
0.752273308800422,1.3236844296577
0.752273308800422,1.3236844296577
0.752273308800422,1.45888110163898
0.752273308800422,1.3241424484738
0.752273308800422,1.3241424484738
0.752273308800422,1.3241424484738
0.752273308800422,1.3241424484738
0.752273308800422,1.3241424484738
0.752273308800422,1.3241424484738
0.752273308800422,1.3241424484738
0.752273308800422,1.3241424484738
0.752273308800422,1.49697397888949
0.752273308800422,1.49697397888949
0.752273308800422,1.49697397888949
0.752273308800422,1.49697397888949
0.752273308800422,0.963764989925589
0.752273308800422,0.963764989925589
0.752273308800422,1.32718525411976
0.752273308800422,1.32718525411976
0.752273308800422,1.32718525411976
0.752273308800422,1.32718525411976
0.752273308800422,1.25556152143906
0.752273308800422,1.25556152143906
0.752273308800422,1.25556152143906
0.752273308800422,1.25556152143906
0.752273308800422,1.3905026720923
0.752273308800422,1.3905026720923
0.752273308800422,1.15174914401861
0.963535548333254,1.15174914401861
0.963535548333254,1.15174914401861
0.963535548333254,1.23708634722019
0.864665622773388,1.11651086083351
0.864665622773388,1.11651086083351
0.864665622773388,1.11651086083351
0.864665622773388,1.11651086083351
0.864665622773388,1.11651086083351
0.864665622773388,1.11651086083351
0.864665622773388,1.11651086083351
0.889685817180938,1.11651086083351
0.889685817180938,1.11651086083351
0.889685817180938,1.11651086083351
0.889685817180938,1.11651086083351
0.889685817180938,1.11651086083351
0.889685817180938,1.11651086083351
0.889685817180938,1.11651086083351
0.889685817180938,1.11651086083351
0.889685817180938,1.11651086083351
0.906929584479063,1.11651086083351
0.906929584479063,1.11651086083351
0.906929584479063,1.11651086083351
0.906929584479063,1.11651086083351
0.906929584479063,1.11651086083351
0.906929584479063,1.11651086083351
0.906929584479063,1.15351845856553
0.906929584479063,1.15351845856553
0.906929584479063,1.15351845856553
0.906929584479063,1.15351845856553
0.906929584479063,1.43179386059299
0.906929584479063,1.43179386059299
0.906929584479063,1.43179386059299
0.906929584479063,1.43179386059299
0.906929584479063,1.13917840093617
0.906929584479063,1.57177550978343
0.906929584479063,1.57177550978343
0.906929584479063,1.57177550978343
0.906929584479063,1.57177550978343
0.906929584479063,1.57177550978343
0.906929584479063,1.57177550978343
0.906929584479063,1.57177550978343
0.906929584479063,1.57177550978343
0.906929584479063,1.57177550978343
0.906929584479063,1.57177550978343
0.906929584479063,1.57177550978343
0.906929584479063,1.57177550978343
0.906929584479063,1.57177550978343
0.906929584479063,1.57177550978343
0.906929584479063,1.57177550978343
0.906929584479063,1.26601288218015
0.813941841620258,1.26601288218015
0.813941841620258,1.26601288218015
0.875870574846675,1.26601288218015
0.875870574846675,1.26601288218015
0.84629335950348,1.42590951664787
0.84629335950348,1.42590951664787
0.84629335950348,1.42590951664787
0.84629335950348,1.42590951664787
0.84629335950348,1.42590951664787
0.849307319206095,1.42590951664787
0.849307319206095,1.42590951664787
0.849307319206095,1.42590951664787
0.849307319206095,1.42590951664787
0.849307319206095,1.42590951664787
0.849307319206095,1.42590951664787
0.849307319206095,1.42590951664787
0.845302922625654,1.42590951664787
0.845302922625654,1.42590951664787
0.845302922625654,1.42590951664787
0.845302922625654,1.42590951664787
0.845302922625654,1.42590951664787
0.845302922625654,1.42590951664787
0.758462366792657,1.42590951664787
0.758462366792657,1.42590951664787
0.758462366792657,1.42590951664787
0.758462366792657,1.42590951664787
0.758462366792657,1.42590951664787
0.758462366792657,1.42590951664787
0.758462366792657,1.42590951664787
0.758462366792657,1.42590951664787
0.802409389891325,1.42590951664787
0.802409389891325,1.42590951664787
0.802409389891325,1.42590951664787
0.802409389891325,1.42590951664787
0.802409389891325,1.42590951664787
0.802409389891325,1.42590951664787
0.802409389891325,1.42590951664787
0.802409389891325,1.42590951664787
0.948936588116935,1.42590951664787
0.948936588116935,1.42590951664787
0.948936588116935,1.42590951664787
0.948936588116935,1.47129489980136
0.948936588116935,1.47129489980136
0.948936588116935,1.47129489980136
0.976614405538421,1.47129489980136
0.976614405538421,1.47129489980136
0.976614405538421,1.47129489980136
0.976614405538421,1.47129489980136
0.976614405538421,1.47129489980136
0.976614405538421,1.47129489980136
0.976614405538421,1.47129489980136
0.976614405538421,1.50386455616027
0.976614405538421,1.50386455616027
0.976614405538421,1.50386455616027
0.976614405538421,1.50386455616027
0.976614405538421,1.50386455616027
0.762849781451356,1.50386455616027
0.762849781451356,1.50386455616027
0.762849781451356,1.50386455616027
0.762849781451356,1.50386455616027
0.762849781451356,1.50386455616027
0.944253832714549,1.50386455616027
0.944253832714549,1.50386455616027
0.944253832714549,1.50386455616027
0.944253832714549,1.50386455616027
0.71388048468678,1.50386455616027
0.71388048468678,1.50386455616027
0.71388048468678,1.50386455616027
0.71388048468678,1.2242084899933
0.71388048468678,1.24049549338262
0.90929634153124,1.24049549338262
0.886954681700097,1.24049549338262
0.886954681700097,1.24049549338262
0.886954681700097,1.42087542679593
0.886954681700097,1.42087542679593
0.886954681700097,1.42087542679593
0.886954681700097,1.54764265411979
0.886954681700097,1.54764265411979
0.886954681700097,1.54764265411979
0.892698230151671,1.51172927387138
0.892698230151671,1.51172927387138
0.892698230151671,1.51172927387138
0.892698230151671,1.51172927387138
0.892698230151671,1.51172927387138
0.892698230151671,1.51172927387138
0.892698230151671,1.51172927387138
0.892698230151671,1.50175182647188
0.892698230151671,1.50175182647188
0.892698230151671,1.50175182647188
0.971004241700096,1.50175182647188
0.971004241700096,1.50175182647188
0.971004241700096,1.54076141819626
0.809329217416034,1.54076141819626
0.800631813114796,1.54076141819626
0.800631813114796,1.54076141819626
0.800631813114796,1.54076141819626
0.800631813114796,1.54076141819626
0.800631813114796,1.54076141819626
0.800631813114796,1.48186678461494
0.800631813114796,1.48186678461494
0.800631813114796,1.48186678461494
0.800631813114796,1.73920417582684
0.800631813114796,1.73920417582684
0.800631813114796,1.73920417582684
0.805330487816187,1.73920417582684
0.805330487816187,1.14717496967457
0.805330487816187,1.56854313905157
0.805330487816187,1.56854313905157
0.755755562385232,1.56854313905157
0.755755562385232,1.56854313905157
0.755755562385232,1.56854313905157
0.755755562385232,1.56854313905157
0.755755562385232,1.56854313905157
0.755755562385232,1.56854313905157
0.755755562385232,1.56854313905157
0.755755562385232,1.56854313905157
0.755755562385232,1.56854313905157
0.755755562385232,1.56854313905157
0.755755562385232,1.56854313905157
0.755755562385232,1.56854313905157
0.795864811798391,1.56854313905157
0.795864811798391,1.56854313905157
0.795864811798391,1.56854313905157
0.795864811798391,1.56854313905157
0.795864811798391,1.56854313905157
0.795864811798391,1.56854313905157
0.795864811798391,1.56854313905157
0.795864811798391,1.56854313905157
0.795864811798391,1.56854313905157
0.795864811798391,1.56854313905157
0.795864811798391,1.56854313905157
0.795864811798391,1.56854313905157
0.931829021667218,1.56854313905157
0.931829021667218,1.56854313905157
0.931829021667218,1.56854313905157
0.931829021667218,1.56854313905157
0.931829021667218,1.690376952616
0.913003785335457,1.690376952616
0.913003785335457,1.690376952616
0.913003785335457,1.64063314113467
0.913003785335457,1.64063314113467
0.913003785335457,1.64063314113467
0.913003785335457,1.64063314113467
0.913003785335457,1.64063314113467
0.913003785335457,1.64063314113467
0.818591218307901,1.64063314113467
0.818591218307901,1.64063314113467
0.818591218307901,1.64063314113467
0.818591218307901,1.64063314113467
0.818591218307901,1.64063314113467
0.818591218307901,1.64063314113467
0.730926563489125,1.66839221775596
0.730926563489125,1.66839221775596
0.730926563489125,1.66839221775596
0.730926563489125,1.66839221775596
0.797275227640523,1.66839221775596
0.751579334910693,1.40830848585906
0.751579334910693,1.75451058251457
0.751579334910693,1.75451058251457
0.751579334910693,1.75451058251457
0.751579334910693,1.75451058251457
0.751579334910693,1.75451058251457
0.751579334910693,1.75451058251457
0.751579334910693,1.40086956519832
0.751579334910693,1.40086956519832
0.751579334910693,1.40086956519832
0.751579334910693,1.40086956519832
0.751579334910693,1.68527216615591
0.751579334910693,1.68527216615591
0.751579334910693,1.68527216615591
0.751579334910693,1.68527216615591
0.751579334910693,1.53918666754005
0.751579334910693,1.53918666754005
0.751579334910693,1.53918666754005
0.751579334910693,1.53918666754005
0.751579334910693,1.53918666754005
0.751579334910693,1.53918666754005
0.751579334910693,1.53918666754005
0.751579334910693,1.65846437556782
0.751579334910693,1.65846437556782
0.751579334910693,1.57308663157946
0.751579334910693,1.57308663157946
0.751579334910693,1.57308663157946
0.762760711527932,1.57308663157946
0.762760711527932,1.57308663157946
0.762760711527932,1.57308663157946
0.762760711527932,1.44986541722115
0.762760711527932,1.44986541722115
0.762760711527932,1.44986541722115
0.762760711527932,1.44986541722115
0.741443249275844,1.44986541722115
0.741443249275844,1.44986541722115
0.741443249275844,1.44986541722115
0.741443249275844,1.44986541722115
0.741443249275844,1.44986541722115
0.741443249275844,1.64781929085276
0.741443249275844,1.64781929085276
0.741443249275844,1.64781929085276
0.741443249275844,1.64781929085276
0.741443249275844,1.64781929085276
0.741443249275844,1.64781929085276
0.741443249275844,1.64781929085276
0.741443249275844,1.64781929085276
0.741443249275844,1.64781929085276
0.741443249275844,1.49805346113557
0.741443249275844,1.46434587421436
0.741443249275844,1.46434587421436
0.935858368014664,1.46434587421436
0.770077270225558,1.46434587421436
0.770077270225558,1.46434587421436
0.770077270225558,1.46434587421436
0.770077270225558,1.46434587421436
0.73880314586557,1.12426628840257
0.73880314586557,1.12426628840257
0.73880314586557,1.12426628840257
0.73880314586557,1.12426628840257
0.73880314586557,1.12426628840257
0.73880314586557,1.34232310138008
0.73880314586557,1.40552642775096
0.73880314586557,1.40552642775096
0.73880314586557,1.40552642775096
0.73880314586557,1.40552642775096
0.73880314586557,1.40552642775096
0.675611328973662,1.40552642775096
0.675611328973662,1.40552642775096
0.954244764882834,1.40552642775096
0.954244764882834,1.40552642775096
0.954244764882834,1.40552642775096
0.954244764882834,1.40552642775096
0.954244764882834,1.40552642775096
0.954244764882834,1.44897880021859
0.954244764882834,1.44897880021859
0.954244764882834,1.61452140530221
0.954244764882834,1.61452140530221
0.954244764882834,1.61452140530221
0.954244764882834,1.61452140530221
0.954244764882834,1.61452140530221
0.954244764882834,1.61452140530221
0.954244764882834,1.61452140530221
0.954244764882834,1.61452140530221
0.954244764882834,1.61452140530221
0.954244764882834,1.61452140530221
0.954244764882834,1.61452140530221
0.954244764882834,1.61452140530221
0.954244764882834,1.61452140530221
0.954244764882834,1.61452140530221
0.954244764882834,1.61452140530221
0.954244764882834,1.61452140530221
0.954244764882834,1.61452140530221
0.772913879567879,1.61452140530221
0.772913879567879,1.61452140530221
0.772913879567879,1.61452140530221
0.772913879567879,1.61452140530221
0.774825393096295,1.61452140530221
0.774825393096295,1.61452140530221
0.774825393096295,1.61452140530221
0.774825393096295,1.61452140530221
0.774825393096295,1.61452140530221
0.774825393096295,1.61452140530221
0.774825393096295,1.61452140530221
0.774825393096295,1.61452140530221
0.774825393096295,1.61452140530221
0.774825393096295,1.61452140530221
0.774825393096295,1.61452140530221
0.774825393096295,1.61452140530221
0.774825393096295,1.61452140530221
0.774825393096295,1.61452140530221
0.774825393096295,1.61452140530221
0.774825393096295,1.46914925810194
0.774825393096295,1.50735838914676
0.774825393096295,1.50735838914676
0.774825393096295,1.50735838914676
0.774825393096295,1.50735838914676
0.774825393096295,1.50735838914676
0.774825393096295,1.50735838914676
0.774825393096295,1.50735838914676
0.774825393096295,1.50735838914676
0.774825393096295,1.50735838914676
0.774825393096295,1.50735838914676
0.774825393096295,1.50735838914676
0.774825393096295,1.50735838914676
0.774825393096295,1.50735838914676
0.774825393096295,1.50735838914676
0.774825393096295,1.51270061199847
0.774825393096295,1.51270061199847
0.774825393096295,1.51270061199847
0.774825393096295,1.51270061199847
0.774825393096295,1.64302965840979
0.774825393096295,1.50555674076664
0.774825393096295,1.50555674076664
0.774825393096295,1.55149547705472
0.774825393096295,1.57652685078424
0.774825393096295,1.57652685078424
0.774825393096295,1.23126344696994
0.774825393096295,1.23126344696994
0.774825393096295,1.6487262131248
0.774825393096295,1.6487262131248
0.774825393096295,1.6487262131248
0.774825393096295,1.38905806097407
0.774825393096295,1.38905806097407
0.774825393096295,1.3203627100072
0.774825393096295,1.3203627100072
0.774825393096295,1.3203627100072
0.765802863155901,1.3203627100072
0.907006366689221,1.3203627100072
0.929623549507962,1.3203627100072
0.929623549507962,1.3203627100072
0.929623549507962,1.3203627100072
0.929623549507962,1.3203627100072
0.929623549507962,1.45700389832152
0.929623549507962,1.45700389832152
0.929623549507962,1.45700389832152
0.929623549507962,1.45700389832152
0.929623549507962,1.45700389832152
0.929623549507962,1.45700389832152
0.929623549507962,1.25118385157022
0.929623549507962,1.25118385157022
0.929623549507962,1.25118385157022
0.929623549507962,1.25118385157022
0.929623549507962,1.25118385157022
0.929623549507962,1.25527541039849
0.929623549507962,1.20028544000576
0.929623549507962,1.20028544000576
0.929623549507962,1.28067425940174
0.929623549507962,1.28067425940174
0.929623549507962,1.28067425940174
0.929623549507962,1.23704915511036
0.929623549507962,1.23704915511036
0.929623549507962,1.23704915511036
0.929623549507962,1.23704915511036
0.853432933159354,1.23704915511036
0.853432933159354,1.23704915511036
0.853432933159354,1.23704915511036
0.853432933159354,1.23704915511036
0.853432933159354,1.23704915511036
0.853432933159354,1.23704915511036
0.853432933159354,1.23704915511036
0.853432933159354,1.23704915511036
0.853432933159354,1.23704915511036
0.853432933159354,1.23704915511036
0.671483467832887,1.23704915511036
0.671483467832887,1.23704915511036
0.671483467832887,1.23704915511036
0.671483467832887,1.23704915511036
0.671483467832887,1.23704915511036
0.863852643760743,1.23704915511036
0.863852643760743,1.23704915511036
0.863852643760743,1.23704915511036
0.863852643760743,1.23704915511036
0.863852643760743,1.23704915511036
0.863852643760743,1.23704915511036
0.863852643760743,1.27840512072856
0.863852643760743,1.27840512072856
0.863852643760743,1.27840512072856
0.863852643760743,1.27840512072856
0.863852643760743,1.27840512072856
0.863852643760743,1.27840512072856
0.863852643760743,1.27840512072856
0.863852643760743,1.27840512072856
0.791139086918423,1.27840512072856
0.791139086918423,1.27840512072856
0.791139086918423,1.27840512072856
0.791139086918423,1.27840512072856
0.772546399494275,1.27840512072856
0.772546399494275,1.27840512072856
0.772546399494275,1.27840512072856
0.772546399494275,1.27840512072856
0.772546399494275,1.27840512072856
0.772546399494275,1.27840512072856
0.772546399494275,1.27840512072856
0.772546399494275,1.27840512072856
0.772546399494275,1.27840512072856
0.772546399494275,1.50410413809693
0.772546399494275,1.50410413809693
0.772546399494275,1.50410413809693
0.932017798880331,1.50410413809693
0.932017798880331,1.50410413809693
0.932017798880331,1.14728808929321
0.932017798880331,1.14728808929321
0.932017798880331,1.14728808929321
0.802986675117021,1.14728808929321
0.802986675117021,1.14728808929321
0.802986675117021,1.14728808929321
0.802986675117021,1.14728808929321
0.802986675117021,1.14728808929321
0.802986675117021,1.14728808929321
0.809264335262251,1.73711521126867
0.809264335262251,1.73711521126867
0.809264335262251,1.73711521126867
0.809264335262251,1.73711521126867
0.809264335262251,1.73711521126867
0.809264335262251,1.73711521126867
0.809264335262251,1.73711521126867
0.809264335262251,1.73711521126867
0.809264335262251,1.73711521126867
0.809264335262251,1.27410885547035
0.809264335262251,1.29341734170662
0.809264335262251,1.29341734170662
0.809264335262251,1.29341734170662
0.809264335262251,1.29341734170662
0.809264335262251,1.66045990056959
0.809264335262251,1.66045990056959
0.809264335262251,1.66045990056959
0.779546750984932,1.66045990056959
0.779546750984932,1.75742122171524
0.779546750984932,1.75742122171524
0.779546750984932,1.75742122171524
0.779546750984932,1.7040519686857
0.779546750984932,1.55628570319882
0.779546750984932,1.65268441565423
0.744948022145818,1.65268441565423
0.744948022145818,1.66180665166629
0.744948022145818,1.66180665166629
0.744948022145818,1.66180665166629
0.744948022145818,1.66180665166629
0.744948022145818,1.66180665166629
0.846274965795063,1.66180665166629
0.771744973388547,1.66180665166629
0.771744973388547,1.66180665166629
0.771744973388547,1.66180665166629
0.771744973388547,1.46050858172936
0.771744973388547,1.46050858172936
0.771744973388547,1.46050858172936
0.771744973388547,1.46050858172936
0.771744973388547,1.46050858172936
0.771744973388547,1.4392978389509
0.771744973388547,1.4392978389509
1.03069814305824,1.4392978389509
1.03069814305824,1.4392978389509
1.03069814305824,1.4392978389509
1.03069814305824,1.4392978389509
1.03069814305824,1.4392978389509
0.826419852562126,1.4392978389509
0.826419852562126,1.4392978389509
0.826419852562126,1.4392978389509
0.884886401008757,1.4392978389509
0.884886401008757,1.4392978389509
0.884886401008757,1.4392978389509
0.884886401008757,1.4392978389509
0.884886401008757,1.4392978389509
0.884886401008757,1.57974235870114
0.819046570539469,1.57974235870114
0.819046570539469,1.57974235870114
0.819046570539469,1.57974235870114
0.819046570539469,1.57974235870114
0.768261849703029,1.57974235870114
0.768261849703029,1.57974235870114
0.768261849703029,1.57974235870114
0.768261849703029,1.57974235870114
0.768261849703029,1.57974235870114
0.768261849703029,1.57974235870114
0.768261849703029,1.57974235870114
0.768261849703029,1.57974235870114
0.768261849703029,1.57974235870114
0.768261849703029,1.57974235870114
0.768261849703029,1.57974235870114
0.768261849703029,1.57974235870114
0.768261849703029,1.57974235870114
0.768261849703029,1.57974235870114
0.679224699490477,1.57974235870114
0.679224699490477,1.46975223443207
0.731458581622121,1.46975223443207
0.731458581622121,1.46975223443207
0.731458581622121,1.46975223443207
0.731458581622121,1.46975223443207
0.731458581622121,1.46975223443207
0.731458581622121,1.46975223443207
0.731458581622121,1.46975223443207
0.731458581622121,1.46975223443207
0.731458581622121,1.46975223443207
0.731458581622121,1.46975223443207
0.731458581622121,1.46975223443207
0.731458581622121,1.46975223443207
0.731458581622121,1.46975223443207
0.731458581622121,1.46975223443207
0.731458581622121,1.46975223443207
0.731458581622121,1.46975223443207
0.926223560009635,1.46975223443207
0.926223560009635,1.46975223443207
0.926223560009635,1.46975223443207
0.933681683958873,1.46975223443207
0.933681683958873,1.46975223443207
0.789205993789007,1.46975223443207
0.833777719226177,1.46975223443207
0.833777719226177,1.46975223443207
0.842811500732784,1.46975223443207
0.842811500732784,1.46975223443207
0.842811500732784,1.46975223443207
0.842811500732784,1.67877534831812
0.842811500732784,1.67877534831812
0.842811500732784,1.67877534831812
0.842811500732784,1.67877534831812
0.842811500732784,1.67877534831812
0.842811500732784,1.67877534831812
0.842811500732784,1.67877534831812
0.842811500732784,1.67877534831812
0.842811500732784,1.47759427873522
0.842811500732784,1.47759427873522
0.842811500732784,1.47759427873522
0.842811500732784,1.47759427873522
0.842811500732784,1.47759427873522
0.798875155037335,1.50711329760755
0.798875155037335,1.28080272451257
0.798875155037335,1.28080272451257
0.798875155037335,1.28080272451257
0.798875155037335,1.28080272451257
0.798875155037335,1.28080272451257
0.798875155037335,1.28080272451257
0.798875155037335,1.28080272451257
0.798875155037335,1.28080272451257
0.798875155037335,1.28080272451257
0.798875155037335,1.28080272451257
0.798875155037335,1.28080272451257
0.798875155037335,1.28080272451257
0.798875155037335,1.28080272451257
0.798875155037335,1.28080272451257
0.798875155037335,1.28080272451257
0.798875155037335,1.28080272451257
0.798875155037335,1.28080272451257
0.968517213296596,1.28080272451257
0.968517213296596,1.33673951173574
0.968517213296596,1.33673951173574
0.871647290238184,1.33673951173574
0.871647290238184,1.33673951173574
0.871647290238184,1.33673951173574
0.871647290238184,1.33673951173574
0.871647290238184,1.33673951173574
0.871647290238184,1.33673951173574
0.871647290238184,1.33673951173574
0.967671986094703,1.66283837551036
0.967671986094703,1.66283837551036
0.967671986094703,1.66283837551036
0.967671986094703,1.66283837551036
0.967671986094703,1.66283837551036
0.967671986094703,1.66283837551036
0.967671986094703,1.66283837551036
0.967671986094703,1.44839409466104
0.967671986094703,1.44839409466104
0.967671986094703,1.44839409466104
0.967671986094703,1.44839409466104
0.967671986094703,1.44839409466104
0.967671986094703,1.44839409466104
0.967671986094703,1.44839409466104
0.967671986094703,1.53250575921791
0.967671986094703,1.53250575921791
0.967671986094703,1.53250575921791
0.967671986094703,1.31926601914715
0.967671986094703,1.31926601914715
0.967671986094703,1.66785557094538
0.967671986094703,1.66785557094538
0.967671986094703,1.68612008138959
0.967671986094703,1.68612008138959
0.967671986094703,1.68612008138959
0.967671986094703,1.68612008138959
0.967671986094703,1.68612008138959
0.967671986094703,1.68612008138959
0.967671986094703,1.68612008138959
0.967671986094703,1.68612008138959
0.967671986094703,1.68612008138959
0.967671986094703,1.68612008138959
0.928040701889639,1.68612008138959
0.928040701889639,1.68612008138959
0.928040701889639,1.68612008138959
0.928040701889639,1.68612008138959
0.951364792172289,1.68612008138959
0.910025640442353,1.68612008138959
0.910025640442353,1.68612008138959
0.910025640442353,1.68612008138959
0.910025640442353,1.14808950514092
0.910025640442353,1.22605909953767
0.910025640442353,1.22605909953767
0.910025640442353,1.22605909953767
0.80383591954317,1.22605909953767
0.80383591954317,1.22605909953767
0.80383591954317,1.22605909953767
0.80383591954317,1.22605909953767
0.80383591954317,1.22605909953767
0.80383591954317,1.22605909953767
0.80383591954317,1.53332854429908
0.80383591954317,1.53332854429908
0.80383591954317,1.53332854429908
0.80383591954317,1.32285777514686
0.80383591954317,1.32285777514686
0.80383591954317,1.32285777514686
0.80383591954317,1.32285777514686
0.80383591954317,1.63437830832743
0.80383591954317,1.63437830832743
0.80383591954317,1.63437830832743
0.768384461877057,1.63437830832743
0.780627661856859,1.47418648117682
0.780627661856859,1.47418648117682
0.780627661856859,1.47418648117682
0.780627661856859,1.47418648117682
0.780627661856859,1.47418648117682
0.780627661856859,1.47418648117682
0.780627661856859,1.47418648117682
0.780627661856859,1.47418648117682
0.780627661856859,1.47418648117682
0.780627661856859,1.47418648117682
0.780627661856859,1.47418648117682
0.780627661856859,1.47418648117682
0.780627661856859,1.47418648117682
0.780627661856859,1.47418648117682
0.780627661856859,1.47418648117682
0.780627661856859,1.47418648117682
0.780627661856859,1.47418648117682
0.780627661856859,1.47418648117682
0.780627661856859,1.47418648117682
0.780627661856859,1.47418648117682
0.780627661856859,1.47418648117682
0.780627661856859,1.54499524168467
0.780627661856859,1.54499524168467
0.780627661856859,1.54499524168467
0.780627661856859,1.54499524168467
0.780627661856859,1.54499524168467
0.849318424350334,1.54499524168467
0.849318424350334,1.54499524168467
0.849318424350334,1.54499524168467
0.849318424350334,1.54499524168467
0.787529890935554,1.54499524168467
0.682510699132074,1.9256232177383
0.682510699132074,1.9256232177383
0.682510699132074,1.9256232177383
0.682510699132074,1.9256232177383
0.682510699132074,1.73301594587716
0.682510699132074,1.73301594587716
0.682510699132074,1.73301594587716
0.682510699132074,1.73301594587716
0.824170978091878,1.73301594587716
0.824170978091878,1.73301594587716
0.840125841006559,1.73301594587716
0.840125841006559,1.73301594587716
0.840125841006559,1.73301594587716
0.838432891327208,1.73301594587716
0.838432891327208,1.4199965859582
0.838432891327208,1.4199965859582
0.841082851637488,1.4199965859582
0.841082851637488,1.4199965859582
0.841082851637488,1.4199965859582
0.841082851637488,1.4199965859582
0.841082851637488,1.4199965859582
0.822551245633361,1.4199965859582
0.822551245633361,1.4199965859582
0.822551245633361,1.4199965859582
0.822551245633361,1.4199965859582
0.822551245633361,1.4199965859582
0.822551245633361,1.4199965859582
0.822551245633361,1.4199965859582
0.798820594537241,1.27246667211678
0.798820594537241,1.27246667211678
0.798820594537241,1.27246667211678
0.798820594537241,1.27246667211678
0.798820594537241,1.27246667211678
0.798820594537241,1.27246667211678
0.798820594537241,1.27246667211678
0.798820594537241,1.66763279418642
0.798820594537241,1.66763279418642
0.798820594537241,1.66763279418642
0.798820594537241,1.66763279418642
0.798820594537241,1.66763279418642
0.871437693968768,1.66763279418642
0.871437693968768,1.66763279418642
0.871437693968768,1.66763279418642
0.871437693968768,1.66763279418642
0.871437693968768,1.66763279418642
0.871437693968768,1.66763279418642
0.871437693968768,1.66763279418642
0.871437693968768,1.66763279418642
0.871437693968768,1.66763279418642
0.871437693968768,1.66763279418642
0.842959721203366,1.66763279418642
0.842959721203366,1.66763279418642
0.842959721203366,1.38982988158172
0.842959721203366,1.38982988158172
0.842959721203366,1.38982988158172
0.842959721203366,1.38982988158172
0.842959721203366,1.38982988158172
0.842959721203366,1.39849953076799
0.842959721203366,1.39849953076799
0.842959721203366,1.39849953076799
0.842959721203366,1.39849953076799
0.842959721203366,1.39849953076799
0.880527308073944,1.39849953076799
0.880527308073944,1.39849953076799
0.880527308073944,1.39849953076799
0.880527308073944,1.39849953076799
0.880527308073944,1.39849953076799
0.880527308073944,1.39849953076799
0.880527308073944,1.39849953076799
0.880527308073944,1.27312389470669
0.880527308073944,1.27312389470669
0.880527308073944,1.27312389470669
0.880527308073944,1.27312389470669
0.971070091742787,1.27312389470669
0.971070091742787,1.27312389470669
0.854738329475949,1.27312389470669
0.854738329475949,1.27312389470669
0.854738329475949,1.27312389470669
0.854738329475949,1.27312389470669
0.854738329475949,1.27312389470669
0.854738329475949,1.27312389470669
0.854738329475949,1.27312389470669
0.854738329475949,1.27312389470669
0.854738329475949,1.27312389470669
0.854738329475949,1.27312389470669
0.854738329475949,1.27312389470669
0.854738329475949,1.27312389470669
0.854738329475949,1.27312389470669
0.854738329475949,1.27312389470669
0.854738329475949,1.27312389470669
0.854738329475949,1.27312389470669
0.831759251887241,1.27312389470669
0.831759251887241,1.27312389470669
0.831759251887241,1.27312389470669
0.831759251887241,1.27312389470669
0.947093538595216,1.27312389470669
0.947093538595216,1.27312389470669
0.947093538595216,1.27312389470669
0.947093538595216,1.27312389470669
0.947093538595216,1.27312389470669
0.947093538595216,1.27312389470669
0.947093538595216,1.43879698654879
0.947093538595216,1.43879698654879
0.947093538595216,1.43879698654879
0.947093538595216,1.43879698654879
0.947093538595216,1.43879698654879
0.947093538595216,1.43879698654879
0.997597663097539,1.43879698654879
0.997597663097539,1.43879698654879
0.997597663097539,1.43879698654879
0.997597663097539,1.43879698654879
0.997597663097539,1.43879698654879
0.997597663097539,1.43879698654879
0.997597663097539,1.43879698654879
0.948450125442316,1.43879698654879
0.948450125442316,1.43879698654879
0.948450125442316,1.71941728950818
0.948450125442316,1.71941728950818
0.948450125442316,1.71941728950818
0.948450125442316,1.71941728950818
0.948450125442316,1.71941728950818
0.948450125442316,1.71941728950818
0.948450125442316,1.71941728950818
0.948450125442316,1.71941728950818
0.948450125442316,1.71941728950818
0.948450125442316,1.71941728950818
0.948450125442316,1.71941728950818
0.948450125442316,1.71941728950818
0.948450125442316,1.71941728950818
0.948450125442316,1.71941728950818
0.948450125442316,1.81234285477099
0.948450125442316,1.81234285477099
0.948450125442316,1.78784393861118
0.948450125442316,1.78784393861118
0.948450125442316,1.78784393861118
0.948450125442316,1.56932629842602
0.948450125442316,1.56932629842602
0.948450125442316,1.56932629842602
0.948450125442316,1.79719277438627
0.948450125442316,1.87245534856921
0.948450125442316,1.87245534856921
0.948450125442316,1.87245534856921
0.948450125442316,1.87245534856921
0.948450125442316,1.87245534856921
0.948450125442316,1.87245534856921
0.948450125442316,1.87245534856921
0.948450125442316,1.87245534856921
0.948450125442316,1.87245534856921
0.948450125442316,1.87245534856921
0.948450125442316,1.87245534856921
0.948450125442316,1.87245534856921
0.948450125442316,1.87245534856921
0.948450125442316,1.87245534856921
0.948450125442316,1.87245534856921
0.741606395583496,1.87245534856921
0.741606395583496,1.38209952700656
0.741606395583496,1.38209952700656
0.741606395583496,1.60199966674307
0.741606395583496,1.60199966674307
0.741606395583496,1.60199966674307
0.741606395583496,1.60199966674307
0.741606395583496,1.60199966674307
0.741606395583496,1.60199966674307
0.741606395583496,1.60199966674307
0.85511918187464,1.60199966674307
0.85511918187464,1.60199966674307
0.85511918187464,1.60199966674307
0.85511918187464,1.60199966674307
0.85511918187464,1.60199966674307
0.85511918187464,1.60199966674307
0.840092060499352,1.60199966674307
0.840092060499352,1.60199966674307
0.840092060499352,1.3046595794826
0.840092060499352,1.3046595794826
0.840092060499352,1.81460843675271
0.840092060499352,1.81460843675271
0.840092060499352,1.81460843675271
0.840092060499352,1.81460843675271
0.840092060499352,1.81460843675271
0.840092060499352,1.81460843675271
0.840092060499352,1.81460843675271
0.840092060499352,1.81460843675271
0.840092060499352,1.81460843675271
0.946247361053298,1.81460843675271
0.946247361053298,1.81460843675271
0.946247361053298,1.81460843675271
0.946247361053298,1.81460843675271
0.946247361053298,1.81460843675271
0.946247361053298,1.81460843675271
0.946247361053298,1.81460843675271
0.946247361053298,1.81460843675271
0.946247361053298,1.81460843675271
0.946247361053298,1.81460843675271
0.946247361053298,1.81460843675271
0.946247361053298,1.81460843675271
0.946247361053298,1.81460843675271
0.946247361053298,1.81460843675271
0.946247361053298,1.81460843675271
0.946247361053298,1.64543696952933
0.946247361053298,1.64543696952933
0.946247361053298,1.64543696952933
0.946247361053298,1.97616903441213
0.946247361053298,1.97616903441213
0.946247361053298,1.97616903441213
0.946247361053298,1.97616903441213
0.946247361053298,1.97616903441213
0.946247361053298,1.97616903441213
0.946247361053298,1.97616903441213
0.867811932738773,1.55078535240568
0.867811932738773,1.55078535240568
0.867811932738773,1.55078535240568
0.867811932738773,1.55078535240568
0.867811932738773,1.55078535240568
0.867811932738773,1.55078535240568
0.867811932738773,1.55078535240568
0.789843633035245,1.55078535240568
0.789843633035245,1.55078535240568
0.789843633035245,1.55078535240568
0.789843633035245,1.55078535240568
0.789843633035245,1.76965757143328
0.789843633035245,1.76965757143328
0.789843633035245,1.76965757143328
0.725178140568043,1.76965757143328
0.725178140568043,1.76965757143328
0.725178140568043,1.46585203401934
0.699568818821063,1.46585203401934
0.699568818821063,1.46585203401934
0.699568818821063,1.46585203401934
0.699568818821063,1.34629924571114
0.699568818821063,1.35605733050096
0.691856933887247,1.35605733050096
0.807855872260664,1.52517069194161
0.807855872260664,1.52517069194161
0.807855872260664,1.52517069194161
0.807855872260664,1.52517069194161
0.807855872260664,1.52517069194161
0.807855872260664,1.52517069194161
0.807855872260664,1.52517069194161
0.807855872260664,1.52517069194161
0.807855872260664,1.52517069194161
0.807855872260664,1.52517069194161
0.807855872260664,1.52517069194161
0.807855872260664,1.52517069194161
0.807855872260664,1.52517069194161
1.00271965238038,1.52517069194161
1.00271965238038,1.57060229050795
1.00271965238038,1.57060229050795
1.00271965238038,1.57060229050795
1.00271965238038,1.57060229050795
1.00271965238038,1.57060229050795
1.00271965238038,1.57060229050795
1.00271965238038,1.57060229050795
1.00271965238038,1.57060229050795
1.00271965238038,1.57060229050795
1.00271965238038,1.57060229050795
1.00271965238038,1.57060229050795
1.00271965238038,1.57060229050795
1.00271965238038,1.57060229050795
1.00271965238038,1.64732338467665
1.00271965238038,1.64732338467665
1.00271965238038,1.64732338467665
0.879520594358127,1.64732338467665
0.879520594358127,1.80029369956084
0.879520594358127,1.80029369956084
0.879520594358127,1.52783891069827
0.934030004368048,1.52783891069827
0.934030004368048,1.58417556362407
0.934030004368048,1.58417556362407
0.934030004368048,1.58417556362407
0.934030004368048,1.58417556362407
0.934030004368048,1.58417556362407
0.934030004368048,1.35228857586487
0.934030004368048,1.35228857586487
0.934030004368048,1.35228857586487
0.934030004368048,1.64323117417028
0.934030004368048,1.64323117417028
0.934030004368048,1.64323117417028
0.934030004368048,1.64323117417028
0.934030004368048,1.64323117417028
0.934030004368048,1.64323117417028
0.934030004368048,1.64323117417028
0.934030004368048,1.64323117417028
0.934030004368048,1.64323117417028
0.934030004368048,1.51308159474094
0.934030004368048,1.51308159474094
0.934030004368048,1.51308159474094
0.934030004368048,1.51308159474094
0.934030004368048,1.51308159474094
0.934030004368048,1.51308159474094
0.934030004368048,1.51308159474094
0.87300741019326,1.51308159474094
0.87300741019326,1.4493289649953
0.87300741019326,1.4493289649953
0.87300741019326,1.4493289649953
0.87300741019326,1.35689144161368
0.818952926607793,1.35689144161368
0.818952926607793,1.35689144161368
0.818952926607793,1.35689144161368
0.818952926607793,1.35689144161368
0.818952926607793,1.28600523673094
0.818952926607793,1.28600523673094
0.818952926607793,1.58691930436507
0.818952926607793,1.58691930436507
0.818952926607793,1.58691930436507
0.818952926607793,1.58691930436507
0.818447025930291,1.58691930436507
0.818447025930291,1.58691930436507
0.818447025930291,1.58691930436507
0.818447025930291,1.58691930436507
0.818447025930291,1.58691930436507
0.818447025930291,1.25197965976662
0.859389031840223,1.25197965976662
0.859389031840223,1.34509370361308
0.859389031840223,1.34509370361308
0.859389031840223,1.34509370361308
0.859389031840223,1.34509370361308
0.859389031840223,1.34509370361308
0.859389031840223,1.34509370361308
0.859389031840223,1.34509370361308
0.859389031840223,1.34509370361308
0.859389031840223,1.34509370361308
0.859389031840223,1.34509370361308
0.859389031840223,1.34509370361308
0.859389031840223,1.34509370361308
0.859389031840223,1.34509370361308
0.859389031840223,1.34509370361308
0.859389031840223,1.34509370361308
0.859389031840223,1.34509370361308
0.859389031840223,1.34509370361308
0.859389031840223,1.34509370361308
0.839827549649129,1.34509370361308
0.839827549649129,1.34509370361308
0.839827549649129,1.34509370361308
0.839827549649129,1.24397216831627
0.839827549649129,1.24397216831627
0.839827549649129,1.24397216831627
0.839827549649129,1.24397216831627
0.839827549649129,1.24397216831627
0.839827549649129,1.24397216831627
0.825975797554284,1.24397216831627
0.825975797554284,1.24397216831627
0.825975797554284,1.24397216831627
0.825975797554284,1.24397216831627
1.0331564177571,1.24397216831627
1.0331564177571,1.24397216831627
1.0331564177571,1.24397216831627
1.0331564177571,1.55309633923212
1.0331564177571,1.55309633923212
1.0331564177571,1.55309633923212
1.0331564177571,1.55309633923212
1.0331564177571,1.55309633923212
1.0331564177571,1.55309633923212
1.0331564177571,1.55309633923212
1.0331564177571,1.55309633923212
1.0331564177571,1.55309633923212
1.0331564177571,1.55309633923212
1.0331564177571,1.55309633923212
1.0331564177571,1.55309633923212
1.0331564177571,1.55309633923212
1.0331564177571,1.55309633923212
1.0331564177571,1.58412653803886
1.0331564177571,1.58412653803886
1.0331564177571,1.58412653803886
0.827015007653337,1.58412653803886
0.827015007653337,1.26205682090677
0.827015007653337,1.26205682090677
0.827015007653337,1.26205682090677
0.953145576242163,1.26205682090677
0.953145576242163,1.26205682090677
0.953145576242163,1.26205682090677
0.953145576242163,1.26205682090677
0.953145576242163,1.26205682090677
0.988503750348407,1.26205682090677
0.988503750348407,1.38639529574661
0.988503750348407,1.38639529574661
0.857288514894752,1.38639529574661
0.857288514894752,1.38639529574661
0.857288514894752,1.11251551471469
0.857288514894752,1.48615457353743
0.857288514894752,1.48615457353743
0.857288514894752,1.48615457353743
0.749304776290642,1.37880513752047
0.749304776290642,1.37880513752047
0.749304776290642,1.37880513752047
0.749304776290642,1.69828338358488
0.754917443053404,1.69828338358488
0.754917443053404,1.69828338358488
0.754917443053404,1.68924120450133
0.976857803196992,1.68924120450133
0.976857803196992,1.68924120450133
0.976857803196992,1.68924120450133
0.976857803196992,1.68924120450133
0.976857803196992,1.15652396084794
0.976857803196992,1.15652396084794
0.976857803196992,1.15652396084794
0.976857803196992,1.15652396084794
0.976857803196992,1.15652396084794
0.976857803196992,1.15652396084794
0.976857803196992,1.15652396084794
0.976857803196992,1.25151218527813
0.976857803196992,1.25151218527813
0.976857803196992,1.25151218527813
0.976857803196992,1.25151218527813
0.976857803196992,1.25151218527813
0.976857803196992,1.25151218527813
0.976857803196992,1.25151218527813
0.847737823719482,1.25151218527813
0.847737823719482,1.25151218527813
0.847737823719482,1.25151218527813
0.847737823719482,1.25151218527813
0.847737823719482,1.25151218527813
0.912459902795384,1.25151218527813
0.912459902795384,1.25151218527813
0.912459902795384,1.25151218527813
0.912459902795384,1.25151218527813
0.912459902795384,1.25151218527813
0.912459902795384,1.25151218527813
0.912459902795384,1.25151218527813
0.912459902795384,1.15121905478393
0.912459902795384,1.15121905478393
0.912459902795384,1.15121905478393
0.912710180508642,1.15121905478393
0.912710180508642,1.15121905478393
0.912710180508642,1.15121905478393
0.912710180508642,1.15121905478393
0.912710180508642,1.17402255389864
0.935729316093429,1.17402255389864
0.935729316093429,1.20503199896411
0.935729316093429,1.13543628466858
0.935729316093429,1.13543628466858
0.935729316093429,1.13543628466858
0.849800216119353,1.13543628466858
0.849800216119353,1.13543628466858
1.02451018510192,1.13543628466858
1.02451018510192,1.13543628466858
1.02451018510192,1.13543628466858
1.02451018510192,1.13543628466858
1.02451018510192,1.29434477646917
1.02451018510192,1.29434477646917
1.02451018510192,1.29434477646917
1.02451018510192,1.29434477646917
1.02451018510192,1.29434477646917
1.00005552282102,1.29434477646917
1.00005552282102,1.29434477646917
1.00005552282102,1.29434477646917
1.00005552282102,1.29434477646917
1.00005552282102,1.29434477646917
1.00005552282102,1.29434477646917
1.00005552282102,1.29434477646917
0.987922181518982,1.29434477646917
0.987922181518982,1.29434477646917
0.987922181518982,1.29434477646917
0.987922181518982,1.29434477646917
0.987922181518982,1.29434477646917
0.987922181518982,1.29434477646917
0.987922181518982,1.29434477646917
0.987922181518982,1.29434477646917
0.987922181518982,1.29434477646917
0.838583865924252,1.29434477646917
0.838583865924252,1.29434477646917
0.838583865924252,1.29434477646917
0.838583865924252,1.29434477646917
0.838583865924252,1.29434477646917
0.838583865924252,1.29434477646917
0.838583865924252,1.29434477646917
0.838583865924252,1.23951896145352
0.838583865924252,1.23951896145352
0.838583865924252,1.23951896145352
0.838583865924252,1.23951896145352
0.838583865924252,1.23951896145352
0.838583865924252,1.23951896145352
0.838583865924252,1.23951896145352
0.838583865924252,1.23951896145352
0.838583865924252,1.23951896145352
0.838583865924252,1.16011506555843
0.838583865924252,1.16011506555843
0.838583865924252,1.16011506555843
0.838583865924252,1.16011506555843
0.838583865924252,1.16011506555843
0.838583865924252,1.16011506555843
0.838583865924252,1.16011506555843
0.838583865924252,1.16011506555843
0.745324555372841,1.16011506555843
0.745324555372841,1.16011506555843
0.745324555372841,1.16011506555843
0.745324555372841,1.16011506555843
0.745324555372841,1.16011506555843
0.745324555372841,1.16011506555843
0.745324555372841,1.16011506555843
0.745324555372841,1.16011506555843
0.745324555372841,1.16011506555843
0.745324555372841,1.16011506555843
0.745324555372841,1.16011506555843
0.745324555372841,1.16011506555843
0.745324555372841,1.16011506555843
0.745324555372841,1.16011506555843
0.745324555372841,1.16011506555843
0.745324555372841,1.16011506555843
0.745324555372841,1.16011506555843
0.745324555372841,1.16011506555843
0.745324555372841,1.16011506555843
0.781211934597999,1.16011506555843
0.781211934597999,1.16011506555843
0.781211934597999,1.16011506555843
0.781211934597999,1.16011506555843
0.821452406392491,1.16011506555843
0.821452406392491,1.26460116743905
0.821452406392491,1.26460116743905
0.821452406392491,1.26460116743905
0.821452406392491,1.26460116743905
0.821452406392491,1.26460116743905
0.821452406392491,1.26460116743905
0.821452406392491,1.26460116743905
0.821452406392491,1.34090027801149
0.821452406392491,1.34090027801149
0.821452406392491,1.34090027801149
0.821452406392491,1.34090027801149
0.908914580549476,1.34090027801149
0.908914580549476,1.34090027801149
0.908914580549476,1.34090027801149
0.908914580549476,1.34090027801149
0.942400123264466,1.08022982322668
0.942400123264466,1.22836262073331
0.942400123264466,1.22836262073331
0.942400123264466,1.22836262073331
0.942400123264466,1.22836262073331
0.942400123264466,1.22836262073331
0.942400123264466,1.22836262073331
0.942400123264466,1.22836262073331
0.942400123264466,1.22836262073331
0.942400123264466,1.22836262073331
0.942400123264466,1.22836262073331
0.942400123264466,1.22836262073331
0.942400123264466,1.22836262073331
0.942400123264466,1.22836262073331
0.942400123264466,1.22836262073331
0.925134135224874,1.22836262073331
0.925134135224874,1.22836262073331
0.925134135224874,1.22836262073331
0.925134135224874,1.22836262073331
0.925134135224874,1.22836262073331
0.886523897433524,1.22836262073331
0.886523897433524,1.22836262073331
0.886523897433524,1.22836262073331
0.886523897433524,1.29237691990976
0.886523897433524,1.29237691990976
0.886523897433524,1.29237691990976
0.886523897433524,1.29237691990976
0.886523897433524,1.29237691990976
0.886523897433524,1.29237691990976
0.886523897433524,1.29237691990976
0.886523897433524,1.29237691990976
0.886523897433524,1.29237691990976
0.886523897433524,1.29237691990976
0.886523897433524,1.29237691990976
0.886523897433524,1.29237691990976
0.886523897433524,1.29237691990976
0.886523897433524,1.25691141864968
0.886523897433524,1.25691141864968
0.886523897433524,1.25691141864968
0.886523897433524,1.25691141864968
0.886523897433524,1.25691141864968
0.886523897433524,1.25691141864968
0.886523897433524,1.1573452943321
0.886523897433524,1.1573452943321
0.886523897433524,1.1573452943321
0.886523897433524,1.1573452943321
0.886523897433524,1.1573452943321
0.692720039597274,1.1573452943321
0.692720039597274,1.1573452943321
0.915050000265942,1.1573452943321
0.915050000265942,1.1573452943321
0.915050000265942,1.1573452943321
0.915050000265942,1.1573452943321
0.915050000265942,1.1573452943321
0.915050000265942,1.1573452943321
0.606184625779353,1.1573452943321
0.707065727312,1.1573452943321
0.660204301593399,1.1573452943321
0.660204301593399,1.1573452943321
0.660204301593399,1.1573452943321
0.660204301593399,1.20949201333416
0.660204301593399,1.20949201333416
0.642472006168694,1.20949201333416
0.642472006168694,1.20949201333416
0.642472006168694,1.20949201333416
0.642472006168694,1.20949201333416
0.642472006168694,1.20949201333416
0.642472006168694,1.20949201333416
0.730524777569624,1.20949201333416
0.730524777569624,1.20949201333416
0.730524777569624,1.20949201333416
0.730524777569624,1.20949201333416
0.730524777569624,1.085963999287
0.775406898718435,1.085963999287
0.775406898718435,1.085963999287
0.775406898718435,1.085963999287
0.829080589741282,1.085963999287
0.829080589741282,1.085963999287
0.829080589741282,1.085963999287
0.829080589741282,1.085963999287
0.829080589741282,1.085963999287
0.829080589741282,1.085963999287
0.829080589741282,1.085963999287
0.829080589741282,1.16645531729505
0.829080589741282,1.16645531729505
0.829080589741282,1.04375674131192
0.829080589741282,1.04375674131192
0.829080589741282,1.04375674131192
0.829080589741282,1.04375674131192
0.829080589741282,1.04375674131192
0.829080589741282,1.04375674131192
0.829080589741282,1.04375674131192
0.829080589741282,1.12514827709595
0.871724128207868,1.12514827709595
0.871724128207868,1.12514827709595
0.871724128207868,1.12514827709595
0.871724128207868,1.12514827709595
0.871724128207868,1.12514827709595
0.871724128207868,1.12514827709595
0.871724128207868,1.12514827709595
0.871724128207868,1.12514827709595
0.871724128207868,1.12514827709595
0.871724128207868,1.29589320443409
0.871724128207868,1.29589320443409
0.871724128207868,1.29589320443409
0.871724128207868,1.29589320443409
0.871724128207868,1.29589320443409
0.871724128207868,1.29589320443409
0.871724128207868,1.29589320443409
0.871724128207868,1.29589320443409
0.871724128207868,1.29589320443409
0.871724128207868,1.29589320443409
0.871724128207868,1.29589320443409
0.78995852742506,1.29589320443409
0.78995852742506,1.21447328320952
0.78995852742506,1.21447328320952
0.78995852742506,1.21447328320952
0.78995852742506,1.21447328320952
0.78995852742506,1.22554273582071
0.78995852742506,1.22554273582071
0.78995852742506,1.22554273582071
0.78995852742506,1.22554273582071
0.78995852742506,1.22554273582071
0.78995852742506,1.22554273582071
0.78995852742506,1.22554273582071
0.78995852742506,1.22554273582071
0.78995852742506,1.22554273582071
0.885939061028012,1.22554273582071
0.885939061028012,1.22554273582071
0.84146458535652,1.22554273582071
0.84146458535652,1.22554273582071
0.84146458535652,1.22554273582071
0.84146458535652,1.22554273582071
0.84146458535652,1.12789861529576
0.84146458535652,1.12789861529576
0.84146458535652,1.12789861529576
0.84146458535652,1.12789861529576
0.84146458535652,1.12789861529576
0.84146458535652,1.12789861529576
0.84146458535652,1.12789861529576
0.799297336451549,1.12789861529576
0.799297336451549,1.12576015523842
0.756964825151065,1.12576015523842
0.756964825151065,1.12576015523842
0.756964825151065,1.12576015523842
0.756964825151065,1.12576015523842
0.756964825151065,1.12576015523842
0.756964825151065,1.12576015523842
0.756964825151065,1.12576015523842
0.756964825151065,1.12576015523842
0.756964825151065,1.12576015523842
0.756964825151065,1.12576015523842
0.756964825151065,1.12576015523842
0.756964825151065,1.12576015523842
0.756964825151065,1.12576015523842
0.756964825151065,1.12576015523842
0.756964825151065,1.12576015523842
0.756964825151065,1.12576015523842
0.756964825151065,1.12576015523842
0.756964825151065,1.12576015523842
0.756964825151065,1.12576015523842
0.756964825151065,1.12576015523842
0.756964825151065,1.12576015523842
0.946819255578162,1.12576015523842
0.946819255578162,1.12576015523842
0.946819255578162,1.12576015523842
0.946819255578162,1.12576015523842
0.946819255578162,1.12576015523842
0.946819255578162,1.12576015523842
0.946819255578162,1.12576015523842
0.946819255578162,1.12576015523842
0.946819255578162,1.12576015523842
0.946819255578162,1.12576015523842
0.995645031349378,1.12576015523842
0.995645031349378,1.12576015523842
0.995645031349378,1.12576015523842
0.995645031349378,1.12576015523842
0.995645031349378,1.12576015523842
0.995645031349378,1.12576015523842
0.995645031349378,1.12576015523842
0.995645031349378,0.984030184956997
0.995645031349378,0.984030184956997
0.995645031349378,0.984030184956997
1.02544693502623,0.984030184956997
1.02544693502623,0.984030184956997
1.02544693502623,0.984030184956997
0.989760613102504,1.4202735089535
0.989760613102504,1.4202735089535
0.989760613102504,1.4202735089535
0.989760613102504,1.4202735089535
0.989760613102504,1.4202735089535
0.989760613102504,1.4202735089535
0.989760613102504,1.4202735089535
0.818734120868755,1.4202735089535
0.977017020437576,1.4202735089535
0.977017020437576,1.4202735089535
0.977017020437576,1.4202735089535
0.92862747458823,1.4202735089535
0.92862747458823,1.4202735089535
0.92862747458823,1.26319133746524
0.935004006616092,1.26319133746524
0.935004006616092,1.26319133746524
0.935004006616092,1.27818273783655
0.935004006616092,1.27818273783655
0.935004006616092,1.29356054111719
0.935004006616092,1.29356054111719
0.935004006616092,1.29356054111719
0.935004006616092,1.29356054111719
0.935004006616092,1.29356054111719
0.935004006616092,1.29356054111719
0.798068112986035,1.29356054111719
0.798068112986035,1.29356054111719
0.798068112986035,1.29356054111719
0.798068112986035,1.29356054111719
0.798068112986035,1.29356054111719
0.798068112986035,1.29356054111719
0.798068112986035,1.3012224882771
0.798068112986035,1.3012224882771
0.798068112986035,1.3012224882771
0.798068112986035,1.28018958092077
0.798068112986035,1.28018958092077
0.798068112986035,1.28018958092077
0.798068112986035,1.28018958092077
1.00829857860159,1.28018958092077
1.00829857860159,1.28018958092077
1.00829857860159,1.28018958092077
1.00829857860159,1.28018958092077
1.00829857860159,1.12448219153
1.00829857860159,1.12448219153
1.00829857860159,1.12448219153
1.00829857860159,1.12448219153
1.00829857860159,1.12448219153
1.00829857860159,1.12448219153
1.00829857860159,1.12448219153
1.00829857860159,1.12448219153
1.00829857860159,1.12448219153
1.00829857860159,1.12448219153
1.00829857860159,1.33950202112222
1.00829857860159,1.33950202112222
0.795380777466877,1.33950202112222
0.795380777466877,1.33950202112222
0.957616379257004,1.33950202112222
0.957616379257004,1.33950202112222
0.957616379257004,1.33950202112222
0.957616379257004,1.33950202112222
0.957616379257004,1.33950202112222
0.957616379257004,1.33950202112222
0.957616379257004,1.33950202112222
0.957616379257004,1.33950202112222
0.957616379257004,1.33950202112222
0.832920450551066,1.33950202112222
0.832920450551066,1.07182748547684
0.732275094763872,1.07182748547684
0.732275094763872,1.07182748547684
0.732275094763872,1.07182748547684
0.732275094763872,1.07182748547684
0.732275094763872,1.07182748547684
0.732275094763872,1.07182748547684
0.732275094763872,1.07182748547684
0.732275094763872,1.07182748547684
0.732275094763872,1.07182748547684
0.732275094763872,1.07182748547684
0.732275094763872,1.07182748547684
0.732275094763872,1.07182748547684
0.732275094763872,1.07182748547684
0.732275094763872,1.07182748547684
0.732275094763872,1.07182748547684
0.732275094763872,1.07182748547684
0.732275094763872,1.07182748547684
0.732275094763872,1.39671427879523
0.732275094763872,1.39671427879523
0.732275094763872,1.28362885758075
0.732275094763872,1.28362885758075
0.732275094763872,1.28362885758075
0.732275094763872,1.28362885758075
0.732275094763872,1.28362885758075
0.732275094763872,1.06314587633839
0.732275094763872,1.06314587633839
0.902603126974526,1.33372586547619
0.902603126974526,1.16115068101755
0.791589607221584,1.16115068101755
0.791589607221584,1.16115068101755
0.791589607221584,1.16115068101755
0.791589607221584,1.16115068101755
0.791589607221584,1.16115068101755
0.791589607221584,1.08667588365842
0.791589607221584,1.08667588365842
0.791589607221584,1.08667588365842
0.791589607221584,1.08667588365842
0.934798775213603,1.08667588365842
0.934798775213603,1.08667588365842
0.934798775213603,1.08667588365842
0.934798775213603,1.08667588365842
0.934798775213603,1.08667588365842
0.764818485393199,1.08667588365842
0.764818485393199,1.08667588365842
0.764818485393199,1.08667588365842
0.764818485393199,1.08667588365842
0.764818485393199,1.08667588365842
0.764818485393199,1.08667588365842
0.764818485393199,1.08667588365842
0.764818485393199,1.18091158769716
0.764818485393199,1.18091158769716
0.764818485393199,1.18091158769716
0.764818485393199,1.18091158769716
0.764818485393199,1.18091158769716
0.764818485393199,1.18091158769716
0.96698600261951,1.18091158769716
0.733329431348044,1.18091158769716
0.733329431348044,1.18091158769716
0.851936018329917,1.40346760112343
0.851936018329917,1.39989126460241
0.925846423232969,1.39989126460241
0.925846423232969,1.39989126460241
0.925846423232969,1.39989126460241
0.925846423232969,1.39989126460241
0.925846423232969,1.39989126460241
0.925846423232969,1.39989126460241
0.925846423232969,1.39989126460241
0.925846423232969,1.39989126460241
0.925846423232969,1.39989126460241
0.925846423232969,1.39989126460241
0.925846423232969,1.13405782412593
0.925846423232969,1.13405782412593
0.889898883485604,1.13405782412593
0.889898883485604,1.26727536091077
0.889898883485604,1.26727536091077
0.889898883485604,1.26727536091077
0.889898883485604,1.26727536091077
0.889898883485604,1.18158550112158
0.889898883485604,1.18158550112158
0.889898883485604,1.18158550112158
0.889898883485604,1.18158550112158
0.889898883485604,1.18158550112158
0.889898883485604,1.18158550112158
0.889898883485604,1.18158550112158
0.889898883485604,1.18158550112158
0.889898883485604,1.18158550112158
0.889898883485604,1.18158550112158
0.815607068270659,1.13928247795585
0.815607068270659,1.13928247795585
0.815607068270659,1.13928247795585
0.815607068270659,1.13928247795585
0.815607068270659,1.10095953994925
0.815607068270659,1.10095953994925
0.815607068270659,0.97781750862763
0.815607068270659,0.97781750862763
1.00784413958467,0.97781750862763
1.00784413958467,1.09278584997848
1.00784413958467,1.09278584997848
1.00784413958467,1.09278584997848
0.819450039224912,1.09278584997848
0.838657236417714,1.09278584997848
0.838657236417714,1.09278584997848
0.838657236417714,1.09278584997848
0.838657236417714,1.14754009919329
0.838657236417714,1.14754009919329
0.838657236417714,1.14754009919329
0.838657236417714,1.14754009919329
0.838657236417714,1.14754009919329
0.838657236417714,1.14754009919329
0.838657236417714,1.14754009919329
0.838657236417714,1.14754009919329
0.838657236417714,1.50050641124626
0.838657236417714,1.50050641124626
0.838657236417714,1.50050641124626
0.838657236417714,1.13700460782561
0.838657236417714,1.19932023055762
0.838657236417714,1.19932023055762
0.838657236417714,1.19932023055762
0.74011441553638,1.19932023055762
0.74011441553638,1.15567995376842
0.74011441553638,1.15567995376842
0.74011441553638,1.15567995376842
1.08859317200489,1.15567995376842
1.08859317200489,1.15567995376842
1.08859317200489,1.15567995376842
1.08859317200489,1.15567995376842
1.08859317200489,1.15567995376842
1.08859317200489,1.15567995376842
0.810045948706272,1.15567995376842
0.810045948706272,1.15567995376842
0.810045948706272,1.15567995376842
0.810045948706272,1.15567995376842
0.810045948706272,1.15567995376842
0.810045948706272,1.15567995376842
0.810045948706272,1.27350615160268
0.810045948706272,1.27350615160268
0.810045948706272,1.27350615160268
0.810045948706272,1.27350615160268
0.810045948706272,1.27350615160268
0.810045948706272,1.27350615160268
0.810045948706272,1.27350615160268
0.810045948706272,1.27350615160268
0.810045948706272,1.27350615160268
0.810045948706272,1.27350615160268
0.810045948706272,1.25822172460665
0.810045948706272,1.25822172460665
0.810045948706272,1.25822172460665
0.810045948706272,1.25822172460665
0.810045948706272,1.25822172460665
0.810045948706272,1.25822172460665
0.943711960927024,1.25822172460665
0.943711960927024,1.25822172460665
0.943711960927024,1.25822172460665
0.943711960927024,1.25822172460665
0.943711960927024,1.25822172460665
0.943711960927024,1.25822172460665
0.943711960927024,1.25822172460665
0.943711960927024,1.25822172460665
0.943711960927024,1.25822172460665
0.943711960927024,1.25822172460665
0.943711960927024,1.4172752537387
0.943711960927024,1.4172752537387
0.943711960927024,1.4172752537387
0.943711960927024,1.4172752537387
0.943711960927024,1.4172752537387
0.943711960927024,1.4172752537387
0.943711960927024,1.4172752537387
0.943711960927024,1.4172752537387
0.943711960927024,1.15056659925094
0.943711960927024,1.15056659925094
0.943711960927024,1.15056659925094
0.820684863930982,1.15056659925094
0.820684863930982,1.15056659925094
0.820684863930982,1.15056659925094
0.820684863930982,1.15056659925094
0.820684863930982,1.15056659925094
0.820684863930982,1.45963687242542
0.820684863930982,1.45963687242542
0.820684863930982,1.45963687242542
0.820684863930982,1.45963687242542
0.820684863930982,1.45963687242542
0.820684863930982,1.45963687242542
0.820684863930982,1.45963687242542
0.705543237511641,1.45963687242542
0.70033742579694,1.45963687242542
0.70033742579694,1.45963687242542
0.80902507719787,1.45963687242542
0.726530268573522,1.45963687242542
0.726530268573522,1.45963687242542
0.726530268573522,1.12255601461407
0.726530268573522,1.12255601461407
0.726530268573522,1.12255601461407
0.726530268573522,1.12255601461407
0.726530268573522,1.12255601461407
0.726530268573522,1.12255601461407
0.726530268573522,1.12255601461407
0.726530268573522,1.12255601461407
0.726530268573522,1.12255601461407
0.726530268573522,1.12255601461407
0.726530268573522,1.12255601461407
0.726530268573522,1.12255601461407
0.876489321660607,1.12255601461407
0.876489321660607,1.12255601461407
0.876489321660607,1.11975619662901
0.876489321660607,1.11975619662901
0.876489321660607,1.11975619662901
0.789883468957991,1.11975619662901
0.789883468957991,1.11975619662901
0.789883468957991,1.11975619662901
0.789883468957991,1.11975619662901
0.789883468957991,1.11975619662901
0.789883468957991,1.11975619662901
0.789883468957991,1.11975619662901
0.887596885821962,1.11975619662901
0.887596885821962,1.11975619662901
0.887596885821962,1.10654100087419
0.887596885821962,1.10654100087419
0.887596885821962,1.10654100087419
0.850212343840648,1.10654100087419
0.850212343840648,1.10654100087419
0.850212343840648,1.30795722618952
0.850212343840648,1.30795722618952
0.850212343840648,1.30795722618952
0.850212343840648,1.30795722618952
0.850212343840648,1.30795722618952
0.850212343840648,1.30795722618952
0.850212343840648,1.02627768514646
0.850212343840648,1.02627768514646
0.850212343840648,1.02627768514646
0.850212343840648,1.02627768514646
0.850212343840648,1.02627768514646
0.850212343840648,1.02627768514646
0.850212343840648,1.02627768514646
0.850212343840648,0.963913463995835
0.850212343840648,0.963913463995835
0.850212343840648,0.963913463995835
0.850212343840648,0.963913463995835
0.850212343840648,0.899782354737491
0.850212343840648,1.11112667052329
0.850212343840648,1.11112667052329
0.850212343840648,1.411315785476
0.850212343840648,1.411315785476
0.850212343840648,1.411315785476
0.850212343840648,1.38179980536581
0.850212343840648,1.38179980536581
0.850212343840648,1.25036015111635
0.850212343840648,1.25036015111635
0.850212343840648,1.25036015111635
0.850212343840648,1.25036015111635
0.850212343840648,1.25036015111635
0.850212343840648,1.25036015111635
0.850212343840648,1.25036015111635
0.850212343840648,1.25036015111635
0.850212343840648,1.0234745556339
0.850212343840648,1.0234745556339
0.850212343840648,0.894560011385722
0.850212343840648,0.894560011385722
0.850212343840648,0.894560011385722
0.850212343840648,0.894560011385722
0.850212343840648,0.894560011385722
0.850212343840648,0.894560011385722
0.850212343840648,0.894560011385722
0.850212343840648,0.894560011385722
0.850212343840648,0.894560011385722
0.850212343840648,1.49144922604425
0.850212343840648,1.49144922604425
0.850212343840648,1.49144922604425
0.850212343840648,1.49144922604425
0.850212343840648,1.49144922604425
0.850212343840648,1.49144922604425
0.710831552118153,1.07966605625529
0.710831552118153,0.921365400205173
0.710831552118153,1.00554634234267
0.710831552118153,1.00554634234267
0.710831552118153,1.00554634234267
0.710831552118153,1.00554634234267
0.710831552118153,1.00554634234267
0.710831552118153,1.00554634234267
0.710831552118153,1.00554634234267
0.710831552118153,1.00554634234267
0.710831552118153,1.00554634234267
0.710831552118153,1.00554634234267
0.710831552118153,1.00554634234267
0.845762581836144,0.992940327828269
0.845762581836144,0.992940327828269
0.845762581836144,0.992940327828269
0.845762581836144,0.992940327828269
0.845762581836144,0.992940327828269
0.899954342731624,1.04889693441676
0.899954342731624,1.04889693441676
0.899954342731624,1.04889693441676
0.899954342731624,1.04889693441676
0.899954342731624,1.04889693441676
0.899954342731624,1.04889693441676
0.858964908240016,1.04889693441676
0.858964908240016,1.04889693441676
0.804935696257313,0.967446247969861
0.804935696257313,0.967446247969861
0.804935696257313,0.967446247969861
0.804935696257313,0.967446247969861
0.804935696257313,0.967446247969861
0.804935696257313,0.967446247969861
0.804935696257313,0.967446247969861
0.804935696257313,0.967446247969861
0.804935696257313,0.967446247969861
0.804935696257313,0.985511250039653
0.791670689673339,0.985511250039653
0.791670689673339,0.985511250039653
0.791670689673339,0.985511250039653
0.791670689673339,0.985511250039653
0.791670689673339,0.985511250039653
0.791670689673339,0.985511250039653
0.791670689673339,0.985511250039653
0.791670689673339,0.985511250039653
0.791670689673339,0.985511250039653
0.791670689673339,0.985511250039653
0.791670689673339,0.985511250039653
0.791670689673339,0.985511250039653
0.791670689673339,0.985511250039653
0.791670689673339,0.985511250039653
0.767199202072598,0.985511250039653
0.780863371321674,0.985511250039653
0.780863371321674,0.985511250039653
0.780863371321674,0.985511250039653
0.780863371321674,0.985511250039653
0.780863371321674,0.985511250039653
0.780863371321674,0.985511250039653
0.780863371321674,0.985511250039653
0.780863371321674,0.985511250039653
0.780863371321674,0.985511250039653
0.780863371321674,0.985511250039653
0.780863371321674,0.985511250039653
0.780863371321674,0.985511250039653
0.780863371321674,0.985511250039653
0.780863371321674,0.985511250039653
0.780863371321674,0.985511250039653
0.83986076237737,0.985511250039653
0.83986076237737,0.957330415421703
0.83986076237737,0.957330415421703
0.83986076237737,0.957330415421703
0.83986076237737,0.957330415421703
0.83986076237737,0.957330415421703
0.83986076237737,0.957330415421703
0.768169563764467,0.957330415421703
0.768169563764467,0.957330415421703
0.768169563764467,0.932560624404642
0.768169563764467,0.932560624404642
0.768169563764467,0.932560624404642
0.768169563764467,0.932560624404642
0.768169563764467,0.932560624404642
0.768169563764467,1.24141661797164
0.768169563764467,1.11269393592147
0.768169563764467,1.11269393592147
0.849232060161351,1.11269393592147
0.849232060161351,1.11269393592147
0.849232060161351,1.11269393592147
0.849232060161351,1.12304189612164
0.849232060161351,1.12304189612164
0.849232060161351,1.12304189612164
0.849232060161351,1.12304189612164
0.849232060161351,1.12304189612164
0.849232060161351,1.12304189612164
0.849232060161351,1.12304189612164
0.849232060161351,1.17760750229198
0.876686484611112,1.17760750229198
0.876686484611112,1.17760750229198
0.876686484611112,1.17760750229198
0.876686484611112,1.17760750229198
0.93612110042721,1.17760750229198
0.93612110042721,1.17760750229198
0.93612110042721,1.17760750229198
0.93612110042721,1.17760750229198
0.93612110042721,1.17760750229198
0.93612110042721,1.17760750229198
0.93612110042721,1.17760750229198
0.93612110042721,1.17760750229198
0.844727506674795,1.17760750229198
0.844727506674795,1.17760750229198
0.844727506674795,1.17760750229198
0.844727506674795,1.17760750229198
0.844727506674795,1.17760750229198
0.844727506674795,1.17760750229198
0.844727506674795,1.28828278368266
0.740797871656242,1.28828278368266
0.740797871656242,1.28828278368266
0.740797871656242,1.28828278368266
0.740797871656242,1.28828278368266
0.740797871656242,1.28828278368266
0.740797871656242,1.28828278368266
0.740797871656242,1.28828278368266
0.740797871656242,1.28828278368266
1.12391723905869,1.28828278368266
1.12391723905869,1.28828278368266
1.02217532370924,1.28484586943931
0.892643348260226,1.28484586943931
0.892643348260226,1.28484586943931
0.892643348260226,1.28484586943931
0.892643348260226,0.935119243540168
0.892643348260226,0.935119243540168
0.892643348260226,0.978514146928146
0.892643348260226,0.978514146928146
0.892643348260226,0.978514146928146
0.86643547722802,0.978514146928146
0.86643547722802,1.03727273097357
0.86643547722802,1.03727273097357
0.86643547722802,1.03727273097357
0.86643547722802,1.07910629698048
0.86643547722802,1.07910629698048
0.86643547722802,1.07910629698048
0.86643547722802,1.07910629698048
0.86643547722802,1.07650877742903
0.86643547722802,1.15658592111246
0.86643547722802,1.15658592111246
0.86643547722802,1.15658592111246
0.86643547722802,1.15658592111246
0.86643547722802,1.15658592111246
0.86643547722802,1.15658592111246
0.86643547722802,1.15658592111246
0.86643547722802,1.15658592111246
0.86643547722802,1.15658592111246
0.883360664676718,1.15658592111246
0.883360664676718,1.15658592111246
0.883360664676718,1.15658592111246
0.883360664676718,1.15658592111246
0.883360664676718,1.15658592111246
0.883360664676718,1.15658592111246
0.883360664676718,1.15658592111246
0.883360664676718,1.15658592111246
0.883360664676718,1.0433071606217
0.883360664676718,1.0433071606217
0.883360664676718,1.0433071606217
0.883360664676718,1.0433071606217
0.883360664676718,1.0433071606217
0.883360664676718,1.13563007007004
0.883360664676718,1.13563007007004
0.883360664676718,1.13563007007004
0.883360664676718,1.13563007007004
0.883360664676718,1.13563007007004
0.883360664676718,1.13563007007004
0.883360664676718,1.13563007007004
0.888826867661273,1.343747355853
0.888826867661273,1.343747355853
0.888826867661273,1.343747355853
0.839149945886943,1.343747355853
0.839149945886943,1.16665280387346
0.839149945886943,1.16665280387346
0.839149945886943,1.16665280387346
0.839149945886943,1.16665280387346
0.839149945886943,1.16665280387346
0.839149945886943,1.16665280387346
0.880847080339311,1.16665280387346
0.880847080339311,1.16665280387346
0.952970719679423,1.16665280387346
0.952970719679423,1.16665280387346
0.85356484343224,1.16665280387346
0.85356484343224,1.16665280387346
0.85356484343224,1.16665280387346
0.85356484343224,1.16665280387346
0.85356484343224,1.16665280387346
0.85356484343224,1.16665280387346
0.85356484343224,1.23022577978622
0.85356484343224,1.23022577978622
0.85356484343224,1.23022577978622
0.85356484343224,1.23022577978622
0.85356484343224,1.02881400977243
0.85356484343224,1.02881400977243
0.85356484343224,1.02881400977243
0.85356484343224,1.02881400977243
0.85356484343224,1.02881400977243
0.85356484343224,1.02881400977243
1.12389350485887,1.02881400977243
1.12389350485887,1.02881400977243
0.763266215572338,1.02881400977243
0.879403778584739,1.02881400977243
0.965029640868872,1.02881400977243
0.965029640868872,1.02881400977243
0.965029640868872,1.02881400977243
0.965029640868872,1.02881400977243
0.965029640868872,1.02881400977243
0.965029640868872,1.02881400977243
0.965029640868872,1.02881400977243
0.965029640868872,1.02881400977243
0.965029640868872,1.02881400977243
0.965029640868872,1.02881400977243
0.87816807847176,1.02881400977243
0.87816807847176,1.02881400977243
0.87816807847176,1.02881400977243
0.87816807847176,1.02881400977243
0.87816807847176,1.02881400977243
0.87816807847176,1.02881400977243
0.87816807847176,1.02881400977243
0.87816807847176,1.02881400977243
0.87816807847176,1.02881400977243
0.87816807847176,1.02881400977243
0.87816807847176,1.02881400977243
0.87816807847176,1.02881400977243
0.87816807847176,1.02881400977243
0.787069448626391,1.02881400977243
0.846526212005299,1.02881400977243
0.846526212005299,1.02881400977243
0.846526212005299,1.02881400977243
0.882744382991184,1.02881400977243
0.882744382991184,1.02881400977243
0.882744382991184,1.02881400977243
0.882744382991184,1.02881400977243
0.882744382991184,1.02881400977243
0.882744382991184,1.02881400977243
0.882744382991184,1.02881400977243
0.882744382991184,1.02881400977243
0.882744382991184,1.02881400977243
0.882744382991184,1.02881400977243
0.882744382991184,1.02881400977243
0.882744382991184,1.02881400977243
0.882744382991184,1.02881400977243
0.882744382991184,1.02881400977243
0.882744382991184,1.02881400977243
0.882744382991184,1.10776392634449
0.882744382991184,1.10776392634449
0.882744382991184,1.10776392634449
0.882744382991184,1.10776392634449
0.882744382991184,1.10776392634449
0.882744382991184,1.10776392634449
0.882744382991184,1.10776392634449
0.882744382991184,1.10776392634449
0.882744382991184,1.10776392634449
0.882744382991184,1.10776392634449
0.882744382991184,1.10776392634449
0.882744382991184,1.10776392634449
0.821856917696,1.07811180763943
0.821856917696,1.07811180763943
0.821856917696,1.07811180763943
0.821856917696,1.07811180763943
0.821856917696,1.07811180763943
0.821856917696,1.07811180763943
0.821856917696,1.07811180763943
0.821856917696,1.07811180763943
0.821856917696,1.07811180763943
0.821856917696,1.35701416904836
0.821856917696,1.35701416904836
0.858593336306198,1.32089999295271
0.858593336306198,1.32089999295271
0.858593336306198,1.32089999295271
0.858593336306198,1.32089999295271
0.83221119022173,1.32089999295271
1.01785301173312,1.32089999295271
1.01785301173312,1.32089999295271
1.01785301173312,1.11597019262378
1.01785301173312,1.11597019262378
0.978558011251976,1.11597019262378
0.978558011251976,1.11597019262378
0.978558011251976,1.11597019262378
0.978558011251976,1.11597019262378
0.978558011251976,1.26876913963961
0.978558011251976,1.26876913963961
0.978558011251976,1.26876913963961
0.978558011251976,1.26876913963961
0.978558011251976,1.26876913963961
0.978558011251976,1.26876913963961
0.978558011251976,1.26876913963961
0.978558011251976,1.26876913963961
0.978558011251976,1.26876913963961
0.978558011251976,1.00972020280918
0.978558011251976,1.00972020280918
0.978558011251976,1.00972020280918
0.978558011251976,0.949649326075637
0.978558011251976,0.949649326075637
0.947231543371659,1.23001734376956
0.947231543371659,1.23001734376956
0.947231543371659,1.23001734376956
0.947231543371659,1.23001734376956
0.947231543371659,1.23001734376956
0.947231543371659,1.23001734376956
1.09782281026495,1.02227532854252
0.840060969065885,1.02227532854252
0.840060969065885,1.02227532854252
0.840060969065885,1.02227532854252
0.840060969065885,1.02227532854252
0.840060969065885,1.02227532854252
0.840060969065885,1.10178846950282
0.840060969065885,1.10178846950282
0.840060969065885,1.10178846950282
0.840060969065885,1.10178846950282
0.840060969065885,1.10178846950282
0.840060969065885,1.10178846950282
0.840060969065885,1.10178846950282
0.840060969065885,1.10178846950282
0.840060969065885,1.10178846950282
0.840060969065885,1.10178846950282
0.840060969065885,1.10178846950282
0.840060969065885,1.10178846950282
0.840060969065885,1.13289802540483
0.840060969065885,1.13289802540483
0.7880210523868,1.13289802540483
0.7880210523868,1.27984780360347
0.7880210523868,1.27984780360347
0.7880210523868,1.27984780360347
0.7880210523868,1.27984780360347
0.7880210523868,1.27984780360347
0.774697904417381,1.27984780360347
0.774697904417381,1.27984780360347
0.774697904417381,1.27984780360347
0.774697904417381,1.27984780360347
0.774697904417381,1.27984780360347
0.774697904417381,1.27984780360347
0.774697904417381,1.27984780360347
0.774697904417381,1.27984780360347
0.819773760667015,1.27984780360347
0.819773760667015,1.27068844304656
0.819773760667015,1.27068844304656
0.819773760667015,1.27068844304656
0.819773760667015,1.27068844304656
0.819773760667015,1.27068844304656
0.819773760667015,1.27068844304656
0.819773760667015,1.27068844304656
0.819773760667015,1.27068844304656
0.8200477894326,1.27068844304656
0.8200477894326,1.27068844304656
0.8200477894326,1.27068844304656
0.8200477894326,1.27068844304656
0.8200477894326,1.27068844304656
0.8200477894326,1.27068844304656
0.8200477894326,1.27068844304656
0.8200477894326,1.27068844304656
0.8200477894326,1.27068844304656
0.8200477894326,1.27068844304656
0.8200477894326,1.27068844304656
0.8200477894326,1.27068844304656
0.8200477894326,1.27068844304656
0.8200477894326,1.27068844304656
0.8200477894326,1.12077233477917
0.8200477894326,1.12077233477917
0.8200477894326,1.12077233477917
0.851878045217474,1.12077233477917
0.851878045217474,1.12077233477917
0.851878045217474,1.12077233477917
0.851878045217474,1.12077233477917
0.985020482080839,1.1148173141957
0.886056622319905,0.96718425908318
0.886056622319905,0.954715698736571
0.886056622319905,0.954715698736571
0.886056622319905,0.954715698736571
0.886056622319905,0.954715698736571
0.886056622319905,0.954715698736571
0.886056622319905,0.954715698736571
0.886056622319905,1.03199677624897
0.886056622319905,1.03199677624897
0.886056622319905,1.03199677624897
0.886056622319905,1.03199677624897
0.886056622319905,1.03199677624897
0.886056622319905,1.03199677624897
0.886056622319905,1.03199677624897
0.886056622319905,1.03199677624897
0.886056622319905,1.03199677624897
0.886056622319905,1.03199677624897
0.886056622319905,1.03199677624897
0.886056622319905,1.03199677624897
0.886056622319905,1.03199677624897
0.886056622319905,1.03199677624897
0.886056622319905,1.03199677624897
0.886056622319905,1.03199677624897
0.886056622319905,1.03199677624897
0.886056622319905,1.03199677624897
0.886056622319905,1.06151295405554
0.886056622319905,1.06151295405554
0.886056622319905,1.12092819884715
0.886056622319905,1.12092819884715
0.886056622319905,1.12092819884715
0.886056622319905,1.12092819884715
0.886056622319905,1.07678107441931
0.886056622319905,1.0816563739415
0.886056622319905,1.11758082732352
0.886056622319905,1.11758082732352
0.886056622319905,1.11758082732352
0.886056622319905,1.11758082732352
0.886056622319905,1.11758082732352
0.886056622319905,1.11758082732352
0.75251926597698,1.11758082732352
0.75251926597698,1.11758082732352
0.75251926597698,1.11758082732352
0.75251926597698,1.11758082732352
0.75251926597698,1.24627048720613
0.75251926597698,1.24627048720613
0.75251926597698,1.24627048720613
1.02391935165069,1.24627048720613
1.02391935165069,1.24627048720613
1.02391935165069,1.24627048720613
1.02391935165069,1.24627048720613
1.02391935165069,1.08087106450833
0.761999304791297,1.08087106450833
0.761999304791297,1.08087106450833
0.761999304791297,1.08087106450833
0.761999304791297,1.08087106450833
0.761999304791297,1.08087106450833
0.761999304791297,1.08087106450833
0.761999304791297,1.08087106450833
0.761999304791297,1.08087106450833
0.761999304791297,1.08087106450833
0.761999304791297,1.08087106450833
0.761999304791297,1.08087106450833
0.761999304791297,1.25583957172922
0.761999304791297,1.25583957172922
0.761999304791297,1.25583957172922
0.761999304791297,1.25583957172922
0.761999304791297,1.25583957172922
0.761999304791297,1.25583957172922
0.761999304791297,1.25583957172922
0.761999304791297,1.25583957172922
0.761999304791297,1.25583957172922
0.761999304791297,1.25583957172922
0.761999304791297,1.25583957172922
0.761999304791297,1.25583957172922
0.761999304791297,1.25583957172922
0.761999304791297,1.25583957172922
0.761999304791297,1.25583957172922
0.761999304791297,1.25583957172922
0.761999304791297,1.25583957172922
0.761999304791297,1.2013184859679
0.939791927693502,1.2013184859679
1.00760240812623,1.2013184859679
1.00760240812623,1.2013184859679
0.933565878652726,1.2013184859679
0.933565878652726,1.2013184859679
0.933565878652726,1.2013184859679
0.933565878652726,1.2013184859679
0.933565878652726,1.2013184859679
0.933565878652726,1.2013184859679
0.933565878652726,1.2013184859679
0.933565878652726,1.2013184859679
0.933565878652726,1.2013184859679
0.933565878652726,1.2013184859679
0.933565878652726,1.2013184859679
0.933565878652726,1.2013184859679
0.940765110826533,1.2013184859679
0.940765110826533,1.2013184859679
0.940765110826533,1.12307895925237
0.940765110826533,1.12307895925237
0.940765110826533,1.12307895925237
0.940765110826533,1.12307895925237
0.940765110826533,1.12307895925237
0.940765110826533,1.12307895925237
0.940765110826533,1.12307895925237
0.922238013503257,1.12307895925237
0.922238013503257,1.12307895925237
0.922238013503257,1.12307895925237
0.922238013503257,1.12307895925237
0.922238013503257,1.12307895925237
0.922238013503257,1.12307895925237
0.922238013503257,1.12307895925237
0.922238013503257,1.12307895925237
0.922238013503257,1.12307895925237
0.922238013503257,1.12307895925237
0.922238013503257,1.12307895925237
0.922238013503257,1.12307895925237
0.922238013503257,1.12307895925237
0.922238013503257,1.12307895925237
0.922238013503257,1.12307895925237
0.922238013503257,1.12307895925237
0.922238013503257,1.12307895925237
0.922238013503257,1.12307895925237
0.922238013503257,1.12307895925237
0.922238013503257,1.12307895925237
0.922238013503257,1.12307895925237
0.922238013503257,1.12307895925237
0.905422526751974,1.24497543234069
0.905422526751974,1.24497543234069
0.905422526751974,1.24497543234069
0.905422526751974,1.24497543234069
0.905422526751974,1.14191229564265
0.905422526751974,1.14191229564265
0.905422526751974,1.14191229564265
0.905422526751974,1.29768558894138
0.905422526751974,1.29768558894138
0.905422526751974,1.29768558894138
0.905422526751974,1.29768558894138
0.905422526751974,1.29768558894138
0.905422526751974,1.29768558894138
0.905422526751974,1.29768558894138
0.905422526751974,1.29768558894138
0.905422526751974,1.29768558894138
0.905422526751974,1.29768558894138
0.905422526751974,1.29768558894138
0.905422526751974,1.29768558894138
0.905422526751974,1.29768558894138
0.905422526751974,0.993854000618375
0.905422526751974,0.993854000618375
0.905422526751974,0.993854000618375
0.905422526751974,0.993854000618375
0.754460592509295,0.993854000618375
0.857165384424406,0.993854000618375
0.857165384424406,0.993854000618375
0.857165384424406,0.993854000618375
0.857165384424406,0.993854000618375
0.857165384424406,0.993854000618375
1.02923416694131,1.27290320932521
0.795382592530179,1.27290320932521
0.795382592530179,1.27290320932521
0.795382592530179,1.20374178088889
0.795382592530179,1.20374178088889
0.795382592530179,1.20374178088889
0.795382592530179,1.20374178088889
0.795382592530179,1.20374178088889
0.795382592530179,1.20374178088889
0.795382592530179,1.20374178088889
0.795382592530179,1.20374178088889
0.795382592530179,1.20374178088889
0.795382592530179,1.20374178088889
0.795382592530179,1.20374178088889
0.795382592530179,1.20374178088889
0.795382592530179,1.20374178088889
0.795382592530179,1.20374178088889
0.795382592530179,1.26254556714782
0.795382592530179,1.26254556714782
0.795382592530179,1.26254556714782
0.795382592530179,1.26254556714782
0.795382592530179,1.26254556714782
0.795382592530179,1.26254556714782
0.795382592530179,1.26254556714782
0.852534208861151,1.26254556714782
0.852534208861151,1.26254556714782
0.852534208861151,1.26254556714782
0.852534208861151,1.26254556714782
0.852534208861151,1.26254556714782
0.852534208861151,1.26254556714782
0.852534208861151,1.26254556714782
0.852534208861151,1.26254556714782
0.852534208861151,1.26254556714782
0.803148636681867,1.26254556714782
0.803148636681867,1.26254556714782
0.902962928383931,1.26254556714782
0.902962928383931,1.26254556714782
0.863803603415678,1.26254556714782
0.863803603415678,1.26254556714782
0.863803603415678,1.26254556714782
0.926035949178679,1.26254556714782
0.926035949178679,1.26254556714782
0.926035949178679,1.40324669862275
0.926035949178679,1.40324669862275
0.926035949178679,1.40324669862275
0.926035949178679,1.40324669862275
0.926035949178679,1.40324669862275
0.870765829842741,1.40324669862275
0.870765829842741,1.40324669862275
0.870765829842741,1.40324669862275
0.870765829842741,1.40324669862275
0.870765829842741,1.40324669862275
0.870765829842741,1.40324669862275
0.870765829842741,1.40324669862275
0.870765829842741,1.40324669862275
0.870765829842741,1.40324669862275
0.870765829842741,1.40324669862275
0.870765829842741,1.40324669862275
0.870765829842741,1.40324669862275
0.814748304028376,1.40324669862275
0.814748304028376,1.40324669862275
0.814748304028376,1.46518659206955
0.814748304028376,1.46518659206955
0.814748304028376,1.46518659206955
0.796737108072246,1.46518659206955
0.796737108072246,1.46518659206955
0.796737108072246,1.46518659206955
0.796737108072246,1.46518659206955
0.796737108072246,1.46518659206955
0.796737108072246,1.46518659206955
0.796737108072246,1.46518659206955
0.796737108072246,1.46518659206955
0.796737108072246,1.46518659206955
0.796737108072246,1.46518659206955
0.724193808029053,1.46518659206955
0.724193808029053,1.46518659206955
0.724193808029053,1.46518659206955
0.724193808029053,1.46518659206955
0.724193808029053,1.46518659206955
0.724193808029053,1.46518659206955
0.724193808029053,1.46518659206955
0.724193808029053,1.46518659206955
0.724193808029053,1.46518659206955
0.724193808029053,1.46518659206955
0.724193808029053,1.46518659206955
0.724193808029053,1.33506383376372
0.700305033865603,1.33506383376372
0.700305033865603,1.33506383376372
0.700305033865603,1.33506383376372
0.700305033865603,1.33506383376372
0.69413946773758,1.33506383376372
0.69413946773758,1.33506383376372
0.69413946773758,1.33506383376372
0.69413946773758,1.15195199847256
0.69413946773758,1.15195199847256
0.69413946773758,1.15195199847256
0.69413946773758,1.15195199847256
0.69413946773758,1.15195199847256
0.69413946773758,1.15195199847256
0.69413946773758,1.15195199847256
0.69413946773758,1.15195199847256
0.69413946773758,1.15195199847256
0.69413946773758,1.15195199847256
0.69413946773758,1.15195199847256
0.69413946773758,1.15195199847256
0.69413946773758,1.41119255727259
0.69413946773758,1.41119255727259
0.69413946773758,1.41119255727259
0.69413946773758,1.41119255727259
0.781544306079768,1.41119255727259
0.781544306079768,1.41119255727259
0.781544306079768,1.41119255727259
0.781544306079768,1.41119255727259
0.781544306079768,1.41119255727259
0.781544306079768,1.41119255727259
0.781544306079768,1.41119255727259
0.781544306079768,1.41119255727259
0.781544306079768,1.41119255727259
0.781544306079768,1.41119255727259
0.781544306079768,1.41119255727259
0.781544306079768,1.41119255727259
0.781544306079768,1.41119255727259
0.781544306079768,1.5163167002811
0.781544306079768,1.56820161716181
0.781544306079768,1.56820161716181
0.781544306079768,1.56820161716181
0.781544306079768,1.56820161716181
0.781544306079768,1.56820161716181
0.781544306079768,1.56820161716181
0.854633835279401,1.56820161716181
0.854633835279401,1.38473977840523
0.854633835279401,1.38473977840523
0.854633835279401,1.38473977840523
0.854633835279401,1.41238963734066
0.854633835279401,1.41238963734066
0.854633835279401,1.41238963734066
0.854633835279401,1.41238963734066
0.854633835279401,1.41238963734066
0.854633835279401,1.41238963734066
0.854633835279401,1.05538354525369
0.854633835279401,1.05538354525369
0.854633835279401,1.05538354525369
0.854633835279401,1.05538354525369
0.854633835279401,1.05538354525369
0.854633835279401,1.05538354525369
0.854633835279401,1.05538354525369
0.854633835279401,1.05538354525369
0.854633835279401,1.05538354525369
0.854633835279401,1.05538354525369
0.854633835279401,1.05538354525369
0.854633835279401,1.05538354525369
0.854633835279401,1.05538354525369
0.890369574171719,1.05538354525369
0.896672673974158,1.05538354525369
0.896672673974158,1.05538354525369
0.896672673974158,1.06374765935574
0.896672673974158,0.988070248057937
0.896672673974158,0.988070248057937
0.896672673974158,0.988070248057937
0.896672673974158,0.988070248057937
0.896672673974158,0.988070248057937
0.896672673974158,0.988070248057937
0.896672673974158,0.988070248057937
0.896672673974158,0.988070248057937
0.896672673974158,0.988070248057937
0.896672673974158,0.988070248057937
0.896672673974158,0.988070248057937
0.896672673974158,1.47115883569122
0.896672673974158,1.47115883569122
0.833769291298001,1.30174319491712
0.833769291298001,1.30174319491712
0.833769291298001,1.30174319491712
0.833769291298001,1.3680662413146
0.833769291298001,1.3680662413146
0.781401420172895,1.3680662413146
0.781401420172895,1.3680662413146
0.781401420172895,1.3680662413146
0.781401420172895,1.3680662413146
0.781401420172895,1.3680662413146
0.781401420172895,1.3680662413146
0.781401420172895,1.3680662413146
0.781401420172895,1.3680662413146
0.781401420172895,1.3680662413146
0.781401420172895,1.3680662413146
0.781401420172895,1.3680662413146
0.781401420172895,1.3680662413146
0.781401420172895,1.3680662413146
0.781401420172895,1.3680662413146
0.781401420172895,1.3680662413146
0.781401420172895,1.3680662413146
0.764582157898283,1.3680662413146
0.764582157898283,1.3680662413146
0.764582157898283,1.10935220996147
0.764582157898283,1.10935220996147
0.764582157898283,1.10935220996147
0.764582157898283,1.10935220996147
0.764582157898283,1.10935220996147
0.764582157898283,1.10935220996147
0.764582157898283,1.10499042734036
0.764582157898283,1.10499042734036
0.764582157898283,1.10499042734036
0.764582157898283,1.10499042734036
0.764582157898283,1.10499042734036
0.764582157898283,1.10499042734036
0.764582157898283,1.10499042734036
0.764582157898283,1.10499042734036
0.764582157898283,1.10499042734036
0.764582157898283,1.10499042734036
0.857280062632802,1.10499042734036
0.857280062632802,1.10499042734036
0.857280062632802,1.10499042734036
0.857280062632802,1.10499042734036
0.857280062632802,1.10499042734036
0.857280062632802,1.10499042734036
0.857280062632802,1.10499042734036
0.857280062632802,1.10499042734036
0.857280062632802,1.10499042734036
0.857280062632802,1.10499042734036
0.857280062632802,1.10499042734036
0.857280062632802,1.16942696289694
0.81123320132255,1.16942696289694
0.81123320132255,1.16942696289694
0.81123320132255,1.16942696289694
0.973771762190089,1.16942696289694
0.973771762190089,1.16942696289694
0.770384476790513,1.16942696289694
0.770384476790513,1.16942696289694
0.770384476790513,1.16942696289694
0.770384476790513,1.16942696289694
0.949201300797003,1.16942696289694
0.949201300797003,1.16942696289694
0.949201300797003,1.16942696289694
0.949201300797003,1.16942696289694
0.949201300797003,1.16942696289694
0.949201300797003,1.16942696289694
0.949201300797003,1.16942696289694
0.949201300797003,1.16942696289694
0.949201300797003,1.16942696289694
0.949201300797003,1.16942696289694
0.937244493363918,1.16942696289694
0.937244493363918,1.16942696289694
0.937244493363918,1.16942696289694
0.937244493363918,1.16942696289694
0.937244493363918,1.16942696289694
0.937244493363918,1.16942696289694
0.937244493363918,1.16942696289694
0.937244493363918,1.16942696289694
0.94130659596346,1.16942696289694
0.94130659596346,1.07290763957581
0.94130659596346,1.07290763957581
0.94130659596346,1.07290763957581
0.94130659596346,1.07290763957581
0.94130659596346,1.07290763957581
0.94130659596346,1.07290763957581
0.94130659596346,1.07290763957581
0.94130659596346,1.07290763957581
0.94130659596346,1.07290763957581
0.94130659596346,1.07290763957581
0.94130659596346,1.07290763957581
0.94130659596346,1.07290763957581
0.94130659596346,1.07290763957581
0.94130659596346,1.07290763957581
0.94130659596346,1.07290763957581
0.94130659596346,1.07290763957581
0.94130659596346,1.07290763957581
0.94130659596346,1.07290763957581
0.94130659596346,1.07290763957581
0.94130659596346,1.07290763957581
0.94130659596346,1.07290763957581
0.94130659596346,1.09337773940343
0.94130659596346,1.09337773940343
0.94130659596346,1.09337773940343
0.94130659596346,1.39402485431233
0.94130659596346,1.1076014763575
0.94130659596346,1.1076014763575
0.94130659596346,1.1076014763575
0.94130659596346,1.1076014763575
0.94130659596346,1.1076014763575
0.94130659596346,1.1076014763575
0.94130659596346,1.1076014763575
0.94130659596346,1.1076014763575
0.94130659596346,1.24707310590047
0.94130659596346,1.24707310590047
0.94130659596346,1.24707310590047
0.94130659596346,1.24707310590047
0.94130659596346,1.24707310590047
0.94130659596346,1.07689281738766
0.94130659596346,1.07689281738766
0.94130659596346,1.07689281738766
0.94130659596346,1.08635180337452
0.94130659596346,1.08635180337452
0.94130659596346,1.09808516866521
0.94130659596346,1.09808516866521
0.94130659596346,1.09808516866521
0.664079672268142,1.09808516866521
0.862195606327304,1.09808516866521
0.720638409645266,1.30331355455213
0.720638409645266,1.30331355455213
0.720638409645266,1.30331355455213
0.720638409645266,1.30331355455213
0.709390624152274,1.30331355455213
0.940961916145411,1.20263622704789
0.940961916145411,1.29980471441593
0.940961916145411,1.29980471441593
0.940961916145411,1.29980471441593
0.940961916145411,1.29980471441593
0.940961916145411,1.29980471441593
0.940961916145411,1.29980471441593
0.940961916145411,1.29980471441593
0.940961916145411,1.29980471441593
0.940961916145411,1.29980471441593
0.940961916145411,1.29980471441593
0.940961916145411,1.29980471441593
0.940961916145411,1.29980471441593
0.940961916145411,1.29980471441593
0.940961916145411,1.29980471441593
0.886027951948879,1.29980471441593
0.886027951948879,1.29980471441593
0.886027951948879,1.29980471441593
0.886027951948879,1.29980471441593
0.886027951948879,1.29980471441593
0.886027951948879,1.13900761064518
0.856437071529729,1.13900761064518
0.856437071529729,1.13900761064518
0.856437071529729,1.13900761064518
0.856437071529729,1.12407403464341
0.856437071529729,1.15759294488692
0.856437071529729,1.15759294488692
0.856437071529729,1.15759294488692
0.856437071529729,1.15759294488692
0.856437071529729,1.15759294488692
0.99521896790425,1.15759294488692
0.99521896790425,1.15759294488692
0.99521896790425,1.26938172382516
0.99521896790425,1.26938172382516
0.99521896790425,1.26938172382516
0.99521896790425,1.26938172382516
0.99521896790425,1.26938172382516
0.99521896790425,1.28908589912721
0.99521896790425,1.28908589912721
0.99521896790425,1.28908589912721
0.99521896790425,1.28908589912721
0.99521896790425,1.28908589912721
0.99521896790425,1.28908589912721
0.99521896790425,1.28908589912721
0.99521896790425,1.29528960986164
0.842929059047302,1.29528960986164
0.842929059047302,1.19565189291591
0.842929059047302,1.19565189291591
0.842929059047302,1.19565189291591
0.845793233200464,1.19565189291591
0.845793233200464,1.19565189291591
0.845793233200464,1.19565189291591
0.845793233200464,1.37809644646899
0.845793233200464,1.37809644646899
0.845793233200464,1.24777349801598
0.845793233200464,1.24777349801598
0.845793233200464,1.24777349801598
0.743884722607695,1.24777349801598
0.743884722607695,1.24777349801598
0.743884722607695,1.19375173482566
0.743884722607695,1.19375173482566
0.743884722607695,1.19375173482566
0.743884722607695,1.19375173482566
0.743884722607695,1.19375173482566
0.743884722607695,1.19375173482566
0.849422429665968,1.19375173482566
0.849422429665968,1.19375173482566
0.849422429665968,1.19375173482566
0.849422429665968,1.19375173482566
0.849422429665968,1.18282054342181
0.849422429665968,1.18282054342181
0.849422429665968,1.18282054342181
0.849422429665968,1.18282054342181
0.849422429665968,1.32277189688175
0.849422429665968,1.13163077227258
0.849422429665968,1.13163077227258
0.849422429665968,1.13163077227258
0.849422429665968,1.13163077227258
0.849422429665968,1.13163077227258
0.849422429665968,1.13163077227258
0.852596268694345,1.13163077227258
0.852596268694345,1.13163077227258
0.852596268694345,1.13163077227258
0.852596268694345,1.13163077227258
0.852596268694345,1.09484778275222
0.758458674875457,1.09484778275222
0.758458674875457,1.09484778275222
0.758458674875457,1.09484778275222
0.758458674875457,1.09484778275222
0.944063830207538,1.09484778275222
0.944063830207538,1.09484778275222
0.944063830207538,1.09484778275222
0.944063830207538,1.09484778275222
0.944063830207538,1.09484778275222
0.944063830207538,1.09484778275222
0.944063830207538,1.09484778275222
0.944063830207538,1.09484778275222
0.944063830207538,1.09484778275222
0.944063830207538,1.09484778275222
0.944063830207538,1.09484778275222
0.944063830207538,1.09484778275222
0.944063830207538,1.09484778275222
0.944063830207538,1.17375836607864
0.944063830207538,1.17375836607864
0.944063830207538,1.17375836607864
0.944063830207538,1.17375836607864
0.944063830207538,1.14501275833171
0.944063830207538,1.14501275833171
0.944063830207538,1.14501275833171
0.944063830207538,1.14501275833171
0.944063830207538,1.14501275833171
0.944063830207538,1.14501275833171
0.944063830207538,1.14501275833171
0.846598583138065,1.14501275833171
0.810620704732244,0.985439997879757
0.810620704732244,0.985439997879757
0.982351784281592,0.985439997879757
0.982351784281592,0.985439997879757
0.982351784281592,0.985439997879757
0.982351784281592,1.11655909945215
0.829520915363811,1.11655909945215
0.829520915363811,1.11655909945215
0.829520915363811,1.11655909945215
0.829520915363811,1.11655909945215
0.829520915363811,1.11655909945215
0.829520915363811,1.11655909945215
0.829520915363811,0.969690912508983
0.829520915363811,1.34218454189171
0.829520915363811,1.34218454189171
0.829520915363811,0.875939188481885
0.829520915363811,0.875939188481885
0.829520915363811,0.875939188481885
0.829520915363811,0.890393617630386
0.908410571518895,1.14947939102939
0.930367351382025,1.20764535476772
0.930367351382025,1.38442775456294
0.930367351382025,1.38442775456294
0.930367351382025,1.38442775456294
0.930367351382025,1.38442775456294
0.930367351382025,1.38442775456294
0.930367351382025,1.2306169880318
0.885472699165116,1.2306169880318
0.885472699165116,1.2306169880318
0.885472699165116,1.2306169880318
0.885472699165116,1.2306169880318
0.885472699165116,1.2306169880318
0.885472699165116,1.2306169880318
0.885472699165116,1.2306169880318
0.885472699165116,1.2306169880318
0.885472699165116,1.2306169880318
0.885472699165116,1.2306169880318
0.885472699165116,1.2306169880318
0.885472699165116,1.2306169880318
0.93181576408395,1.2306169880318
0.93181576408395,1.2306169880318
0.93181576408395,1.2306169880318
0.93181576408395,1.2306169880318
0.93181576408395,1.2306169880318
0.93181576408395,1.2306169880318
0.93181576408395,1.36873579506884
0.93181576408395,1.36873579506884
0.959037205159912,1.36873579506884
0.959037205159912,1.36873579506884
0.959037205159912,1.36873579506884
0.959037205159912,1.36873579506884
0.959037205159912,1.36873579506884
0.959037205159912,1.36873579506884
0.861681131960339,1.23202681933777
0.861681131960339,1.23202681933777
0.861681131960339,1.23202681933777
0.861681131960339,1.23202681933777
0.861681131960339,1.23202681933777
0.861681131960339,1.23202681933777
0.861681131960339,1.23202681933777
0.861681131960339,1.23202681933777
0.861681131960339,1.00262197983465
0.861681131960339,1.00262197983465
0.861681131960339,1.00262197983465
0.861681131960339,1.00262197983465
0.861681131960339,1.00262197983465
0.861681131960339,1.00262197983465
0.988635898157866,1.00262197983465
0.988635898157866,1.00262197983465
0.988635898157866,1.00262197983465
0.988635898157866,1.27968473134541
0.988635898157866,1.27968473134541
0.988635898157866,1.27968473134541
0.988635898157866,1.27968473134541
0.988635898157866,1.27968473134541
0.988635898157866,1.09600720387289
0.988635898157866,1.09600720387289
0.988635898157866,1.09600720387289
0.988635898157866,1.09600720387289
0.988635898157866,1.09600720387289
0.988635898157866,1.09600720387289
0.820855067384461,1.09600720387289
0.820855067384461,1.09600720387289
0.820855067384461,1.09600720387289
0.820855067384461,1.09600720387289
0.820855067384461,1.09600720387289
0.820855067384461,1.09600720387289
0.820855067384461,1.07877148158256
0.820855067384461,1.07877148158256
0.820855067384461,1.07877148158256
0.820855067384461,1.10646630077656
0.820855067384461,1.10646630077656
0.820855067384461,1.10646630077656
0.820855067384461,1.10646630077656
0.820855067384461,1.10646630077656
0.820855067384461,1.10646630077656
0.820855067384461,1.10646630077656
0.820855067384461,1.10646630077656
0.820855067384461,1.10646630077656
0.820855067384461,1.10646630077656
1.01898552273044,1.10646630077656
1.01898552273044,1.17182677641681
1.01898552273044,1.17182677641681
0.87869405404601,1.17182677641681
0.87869405404601,1.17182677641681
0.758921031191296,1.22918264916062
0.758921031191296,1.22918264916062
0.758921031191296,1.22918264916062
0.758921031191296,1.22918264916062
0.758921031191296,1.22918264916062
0.758921031191296,1.22918264916062
0.758921031191296,1.22918264916062
0.758921031191296,1.22918264916062
0.758921031191296,1.22918264916062
0.758921031191296,1.22918264916062
0.758921031191296,1.22918264916062
0.758921031191296,1.22918264916062
0.758921031191296,1.22918264916062
0.758921031191296,1.22918264916062
0.758921031191296,1.22918264916062
1.03758771187693,1.22918264916062
1.03758771187693,1.22918264916062
1.03758771187693,1.22918264916062
1.03758771187693,1.22918264916062
1.03758771187693,1.22918264916062
1.03758771187693,1.2177290993583
1.03758771187693,1.2177290993583
1.03758771187693,1.2177290993583
1.03758771187693,1.2177290993583
1.03758771187693,1.2177290993583
1.03758771187693,1.2177290993583
1.03758771187693,1.2177290993583
1.03758771187693,1.2177290993583
1.03758771187693,1.2177290993583
1.03758771187693,1.2177290993583
1.03758771187693,1.2177290993583
1.03758771187693,1.2177290993583
1.03758771187693,1.2177290993583
1.03758771187693,1.2177290993583
1.03758771187693,1.36580526754943
1.03758771187693,1.36580526754943
1.03758771187693,1.36580526754943
1.03758771187693,1.36580526754943
1.03758771187693,1.36580526754943
1.03758771187693,1.44661460558879
1.03758771187693,1.44661460558879
1.03758771187693,1.44661460558879
0.748134368500826,1.44661460558879
0.960866767110703,1.44661460558879
0.960866767110703,1.15329488071013
0.960866767110703,1.15329488071013
0.960866767110703,1.15329488071013
0.960866767110703,1.15329488071013
0.960866767110703,1.15329488071013
0.960866767110703,1.15329488071013
0.960866767110703,1.15329488071013
0.960866767110703,1.15329488071013
0.960866767110703,1.15329488071013
0.960866767110703,1.19567523176548
0.960866767110703,1.16995931619588
0.796708400769761,1.16995931619588
0.816625887476645,1.16995931619588
0.816625887476645,1.16995931619588
0.816625887476645,1.16995931619588
0.816625887476645,1.16995931619588
0.816625887476645,1.16995931619588
0.922202747954957,1.16995931619588
0.922202747954957,1.16995931619588
0.922202747954957,1.16995931619588
0.922202747954957,1.16995931619588
0.922202747954957,1.16995931619588
0.922202747954957,1.16995931619588
0.922202747954957,1.16995931619588
0.8529342359308,1.16995931619588
0.8529342359308,1.16995931619588
0.8529342359308,1.16995931619588
0.728434937650181,1.16995931619588
0.893454237427304,1.16995931619588
0.893454237427304,1.16995931619588
0.893454237427304,1.16995931619588
0.893454237427304,1.16995931619588
0.893454237427304,1.16995931619588
0.893454237427304,1.16995931619588
0.893454237427304,1.16995931619588
0.893454237427304,1.16995931619588
0.893454237427304,1.16995931619588
0.893454237427304,1.16995931619588
0.893454237427304,1.16995931619588
0.893454237427304,1.16995931619588
0.912029956273493,1.16995931619588
0.912029956273493,1.16995931619588
0.912029956273493,1.16995931619588
0.912029956273493,1.16995931619588
0.912029956273493,1.16995931619588
0.912029956273493,1.25257175656415
0.912029956273493,1.25257175656415
0.912029956273493,1.25257175656415
0.912029956273493,1.25257175656415
0.912029956273493,1.25257175656415
0.912029956273493,1.25257175656415
0.912029956273493,1.25257175656415
0.912029956273493,1.25257175656415
0.912029956273493,1.25257175656415
0.912029956273493,1.25257175656415
0.92929601336455,1.25257175656415
0.896297272178871,1.25257175656415
0.896297272178871,1.25257175656415
0.896297272178871,1.25257175656415
0.896297272178871,1.25257175656415
0.896297272178871,1.25257175656415
0.896297272178871,1.25257175656415
0.896297272178871,1.15814891274384
0.896297272178871,1.15814891274384
0.896297272178871,1.15814891274384
0.896297272178871,1.15814891274384
0.896297272178871,1.15814891274384
0.896297272178871,1.15915972439561
0.896297272178871,1.15915972439561
0.896297272178871,1.15915972439561
0.896297272178871,1.27271794358134
0.896297272178871,1.27271794358134
0.896297272178871,1.27271794358134
0.896297272178871,1.27271794358134
0.896297272178871,1.27271794358134
0.896297272178871,1.27271794358134
0.896297272178871,1.27271794358134
0.896297272178871,1.27271794358134
0.896297272178871,1.27271794358134
0.896297272178871,1.27271794358134
0.896297272178871,1.27271794358134
0.896297272178871,1.27271794358134
0.896297272178871,1.27271794358134
0.896297272178871,1.27271794358134
0.896297272178871,1.27271794358134
0.896297272178871,1.27271794358134
0.896297272178871,1.27271794358134
0.896297272178871,1.27271794358134
0.896297272178871,1.27271794358134
0.896297272178871,1.03329373904826
0.896297272178871,1.03329373904826
0.896297272178871,1.03329373904826
0.896297272178871,1.03329373904826
0.896297272178871,1.03329373904826
0.896297272178871,1.03329373904826
0.896297272178871,1.03329373904826
0.896297272178871,1.03329373904826
0.896297272178871,1.03329373904826
0.896297272178871,0.916744332402127
0.896297272178871,1.24387028627066
0.896297272178871,1.24387028627066
0.896297272178871,1.24387028627066
0.896297272178871,1.24387028627066
0.896297272178871,1.24387028627066
0.896297272178871,1.24387028627066
0.896297272178871,1.24387028627066
0.896297272178871,1.24387028627066
0.896297272178871,1.24387028627066
0.896297272178871,1.24387028627066
0.896297272178871,1.24387028627066
0.896297272178871,1.24387028627066
0.896297272178871,1.24387028627066
0.896297272178871,1.24387028627066
0.896297272178871,1.24387028627066
0.896297272178871,1.24387028627066
0.895801926152156,1.24387028627066
0.895801926152156,1.24387028627066
0.895801926152156,1.24387028627066
0.895801926152156,1.31159820909017
0.895801926152156,1.6094877713261
0.895801926152156,1.6094877713261
0.895801926152156,1.6094877713261
0.895801926152156,1.38022382286815
0.895801926152156,1.38022382286815
0.895801926152156,1.3184869689461
0.895801926152156,1.3184869689461
0.895801926152156,1.3184869689461
0.895801926152156,1.3184869689461
0.895801926152156,1.3184869689461
0.895801926152156,1.3184869689461
0.895801926152156,1.3184869689461
0.895801926152156,1.3184869689461
0.895801926152156,1.3184869689461
0.895801926152156,1.3184869689461
0.895801926152156,1.3184869689461
0.974638037985947,1.07417815723704
0.974638037985947,1.07417815723704
0.974638037985947,1.26692657387255
0.974638037985947,1.26692657387255
0.974638037985947,1.26692657387255
0.974638037985947,1.26692657387255
0.974638037985947,1.26692657387255
0.974638037985947,1.26692657387255
0.974638037985947,1.26692657387255
0.974638037985947,1.26692657387255
0.974638037985947,1.26692657387255
0.974638037985947,1.33185811553518
0.974638037985947,1.33185811553518
0.974638037985947,1.33185811553518
0.974638037985947,1.33185811553518
0.77824190337546,1.33185811553518
0.77824190337546,1.33185811553518
0.77824190337546,1.33185811553518
0.77824190337546,1.33185811553518
0.77824190337546,1.33185811553518
0.77824190337546,1.33185811553518
0.77824190337546,1.33185811553518
0.77824190337546,1.33185811553518
0.77824190337546,1.33185811553518
0.77824190337546,1.33185811553518
0.77824190337546,1.33185811553518
0.77824190337546,1.27510887872343
0.77824190337546,1.27510887872343
0.77824190337546,1.27510887872343
0.77824190337546,1.27510887872343
0.77824190337546,1.27510887872343
0.77824190337546,1.27510887872343
0.77824190337546,1.27510887872343
0.77824190337546,1.27510887872343
0.77824190337546,1.60953679192245
0.77824190337546,1.50108486459114
0.77824190337546,1.50108486459114
0.77824190337546,1.50768225313555
0.668738088884112,1.50768225313555
0.668738088884112,1.50768225313555
0.699969232426799,1.50768225313555
0.699969232426799,1.50768225313555
0.699969232426799,1.50768225313555
0.699969232426799,1.50768225313555
0.699969232426799,1.50768225313555
0.699969232426799,1.50768225313555
0.699969232426799,1.50768225313555
0.699969232426799,1.50768225313555
0.699969232426799,1.50768225313555
0.699969232426799,1.50768225313555
0.810360747952993,1.50768225313555
0.810360747952993,1.50768225313555
0.810360747952993,1.50768225313555
0.810360747952993,1.50768225313555
0.810360747952993,1.50768225313555
0.810360747952993,1.50768225313555
0.810360747952993,1.31513271903738
0.810360747952993,1.31513271903738
0.810360747952993,1.31513271903738
0.810360747952993,1.31513271903738
0.810360747952993,1.31513271903738
0.810360747952993,1.31513271903738
0.702384423252376,1.31513271903738
0.702384423252376,1.31513271903738
0.702384423252376,1.31513271903738
0.702384423252376,1.31513271903738
0.702384423252376,1.31513271903738
0.702384423252376,1.31513271903738
0.737936843302356,1.31513271903738
0.737936843302356,1.31513271903738
0.737936843302356,1.31513271903738
0.737936843302356,1.31513271903738
0.737936843302356,1.31513271903738
0.737936843302356,1.31513271903738
0.737936843302356,1.52533757555803
0.651077624101793,1.52533757555803
0.651077624101793,1.52533757555803
0.651077624101793,1.52533757555803
0.651077624101793,1.52533757555803
0.651077624101793,1.5700332935204
0.651077624101793,1.27851681722924
0.651077624101793,1.27851681722924
0.651077624101793,1.27851681722924
0.651077624101793,1.27851681722924
0.651077624101793,1.27851681722924
0.651077624101793,1.33575004094091
0.651077624101793,1.33575004094091
0.651077624101793,1.33575004094091
0.651077624101793,1.33575004094091
0.85072063241202,1.33575004094091
0.85072063241202,1.33575004094091
0.85072063241202,1.33575004094091
0.85072063241202,1.33575004094091
0.85072063241202,1.33575004094091
0.85072063241202,1.40958776759736
0.760748282528708,1.40958776759736
0.760748282528708,1.40958776759736
0.847997411240952,1.40958776759736
0.847997411240952,1.40958776759736
0.847997411240952,1.40958776759736
0.902532412521914,1.40958776759736
0.902532412521914,1.40958776759736
0.902532412521914,1.40958776759736
0.902532412521914,1.40958776759736
0.902532412521914,1.40958776759736
0.932511196888524,1.40958776759736
0.932511196888524,1.40958776759736
0.932511196888524,1.40958776759736
0.932511196888524,1.40958776759736
0.932511196888524,1.40958776759736
0.932511196888524,1.40958776759736
0.932511196888524,1.40958776759736
0.932511196888524,1.40958776759736
0.932511196888524,1.40958776759736
0.932511196888524,1.40958776759736
0.932511196888524,1.30664370066672
0.932511196888524,1.29269671828772
0.932511196888524,1.29269671828772
0.932511196888524,1.29269671828772
0.932511196888524,1.04785126075259
0.932511196888524,1.04785126075259
0.932511196888524,1.04785126075259
0.932511196888524,1.04785126075259
0.932511196888524,1.04785126075259
0.746094613640408,1.04785126075259
0.746094613640408,1.54628047816504
0.815759839790571,1.54628047816504
0.862518198002406,1.54628047816504
0.862518198002406,1.54628047816504
0.862518198002406,1.54628047816504
0.862518198002406,1.54628047816504
0.862518198002406,1.5215025195895
0.862518198002406,1.5215025195895
0.862518198002406,1.53981494789983
0.862518198002406,1.53981494789983
0.862518198002406,1.53981494789983
0.862518198002406,1.53981494789983
0.862518198002406,1.53981494789983
0.869241218049409,1.53981494789983
0.869241218049409,1.53981494789983
0.869241218049409,1.53981494789983
0.869241218049409,1.53981494789983
0.684570260132153,1.53981494789983
0.684570260132153,1.53981494789983
0.684570260132153,1.53981494789983
0.684570260132153,1.53981494789983
0.762735931815327,1.53981494789983
0.762735931815327,1.53981494789983
0.762735931815327,1.53981494789983
0.762735931815327,1.53981494789983
0.762735931815327,1.53376574582169
0.762735931815327,1.53376574582169
0.724814022131876,1.53376574582169
0.724814022131876,1.56226814216428
0.724814022131876,1.56226814216428
0.724814022131876,1.56226814216428
0.724814022131876,1.56226814216428
0.724814022131876,1.56226814216428
0.724814022131876,1.56226814216428
0.724814022131876,1.56226814216428
0.724814022131876,1.42652471641841
0.96963956717642,1.71466995905797
0.96963956717642,1.71466995905797
0.96963956717642,1.71466995905797
0.96963956717642,1.71466995905797
0.96963956717642,1.71466995905797
0.96963956717642,1.71466995905797
0.96963956717642,1.71466995905797
0.96963956717642,1.54888122573735
0.96963956717642,1.54888122573735
0.764683657507022,1.43374681573288
0.764683657507022,1.43374681573288
0.764683657507022,1.43374681573288
0.764683657507022,1.43374681573288
0.764683657507022,1.43374681573288
0.764683657507022,1.43374681573288
0.764683657507022,1.43374681573288
0.764683657507022,1.43374681573288
0.764683657507022,1.43374681573288
0.764683657507022,1.43374681573288
0.764683657507022,1.43374681573288
0.764683657507022,1.43374681573288
0.761753521763045,1.43374681573288
0.761753521763045,1.43374681573288
0.761753521763045,1.43374681573288
0.761753521763045,1.43374681573288
0.761753521763045,1.23777203666245
0.761753521763045,1.23777203666245
0.761753521763045,1.23777203666245
0.761753521763045,1.23777203666245
0.761753521763045,1.23777203666245
0.761753521763045,1.24142597111308
0.761753521763045,1.24142597111308
0.761753521763045,1.24142597111308
0.761753521763045,1.24142597111308
0.761753521763045,1.47840015486838
0.761753521763045,1.47840015486838
0.761753521763045,1.1030331117772
0.761753521763045,1.1030331117772
0.761753521763045,1.39989916253103
0.761753521763045,1.39989916253103
0.761753521763045,1.39989916253103
0.761753521763045,1.30266797927819
0.761753521763045,1.30266797927819
0.850034801879051,1.30266797927819
0.850034801879051,1.30266797927819
0.850034801879051,1.30266797927819
0.850034801879051,1.30266797927819
0.850034801879051,1.30266797927819
0.850034801879051,1.30266797927819
0.850034801879051,1.30266797927819
0.850034801879051,1.30266797927819
0.850034801879051,1.20427497335036
0.850034801879051,1.20427497335036
0.850034801879051,1.20427497335036
0.850034801879051,1.20427497335036
0.850034801879051,1.20427497335036
0.850034801879051,1.20427497335036
0.850034801879051,1.20427497335036
0.850034801879051,1.20427497335036
0.850034801879051,1.20427497335036
0.878724925238367,1.20427497335036
0.878724925238367,1.20427497335036
0.878724925238367,1.20427497335036
0.878724925238367,1.20427497335036
0.886298318531432,1.49423425392861
0.886298318531432,1.49423425392861
0.886298318531432,1.49423425392861
0.886298318531432,1.49423425392861
0.7238729734825,1.34983317685948
0.7238729734825,1.34983317685948
0.7238729734825,1.34983317685948
0.7238729734825,1.34983317685948
0.7238729734825,1.34983317685948
0.7238729734825,1.34983317685948
0.7238729734825,1.34983317685948
0.75639171552541,1.34983317685948
0.75639171552541,1.34983317685948
0.75639171552541,1.34983317685948
0.75639171552541,1.34983317685948
0.75639171552541,1.34983317685948
0.75639171552541,1.34983317685948
0.75639171552541,1.34983317685948
0.75639171552541,1.06554576582573
0.75639171552541,1.06554576582573
0.75639171552541,1.06554576582573
0.829560952013652,1.06554576582573
0.829560952013652,1.06554576582573
0.829560952013652,1.06554576582573
0.829560952013652,1.06554576582573
0.829560952013652,1.06554576582573
0.829560952013652,1.06554576582573
0.829560952013652,1.14341206937236
0.829560952013652,1.14341206937236
0.829560952013652,1.34035011932991
0.829560952013652,1.05478408335867
0.829560952013652,1.05478408335867
0.829560952013652,1.05478408335867
0.829560952013652,1.05478408335867
0.829560952013652,1.05478408335867
0.829560952013652,1.05478408335867
0.829560952013652,1.05478408335867
0.829560952013652,1.05478408335867
0.829560952013652,1.14744347296309
0.829560952013652,1.02642253102964
0.829560952013652,1.02642253102964
0.829560952013652,1.02642253102964
0.829560952013652,1.02642253102964
0.829560952013652,1.02642253102964
0.829560952013652,1.02642253102964
0.829560952013652,1.02642253102964
0.829560952013652,1.02642253102964
0.829560952013652,1.02642253102964
0.829560952013652,1.02642253102964
0.829560952013652,1.02642253102964
0.829560952013652,1.02642253102964
0.829560952013652,1.17940719701522
0.829560952013652,1.17940719701522
0.829560952013652,1.17940719701522
0.829560952013652,1.17940719701522
0.829560952013652,1.17940719701522
0.829560952013652,1.17940719701522
0.829560952013652,1.17940719701522
0.829560952013652,1.17940719701522
0.829560952013652,1.17940719701522
0.829560952013652,1.17940719701522
0.829560952013652,1.29833685359606
0.829560952013652,1.29833685359606
0.829560952013652,1.29833685359606
0.829560952013652,1.29833685359606
0.829560952013652,1.2847001350361
0.829560952013652,1.2847001350361
0.829560952013652,1.2847001350361
0.829560952013652,1.2847001350361
0.829560952013652,1.54065419052741
0.829560952013652,1.54065419052741
0.829560952013652,1.54065419052741
0.829560952013652,1.54065419052741
0.829560952013652,1.54065419052741
0.829560952013652,1.54065419052741
0.829560952013652,1.05701844706959
0.829560952013652,1.05701844706959
0.829560952013652,1.05701844706959
0.829560952013652,1.05701844706959
0.829560952013652,1.05701844706959
0.829560952013652,1.1405234954179
0.829560952013652,1.1405234954179
0.829560952013652,1.1405234954179
0.829560952013652,1.1405234954179
0.829560952013652,1.1405234954179
0.829560952013652,1.1405234954179
0.829560952013652,1.1405234954179
1.01199886149035,1.1405234954179
1.01199886149035,1.1405234954179
1.01199886149035,1.1405234954179
1.01199886149035,1.1405234954179
0.700626072457179,1.1405234954179
0.700626072457179,1.1405234954179
0.700626072457179,1.1405234954179
0.700626072457179,1.1405234954179
0.700626072457179,1.1405234954179
0.772483148712999,1.1405234954179
0.772483148712999,1.1405234954179
0.772483148712999,1.1405234954179
0.795076666622947,1.1405234954179
0.896647723574851,1.1405234954179
0.896647723574851,1.1405234954179
0.896647723574851,1.1405234954179
0.896647723574851,1.1405234954179
0.896647723574851,1.1405234954179
0.896647723574851,1.1405234954179
0.896647723574851,1.1405234954179
0.896647723574851,1.1405234954179
0.896647723574851,1.1405234954179
0.896647723574851,1.1405234954179
0.896647723574851,1.1405234954179
0.896647723574851,1.1405234954179
0.896647723574851,1.1405234954179
0.937898484538923,1.1405234954179
0.937898484538923,1.1405234954179
0.937898484538923,1.1405234954179
0.937898484538923,1.1405234954179
0.937898484538923,1.1405234954179
0.937898484538923,1.1405234954179
0.937898484538923,1.1405234954179
0.937898484538923,1.1405234954179
0.937898484538923,1.21567666900908
0.937898484538923,1.21567666900908
0.937898484538923,1.21567666900908
0.937898484538923,1.21567666900908
0.937898484538923,1.21567666900908
0.937898484538923,1.21567666900908
0.937898484538923,1.21567666900908
0.937898484538923,1.21567666900908
0.937898484538923,1.21567666900908
0.937898484538923,1.21567666900908
0.937898484538923,1.21567666900908
0.937898484538923,1.21567666900908
0.937898484538923,1.28487827373571
0.937898484538923,1.28487827373571
0.937898484538923,1.28487827373571
0.937898484538923,1.28487827373571
0.937898484538923,1.28487827373571
0.937898484538923,1.28487827373571
0.937898484538923,1.28487827373571
0.937898484538923,1.28487827373571
0.937898484538923,1.28487827373571
0.937898484538923,1.28487827373571
0.937898484538923,1.28487827373571
0.913723615653192,1.28487827373571
0.913723615653192,1.28487827373571
0.919956781985783,1.28487827373571
0.919956781985783,1.28487827373571
0.919956781985783,1.13438441935855
0.919956781985783,1.13438441935855
0.919956781985783,1.13438441935855
0.919956781985783,1.13438441935855
0.919956781985783,1.13438441935855
0.919956781985783,1.13438441935855
0.919956781985783,1.13438441935855
0.919956781985783,1.13438441935855
0.919956781985783,1.13438441935855
0.919956781985783,1.13438441935855
0.785158911179558,1.13438441935855
0.785158911179558,1.13438441935855
0.785158911179558,1.17795883492622
0.785158911179558,1.17795883492622
0.789527590067533,1.17795883492622
0.789527590067533,1.17795883492622
0.789527590067533,1.17795883492622
0.789527590067533,1.17795883492622
0.789527590067533,1.17795883492622
0.789527590067533,1.17795883492622
0.789527590067533,1.17795883492622
0.789527590067533,1.17795883492622
0.789527590067533,1.17795883492622
0.789527590067533,1.17795883492622
0.789527590067533,1.46551676308109
0.789527590067533,1.46551676308109
0.789527590067533,1.46551676308109
0.789527590067533,1.46551676308109
0.789527590067533,1.37521174242972
0.789527590067533,1.37521174242972
0.789527590067533,1.37521174242972
0.789527590067533,1.37521174242972
0.789527590067533,1.37521174242972
0.789527590067533,1.37521174242972
0.789527590067533,1.37521174242972
0.789527590067533,1.37521174242972
0.789527590067533,1.37521174242972
0.789527590067533,1.37521174242972
0.789527590067533,1.37521174242972
0.789527590067533,1.53390450755508
0.789527590067533,1.53390450755508
0.789527590067533,1.53390450755508
0.789527590067533,1.45369811055455
0.789527590067533,1.45369811055455
0.789527590067533,1.45369811055455
0.789527590067533,1.45369811055455
0.789527590067533,1.45369811055455
0.789527590067533,1.45369811055455
0.789527590067533,1.45369811055455
0.789527590067533,1.45369811055455
0.741515172435241,1.45369811055455
0.741515172435241,1.45369811055455
0.86763072467961,1.45369811055455
0.86763072467961,1.45369811055455
0.86763072467961,1.45369811055455
0.955952523317864,1.24500479983272
0.955952523317864,1.24500479983272
0.955952523317864,1.24500479983272
0.955952523317864,1.24500479983272
0.955952523317864,1.24500479983272
0.955952523317864,1.24500479983272
0.871550517412654,1.24500479983272
0.871550517412654,1.24500479983272
0.871550517412654,1.24500479983272
0.871550517412654,1.24500479983272
0.871550517412654,1.24500479983272
0.871550517412654,1.24500479983272
0.871550517412654,1.24500479983272
0.871550517412654,1.24500479983272
0.832896809875628,1.24500479983272
0.832896809875628,1.24500479983272
0.832896809875628,1.24500479983272
0.832896809875628,1.24500479983272
0.832896809875628,1.24500479983272
0.8481693094166,1.24500479983272
0.8481693094166,1.24500479983272
0.8481693094166,1.24500479983272
0.8481693094166,1.24500479983272
0.8481693094166,1.24500479983272
0.8481693094166,1.24500479983272
0.8481693094166,1.24500479983272
0.8481693094166,1.24500479983272
0.8481693094166,1.24500479983272
0.8481693094166,1.24500479983272
0.8481693094166,1.24500479983272
0.8481693094166,1.24500479983272
0.8481693094166,1.24500479983272
0.8481693094166,1.24500479983272
0.8481693094166,1.16301004732249
0.8481693094166,1.16301004732249
0.8481693094166,1.16301004732249
0.8481693094166,1.16301004732249
0.8481693094166,1.16301004732249
0.8481693094166,1.16301004732249
0.8481693094166,1.16301004732249
0.8481693094166,1.16301004732249
0.8481693094166,1.16301004732249
0.8481693094166,1.16301004732249
0.935540678066045,1.16301004732249
0.935540678066045,1.16301004732249
0.935540678066045,1.16301004732249
0.935540678066045,1.16301004732249
0.935540678066045,1.16301004732249
0.935540678066045,1.16301004732249
0.935540678066045,1.16301004732249
0.935540678066045,1.16301004732249
0.935540678066045,1.16301004732249
0.935540678066045,1.16301004732249
0.935540678066045,1.16301004732249
0.935540678066045,1.16301004732249
0.935540678066045,1.16301004732249
0.935540678066045,1.04412018860236
0.935540678066045,1.04412018860236
0.935540678066045,1.04412018860236
0.935540678066045,1.04412018860236
0.935540678066045,1.04412018860236
0.935540678066045,1.04412018860236
0.935540678066045,1.04412018860236
0.935540678066045,1.04412018860236
0.935540678066045,1.04412018860236
0.935540678066045,1.04412018860236
0.935540678066045,1.04412018860236
0.952029575576093,1.04412018860236
0.952029575576093,1.04412018860236
0.952029575576093,1.04412018860236
0.914340658269773,1.04412018860236
0.914340658269773,1.04412018860236
0.914340658269773,1.30662321925455
0.914340658269773,1.30662321925455
0.914340658269773,1.33590466962964
0.914340658269773,1.33590466962964
0.914340658269773,1.33590466962964
0.914340658269773,1.33590466962964
0.914340658269773,1.33590466962964
0.914340658269773,1.33590466962964
0.914340658269773,1.33590466962964
0.914340658269773,1.33590466962964
0.914340658269773,1.33590466962964
0.835919380010649,1.33590466962964
0.835919380010649,1.33590466962964
0.755277393518942,1.33590466962964
1.031252713253,1.33590466962964
1.031252713253,1.33590466962964
1.031252713253,1.33590466962964
1.031252713253,1.33590466962964
1.031252713253,1.33590466962964
0.91878840820765,1.33590466962964
0.91878840820765,1.33590466962964
0.91878840820765,1.33590466962964
0.91878840820765,1.33590466962964
0.91878840820765,1.33590466962964
0.91878840820765,1.25222565499402
0.825077377738546,1.25222565499402
0.825077377738546,1.25222565499402
0.825077377738546,1.25222565499402
0.967087140406251,1.29010381431732
0.967087140406251,1.29010381431732
0.967087140406251,1.29010381431732
0.967087140406251,1.29010381431732
0.967087140406251,1.29010381431732
0.967087140406251,1.64098870167569
0.967087140406251,1.27070097700125
0.967087140406251,1.27070097700125
0.967087140406251,1.27070097700125
0.991798380225512,1.27070097700125
0.692638089331224,1.27070097700125
0.674932421082463,1.27070097700125
0.674932421082463,1.27070097700125
0.674932421082463,1.27070097700125
0.686449351461322,1.27070097700125
0.673433056709975,1.27070097700125
0.673433056709975,1.27070097700125
0.673433056709975,1.27070097700125
0.673433056709975,1.27070097700125
0.819168939831321,1.27070097700125
0.819168939831321,1.27070097700125
0.819168939831321,1.27070097700125
0.819168939831321,1.27070097700125
0.870367467299039,1.27070097700125
0.870367467299039,1.27070097700125
0.870367467299039,1.63521940805679
0.857873167920643,1.63521940805679
0.857873167920643,1.63521940805679
0.857873167920643,1.55560319054826
0.857873167920643,1.55560319054826
0.857873167920643,1.55560319054826
0.857873167920643,1.55560319054826
0.857873167920643,1.55560319054826
0.857873167920643,1.55560319054826
0.857873167920643,1.55560319054826
0.857873167920643,1.55560319054826
0.857873167920643,1.20711651303786
0.857873167920643,1.28577304778002
0.857873167920643,1.28577304778002
0.857873167920643,1.28577304778002
0.857873167920643,1.28577304778002
0.857873167920643,1.28577304778002
0.857873167920643,1.28577304778002
0.857873167920643,1.28577304778002
0.857873167920643,1.28577304778002
0.870198454520811,1.28577304778002
0.870198454520811,1.28577304778002
0.870198454520811,1.28577304778002
0.870198454520811,1.28577304778002
0.870198454520811,1.39804785100813
0.870198454520811,1.39804785100813
0.830122407649586,1.39804785100813
0.846030414685012,1.39804785100813
0.846030414685012,1.39804785100813
0.846030414685012,1.39804785100813
0.754080210263967,1.39804785100813
0.754080210263967,1.39804785100813
0.754080210263967,1.39804785100813
0.754080210263967,1.4478175973214
0.657873385315176,1.4478175973214
0.657873385315176,1.4478175973214
0.657873385315176,1.4478175973214
0.703178964703349,1.4478175973214
0.703178964703349,1.4478175973214
0.703178964703349,1.47190909537741
0.703178964703349,1.47190909537741
0.703178964703349,1.47190909537741
0.703178964703349,1.47190909537741
0.703178964703349,1.47190909537741
0.703178964703349,1.47190909537741
0.844681988124477,1.47190909537741
0.844681988124477,1.41678857922954
0.844681988124477,1.41678857922954
0.844681988124477,1.41678857922954
0.844681988124477,1.41678857922954
0.844681988124477,1.41678857922954
0.844681988124477,1.41678857922954
0.844681988124477,1.41678857922954
0.844681988124477,1.41678857922954
0.844681988124477,1.41678857922954
0.844681988124477,1.41678857922954
0.844681988124477,1.41678857922954
0.844681988124477,1.41678857922954
0.844681988124477,1.41678857922954
0.844681988124477,1.41678857922954
0.937408012007598,0.987542439460295
0.937408012007598,0.987542439460295
0.937408012007598,0.987542439460295
0.937408012007598,0.987542439460295
1.05150809904842,0.987542439460295
1.05150809904842,1.46451099105189
1.05150809904842,1.46451099105189
1.05150809904842,1.46451099105189
1.05150809904842,1.46451099105189
1.05150809904842,1.46451099105189
1.05150809904842,1.46451099105189
1.05150809904842,1.46451099105189
1.05150809904842,1.46451099105189
1.05150809904842,1.46451099105189
1.05150809904842,1.46451099105189
0.888516412822085,1.46451099105189
0.888516412822085,1.40409729751073
0.888516412822085,1.44196838985346
0.888516412822085,1.44196838985346
0.888516412822085,1.44196838985346
0.888516412822085,1.44196838985346
0.888516412822085,1.44196838985346
0.888516412822085,1.15646397676937
0.888516412822085,1.15646397676937
0.888516412822085,0.967969579693267
0.888516412822085,0.967969579693267
0.888516412822085,0.967969579693267
0.888516412822085,0.967969579693267
0.888516412822085,0.967969579693267
0.888516412822085,0.967969579693267
0.888516412822085,0.967969579693267
0.888516412822085,0.957220630401093
0.888516412822085,0.957220630401093
0.888516412822085,0.957220630401093
0.888516412822085,0.957220630401093
0.888516412822085,0.957220630401093
0.888516412822085,1.3610653315281
0.888516412822085,1.3610653315281
0.888516412822085,1.3610653315281
0.888516412822085,1.3610653315281
0.888516412822085,1.15412580117825
0.888516412822085,1.15412580117825
0.872500706853491,1.15412580117825
0.872500706853491,1.05231498473483
0.872500706853491,1.05231498473483
0.872500706853491,1.05231498473483
0.872500706853491,1.05231498473483
0.872500706853491,1.30906841293119
0.872500706853491,1.30823713483418
0.872500706853491,1.30823713483418
0.872500706853491,1.30823713483418
0.872500706853491,1.30823713483418
0.872500706853491,1.30823713483418
0.98809053950396,1.30823713483418
0.98809053950396,1.30823713483418
0.98809053950396,1.30823713483418
0.824497986615479,1.30823713483418
0.824497986615479,1.30823713483418
0.824497986615479,1.23527192183597
0.824497986615479,1.23527192183597
0.824497986615479,1.23527192183597
0.824497986615479,1.23527192183597
0.824497986615479,1.23527192183597
0.824497986615479,1.23527192183597
0.816940699795997,1.23527192183597
0.816940699795997,1.23527192183597
0.816940699795997,1.44809145805052
1.02604989875578,1.44809145805052
1.02604989875578,1.44809145805052
0.905726428968311,1.44809145805052
0.905726428968311,1.44809145805052
0.905726428968311,1.25677530623222
0.905726428968311,1.25677530623222
0.905726428968311,1.25677530623222
0.905726428968311,1.25677530623222
0.905726428968311,1.18275566201119
0.905726428968311,1.19951491700262
0.905726428968311,1.19951491700262
0.905726428968311,1.19951491700262
0.905726428968311,1.29986060498518
0.905726428968311,1.29986060498518
0.905726428968311,1.29986060498518
0.905726428968311,1.29986060498518
0.905726428968311,1.29986060498518
0.905726428968311,1.37590679759779
0.905726428968311,1.37590679759779
0.905726428968311,1.37590679759779
0.905726428968311,1.37590679759779
0.905726428968311,1.37590679759779
0.905726428968311,1.37590679759779
0.905726428968311,1.37590679759779
0.905726428968311,1.04515790747121
1.093335467918,1.04515790747121
1.093335467918,1.04515790747121
1.093335467918,1.04515790747121
1.093335467918,1.04515790747121
1.093335467918,1.04515790747121
1.093335467918,1.04515790747121
1.093335467918,1.04515790747121
1.093335467918,1.04515790747121
1.093335467918,1.04515790747121
1.093335467918,1.04515790747121
1.093335467918,1.04515790747121
1.093335467918,1.04515790747121
1.093335467918,1.04515790747121
1.093335467918,1.04515790747121
1.093335467918,1.04515790747121
1.093335467918,1.04515790747121
1.093335467918,1.32296977014672
1.093335467918,1.32296977014672
1.093335467918,1.18235483202727
1.093335467918,1.18235483202727
1.093335467918,1.18235483202727
1.093335467918,1.18235483202727
1.093335467918,1.18235483202727
1.093335467918,1.18235483202727
1.00105531859862,1.18235483202727
1.00105531859862,1.18235483202727
1.00105531859862,1.18235483202727
1.07590069792563,1.18235483202727
1.07590069792563,1.18235483202727
1.07590069792563,1.18235483202727
1.01136989805316,1.3862233304735
1.01136989805316,1.3862233304735
1.01136989805316,1.3862233304735
1.01136989805316,1.3862233304735
1.01136989805316,1.3862233304735
1.01136989805316,1.3862233304735
1.01136989805316,1.3862233304735
1.01136989805316,1.3862233304735
1.01136989805316,1.3862233304735
1.01136989805316,1.3862233304735
0.903286668896374,1.2430835266912
0.903286668896374,1.2430835266912
0.903286668896374,1.2430835266912
0.903286668896374,1.2430835266912
0.903286668896374,1.2430835266912
0.903286668896374,1.2430835266912
0.903286668896374,1.2430835266912
0.903286668896374,1.2430835266912
0.903286668896374,1.2430835266912
0.903286668896374,1.2430835266912
0.903286668896374,1.2430835266912
0.903286668896374,1.2430835266912
0.903286668896374,1.2430835266912
0.903286668896374,1.2430835266912
0.903286668896374,1.2430835266912
0.903286668896374,1.2430835266912
0.918264103891607,1.2430835266912
0.918264103891607,1.2430835266912
0.918264103891607,1.2430835266912
0.918264103891607,1.2430835266912
0.918264103891607,1.2430835266912
0.918264103891607,1.2430835266912
0.918264103891607,1.2430835266912
1.01935571094624,1.2430835266912
1.01935571094624,1.2430835266912
0.875448801718147,1.2430835266912
0.875448801718147,1.2430835266912
0.875448801718147,1.2430835266912
0.875448801718147,1.2430835266912
0.869932833851321,1.2430835266912
0.8498614290452,1.24172657465957
0.8498614290452,1.24172657465957
0.8498614290452,1.24172657465957
0.8498614290452,1.24172657465957
0.8498614290452,1.24172657465957
0.8498614290452,1.24172657465957
0.8498614290452,1.24172657465957
0.852318876665998,1.24172657465957
0.852318876665998,1.24172657465957
0.852318876665998,1.24172657465957
0.741711466627274,1.24172657465957
1.07619109809798,1.24172657465957
1.07619109809798,1.24172657465957
1.07619109809798,1.24172657465957
1.07619109809798,1.24172657465957
1.07619109809798,1.24172657465957
1.07619109809798,1.24172657465957
1.07619109809798,1.24172657465957
1.07619109809798,1.26527576428616
1.07619109809798,1.26527576428616
1.07619109809798,1.26527576428616
1.07619109809798,1.26527576428616
1.07619109809798,1.26527576428616
1.07619109809798,1.26527576428616
1.07619109809798,1.26527576428616
1.07619109809798,1.26527576428616
1.07619109809798,1.57444320713071
0.928982194581973,1.57444320713071
0.928982194581973,1.57444320713071
0.928982194581973,1.57444320713071
0.928982194581973,1.57444320713071
0.834898681124222,1.3120679540853
0.834898681124222,1.3120679540853
0.834898681124222,1.3120679540853
0.834898681124222,1.3120679540853
0.834898681124222,1.19236106803795
0.834898681124222,1.19236106803795
0.834898681124222,1.19236106803795
0.834898681124222,1.19236106803795
0.834898681124222,1.19236106803795
0.834898681124222,1.19236106803795
0.834898681124222,1.0244825627829
0.834898681124222,1.0244825627829
0.834898681124222,1.30501966336924
0.834898681124222,1.23516056774771
0.834898681124222,1.23516056774771
0.834898681124222,1.23516056774771
0.834898681124222,1.23516056774771
0.834898681124222,1.23516056774771
0.834898681124222,1.23516056774771
0.834898681124222,1.23516056774771
0.856928710162134,1.23516056774771
0.856928710162134,1.23751370885883
0.856928710162134,1.23751370885883
0.856928710162134,1.23751370885883
0.856928710162134,1.23751370885883
0.856928710162134,1.23751370885883
0.856928710162134,1.23751370885883
0.736457332091506,1.23751370885883
0.736457332091506,1.23751370885883
0.736457332091506,1.23751370885883
0.736457332091506,1.23751370885883
0.736457332091506,1.23692355036525
0.736457332091506,1.24374814899403
0.736457332091506,1.24374814899403
0.736457332091506,1.24374814899403
0.96642160606467,1.24374814899403
0.96642160606467,1.24374814899403
0.96642160606467,1.24374814899403
0.96642160606467,1.24374814899403
0.96642160606467,1.24374814899403
0.96642160606467,1.24374814899403
0.96642160606467,1.24374814899403
0.96642160606467,1.24374814899403
0.96642160606467,1.24374814899403
0.96642160606467,1.24374814899403
0.96642160606467,1.28754458624676
0.96642160606467,1.28754458624676
0.96642160606467,1.28754458624676
0.842882134459795,1.28754458624676
0.842882134459795,1.28754458624676
0.842882134459795,1.28754458624676
0.775203949213987,1.28754458624676
0.775203949213987,1.28754458624676
0.775203949213987,1.28754458624676
0.775203949213987,1.28754458624676
0.901997585442152,1.28754458624676
0.901997585442152,1.28754458624676
0.901997585442152,1.28754458624676
0.901997585442152,1.28754458624676
0.901997585442152,1.28754458624676
0.901997585442152,1.28754458624676
0.901997585442152,1.28754458624676
0.885373710039161,1.28754458624676
0.885373710039161,1.28754458624676
0.885373710039161,1.28754458624676
0.885373710039161,1.43329056999095
0.885373710039161,1.43329056999095
0.9389105603511,1.43329056999095
0.9389105603511,1.43329056999095
0.9389105603511,1.43329056999095
0.9389105603511,1.43329056999095
0.9389105603511,1.43329056999095
0.9389105603511,1.40601931721627
0.9389105603511,1.40601931721627
0.9389105603511,1.40601931721627
0.9389105603511,1.40601931721627
0.9389105603511,1.40601931721627
0.9389105603511,1.40601931721627
0.9389105603511,1.41847531124949
0.940509556101567,1.41847531124949
0.940509556101567,1.28582008867508
0.940509556101567,1.28582008867508
0.940509556101567,1.28582008867508
0.940509556101567,1.28582008867508
0.940509556101567,1.28582008867508
0.940509556101567,1.28582008867508
0.940509556101567,1.28582008867508
0.940509556101567,1.28582008867508
0.940509556101567,1.28582008867508
0.940509556101567,1.28582008867508
0.940509556101567,1.30301739971319
0.940509556101567,1.30301739971319
0.940509556101567,1.30301739971319
0.940509556101567,1.30301739971319
0.940509556101567,1.30301739971319
0.940509556101567,1.30301739971319
0.940509556101567,1.30301739971319
0.940509556101567,1.30301739971319
0.940509556101567,1.30301739971319
0.940509556101567,1.30301739971319
0.940509556101567,1.30301739971319
0.940509556101567,1.30301739971319
0.940509556101567,1.32961243433799
0.940509556101567,1.32961243433799
0.940509556101567,1.32961243433799
0.940509556101567,1.32961243433799
0.940509556101567,1.32961243433799
0.940509556101567,1.32961243433799
0.940509556101567,1.35538385497989
0.940509556101567,1.35538385497989
0.940509556101567,1.35538385497989
0.940509556101567,1.35538385497989
0.940509556101567,1.35538385497989
0.940509556101567,1.35538385497989
0.940509556101567,1.35538385497989
0.940509556101567,1.35538385497989
0.940509556101567,1.35538385497989
0.940509556101567,1.35538385497989
0.940509556101567,1.35538385497989
0.940509556101567,1.35538385497989
0.940509556101567,1.35538385497989
0.940509556101567,1.35538385497989
0.940509556101567,1.35538385497989
0.940509556101567,1.35538385497989
0.940509556101567,1.35538385497989
0.940509556101567,1.35538385497989
0.940509556101567,1.35538385497989
0.940509556101567,1.35538385497989
0.940509556101567,1.35538385497989
0.940509556101567,1.35538385497989
0.940509556101567,1.23971995846426
0.940509556101567,1.23971995846426
0.940509556101567,1.23971995846426
0.936612149206225,1.23971995846426
0.936612149206225,1.23971995846426
0.936612149206225,1.23971995846426
0.936612149206225,1.23971995846426
0.936612149206225,1.23971995846426
0.936612149206225,1.23971995846426
0.936612149206225,1.23971995846426
0.962448788579402,1.23971995846426
0.962448788579402,1.23971995846426
0.962448788579402,1.23971995846426
0.962448788579402,1.23971995846426
0.962448788579402,1.23971995846426
0.962448788579402,1.23971995846426
0.962448788579402,1.23971995846426
0.962448788579402,1.23971995846426
0.962448788579402,1.10717293116052
0.989255662884019,1.10717293116052
0.989255662884019,1.10717293116052
0.989255662884019,1.10717293116052
0.989255662884019,1.10717293116052
0.989255662884019,1.10717293116052
0.989255662884019,1.10717293116052
0.989255662884019,1.10717293116052
0.989255662884019,1.10717293116052
0.989255662884019,1.10717293116052
0.989255662884019,1.10717293116052
0.989255662884019,1.10717293116052
0.989255662884019,1.10717293116052
0.989255662884019,1.10717293116052
0.989255662884019,1.10717293116052
0.989255662884019,1.10717293116052
0.937883595425209,1.10717293116052
0.937883595425209,1.10717293116052
0.937883595425209,1.10717293116052
0.937883595425209,1.10717293116052
0.937883595425209,1.10717293116052
1.08027883222241,1.10717293116052
1.08027883222241,1.10717293116052
1.08027883222241,1.10717293116052
1.08027883222241,1.10717293116052
1.08027883222241,1.10717293116052
1.08027883222241,1.10717293116052
1.08027883222241,1.10717293116052
1.08027883222241,1.10717293116052
1.08027883222241,1.10717293116052
1.08027883222241,1.35046224629687
1.08027883222241,1.35046224629687
0.734889140916061,1.35046224629687
0.734889140916061,1.35046224629687
0.734889140916061,1.35046224629687
0.734889140916061,1.35046224629687
0.734889140916061,1.35046224629687
0.734889140916061,1.35046224629687
0.734889140916061,1.35046224629687
0.734889140916061,1.35046224629687
0.734889140916061,1.35046224629687
0.822060874380842,1.35046224629687
0.822060874380842,1.35046224629687
0.822060874380842,1.35046224629687
0.822060874380842,1.35046224629687
0.822060874380842,1.35046224629687
0.822060874380842,1.35046224629687
0.822060874380842,1.35046224629687
0.822060874380842,1.35046224629687
0.822060874380842,1.2278929986588
0.822060874380842,1.2278929986588
0.822060874380842,1.2278929986588
0.822060874380842,1.2278929986588
0.822060874380842,1.2278929986588
0.822060874380842,1.2278929986588
0.822060874380842,1.2278929986588
0.822060874380842,1.2278929986588
0.822060874380842,1.2278929986588
0.822060874380842,1.2278929986588
0.838185011620119,1.2278929986588
0.838185011620119,1.2278929986588
0.930075029520045,1.2278929986588
0.930075029520045,1.43549068504384
0.930075029520045,1.14177239804183
0.930075029520045,1.12713056411821
0.930075029520045,1.26201066261377
0.930075029520045,1.03275494432084
0.930075029520045,1.03275494432084
0.930075029520045,1.03275494432084
0.930075029520045,1.03275494432084
0.930075029520045,1.03275494432084
0.930075029520045,1.03275494432084
0.930075029520045,1.03275494432084
0.930075029520045,1.03275494432084
0.930075029520045,1.03275494432084
0.930075029520045,1.03275494432084
0.930075029520045,1.03275494432084
0.930075029520045,1.03275494432084
0.930075029520045,1.03275494432084
0.930075029520045,1.03275494432084
0.930075029520045,1.03275494432084
0.930075029520045,1.03275494432084
0.930075029520045,1.03275494432084
0.847301668629034,1.03275494432084
0.847301668629034,1.01865795242832
0.847301668629034,1.06575750796257
0.847301668629034,1.06575750796257
0.847301668629034,1.06575750796257
0.847301668629034,1.06575750796257
0.847301668629034,1.06575750796257
0.847301668629034,1.06575750796257
0.847301668629034,1.06575750796257
0.847301668629034,1.06575750796257
0.847301668629034,1.06575750796257
0.847301668629034,1.06575750796257
0.847301668629034,1.06575750796257
0.847301668629034,1.06575750796257
0.847301668629034,1.06575750796257
0.8369382871597,1.06575750796257
0.8369382871597,1.06575750796257
0.8369382871597,1.06575750796257
0.8369382871597,1.06575750796257
0.8369382871597,1.06575750796257
1.0141845172326,1.06575750796257
1.0141845172326,1.06575750796257
1.0141845172326,1.06575750796257
1.0141845172326,1.06575750796257
1.0141845172326,1.06575750796257
1.0141845172326,1.06575750796257
1.0141845172326,1.06575750796257
1.0141845172326,1.06575750796257
1.0141845172326,1.06575750796257
1.0141845172326,1.06575750796257
1.0141845172326,1.06575750796257
1.0141845172326,1.06575750796257
1.0141845172326,1.24624689603646
1.0141845172326,1.24624689603646
1.0141845172326,1.24624689603646
1.0141845172326,1.24624689603646
1.0141845172326,1.24624689603646
1.0141845172326,1.24624689603646
1.0141845172326,1.24624689603646
1.0141845172326,1.24624689603646
1.0141845172326,1.24624689603646
1.0141845172326,1.24624689603646
1.0141845172326,1.24624689603646
1.0141845172326,1.24624689603646
1.0141845172326,1.26912316562049
1.0141845172326,1.26912316562049
1.0141845172326,1.26912316562049
1.0141845172326,1.26912316562049
1.0141845172326,1.26912316562049
1.0141845172326,1.26912316562049
1.0141845172326,1.26912316562049
0.974273240735696,1.26912316562049
0.974273240735696,1.26912316562049
0.974273240735696,1.26912316562049
0.974273240735696,1.26912316562049
0.974273240735696,1.26912316562049
0.974273240735696,1.02725331369266
0.974273240735696,1.02725331369266
0.974273240735696,1.02725331369266
0.974273240735696,1.02725331369266
0.974273240735696,1.02725331369266
0.974273240735696,1.02725331369266
0.974273240735696,1.02725331369266
0.974273240735696,1.04923890418692
0.974273240735696,1.04923890418692
0.974273240735696,1.14974512276205
0.974273240735696,1.14974512276205
0.974273240735696,1.14974512276205
0.974273240735696,1.14974512276205
0.974273240735696,1.05558569745204
0.974273240735696,0.988618345021348
0.974273240735696,0.988618345021348
0.974273240735696,0.988618345021348
0.974273240735696,0.988618345021348
0.974273240735696,0.988618345021348
0.974273240735696,0.988618345021348
0.974273240735696,0.988618345021348
0.974273240735696,0.988618345021348
0.974273240735696,0.988618345021348
0.974273240735696,0.988618345021348
0.974273240735696,0.988618345021348
0.974273240735696,0.988618345021348
0.974273240735696,0.988618345021348
0.974273240735696,0.988618345021348
0.974273240735696,0.963732690300608
0.974273240735696,0.963732690300608
0.974273240735696,0.963732690300608
0.974273240735696,0.963732690300608
0.974273240735696,0.963732690300608
0.974273240735696,1.20677010866041
0.974273240735696,1.20677010866041
0.974273240735696,1.20677010866041
0.974273240735696,1.23544735692085
0.974273240735696,1.23544735692085
0.878994870532588,1.23544735692085
0.878994870532588,1.23544735692085
0.878994870532588,1.23544735692085
0.878994870532588,1.23544735692085
0.878994870532588,1.23544735692085
1.1195643052445,1.23544735692085
1.1195643052445,1.23544735692085
0.927784968582319,1.23544735692085
0.927784968582319,1.23544735692085
0.927784968582319,1.23544735692085
0.927784968582319,1.23544735692085
0.927784968582319,1.23544735692085
0.927784968582319,1.23544735692085
0.991114402281961,1.23544735692085
0.991114402281961,1.23544735692085
1.06135556032992,1.23544735692085
1.01091854482747,1.23544735692085
0.912698775498037,1.23544735692085
0.982104143717721,1.23544735692085
0.982104143717721,1.23544735692085
0.982104143717721,1.23544735692085
0.894225387376549,1.23544735692085
0.894225387376549,1.23544735692085
0.894225387376549,1.23544735692085
0.894225387376549,1.23544735692085
0.894225387376549,1.06621783688205
0.919332379180645,1.06621783688205
0.919332379180645,1.06621783688205
0.919332379180645,1.06621783688205
0.919332379180645,1.06621783688205
0.919332379180645,1.06621783688205
0.919332379180645,1.06621783688205
0.919332379180645,1.06621783688205
0.919332379180645,1.06621783688205
0.919332379180645,1.2168677450189
0.919332379180645,1.2168677450189
0.919332379180645,1.2168677450189
0.968183703959317,1.2168677450189
0.968183703959317,1.2168677450189
0.968183703959317,1.2168677450189
0.968183703959317,1.2168677450189
0.968183703959317,1.2168677450189
0.968183703959317,1.2168677450189
0.968183703959317,1.2168677450189
0.968183703959317,1.2168677450189
0.968183703959317,1.2168677450189
0.968183703959317,1.2168677450189
0.968183703959317,1.2168677450189
0.968183703959317,1.2168677450189
0.968183703959317,1.2168677450189
0.968183703959317,1.2168677450189
0.968183703959317,1.2168677450189
0.926725846961507,1.2168677450189
0.926725846961507,1.2168677450189
0.926725846961507,1.2168677450189
0.926725846961507,1.2168677450189
0.926725846961507,1.2168677450189
0.926725846961507,1.2168677450189
0.926725846961507,1.2168677450189
0.926725846961507,1.2168677450189
0.926725846961507,1.2168677450189
0.926725846961507,1.2168677450189
0.926725846961507,1.2168677450189
0.926725846961507,1.23872752730906
0.926725846961507,1.23872752730906
0.926725846961507,1.23872752730906
0.926725846961507,1.23872752730906
0.926725846961507,1.46158487260447
0.926725846961507,1.46158487260447
1.03324602342092,1.46158487260447
1.03324602342092,1.46158487260447
1.03324602342092,1.46158487260447
1.03324602342092,1.46158487260447
1.03324602342092,1.46158487260447
1.03324602342092,1.46158487260447
1.03324602342092,1.46158487260447
1.03324602342092,1.46158487260447
1.03324602342092,1.46158487260447
1.03324602342092,1.46158487260447
1.03324602342092,1.46158487260447
1.03324602342092,1.46158487260447
1.03324602342092,1.46158487260447
1.03324602342092,1.46158487260447
1.03324602342092,1.46158487260447
1.03324602342092,1.46158487260447
1.03324602342092,1.46158487260447
1.03324602342092,1.46158487260447
1.03324602342092,1.46267271433385
1.03324602342092,1.46267271433385
1.03324602342092,1.46267271433385
1.03324602342092,1.46267271433385
1.03324602342092,1.4527255966429
1.10547440709454,1.4527255966429
1.10547440709454,1.4527255966429
1.10547440709454,1.4527255966429
1.10547440709454,1.51755442643136
1.10547440709454,1.51755442643136
0.912292266698908,1.51755442643136
0.912292266698908,1.51755442643136
0.912292266698908,1.51755442643136
0.912292266698908,1.51755442643136
0.82022729576371,1.51755442643136
0.82022729576371,1.51755442643136
0.82022729576371,1.51755442643136
0.82022729576371,1.51755442643136
0.82022729576371,1.51755442643136
0.82022729576371,1.51755442643136
0.82022729576371,1.51755442643136
0.82022729576371,1.51755442643136
0.82022729576371,1.51755442643136
0.82022729576371,1.51755442643136
0.972700330661605,1.51755442643136
0.972700330661605,1.51755442643136
0.972700330661605,1.51755442643136
0.972700330661605,1.4015479373334
0.972700330661605,1.4015479373334
0.972700330661605,1.4015479373334
0.972700330661605,1.4015479373334
0.972700330661605,1.4015479373334
0.972700330661605,1.4015479373334
0.972700330661605,1.4015479373334
0.972700330661605,1.29709242996779
0.972700330661605,1.29709242996779
0.972700330661605,1.29709242996779
0.972700330661605,1.29709242996779
0.972700330661605,1.28538984541745
0.972700330661605,1.28538984541745
0.972700330661605,1.28538984541745
0.972700330661605,1.29598323564637
0.972700330661605,1.29598323564637
0.972700330661605,1.29598323564637
0.972700330661605,1.29598323564637
0.972700330661605,1.29598323564637
0.972700330661605,1.29598323564637
0.980379840462023,1.29598323564637
0.980379840462023,1.29598323564637
0.980379840462023,1.29598323564637
0.980379840462023,1.29598323564637
0.980379840462023,1.29598323564637
0.980379840462023,1.24572089224822
1.08807823318064,1.2663751088394
1.08807823318064,1.2663751088394
1.08807823318064,1.2663751088394
1.08807823318064,1.2663751088394
1.08807823318064,1.2663751088394
1.08807823318064,1.2663751088394
0.71575174761575,1.2663751088394
0.71575174761575,1.2663751088394
0.71575174761575,1.2663751088394
0.71575174761575,1.2663751088394
0.71575174761575,1.2663751088394
0.71575174761575,1.2663751088394
0.71575174761575,1.2663751088394
0.831643559308633,1.2663751088394
0.831643559308633,1.2663751088394
0.831643559308633,1.2663751088394
1.0437974006985,1.2663751088394
1.0437974006985,1.2663751088394
1.0437974006985,1.2663751088394
1.0437974006985,1.2663751088394
1.0437974006985,1.2663751088394
1.0437974006985,1.2663751088394
1.0437974006985,1.2663751088394
1.0437974006985,1.2663751088394
1.0437974006985,1.2663751088394
1.0437974006985,1.2663751088394
1.0437974006985,1.2663751088394
0.878845291150334,1.2663751088394
0.878845291150334,1.2663751088394
0.878845291150334,1.2663751088394
0.878845291150334,1.2663751088394
0.878845291150334,1.2663751088394
0.878845291150334,1.2663751088394
0.878845291150334,1.6827325972742
0.878845291150334,1.6827325972742
0.878845291150334,1.30503309799228
0.878845291150334,1.30503309799228
0.878845291150334,1.30503309799228
0.878845291150334,1.30503309799228
0.878845291150334,1.30503309799228
0.878845291150334,1.30503309799228
0.878845291150334,1.30503309799228
0.878845291150334,1.30503309799228
0.878845291150334,1.30503309799228
0.878845291150334,1.30503309799228
0.878845291150334,1.30503309799228
0.878845291150334,1.30503309799228
0.878845291150334,1.30503309799228
0.878845291150334,1.30503309799228
0.878845291150334,1.30503309799228
0.878845291150334,1.30503309799228
0.878845291150334,1.24908461273369
0.878845291150334,1.28929189811378
0.878845291150334,1.28929189811378
0.845801128368657,1.28929189811378
0.845801128368657,1.28929189811378
0.845801128368657,1.28929189811378
0.845801128368657,1.28929189811378
0.845801128368657,1.28929189811378
0.845801128368657,1.28929189811378
0.845801128368657,1.28929189811378
0.845801128368657,1.23087433359825
0.845801128368657,1.23087433359825
0.845801128368657,1.23087433359825
0.845801128368657,1.1411674023268
0.845801128368657,1.35882289459174
0.845801128368657,1.35882289459174
0.845801128368657,1.35882289459174
0.845801128368657,1.35882289459174
0.845801128368657,1.35882289459174
0.845801128368657,1.35882289459174
0.821883921081547,1.35882289459174
0.821883921081547,1.35882289459174
1.00757621397947,1.35882289459174
1.00757621397947,1.35882289459174
1.00757621397947,1.47171861888916
1.00757621397947,1.47171861888916
1.00757621397947,1.47171861888916
1.00757621397947,1.33739969598235
1.00757621397947,1.33739969598235
1.00757621397947,1.33739969598235
1.00757621397947,1.33739969598235
1.00757621397947,1.33739969598235
1.00757621397947,1.33739969598235
1.00757621397947,1.33739969598235
1.00757621397947,1.33739969598235
1.00757621397947,1.38479653275187
1.00757621397947,1.38479653275187
1.00757621397947,1.38479653275187
1.07287824337033,1.38479653275187
1.07287824337033,1.38479653275187
1.07287824337033,1.38479653275187
1.07287824337033,1.38479653275187
1.07287824337033,1.38479653275187
1.07287824337033,1.38479653275187
1.07287824337033,1.38479653275187
0.96928596373596,1.38479653275187
0.96928596373596,1.38479653275187
0.96928596373596,1.38479653275187
0.96928596373596,1.38479653275187
0.96928596373596,1.38479653275187
0.96928596373596,1.33688752232397
0.926774277736552,1.33688752232397
0.926774277736552,1.33688752232397
0.926774277736552,1.33688752232397
0.926774277736552,1.33688752232397
0.926774277736552,1.33688752232397
0.926774277736552,1.33688752232397
0.926774277736552,1.33688752232397
0.926774277736552,1.33688752232397
0.926774277736552,1.33688752232397
0.926774277736552,1.33688752232397
0.926774277736552,1.33688752232397
0.926774277736552,1.33688752232397
0.926774277736552,1.2749949126394
0.926774277736552,1.2749949126394
1.13196166404613,1.2749949126394
1.13196166404613,1.2749949126394
1.13196166404613,1.2749949126394
0.931949633058634,1.2749949126394
1.06385269904866,1.2749949126394
1.06385269904866,1.1884003066148
1.06385269904866,1.1884003066148
1.06385269904866,1.1884003066148
1.06385269904866,1.1884003066148
1.06385269904866,1.1884003066148
1.06385269904866,1.1884003066148
1.06385269904866,1.1884003066148
1.06385269904866,1.1884003066148
1.06385269904866,1.1884003066148
1.06385269904866,1.1884003066148
1.06385269904866,1.1884003066148
0.977317345675573,1.1884003066148
0.977317345675573,1.1884003066148
0.977317345675573,1.1884003066148
0.977317345675573,1.1884003066148
0.977317345675573,1.1884003066148
0.977317345675573,1.1884003066148
0.977317345675573,1.1884003066148
0.977317345675573,1.1884003066148
0.977317345675573,1.1884003066148
0.977317345675573,1.1884003066148
0.977317345675573,1.26413563219876
0.977317345675573,1.26413563219876
0.977317345675573,1.26413563219876
0.977317345675573,1.26413563219876
0.977317345675573,1.22750310006729
0.977317345675573,1.22750310006729
0.977317345675573,1.22750310006729
0.977317345675573,1.22750310006729
0.977317345675573,1.22750310006729
0.878134096473016,1.22750310006729
0.878134096473016,1.22750310006729
1.06144139860638,1.22750310006729
1.06144139860638,1.22750310006729
1.06144139860638,1.22750310006729
1.06144139860638,1.22750310006729
0.989439761723652,1.22750310006729
0.989439761723652,1.55536434939824
0.989439761723652,1.55536434939824
0.989439761723652,1.55536434939824
0.989439761723652,1.55536434939824
0.989439761723652,1.55536434939824
0.989439761723652,1.55536434939824
0.989439761723652,1.55536434939824
0.989439761723652,1.55536434939824
0.989439761723652,1.55536434939824
0.989439761723652,1.55536434939824
0.989439761723652,1.55536434939824
0.989439761723652,1.55536434939824
0.989439761723652,1.55536434939824
0.979590077387897,1.55536434939824
1.05885810306996,1.55536434939824
0.910114917250328,1.09917495092102
0.910114917250328,1.09917495092102
0.910114917250328,1.09917495092102
0.910114917250328,1.09917495092102
0.910114917250328,1.09917495092102
0.910114917250328,1.09917495092102
0.910114917250328,1.09917495092102
0.910114917250328,1.09917495092102
0.910114917250328,1.09917495092102
0.910114917250328,1.09917495092102
0.910114917250328,1.09917495092102
0.910114917250328,1.09917495092102
0.910114917250328,1.09917495092102
0.910114917250328,1.09917495092102
0.910114917250328,1.09917495092102
0.910114917250328,1.09917495092102
0.910114917250328,1.09917495092102
0.95679962601893,1.28387354724558
0.95679962601893,1.28387354724558
0.95679962601893,1.28387354724558
0.95679962601893,1.28387354724558
0.95679962601893,1.28387354724558
0.95679962601893,1.28387354724558
0.95679962601893,1.28387354724558
0.95679962601893,1.28387354724558
0.95679962601893,1.28387354724558
0.95679962601893,1.28387354724558
0.95679962601893,1.28387354724558
0.95679962601893,1.28387354724558
0.95679962601893,1.28387354724558
0.95679962601893,1.28387354724558
0.996957692688188,1.28387354724558
0.996957692688188,1.28387354724558
0.996957692688188,1.28387354724558
0.996957692688188,1.28387354724558
0.996957692688188,1.28387354724558
0.996957692688188,1.28387354724558
0.996957692688188,1.28387354724558
0.996957692688188,1.28387354724558
0.932759526463196,1.28387354724558
0.932759526463196,1.28387354724558
0.932759526463196,1.28387354724558
0.932759526463196,1.28387354724558
0.932759526463196,1.28387354724558
0.932759526463196,1.23538701127164
0.932759526463196,1.23538701127164
0.932759526463196,1.23538701127164
0.932759526463196,1.23538701127164
0.984602917106443,1.23538701127164
0.895373209433919,1.23538701127164
0.895373209433919,1.23538701127164
0.895373209433919,1.23538701127164
0.895373209433919,1.23538701127164
0.895373209433919,1.23538701127164
0.895373209433919,1.23538701127164
1.0407182787664,1.25916978629189
1.0407182787664,1.25916978629189
1.0407182787664,1.25916978629189
1.0407182787664,1.28981933284826
0.972097259468168,1.28981933284826
0.972097259468168,1.28981933284826
0.972097259468168,1.19464802077105
0.972097259468168,1.16412879835374
0.972097259468168,1.16412879835374
0.972097259468168,1.16412879835374
0.972097259468168,1.16412879835374
0.972097259468168,1.16412879835374
1.00708175603759,1.16412879835374
1.00708175603759,1.16417833501113
1.00708175603759,1.16417833501113
1.00708175603759,1.16417833501113
1.00708175603759,1.16417833501113
0.810955844640654,1.16417833501113
0.810955844640654,1.2369160002227
0.810955844640654,1.38093702085834
0.810955844640654,1.38093702085834
0.810955844640654,1.38093702085834
1.01346652083491,1.38093702085834
1.01346652083491,1.38093702085834
1.01346652083491,1.38093702085834
1.01346652083491,1.38093702085834
1.01346652083491,1.38093702085834
1.01346652083491,1.38093702085834
0.9476145093346,1.38093702085834
0.9476145093346,1.38093702085834
0.9476145093346,1.22359207087535
0.9476145093346,1.22359207087535
0.9476145093346,1.22359207087535
0.9476145093346,1.22359207087535
0.9476145093346,1.22359207087535
0.9476145093346,1.22359207087535
0.9476145093346,1.22359207087535
0.9476145093346,1.22359207087535
0.9476145093346,1.22359207087535
0.9476145093346,1.22359207087535
0.9476145093346,1.22359207087535
0.9476145093346,1.22359207087535
0.983227162177294,1.22359207087535
0.983227162177294,1.22359207087535
0.983227162177294,1.22359207087535
0.983227162177294,1.30299423066096
0.983227162177294,1.30299423066096
0.983227162177294,1.30299423066096
1.01245487903847,1.30299423066096
1.01245487903847,1.30299423066096
1.01245487903847,1.30299423066096
1.01245487903847,1.30299423066096
1.01245487903847,1.30299423066096
1.01245487903847,1.30299423066096
0.973430432948426,1.30299423066096
0.973430432948426,1.30299423066096
0.973430432948426,1.30299423066096
0.973430432948426,1.30299423066096
0.973430432948426,1.30299423066096
0.973430432948426,1.30299423066096
0.973430432948426,1.30299423066096
0.973430432948426,1.30299423066096
0.928789983825162,1.30299423066096
0.928789983825162,1.30299423066096
0.928789983825162,1.30299423066096
0.928789983825162,1.30299423066096
0.928789983825162,1.30299423066096
0.928789983825162,1.30299423066096
0.928789983825162,1.30299423066096
0.928789983825162,1.30299423066096
0.928789983825162,1.30299423066096
0.928789983825162,1.30299423066096
0.928789983825162,1.30299423066096
0.928789983825162,1.30299423066096
0.928789983825162,1.30299423066096
0.928789983825162,1.30299423066096
0.928789983825162,1.30299423066096
0.928789983825162,1.30299423066096
0.928789983825162,1.30299423066096
0.928789983825162,1.30299423066096
0.928789983825162,1.30299423066096
0.928789983825162,1.30299423066096
0.928789983825162,1.30299423066096
0.928789983825162,1.30299423066096
0.928789983825162,1.1218540694968
0.928789983825162,1.11406283691237
0.928789983825162,1.11406283691237
0.928789983825162,1.11406283691237
0.928789983825162,1.11406283691237
0.928789983825162,1.11406283691237
0.928789983825162,1.08713612505403
0.928789983825162,1.08713612505403
0.928789983825162,1.08713612505403
0.928789983825162,1.08713612505403
0.928789983825162,1.08713612505403
0.928789983825162,1.08713612505403
0.928789983825162,1.08713612505403
0.928789983825162,1.08713612505403
0.928789983825162,1.08713612505403
0.928789983825162,1.08713612505403
1.03318296902852,1.08713612505403
1.03318296902852,1.08713612505403
0.994111141806704,1.08713612505403
0.994111141806704,1.08713612505403
0.994111141806704,1.08713612505403
0.994111141806704,1.08713612505403
1.08750647211183,1.08713612505403
1.08750647211183,1.08713612505403
1.08750647211183,1.08713612505403
1.08750647211183,1.08713612505403
1.08750647211183,1.345516881372
1.08750647211183,1.345516881372
0.769280602952863,1.345516881372
0.769280602952863,1.345516881372
0.769280602952863,1.345516881372
0.769280602952863,1.5165480227083
0.769280602952863,1.5165480227083
0.769280602952863,1.5165480227083
0.769280602952863,1.5165480227083
0.769280602952863,1.5165480227083
0.769280602952863,1.5165480227083
0.782908024354063,1.36632962736764
0.782908024354063,1.36632962736764
0.782908024354063,1.36632962736764
0.782908024354063,1.36632962736764
0.782908024354063,1.36632962736764
0.782908024354063,1.36632962736764
0.813876488545173,1.36632962736764
0.795494034704978,1.36632962736764
0.795494034704978,1.36632962736764
0.911870447896291,1.36632962736764
0.842806432792515,1.36632962736764
0.842806432792515,1.36632962736764
0.842806432792515,1.36632962736764
0.842806432792515,1.36632962736764
0.842806432792515,1.36632962736764
0.842806432792515,1.36632962736764
0.842806432792515,1.36632962736764
1.07458806619131,1.36632962736764
1.07458806619131,1.36632962736764
1.07458806619131,1.36632962736764
1.07458806619131,1.36632962736764
1.07458806619131,1.36632962736764
1.07458806619131,1.36632962736764
1.07458806619131,1.46154823486044
0.953949421690952,1.46154823486044
0.953949421690952,1.46154823486044
0.953949421690952,1.46154823486044
0.953949421690952,1.46154823486044
0.953949421690952,1.46154823486044
0.953949421690952,1.39825260947151
0.953949421690952,1.39825260947151
0.953949421690952,1.39825260947151
0.953949421690952,1.39825260947151
0.924093695528364,1.39825260947151
0.924093695528364,1.39825260947151
0.924093695528364,1.39825260947151
0.924093695528364,1.39825260947151
0.924093695528364,1.39825260947151
0.940219513971534,1.39825260947151
0.940219513971534,1.39825260947151
1.00855234005057,1.48688011224325
1.00855234005057,1.48688011224325
1.00855234005057,1.48688011224325
1.00855234005057,1.12264133605082
1.00855234005057,1.33477570551856
1.00855234005057,1.33477570551856
1.00855234005057,1.33477570551856
1.00855234005057,1.45144506728576
1.00855234005057,1.45144506728576
1.00855234005057,1.45144506728576
1.00855234005057,1.45144506728576
1.00855234005057,1.45144506728576
1.00855234005057,1.45144506728576
1.00855234005057,1.45144506728576
1.00855234005057,1.45144506728576
1.00855234005057,1.45144506728576
1.00855234005057,1.45144506728576
1.00855234005057,1.45144506728576
1.04554387075544,1.45144506728576
1.04554387075544,1.45144506728576
1.04554387075544,1.45144506728576
0.970039654197762,1.45144506728576
0.970039654197762,1.45144506728576
0.970039654197762,1.45144506728576
0.970039654197762,1.45144506728576
0.970039654197762,1.45144506728576
0.970039654197762,1.45144506728576
0.970039654197762,1.45144506728576
0.970039654197762,1.45144506728576
0.970039654197762,1.45144506728576
0.970039654197762,1.45144506728576
0.883240306719361,1.45144506728576
0.883240306719361,1.45144506728576
0.883240306719361,1.45144506728576
0.951509638939699,1.45144506728576
0.951509638939699,1.45144506728576
0.951509638939699,1.45144506728576
0.951509638939699,1.45144506728576
0.951509638939699,1.45144506728576
1.08112217958979,1.45144506728576
1.08112217958979,1.45144506728576
1.08112217958979,1.45144506728576
1.08112217958979,1.45144506728576
1.08112217958979,1.45144506728576
1.08112217958979,1.45144506728576
1.08112217958979,1.45144506728576
1.08112217958979,1.44271642270407
1.08112217958979,1.44271642270407
1.08112217958979,1.44271642270407
1.08112217958979,1.44271642270407
1.08112217958979,1.44271642270407
1.08112217958979,1.44271642270407
1.08112217958979,1.44271642270407
0.871024720960459,1.29536461553241
0.871024720960459,1.29536461553241
0.871024720960459,1.29536461553241
0.871024720960459,1.29536461553241
0.871024720960459,1.29536461553241
0.871024720960459,1.29536461553241
0.871024720960459,1.29536461553241
0.871024720960459,1.22516726090145
1.00628689776806,1.22516726090145
1.00628689776806,1.22516726090145
1.00628689776806,1.22516726090145
1.00628689776806,1.22516726090145
1.00628689776806,1.22516726090145
1.00628689776806,1.22516726090145
1.00628689776806,1.22516726090145
1.00628689776806,1.22516726090145
1.00628689776806,1.22516726090145
1.00628689776806,1.22516726090145
1.00628689776806,1.32275251239478
1.00628689776806,1.32275251239478
1.00628689776806,1.32275251239478
1.00628689776806,1.32275251239478
1.00628689776806,1.18042604095869
1.00628689776806,1.18042604095869
1.00628689776806,1.18042604095869
1.00628689776806,1.18042604095869
1.00628689776806,1.34258074646359
1.00628689776806,1.34258074646359
1.00628689776806,1.34258074646359
1.00628689776806,1.34258074646359
1.00628689776806,1.34258074646359
1.00628689776806,1.34258074646359
1.00628689776806,1.34258074646359
1.00628689776806,1.29046754941355
1.00628689776806,1.29046754941355
0.811600889577418,1.29046754941355
0.811600889577418,1.29046754941355
0.811600889577418,1.29046754941355
0.811600889577418,1.29046754941355
0.811600889577418,1.29046754941355
0.811600889577418,1.29046754941355
0.811600889577418,1.29046754941355
0.811600889577418,1.42868546962075
0.811600889577418,1.42868546962075
0.74777676003929,1.42868546962075
0.74777676003929,1.42868546962075
0.74777676003929,1.42868546962075
0.74777676003929,1.42868546962075
0.74777676003929,1.42868546962075
0.74777676003929,1.42868546962075
0.74777676003929,1.42868546962075
0.74777676003929,1.42868546962075
0.74777676003929,1.42868546962075
0.74777676003929,1.33648930243343
0.74777676003929,1.33648930243343
0.74777676003929,1.33648930243343
0.74777676003929,1.33648930243343
0.74777676003929,1.33648930243343
0.74777676003929,1.33648930243343
1.05924505553625,1.33648930243343
1.05924505553625,1.33648930243343
1.05924505553625,1.33648930243343
1.05924505553625,1.31492324735061
1.05924505553625,1.31492324735061
1.05924505553625,1.31492324735061
0.875369197081147,1.31492324735061
0.875369197081147,1.31492324735061
0.875369197081147,1.31492324735061
0.875369197081147,1.31492324735061
0.875369197081147,1.31492324735061
0.875369197081147,1.31492324735061
0.875369197081147,1.31492324735061
0.875369197081147,1.16715136057095
0.875369197081147,1.16715136057095
0.875369197081147,1.16715136057095
0.875369197081147,1.16715136057095
0.875369197081147,1.16715136057095
0.875369197081147,1.16715136057095
0.875369197081147,1.16715136057095
1.17999602022115,1.16715136057095
1.17999602022115,1.16715136057095
1.17999602022115,1.16715136057095
1.04406062605344,1.36265578964934
1.04406062605344,1.36265578964934
1.04406062605344,1.36265578964934
1.04406062605344,1.36265578964934
1.04406062605344,1.36265578964934
1.04406062605344,1.36265578964934
1.04406062605344,1.36265578964934
1.04406062605344,1.36265578964934
1.04406062605344,1.36265578964934
1.04406062605344,1.36265578964934
1.04406062605344,1.18738887815451
1.04354674411958,1.18738887815451
1.04354674411958,1.18738887815451
1.04354674411958,1.18738887815451
1.04354674411958,1.18738887815451
1.04354674411958,1.18738887815451
1.04354674411958,1.18738887815451
1.04354674411958,1.18738887815451
1.04354674411958,1.18738887815451
1.04354674411958,1.18738887815451
1.04354674411958,1.18738887815451
1.04354674411958,1.18738887815451
1.04354674411958,1.24109705260544
1.04354674411958,1.24109705260544
1.04354674411958,1.24109705260544
1.04354674411958,1.20878519459092
1.04354674411958,1.20878519459092
1.04354674411958,1.20878519459092
1.04354674411958,1.20878519459092
1.00753177796433,1.20878519459092
1.00753177796433,1.20878519459092
1.00753177796433,1.20878519459092
1.00753177796433,1.20878519459092
1.00753177796433,1.20878519459092
1.00753177796433,1.20878519459092
0.731125188019456,1.20878519459092
0.731125188019456,1.20878519459092
0.731125188019456,1.20878519459092
0.731125188019456,1.20878519459092
0.731125188019456,1.20878519459092
0.731125188019456,1.20878519459092
0.892895820657503,1.20878519459092
0.892895820657503,1.20878519459092
0.892895820657503,1.20878519459092
0.892895820657503,1.20878519459092
0.892895820657503,1.20878519459092
1.0407408290746,1.20878519459092
1.0407408290746,1.20878519459092
1.0407408290746,1.20878519459092
1.0407408290746,1.47697036804442
1.0407408290746,1.47697036804442
1.0407408290746,1.5038477827891
1.0407408290746,1.5038477827891
1.0407408290746,1.5038477827891
1.0407408290746,1.5038477827891
1.0407408290746,0.994737199790118
1.0407408290746,0.994737199790118
1.0407408290746,0.999676676181137
1.0407408290746,0.999676676181137
1.0407408290746,1.32816737032223
1.0407408290746,1.32816737032223
1.0407408290746,1.32816737032223
1.0407408290746,1.32816737032223
1.0407408290746,1.32816737032223
1.0407408290746,1.32816737032223
0.909770183828202,1.32816737032223
0.909770183828202,1.32816737032223
0.909770183828202,1.32816737032223
0.909770183828202,1.32816737032223
0.898246418683706,1.32816737032223
0.898246418683706,1.32816737032223
0.898246418683706,1.13008430869741
0.898246418683706,1.13008430869741
0.898246418683706,1.13008430869741
0.898246418683706,1.13008430869741
0.898246418683706,1.13008430869741
0.898246418683706,1.00153457633205
0.898246418683706,1.00153457633205
0.863694597496303,1.00153457633205
0.863694597496303,1.00153457633205
0.863694597496303,1.00153457633205
0.863694597496303,1.00153457633205
0.863694597496303,1.00153457633205
0.863694597496303,1.00153457633205
0.863694597496303,1.00153457633205
0.863694597496303,1.00153457633205
0.863694597496303,1.2170393407912
0.863694597496303,1.2170393407912
0.863694597496303,1.2170393407912
0.863694597496303,1.06419920011767
0.863694597496303,1.0706263403172
0.863694597496303,1.0706263403172
0.863694597496303,1.0706263403172
0.863694597496303,1.0706263403172
0.863694597496303,1.0706263403172
0.852798301688552,1.0706263403172
0.852798301688552,1.40739605756336
0.852798301688552,1.40739605756336
0.852798301688552,1.40739605756336
0.852798301688552,1.40739605756336
0.852798301688552,1.40739605756336
0.852798301688552,1.40739605756336
0.852798301688552,1.02852165603722
0.852798301688552,1.02852165603722
1.05130565638917,1.02852165603722
1.05130565638917,1.02852165603722
1.05130565638917,1.02852165603722
1.05130565638917,1.02852165603722
1.05130565638917,1.02852165603722
0.852454381074629,1.02852165603722
0.852454381074629,1.02852165603722
0.852454381074629,1.02852165603722
0.852454381074629,1.02852165603722
0.852454381074629,1.02852165603722
0.852454381074629,1.02852165603722
0.852454381074629,1.02852165603722
0.852454381074629,1.02852165603722
0.96345064586607,1.02852165603722
0.96345064586607,1.02852165603722
0.96345064586607,1.02852165603722
0.96345064586607,1.06618241151963
0.96345064586607,1.06618241151963
0.96345064586607,1.06618241151963
0.96345064586607,1.06618241151963
0.96345064586607,1.06618241151963
0.96345064586607,1.06618241151963
0.96345064586607,1.06618241151963
0.96345064586607,1.06618241151963
0.96345064586607,1.06618241151963
0.96345064586607,1.17396120688556
0.778859234625505,1.17396120688556
0.778859234625505,1.17396120688556
0.778859234625505,1.17396120688556
0.778859234625505,1.17396120688556
0.778859234625505,1.17396120688556
0.778859234625505,1.17396120688556
0.778859234625505,1.17396120688556
0.778859234625505,1.17396120688556
0.778859234625505,1.17396120688556
0.778859234625505,1.17396120688556
0.778859234625505,1.17396120688556
0.778859234625505,1.17396120688556
0.778859234625505,1.17396120688556
0.778859234625505,1.17396120688556
0.778859234625505,1.17396120688556
0.778859234625505,1.17396120688556
0.778859234625505,1.17396120688556
0.778859234625505,1.17396120688556
0.778859234625505,1.17396120688556
1.0937011535324,1.17396120688556
1.0937011535324,1.17396120688556
1.0937011535324,1.17396120688556
1.0937011535324,1.17396120688556
1.0937011535324,1.17396120688556
1.0937011535324,1.17396120688556
1.0937011535324,1.17396120688556
1.0937011535324,1.17396120688556
1.0937011535324,1.17396120688556
1.0937011535324,1.17396120688556
1.0937011535324,1.17396120688556
1.0937011535324,1.17396120688556
1.0937011535324,1.17396120688556
1.0937011535324,1.28994340277222
0.894237483827499,1.28994340277222
0.894237483827499,1.28994340277222
0.894237483827499,1.28994340277222
0.894237483827499,1.28994340277222
0.894237483827499,1.28994340277222
0.894237483827499,1.28994340277222
0.894237483827499,1.28994340277222
0.894237483827499,1.28994340277222
0.894237483827499,1.28994340277222
0.894237483827499,1.28994340277222
1.10027747705545,1.28994340277222
1.10027747705545,1.28994340277222
1.10027747705545,1.28994340277222
1.10027747705545,1.28994340277222
1.10027747705545,1.28994340277222
1.10027747705545,1.28994340277222
1.10027747705545,1.28994340277222
1.10027747705545,1.28994340277222
0.94792234006233,1.28994340277222
0.94792234006233,1.23359802483833
0.94792234006233,1.23359802483833
0.94792234006233,1.23359802483833
0.94792234006233,0.980726452981238
0.94792234006233,0.980726452981238
0.94792234006233,0.980726452981238
0.94792234006233,0.980726452981238
0.94792234006233,0.980726452981238
0.854522676646751,0.980726452981238
0.854522676646751,0.980726452981238
0.854522676646751,0.980726452981238
0.985869176667361,0.980726452981238
0.985869176667361,0.980726452981238
0.985869176667361,0.980726452981238
0.985869176667361,0.980726452981238
0.985869176667361,0.980726452981238
0.985869176667361,0.980726452981238
0.985869176667361,1.22096119527049
0.985869176667361,1.22096119527049
0.985869176667361,1.22096119527049
0.985869176667361,1.22096119527049
0.985869176667361,1.22096119527049
0.985869176667361,1.22096119527049
0.985869176667361,1.22096119527049
0.985869176667361,1.22096119527049
1.00286832211697,0.993032047566653
1.00286832211697,1.12838146888858
1.00286832211697,1.12838146888858
1.00286832211697,1.12838146888858
1.00286832211697,1.12838146888858
1.00286832211697,1.12838146888858
1.00286832211697,1.45043038912347
1.00286832211697,1.45043038912347
1.00286832211697,1.45043038912347
1.00286832211697,1.45043038912347
1.00286832211697,1.45043038912347
1.00286832211697,1.17587278831512
1.00286832211697,1.17587278831512
0.958104164601603,1.11286408737704
0.963673702501622,1.11286408737704
0.963673702501622,1.11286408737704
0.963673702501622,1.11286408737704
0.963673702501622,1.11286408737704
0.918247299218223,1.11286408737704
0.918247299218223,1.11286408737704
0.918247299218223,1.11286408737704
0.918247299218223,1.08499835746514
0.918247299218223,1.08499835746514
0.918247299218223,1.08499835746514
0.918247299218223,1.08499835746514
0.918247299218223,1.08499835746514
0.918247299218223,1.08499835746514
0.918247299218223,1.08499835746514
0.918247299218223,1.08499835746514
0.918247299218223,1.08499835746514
0.918247299218223,1.08499835746514
0.918247299218223,1.08499835746514
1.32017015467949,1.08499835746514
1.32017015467949,1.08499835746514
1.32017015467949,1.08499835746514
1.32017015467949,1.08499835746514
1.32017015467949,1.08499835746514
0.901228940747832,1.08499835746514
0.901228940747832,1.08499835746514
0.901228940747832,1.08499835746514
0.901228940747832,1.08499835746514
0.901228940747832,1.20170673752876
0.901228940747832,1.20170673752876
0.901228940747832,1.20170673752876
0.901228940747832,1.20170673752876
0.901228940747832,1.20170673752876
0.901228940747832,1.20170673752876
0.882787286963264,1.20170673752876
0.882787286963264,1.20170673752876
0.882787286963264,1.20170673752876
0.922300500640316,1.20170673752876
0.922300500640316,1.20170673752876
0.922300500640316,1.20170673752876
0.922300500640316,1.20170673752876
0.922300500640316,1.20170673752876
0.922300500640316,1.20170673752876
0.922300500640316,1.20170673752876
0.922300500640316,1.20170673752876
0.922300500640316,1.20170673752876
0.922300500640316,1.10636614917739
0.922300500640316,1.10636614917739
0.922300500640316,1.10636614917739
0.922300500640316,1.10636614917739
0.922300500640316,1.10636614917739
0.922300500640316,1.10636614917739
0.922300500640316,1.10636614917739
0.922300500640316,1.10636614917739
0.862521313589289,1.10636614917739
0.862521313589289,1.10636614917739
0.862521313589289,1.10636614917739
0.862521313589289,1.10636614917739
0.862521313589289,1.10636614917739
0.862521313589289,1.159403389526
0.862521313589289,1.159403389526
0.862521313589289,1.159403389526
0.773190897253618,1.159403389526
0.773190897253618,1.159403389526
0.773190897253618,1.159403389526
0.773190897253618,1.159403389526
0.773190897253618,1.159403389526
0.773190897253618,1.159403389526
0.773190897253618,1.159403389526
0.773190897253618,1.159403389526
0.773190897253618,1.159403389526
0.773190897253618,1.159403389526
0.773190897253618,1.159403389526
0.773190897253618,1.159403389526
0.773190897253618,1.159403389526
0.773190897253618,1.159403389526
0.773190897253618,1.159403389526
0.773190897253618,1.159403389526
0.773190897253618,1.159403389526
0.773190897253618,1.159403389526
0.773190897253618,1.159403389526
0.773190897253618,1.159403389526
0.773190897253618,1.159403389526
0.773190897253618,1.159403389526
0.773190897253618,1.27058159552256
0.773190897253618,1.27058159552256
0.865399795397204,1.27058159552256
0.865399795397204,1.27058159552256
0.865399795397204,1.27058159552256
0.865399795397204,1.27058159552256
0.963470515259641,1.27058159552256
0.963470515259641,1.27058159552256
0.963470515259641,1.27058159552256
0.963470515259641,1.27058159552256
0.963470515259641,1.27058159552256
0.963470515259641,1.27058159552256
0.963470515259641,1.27058159552256
0.963470515259641,1.27058159552256
0.963470515259641,1.27058159552256
0.963470515259641,1.27058159552256
0.963470515259641,1.29472392205301
0.963470515259641,1.29472392205301
0.963470515259641,1.29472392205301
0.963470515259641,1.29472392205301
0.963470515259641,1.29472392205301
0.963470515259641,1.29472392205301
0.963470515259641,1.29472392205301
0.848756379524871,1.29472392205301
0.848756379524871,1.48247536350444
0.848756379524871,1.48247536350444
0.874451233042698,1.48247536350444
0.874451233042698,1.48247536350444
0.874451233042698,1.35514297498332
0.874451233042698,1.35514297498332
0.874451233042698,1.35514297498332
0.874451233042698,1.35514297498332
0.874451233042698,1.35514297498332
0.874451233042698,1.12485547345349
0.874451233042698,1.12485547345349
0.874451233042698,1.12485547345349
0.874451233042698,1.262554927456
0.874451233042698,1.262554927456
0.874451233042698,1.262554927456
0.874451233042698,1.262554927456
0.874451233042698,1.262554927456
0.874451233042698,1.262554927456
0.874451233042698,1.262554927456
0.874451233042698,1.262554927456
0.874451233042698,1.262554927456
0.874451233042698,1.262554927456
0.874451233042698,1.21832137497661
0.874451233042698,1.21832137497661
0.874451233042698,1.21832137497661
0.874451233042698,1.21832137497661
0.874451233042698,1.25637085238475
0.874451233042698,1.25637085238475
0.874451233042698,1.29531400805052
0.874451233042698,1.29531400805052
0.874451233042698,1.29531400805052
0.874451233042698,1.08262442408034
0.921883788115131,1.08262442408034
0.921883788115131,1.08262442408034
0.921883788115131,1.08262442408034
0.921883788115131,1.08262442408034
0.921883788115131,1.08262442408034
0.921883788115131,1.08262442408034
0.921883788115131,1.23493164833788
0.921883788115131,1.1822634429121
0.921883788115131,1.1822634429121
0.921883788115131,1.1822634429121
0.921883788115131,1.1822634429121
0.921883788115131,1.15331523697557
0.921883788115131,1.15331523697557
0.921883788115131,1.15235517088165
0.921883788115131,1.15235517088165
0.921883788115131,1.15235517088165
0.921883788115131,1.08559950528515
0.921883788115131,1.08559950528515
1.00509763528652,1.08559950528515
1.00509763528652,1.08559950528515
1.00509763528652,1.08559950528515
1.00509763528652,1.08559950528515
1.00509763528652,1.08559950528515
1.00509763528652,1.08559950528515
1.00509763528652,1.08559950528515
1.00509763528652,1.08559950528515
1.00509763528652,1.08559950528515
0.981147959852444,1.08559950528515
0.981147959852444,1.08559950528515
0.981147959852444,1.08559950528515
0.981147959852444,1.08559950528515
0.981147959852444,1.08559950528515
0.981147959852444,1.08559950528515
0.981147959852444,1.08559950528515
0.981147959852444,1.08559950528515
0.981147959852444,1.08559950528515
0.981147959852444,1.08559950528515
0.981147959852444,1.08559950528515
0.981147959852444,1.08559950528515
0.981147959852444,1.08559950528515
0.981147959852444,1.08559950528515
0.981147959852444,1.08559950528515
1.01721108069123,1.08559950528515
1.16123424341482,1.08559950528515
0.816473664077817,1.08559950528515
0.871788747262345,1.08559950528515
0.871788747262345,1.35944935288927
0.871788747262345,1.35944935288927
0.871788747262345,1.35944935288927
0.871788747262345,1.35944935288927
0.871788747262345,1.35944935288927
0.871788747262345,1.35944935288927
1.03173626563391,1.35944935288927
1.03173626563391,1.02780290539231
1.03173626563391,1.02780290539231
1.03173626563391,1.02780290539231
1.03173626563391,1.12545743319985
1.03173626563391,1.15784054937021
1.03173626563391,1.15784054937021
0.778707739549579,1.15784054937021
0.778707739549579,1.15784054937021
0.778707739549579,1.15784054937021
0.778707739549579,1.15784054937021
0.778707739549579,1.04696727078153
0.778707739549579,1.35668554257028
0.778707739549579,1.35668554257028
0.778707739549579,1.35668554257028
0.778707739549579,1.35668554257028
0.778707739549579,1.35668554257028
0.778707739549579,1.35668554257028
0.778707739549579,1.35668554257028
0.928242065518053,1.1907059117893
0.928242065518053,1.1907059117893
0.928242065518053,1.1907059117893
0.928242065518053,1.1907059117893
0.928242065518053,1.1907059117893
0.928242065518053,1.1907059117893
0.928242065518053,1.1907059117893
0.928242065518053,1.1907059117893
1.13444403631611,1.1907059117893
1.13444403631611,1.1907059117893
1.13444403631611,1.1907059117893
0.731208678149162,1.1907059117893
0.981050714176749,1.1907059117893
0.981050714176749,1.07449670191985
0.981050714176749,1.74483829296491
0.981050714176749,1.06412691200859
0.981050714176749,1.06412691200859
0.981050714176749,1.06412691200859
0.981050714176749,1.06412691200859
0.981050714176749,1.06412691200859
0.981050714176749,1.06412691200859
0.981050714176749,1.06412691200859
0.981050714176749,1.06412691200859
0.981050714176749,1.12325598763671
0.981050714176749,1.12325598763671
0.981050714176749,1.26614132897505
0.981050714176749,1.27806794724777
0.981050714176749,1.27806794724777
0.981050714176749,1.27806794724777
0.981050714176749,1.27806794724777
1.11701249684103,1.27806794724777
1.11701249684103,1.27806794724777
1.11701249684103,1.23225229690639
1.11701249684103,1.23225229690639
1.00660474764479,1.23225229690639
1.00660474764479,1.23225229690639
1.00660474764479,1.22964581084102
1.00660474764479,1.22964581084102
1.00660474764479,1.22964581084102
1.00660474764479,1.22964581084102
1.00660474764479,1.22964581084102
1.00660474764479,1.22964581084102
1.00660474764479,1.22964581084102
1.00660474764479,1.22964581084102
1.00660474764479,1.22964581084102
1.00660474764479,1.22964581084102
1.01493957514561,1.05007913613882
1.01493957514561,1.05007913613882
1.01493957514561,1.05007913613882
1.01493957514561,1.05007913613882
1.0528590593987,1.05007913613882
1.0528590593987,1.05007913613882
1.0528590593987,1.05007913613882
1.0528590593987,1.05007913613882
1.0528590593987,1.05007913613882
1.0528590593987,1.05007913613882
1.0528590593987,1.50146799374105
1.0528590593987,1.50146799374105
1.0528590593987,1.50146799374105
1.0528590593987,1.42923062942791
1.0528590593987,1.42923062942791
1.0528590593987,1.42923062942791
1.0528590593987,1.42923062942791
1.02790371280406,1.42923062942791
1.02790371280406,1.42923062942791
1.02790371280406,1.1496789979617
1.02790371280406,1.1496789979617
1.02790371280406,1.1496789979617
1.02790371280406,1.1496789979617
1.02790371280406,1.1496789979617
1.02790371280406,1.1496789979617
1.02790371280406,1.1496789979617
1.02790371280406,1.1496789979617
1.02790371280406,1.1496789979617
1.02790371280406,1.1496789979617
1.0425505354878,1.1496789979617
0.936732506364099,1.1496789979617
0.936732506364099,1.1496789979617
0.936732506364099,1.1496789979617
0.936732506364099,1.1496789979617
0.936732506364099,1.1496789979617
0.936732506364099,1.12542620187485
0.936732506364099,1.12542620187485
0.936732506364099,1.12542620187485
1.0835671401334,1.12542620187485
1.0835671401334,1.12542620187485
1.0835671401334,1.12542620187485
1.0835671401334,1.17568696194521
1.0835671401334,1.17568696194521
1.0835671401334,1.17568696194521
1.0835671401334,1.17568696194521
1.0835671401334,1.17568696194521
1.0835671401334,1.17568696194521
1.0835671401334,1.17568696194521
1.0835671401334,1.17568696194521
1.0835671401334,1.17568696194521
1.0835671401334,1.17568696194521
1.0835671401334,1.17568696194521
1.0835671401334,1.32052622001917
1.0835671401334,1.32052622001917
1.13839200488076,1.32052622001917
1.13839200488076,1.32052622001917
1.13839200488076,1.32052622001917
1.13839200488076,1.32052622001917
1.13839200488076,1.32052622001917
1.13839200488076,1.32052622001917
1.13839200488076,1.32052622001917
1.13839200488076,1.32052622001917
1.13839200488076,1.32052622001917
1.13839200488076,1.3798297171798
0.985520527418062,1.3798297171798
0.985520527418062,1.3798297171798
0.985520527418062,1.3798297171798
0.823520899580973,1.3798297171798
0.823520899580973,1.39281569059821
0.823520899580973,1.39281569059821
0.823520899580973,1.39281569059821
0.823520899580973,1.39281569059821
0.823520899580973,1.39281569059821
0.823520899580973,1.39281569059821
0.823520899580973,1.39281569059821
0.823520899580973,1.39281569059821
1.01460695830556,1.39281569059821
1.01460695830556,1.4399606174642
1.01460695830556,1.4399606174642
1.01460695830556,1.4399606174642
1.01460695830556,1.4399606174642
1.01460695830556,1.4399606174642
1.01460695830556,1.4399606174642
1.01460695830556,1.4399606174642
1.01460695830556,1.4399606174642
1.01460695830556,1.4399606174642
1.01460695830556,1.4399606174642
1.10821876478151,1.4399606174642
1.29552249971229,1.4399606174642
1.29552249971229,1.4399606174642
1.29552249971229,1.4399606174642
1.29552249971229,1.4399606174642
1.29552249971229,1.4399606174642
1.29552249971229,1.4399606174642
1.29552249971229,1.4399606174642
1.29552249971229,1.4980649999226
1.25653516660354,1.4980649999226
1.25653516660354,1.4980649999226
1.17680955298115,1.4980649999226
0.926414217883433,1.4980649999226
0.926414217883433,1.4980649999226
0.926414217883433,1.4980649999226
0.926414217883433,1.4980649999226
0.926414217883433,1.4980649999226
1.11800230828483,1.4980649999226
1.11800230828483,1.4980649999226
1.11800230828483,1.4980649999226
1.11800230828483,1.4980649999226
1.11800230828483,1.4980649999226
1.11800230828483,1.4980649999226
1.11800230828483,1.4980649999226
1.03633696562062,1.4980649999226
1.05425591062085,1.36453768296195
1.03990523473209,1.36453768296195
1.03990523473209,1.36453768296195
1.03990523473209,1.36453768296195
1.03990523473209,1.36453768296195
1.03990523473209,1.36453768296195
1.14303084915546,1.36453768296195
0.866734609064451,1.36453768296195
0.866734609064451,1.36453768296195
0.866734609064451,1.36453768296195
0.866734609064451,1.09962007922281
0.866734609064451,1.09962007922281
0.866734609064451,1.09962007922281
0.866734609064451,1.09962007922281
0.922029035539614,1.09962007922281
0.922029035539614,1.09962007922281
0.922029035539614,1.09962007922281
0.922029035539614,1.09962007922281
0.922029035539614,1.09962007922281
0.834757161740525,1.09962007922281
0.834757161740525,1.09962007922281
0.834757161740525,1.54639686751347
0.834757161740525,1.41761414340167
0.834757161740525,1.38453705572346
0.834757161740525,1.38453705572346
0.834757161740525,1.38453705572346
0.834757161740525,1.38453705572346
0.834757161740525,1.38453705572346
0.834757161740525,1.38453705572346
0.834757161740525,1.38453705572346
0.834757161740525,1.38453705572346
0.834757161740525,1.38453705572346
0.834757161740525,1.38453705572346
1.09787224637568,1.38453705572346
1.09787224637568,1.38453705572346
1.09787224637568,1.38453705572346
1.09787224637568,1.52131398848106
1.09787224637568,1.52131398848106
1.09787224637568,1.52131398848106
1.09787224637568,1.52131398848106
1.09787224637568,1.52131398848106
1.09787224637568,1.52131398848106
1.09787224637568,1.52131398848106
1.09787224637568,1.52131398848106
1.09787224637568,1.52131398848106
1.09787224637568,1.52131398848106
1.09787224637568,1.52131398848106
1.09787224637568,1.52131398848106
1.09787224637568,1.52131398848106
1.09787224637568,1.2890856726416
1.09787224637568,1.2890856726416
1.09787224637568,1.2890856726416
1.09787224637568,1.2890856726416
1.09787224637568,1.2890856726416
1.09787224637568,1.2890856726416
1.09787224637568,1.2890856726416
1.09787224637568,1.2890856726416
1.09787224637568,1.2890856726416
1.09787224637568,1.2890856726416
1.09787224637568,1.2890856726416
1.09787224637568,1.2890856726416
1.09787224637568,1.2890856726416
1.09787224637568,1.2890856726416
1.09787224637568,1.45830941489019
1.09787224637568,1.23549793233451
1.09787224637568,1.23549793233451
1.09787224637568,1.23549793233451
1.09787224637568,1.38790454759057
1.09787224637568,1.38790454759057
1.09787224637568,1.38790454759057
1.09787224637568,1.38790454759057
1.09787224637568,1.38790454759057
1.09787224637568,1.38790454759057
1.09787224637568,1.38790454759057
1.09787224637568,1.38790454759057
1.09787224637568,1.38790454759057
1.09787224637568,1.38790454759057
1.09787224637568,1.38790454759057
1.09787224637568,1.38790454759057
1.09787224637568,1.38790454759057
1.09787224637568,1.38790454759057
1.09787224637568,1.38790454759057
1.09787224637568,1.38790454759057
1.09787224637568,1.38790454759057
1.09787224637568,1.38790454759057
1.09787224637568,1.38790454759057
1.09787224637568,1.38790454759057
1.09787224637568,1.41169889684183
1.09787224637568,1.41169889684183
1.09787224637568,1.13236185920189
0.99034527373384,1.20929172509076
0.99034527373384,1.20929172509076
0.99034527373384,1.20929172509076
0.99034527373384,1.20929172509076
0.99034527373384,1.20929172509076
0.99034527373384,1.20929172509076
0.99034527373384,1.20929172509076
0.99034527373384,1.20929172509076
0.99034527373384,1.20929172509076
0.99034527373384,1.20929172509076
0.99034527373384,1.20929172509076
0.99034527373384,1.20929172509076
0.99034527373384,1.20929172509076
0.99034527373384,1.16545752014153
0.99034527373384,1.16545752014153
0.99034527373384,1.16545752014153
0.99034527373384,1.16545752014153
0.99034527373384,1.16545752014153
0.99034527373384,1.16545752014153
0.99034527373384,1.16545752014153
0.99034527373384,1.16545752014153
0.99034527373384,1.16545752014153
0.99034527373384,1.16545752014153
0.99034527373384,1.16545752014153
0.99034527373384,1.16545752014153
0.99034527373384,1.16545752014153
0.99034527373384,1.16545752014153
0.99034527373384,1.16545752014153
0.99034527373384,1.16545752014153
0.99034527373384,1.16545752014153
0.99034527373384,1.16545752014153
0.99034527373384,1.16545752014153
0.99034527373384,1.16545752014153
0.99034527373384,1.16545752014153
0.99034527373384,1.28436921657377
0.99034527373384,1.28436921657377
0.99034527373384,1.28436921657377
0.99034527373384,1.28436921657377
0.99034527373384,1.25395391969393
0.99034527373384,1.25395391969393
0.99034527373384,1.25395391969393
0.99034527373384,1.79486626162215
0.99034527373384,1.79486626162215
1.03363974199615,1.25009053120926
1.03363974199615,1.25009053120926
1.03363974199615,1.25009053120926
1.17176099601317,1.11892681688337
1.17176099601317,1.11892681688337
1.17176099601317,1.11892681688337
1.17176099601317,1.11892681688337
1.17176099601317,1.14423761121774
1.19700585128665,1.14423761121774
1.19700585128665,1.14423761121774
1.19700585128665,1.06257055750058
1.19700585128665,1.06257055750058
1.14799221718147,1.06257055750058
1.14799221718147,1.06257055750058
1.14799221718147,1.06257055750058
1.14799221718147,1.06257055750058
1.14799221718147,1.06257055750058
1.14799221718147,1.06257055750058
1.14799221718147,1.63443880899208
1.14799221718147,1.56027828287208
1.14799221718147,1.56027828287208
1.14799221718147,1.56027828287208
1.14799221718147,1.56027828287208
1.14799221718147,1.56027828287208
1.14799221718147,1.56027828287208
1.14799221718147,1.56027828287208
1.14799221718147,1.56027828287208
1.14799221718147,1.56027828287208
1.14799221718147,1.56027828287208
1.14799221718147,1.56027828287208
1.14799221718147,1.56027828287208
1.14799221718147,1.56027828287208
1.14799221718147,1.39841627872178
1.14799221718147,1.39841627872178
1.14799221718147,1.39841627872178
1.14799221718147,1.57352502949537
1.14799221718147,1.57352502949537
1.14799221718147,1.57352502949537
1.04485963439168,1.33746984988892
0.946190943503984,1.33746984988892
1.42717814311881,1.33746984988892
1.42717814311881,1.33746984988892
1.42717814311881,1.33746984988892
1.42717814311881,1.33746984988892
1.42717814311881,1.33746984988892
1.42717814311881,1.33746984988892
1.42717814311881,1.33746984988892
1.42717814311881,1.33746984988892
1.42717814311881,1.33746984988892
1.42717814311881,1.33746984988892
1.42717814311881,1.33746984988892
1.42717814311881,1.33746984988892
1.42717814311881,1.33746984988892
1.42717814311881,1.33746984988892
1.42717814311881,1.33746984988892
1.01101898526493,1.33746984988892
1.01101898526493,1.33746984988892
1.01101898526493,1.33746984988892
1.01101898526493,1.33746984988892
1.01101898526493,1.44081637534883
1.01101898526493,1.44081637534883
1.01101898526493,1.44081637534883
1.01101898526493,1.44081637534883
1.01101898526493,1.44081637534883
1.01101898526493,1.44081637534883
1.01101898526493,1.44081637534883
1.01101898526493,1.44081637534883
1.01101898526493,1.44081637534883
1.01101898526493,1.44081637534883
1.01101898526493,1.44081637534883
1.2500076735334,1.44081637534883
1.2500076735334,1.44081637534883
1.2500076735334,1.44081637534883
1.2500076735334,1.44081637534883
1.05447135247815,1.44081637534883
1.05447135247815,1.44081637534883
1.05447135247815,1.44081637534883
1.13252644208183,1.44081637534883
1.13252644208183,1.44081637534883
1.13252644208183,1.44081637534883
1.13252644208183,1.44081637534883
1.13252644208183,1.44081637534883
1.13252644208183,1.44081637534883
1.13252644208183,1.44081637534883
1.13252644208183,1.44949634161904
1.13252644208183,1.44949634161904
1.13252644208183,1.44949634161904
1.13252644208183,1.44949634161904
1.13252644208183,1.44949634161904
1.13252644208183,1.44949634161904
1.13252644208183,1.50936217145383
1.24526567288443,1.50936217145383
1.17962815348433,1.50936217145383
1.17962815348433,1.50936217145383
1.17962815348433,1.50936217145383
1.17962815348433,1.50936217145383
1.17962815348433,1.50936217145383
1.17962815348433,1.50936217145383
1.20678921363524,1.50936217145383
1.20678921363524,1.50936217145383
1.20678921363524,1.50936217145383
1.21554848858979,1.50936217145383
1.21554848858979,1.50936217145383
1.21554848858979,1.50936217145383
1.21554848858979,1.50936217145383
1.21554848858979,1.50936217145383
1.21554848858979,1.50936217145383
1.21554848858979,1.50936217145383
1.21554848858979,1.50936217145383
1.05822733132908,1.50936217145383
1.05822733132908,1.50936217145383
1.05822733132908,1.50936217145383
1.05822733132908,1.50936217145383
1.12595961819316,1.50936217145383
1.12595961819316,1.50936217145383
1.12595961819316,1.50936217145383
1.12595961819316,1.50936217145383
1.12595961819316,1.50936217145383
1.12595961819316,1.50936217145383
1.09595697856526,1.50936217145383
1.09595697856526,1.50936217145383
1.34875280944576,1.50936217145383
1.34875280944576,1.50936217145383
1.13855642094087,1.50936217145383
1.13855642094087,1.50936217145383
1.13855642094087,1.231723885224
1.13855642094087,1.231723885224
1.13855642094087,1.231723885224
1.10500991017274,1.231723885224
1.10500991017274,1.52875710316123
1.10500991017274,1.52875710316123
1.10500991017274,1.52875710316123
1.10500991017274,1.52875710316123
1.10500991017274,1.52875710316123
1.10500991017274,1.52875710316123
1.10500991017274,1.52875710316123
1.10500991017274,1.52875710316123
1.19687817278886,1.52875710316123
1.19687817278886,1.52875710316123
1.19687817278886,1.52875710316123
1.19687817278886,1.52875710316123
1.19687817278886,1.52875710316123
1.19687817278886,1.52875710316123
1.03044399686952,1.52875710316123
1.03044399686952,1.52875710316123
1.03044399686952,1.49458088509086
1.03044399686952,1.49458088509086
1.03044399686952,1.34719280376012
1.03044399686952,1.34719280376012
1.03044399686952,1.34719280376012
1.03044399686952,1.45771668212341
1.03044399686952,1.45771668212341
1.03044399686952,1.45771668212341
1.03044399686952,1.63417425697485
1.03044399686952,1.63417425697485
1.03044399686952,1.63417425697485
1.06707352619653,1.63417425697485
1.06707352619653,1.63417425697485
0.985612145339511,1.63417425697485
0.985612145339511,1.63417425697485
0.985612145339511,1.63417425697485
0.985612145339511,1.63417425697485
0.985612145339511,1.63417425697485
0.985612145339511,1.63417425697485
0.985612145339511,1.63417425697485
1.39635181577443,1.63417425697485
1.39635181577443,1.63417425697485
1.39635181577443,1.63417425697485
1.39635181577443,1.63417425697485
1.39635181577443,1.63417425697485
1.39635181577443,1.63417425697485
1.39635181577443,1.63417425697485
1.39635181577443,1.63417425697485
0.919493976607023,1.63417425697485
1.2521317570155,1.63417425697485
1.17969399772989,1.24967886665656
1.22976720405618,1.24967886665656
0.888539985457279,1.24967886665656
0.888539985457279,1.24967886665656
0.895050759049643,1.24967886665656
1.31362566488228,1.24967886665656
1.04179065480449,1.24967886665656
1.04179065480449,1.24967886665656
1.04179065480449,1.24967886665656
1.04179065480449,1.24967886665656
1.04179065480449,1.24967886665656
1.04179065480449,1.24967886665656
1.04179065480449,1.24967886665656
1.04179065480449,1.24967886665656
1.04179065480449,1.24967886665656
1.04179065480449,1.24967886665656
1.04179065480449,1.24967886665656
1.04179065480449,1.34585286801418
0.931175238909227,1.34585286801418
0.937082515700405,1.34585286801418
0.937082515700405,1.34585286801418
0.937082515700405,1.34585286801418
0.937082515700405,1.34585286801418
0.937082515700405,1.34585286801418
0.937082515700405,1.34585286801418
0.937082515700405,1.34585286801418
0.937082515700405,1.34585286801418
0.937082515700405,1.34585286801418
0.937082515700405,1.34585286801418
0.937082515700405,1.34585286801418
0.937082515700405,1.14682169165352
0.937082515700405,1.14682169165352
0.937082515700405,1.14682169165352
0.937082515700405,1.14682169165352
0.937082515700405,1.14682169165352
0.937082515700405,1.14682169165352
0.937082515700405,1.14682169165352
1.0568073021219,1.14682169165352
1.0568073021219,1.14682169165352
1.0568073021219,1.14682169165352
1.07350683007587,1.14682169165352
1.07350683007587,1.14682169165352
1.07350683007587,1.14682169165352
1.07350683007587,1.83397236189229
1.14501501931548,1.83397236189229
1.14501501931548,1.83397236189229
1.14501501931548,1.83397236189229
1.14501501931548,1.83397236189229
1.14501501931548,1.83397236189229
1.14501501931548,1.83397236189229
1.14501501931548,1.66660434913023
1.14501501931548,1.66660434913023
1.14501501931548,1.66660434913023
1.14501501931548,1.66660434913023
1.14501501931548,1.66660434913023
1.14501501931548,1.66660434913023
1.25289404015494,1.66660434913023
1.06753640787814,1.66660434913023
1.06753640787814,1.22689539189838
1.06753640787814,1.22689539189838
1.06753640787814,1.22689539189838
1.06753640787814,1.10708856359858
1.06753640787814,1.10708856359858
1.07198911591958,1.23856291521433
1.07198911591958,1.23856291521433
1.19413985017164,1.23856291521433
1.19413985017164,1.23856291521433
1.19413985017164,1.23856291521433
1.19413985017164,1.85473778056152
1.19413985017164,1.85473778056152
1.19413985017164,1.85473778056152
1.19413985017164,1.85473778056152
1.19413985017164,1.85473778056152
1.19413985017164,1.85473778056152
1.19413985017164,1.85473778056152
1.19413985017164,1.85473778056152
1.19413985017164,1.85473778056152
1.19413985017164,1.85473778056152
1.18384186188369,1.70078435077282
1.18384186188369,1.70078435077282
1.18384186188369,1.70078435077282
1.18384186188369,1.69817244297684
1.18384186188369,1.69817244297684
1.18384186188369,1.69817244297684
1.18384186188369,1.69817244297684
1.18384186188369,1.69817244297684
1.18384186188369,1.69817244297684
1.18384186188369,1.69817244297684
1.18384186188369,1.69817244297684
1.21521106128115,1.69817244297684
1.21521106128115,1.69817244297684
1.21521106128115,1.69817244297684
1.21521106128115,1.43459155835409
1.21521106128115,1.43459155835409
1.21521106128115,1.43459155835409
1.21521106128115,1.43459155835409
1.21521106128115,1.43459155835409
1.21521106128115,1.43459155835409
1.21521106128115,1.43459155835409
1.21521106128115,1.43459155835409
1.21521106128115,1.43459155835409
1.21521106128115,1.43459155835409
1.21521106128115,1.55704971532231
1.21521106128115,1.55704971532231
1.21521106128115,1.55704971532231
1.21521106128115,1.55704971532231
1.21521106128115,1.55704971532231
1.21521106128115,1.55704971532231
1.06011920271925,1.55704971532231
1.03738979679804,1.55704971532231
1.03738979679804,1.55704971532231
1.03738979679804,1.55704971532231
1.03738979679804,1.55704971532231
1.03738979679804,1.55704971532231
1.03738979679804,1.55704971532231
1.03738979679804,1.55704971532231
1.03738979679804,1.75067204097455
1.03738979679804,1.75067204097455
1.03738979679804,1.75781031881837
1.03738979679804,1.75781031881837
1.03738979679804,1.75781031881837
1.03738979679804,1.75781031881837
1.03738979679804,1.75781031881837
1.03738979679804,1.75781031881837
1.03738979679804,1.75781031881837
1.03738979679804,1.75781031881837
1.03738979679804,1.75781031881837
1.03738979679804,1.75781031881837
1.03738979679804,1.75781031881837
1.03738979679804,1.79798530856488
1.03738979679804,1.79798530856488
1.03738979679804,1.79798530856488
1.03738979679804,1.79798530856488
1.03738979679804,1.79798530856488
1.03738979679804,1.79798530856488
1.03738979679804,1.69378491160078
1.03738979679804,1.69378491160078
1.04058226828311,1.69378491160078
1.04058226828311,1.69378491160078
1.04058226828311,1.69378491160078
1.04058226828311,1.63995890180774
1.04058226828311,1.63995890180774
1.04058226828311,1.63995890180774
1.04058226828311,1.63995890180774
1.04058226828311,1.63995890180774
1.04058226828311,1.63995890180774
1.04058226828311,1.63995890180774
1.04058226828311,1.63995890180774
1.04058226828311,1.72286905557949
1.04058226828311,1.72286905557949
1.04058226828311,1.72286905557949
1.08504164913738,1.72286905557949
1.08504164913738,1.72286905557949
1.08504164913738,1.72286905557949
1.08504164913738,1.72286905557949
1.24418970771456,1.72286905557949
1.24418970771456,1.72286905557949
1.24418970771456,1.71146940754217
1.24418970771456,1.71146940754217
1.24418970771456,1.71146940754217
1.24418970771456,1.71146940754217
1.24418970771456,1.71146940754217
1.24418970771456,1.13882961338366
1.24418970771456,1.13882961338366
1.24418970771456,1.13882961338366
1.06290023558434,1.13882961338366
1.06290023558434,1.13882961338366
1.06290023558434,1.13882961338366
1.06290023558434,1.59577407711397
1.06290023558434,1.44935648597298
1.19846428724676,1.44935648597298
1.19846428724676,1.56376838895338
1.19846428724676,1.56376838895338
1.19846428724676,1.64036746678397
1.19846428724676,1.64036746678397
1.19846428724676,1.64036746678397
1.19846428724676,1.64036746678397
1.19846428724676,1.64036746678397
1.04609952951093,1.64036746678397
1.04609952951093,1.64036746678397
1.04609952951093,1.64036746678397
1.04609952951093,1.60769151094136
1.04609952951093,1.15586935467577
1.04609952951093,1.15586935467577
1.04609952951093,1.15586935467577
1.04609952951093,1.17022737408404
1.08360435614596,1.17022737408404
1.01224455830762,1.17022737408404
1.01224455830762,1.17022737408404
1.01224455830762,1.46619348248622
1.15625987649467,1.46619348248622
1.15625987649467,1.46619348248622
1.15625987649467,1.46619348248622
1.15625987649467,1.63866658077584
1.15625987649467,1.63866658077584
1.15625987649467,1.63866658077584
1.15625987649467,1.48188466680343
1.15625987649467,1.48188466680343
1.15625987649467,1.48188466680343
1.15625987649467,1.48188466680343
1.15625987649467,1.48188466680343
1.15625987649467,1.48188466680343
1.15625987649467,1.48188466680343
1.15625987649467,1.48188466680343
1.15625987649467,1.48188466680343
1.15625987649467,1.49664284552324
1.15625987649467,1.49664284552324
1.15625987649467,1.49664284552324
1.15625987649467,1.49664284552324
1.15625987649467,1.49664284552324
1.15625987649467,1.49664284552324
1.15625987649467,1.49664284552324
1.15625987649467,1.49664284552324
1.15625987649467,1.49664284552324
1.15625987649467,1.49664284552324
1.15744931759912,1.49664284552324
1.15744931759912,1.49664284552324
1.007240112614,1.49664284552324
1.007240112614,1.49664284552324
1.007240112614,1.49664284552324
1.09516123055366,1.49664284552324
1.12148054727558,1.49664284552324
1.12148054727558,1.49664284552324
1.12148054727558,1.45007707882094
1.12148054727558,1.45007707882094
1.12148054727558,1.45007707882094
1.12148054727558,1.45007707882094
1.12148054727558,1.45007707882094
1.12148054727558,1.45007707882094
1.12148054727558,1.45007707882094
1.12148054727558,1.45007707882094
1.12148054727558,1.55345376344092
1.12148054727558,1.55345376344092
1.12148054727558,1.55345376344092
1.12148054727558,1.55345376344092
1.12148054727558,1.6537012644814
1.12148054727558,1.6537012644814
1.12148054727558,1.6537012644814
1.12148054727558,1.6537012644814
1.12148054727558,1.6537012644814
1.12148054727558,1.6537012644814
1.12148054727558,1.6537012644814
1.12148054727558,1.6537012644814
1.12148054727558,1.6537012644814
1.12148054727558,1.6537012644814
1.12148054727558,1.6537012644814
1.12148054727558,1.55820323312109
1.12148054727558,1.55820323312109
1.12148054727558,1.55820323312109
1.12148054727558,1.55820323312109
1.12148054727558,1.55820323312109
1.12148054727558,1.55820323312109
1.12148054727558,1.44818533842899
1.12148054727558,1.44818533842899
1.12148054727558,1.44818533842899
1.12148054727558,1.48864276240756
1.12148054727558,1.48864276240756
1.12148054727558,1.48864276240756
1.12148054727558,1.26629763481851
1.12148054727558,1.26629763481851
1.12148054727558,1.26629763481851
1.12148054727558,1.26629763481851
1.12148054727558,1.26629763481851
1.12148054727558,1.26629763481851
1.12148054727558,1.26629763481851
1.12148054727558,1.26629763481851
1.12148054727558,1.26629763481851
1.12148054727558,1.26629763481851
1.12148054727558,1.26629763481851
1.12148054727558,1.26629763481851
1.12148054727558,1.26629763481851
1.12148054727558,1.26629763481851
1.12148054727558,1.26629763481851
1.12148054727558,1.36414787189866
1.12148054727558,1.36414787189866
1.10712640329036,1.36414787189866
1.10712640329036,1.36414787189866
1.10712640329036,1.36414787189866
1.10712640329036,1.36414787189866
1.10712640329036,1.61049656960143
0.935880114707346,1.61049656960143
0.935880114707346,1.38755328207162
0.935880114707346,1.38755328207162
0.935880114707346,1.38755328207162
0.96063546279108,1.38755328207162
0.96063546279108,1.38755328207162
0.96063546279108,1.38755328207162
0.96063546279108,1.38755328207162
0.96063546279108,1.30046819114794
0.96063546279108,1.30046819114794
0.96063546279108,1.30046819114794
0.96063546279108,1.30046819114794
0.96063546279108,1.30046819114794
0.96063546279108,1.30046819114794
0.96063546279108,1.30046819114794
0.96063546279108,1.30046819114794
0.96063546279108,1.30046819114794
0.96063546279108,1.30046819114794
0.96063546279108,1.30046819114794
0.96063546279108,1.30046819114794
0.96063546279108,1.26834866422394
0.96063546279108,1.26834866422394
0.849951830536317,1.26834866422394
0.849951830536317,1.26834866422394
0.849951830536317,1.26834866422394
0.849951830536317,1.26834866422394
0.849951830536317,1.26834866422394
0.849951830536317,1.26834866422394
0.849951830536317,1.26834866422394
0.849951830536317,1.26834866422394
0.849951830536317,1.26834866422394
0.849951830536317,1.26834866422394
1.07479690583163,1.21899308362163
1.07479690583163,1.21899308362163
1.07479690583163,1.21899308362163
1.07479690583163,1.21899308362163
1.07479690583163,1.21899308362163
1.07479690583163,1.21899308362163
1.14069702651938,1.21899308362163
1.03983777033019,1.23013313908445
1.03983777033019,1.23013313908445
1.03983777033019,1.23013313908445
1.03983777033019,1.16792900583555
1.03983777033019,1.16792900583555
1.03983777033019,1.16792900583555
1.03983777033019,1.16792900583555
1.03983777033019,1.26370042200182
1.03983777033019,1.42423325714
1.03983777033019,1.42423325714
0.870615001265283,1.42423325714
0.870615001265283,1.42423325714
0.870615001265283,1.33863601856719
0.870615001265283,1.33863601856719
0.870615001265283,1.33863601856719
1.10768957809095,1.33863601856719
1.10768957809095,1.33863601856719
1.10768957809095,1.70146378083665
1.10768957809095,1.70146378083665
1.10768957809095,1.70146378083665
1.10768957809095,1.70146378083665
1.10768957809095,1.70146378083665
0.993608200962739,1.70146378083665
0.993608200962739,1.70146378083665
0.993608200962739,1.37338530076358
0.993608200962739,1.37338530076358
0.993608200962739,1.37338530076358
0.993608200962739,1.37338530076358
1.14802527569702,1.37338530076358
1.14802527569702,1.37338530076358
1.15452420341148,1.37338530076358
1.15452420341148,1.37338530076358
1.15452420341148,1.37338530076358
1.15452420341148,1.37338530076358
1.15452420341148,1.63183066508019
1.15452420341148,1.63183066508019
1.15452420341148,1.63183066508019
1.15452420341148,1.63183066508019
1.15452420341148,1.22609673565535
1.15452420341148,1.22609673565535
1.15452420341148,1.22609673565535
1.15452420341148,1.22609673565535
1.15452420341148,1.22609673565535
1.15452420341148,1.02486731583394
1.15452420341148,1.09798471686355
1.15452420341148,1.09798471686355
1.15452420341148,1.09798471686355
1.15452420341148,1.09798471686355
1.15452420341148,1.09798471686355
1.15452420341148,1.25012043835552
1.15452420341148,1.25012043835552
1.15452420341148,1.25012043835552
1.15452420341148,1.25012043835552
1.15452420341148,1.25012043835552
1.15452420341148,1.25012043835552
1.15452420341148,1.25012043835552
1.15452420341148,1.25012043835552
1.15452420341148,1.25012043835552
1.15452420341148,1.25479630964775
1.15452420341148,1.25479630964775
1.15452420341148,1.25479630964775
1.15452420341148,1.58242492500118
1.15452420341148,1.58242492500118
1.15452420341148,1.58242492500118
1.15452420341148,1.58242492500118
1.00639110233609,1.58242492500118
1.00639110233609,1.26785229469303
1.00639110233609,1.26785229469303
1.00639110233609,1.26785229469303
1.00639110233609,1.41141054952023
1.00639110233609,1.41141054952023
1.00639110233609,1.41141054952023
1.00639110233609,1.41141054952023
1.00639110233609,1.41141054952023
1.00639110233609,1.41141054952023
1.00639110233609,1.41141054952023
1.00639110233609,1.19994063100898
1.00639110233609,1.19994063100898
1.00639110233609,1.19994063100898
1.00639110233609,1.19994063100898
1.00639110233609,1.19994063100898
1.00639110233609,1.19994063100898
1.00639110233609,1.19994063100898
1.00639110233609,1.19994063100898
1.00639110233609,1.19994063100898
1.00639110233609,1.19994063100898
1.00639110233609,1.28724234260547
0.976631097020395,1.28724234260547
0.976631097020395,1.28724234260547
0.976631097020395,1.28724234260547
0.96272662892255,1.28724234260547
0.96272662892255,1.28724234260547
0.96272662892255,1.28724234260547
0.96272662892255,1.28724234260547
0.96272662892255,1.28724234260547
0.96272662892255,1.28724234260547
0.96272662892255,1.28724234260547
0.96272662892255,1.28724234260547
0.96272662892255,1.28724234260547
0.96272662892255,1.28724234260547
0.96272662892255,1.28724234260547
0.96272662892255,1.28724234260547
0.96272662892255,1.28724234260547
0.96272662892255,1.28724234260547
0.96272662892255,1.28724234260547
0.96272662892255,1.28724234260547
0.96272662892255,1.28724234260547
0.96272662892255,1.28724234260547
0.96272662892255,1.28724234260547
0.96272662892255,1.28724234260547
0.96272662892255,1.28724234260547
0.898828172951817,1.28724234260547
0.898828172951817,1.28724234260547
0.898828172951817,1.28724234260547
0.898828172951817,1.28724234260547
0.898828172951817,1.29895893586743
0.898828172951817,1.29895893586743
0.898828172951817,1.29895893586743
1.31622725448669,1.5366825445344
1.31622725448669,1.5366825445344
1.31622725448669,1.5366825445344
1.31622725448669,1.51385084146052
1.31622725448669,1.51385084146052
0.788605287793399,1.51385084146052
1.36880301236326,1.51385084146052
1.36880301236326,1.51385084146052
1.36880301236326,1.51385084146052
1.36880301236326,1.51385084146052
1.36880301236326,1.51385084146052
1.36880301236326,1.51385084146052
1.36880301236326,1.51385084146052
1.36880301236326,1.51385084146052
1.36880301236326,1.4807961048411
1.20375204299712,1.46382083425081
1.20375204299712,1.46382083425081
1.20375204299712,1.46382083425081
1.20375204299712,1.46382083425081
0.870532824114729,1.46382083425081
0.870532824114729,1.46382083425081
0.870532824114729,1.46382083425081
0.870532824114729,1.44219328553358
0.870532824114729,1.44219328553358
0.870532824114729,1.44219328553358
0.870532824114729,1.44219328553358
0.870532824114729,1.44219328553358
0.870532824114729,1.44219328553358
0.870532824114729,1.44219328553358
0.870532824114729,1.44219328553358
0.870532824114729,1.44219328553358
0.870532824114729,1.44219328553358
1.00033739605792,1.44219328553358
1.00033739605792,1.44219328553358
1.00033739605792,1.72665891926549
1.00033739605792,1.72665891926549
1.00033739605792,1.72665891926549
1.00033739605792,1.1072129913716
1.00033739605792,1.1072129913716
1.00033739605792,1.1072129913716
1.00033739605792,1.1072129913716
1.00033739605792,1.1072129913716
1.00033739605792,1.1072129913716
1.00033739605792,1.1072129913716
1.00033739605792,1.23823083453052
1.00033739605792,1.23823083453052
1.00033739605792,1.23823083453052
1.00033739605792,1.23823083453052
1.00033739605792,1.23823083453052
1.00033739605792,1.23823083453052
1.00033739605792,1.23823083453052
1.00033739605792,1.23823083453052
1.00033739605792,1.23823083453052
1.00033739605792,1.23823083453052
1.00033739605792,1.23823083453052
1.00033739605792,1.23823083453052
1.00033739605792,1.23823083453052
1.00033739605792,1.23823083453052
1.00033739605792,1.23823083453052
1.00033739605792,1.23823083453052
1.00033739605792,1.23823083453052
1.00033739605792,1.23823083453052
1.00033739605792,1.23823083453052
1.00033739605792,1.23823083453052
1.00033739605792,1.23823083453052
1.00033739605792,1.23823083453052
1.00033739605792,1.23823083453052
1.00033739605792,1.36454734149816
1.00033739605792,1.36454734149816
1.00033739605792,1.36454734149816
1.00033739605792,1.36454734149816
1.00033739605792,1.36454734149816
1.00033739605792,1.36454734149816
1.06211039278606,1.08003947954094
1.06211039278606,1.08003947954094
1.06211039278606,1.08003947954094
1.06211039278606,1.08003947954094
1.06211039278606,1.08003947954094
1.06211039278606,1.08003947954094
1.06211039278606,1.08003947954094
1.06211039278606,1.08003947954094
1.06211039278606,1.08003947954094
0.856590889229744,1.08003947954094
1.0995043360482,1.08003947954094
1.0995043360482,1.08003947954094
1.0995043360482,1.08003947954094
1.0995043360482,1.08003947954094
1.0995043360482,1.08003947954094
1.0995043360482,1.08003947954094
1.0995043360482,1.08003947954094
1.01036583622543,1.08003947954094
1.01036583622543,1.37089311075054
1.01036583622543,1.37089311075054
1.01036583622543,1.37089311075054
1.01036583622543,1.37089311075054
1.00592233843977,1.37089311075054
1.00592233843977,1.37089311075054
0.853648244811993,1.37089311075054
0.975252057848868,1.37089311075054
0.975252057848868,1.37089311075054
0.975252057848868,1.37089311075054
0.975252057848868,1.37089311075054
0.975252057848868,1.37358785280067
0.975252057848868,1.37358785280067
0.975252057848868,1.37358785280067
0.975252057848868,1.37358785280067
0.975252057848868,1.37358785280067
0.975252057848868,1.37358785280067
0.975252057848868,1.36718062487039
0.975252057848868,1.36718062487039
0.975252057848868,1.36718062487039
0.975252057848868,1.36718062487039
0.975252057848868,1.36718062487039
1.04777644006243,1.36718062487039
1.04777644006243,1.36718062487039
1.04777644006243,1.24787248041858
0.996179212126462,1.24787248041858
0.996179212126462,1.24787248041858
0.996179212126462,1.24787248041858
0.996179212126462,1.24787248041858
0.996179212126462,1.24787248041858
0.996179212126462,1.24787248041858
0.996179212126462,1.24787248041858
0.996179212126462,1.24787248041858
0.996179212126462,1.24787248041858
1.06815315982609,1.24787248041858
1.06815315982609,1.24787248041858
1.06815315982609,1.24787248041858
1.06815315982609,1.24787248041858
1.06452324851006,1.24787248041858
1.06452324851006,1.24787248041858
1.06452324851006,1.24787248041858
1.06452324851006,1.24787248041858
1.06452324851006,1.24787248041858
1.06452324851006,1.24787248041858
1.06452324851006,1.24787248041858
1.06452324851006,1.24787248041858
1.06452324851006,1.24787248041858
1.06452324851006,1.24787248041858
1.06452324851006,1.24787248041858
1.06452324851006,1.24787248041858
1.06452324851006,1.24787248041858
1.06452324851006,1.24787248041858
1.06452324851006,1.24787248041858
1.06452324851006,1.24787248041858
1.06452324851006,1.24787248041858
0.921528163002641,1.24787248041858
0.921528163002641,1.24787248041858
0.921528163002641,1.24787248041858
0.921528163002641,1.64685128581687
0.921528163002641,1.52978261175723
0.921528163002641,1.52978261175723
0.921528163002641,1.52978261175723
0.921528163002641,1.52978261175723
0.921528163002641,1.64437047562284
0.921528163002641,1.64437047562284
0.921528163002641,1.64437047562284
0.921528163002641,1.64437047562284
0.921528163002641,1.64437047562284
0.921528163002641,1.64437047562284
0.921528163002641,1.64437047562284
0.921528163002641,1.64437047562284
0.921528163002641,1.64437047562284
0.921528163002641,1.64437047562284
0.921528163002641,1.64437047562284
0.921528163002641,1.64437047562284
0.921528163002641,1.75170507284078
0.921528163002641,1.75170507284078
0.921528163002641,1.75170507284078
1.17799427604037,1.64309765224922
1.17799427604037,1.64309765224922
1.17799427604037,1.64309765224922
0.98724766328919,1.64309765224922
0.98724766328919,1.64309765224922
0.982229393198151,1.62625958597683
0.982229393198151,1.62625958597683
0.982229393198151,1.62625958597683
0.982229393198151,1.62625958597683
0.982229393198151,1.42541315198311
0.982229393198151,1.42541315198311
0.982229393198151,1.29269777278641
0.982229393198151,1.29269777278641
0.982229393198151,1.29269777278641
0.982229393198151,1.29269777278641
1.3043108348905,1.29269777278641
1.3043108348905,1.29269777278641
1.3043108348905,1.29269777278641
1.3043108348905,1.29269777278641
1.3043108348905,1.29269777278641
1.3043108348905,1.29269777278641
1.3043108348905,1.29269777278641
1.21604081299415,1.29269777278641
1.21604081299415,1.29269777278641
1.21604081299415,1.29269777278641
1.21604081299415,1.29269777278641
1.18148475177437,1.29269777278641
1.18148475177437,1.29269777278641
1.18148475177437,1.29269777278641
1.18148475177437,1.29269777278641
1.18148475177437,1.29269777278641
0.824614985899499,1.29269777278641
0.824614985899499,1.29269777278641
0.824614985899499,1.29269777278641
0.824614985899499,1.29269777278641
0.824614985899499,1.29269777278641
1.21666649688384,1.29269777278641
1.21666649688384,1.29269777278641
1.21666649688384,1.29269777278641
1.21666649688384,1.29269777278641
1.21666649688384,1.29269777278641
1.21666649688384,1.29269777278641
1.08213351122083,1.29269777278641
1.08213351122083,1.52436220205991
1.08213351122083,1.74777295973153
0.919160080117087,1.74777295973153
0.919160080117087,1.74777295973153
0.919160080117087,1.74777295973153
0.919160080117087,1.74777295973153
0.919160080117087,1.74777295973153
0.919160080117087,1.74777295973153
0.919160080117087,1.74777295973153
0.919160080117087,1.74777295973153
0.919160080117087,1.74777295973153
0.919160080117087,1.74777295973153
0.919160080117087,1.74777295973153
0.919160080117087,1.74777295973153
0.919160080117087,1.74777295973153
0.919160080117087,1.74777295973153
0.976068130584526,1.74777295973153
0.976068130584526,1.74777295973153
0.976068130584526,1.74777295973153
0.976068130584526,1.57705423236276
0.976068130584526,1.57705423236276
0.976068130584526,1.57705423236276
0.976068130584526,1.57705423236276
0.976068130584526,1.57705423236276
0.976068130584526,1.69221941773964
0.976068130584526,1.69221941773964
0.976068130584526,1.69221941773964
0.976068130584526,1.69221941773964
0.785541512388497,1.69221941773964
0.785541512388497,1.69221941773964
0.785541512388497,1.69221941773964
0.785541512388497,1.69221941773964
0.785541512388497,1.69221941773964
0.785541512388497,1.33192524842661
0.873373671571686,1.33192524842661
0.873373671571686,1.33192524842661
0.873373671571686,1.33192524842661
0.873373671571686,1.33192524842661
0.873373671571686,1.33192524842661
0.873373671571686,1.33192524842661
0.873373671571686,1.33192524842661
0.873373671571686,1.33192524842661
0.873373671571686,1.33192524842661
1.07236714607348,1.33192524842661
1.07236714607348,1.33192524842661
1.09434100609395,1.33192524842661
1.09434100609395,1.33192524842661
1.09434100609395,1.33192524842661
1.09434100609395,1.33192524842661
1.09434100609395,1.33192524842661
1.09434100609395,1.33192524842661
1.09434100609395,1.33192524842661
1.09434100609395,1.64710628815483
1.09434100609395,1.64710628815483
1.09434100609395,1.64710628815483
1.09434100609395,1.64710628815483
1.0128263240715,1.64710628815483
1.0128263240715,1.64710628815483
1.17079311040096,1.64710628815483
1.17079311040096,1.64710628815483
1.17079311040096,1.64710628815483
1.17079311040096,1.64710628815483
1.17079311040096,1.64710628815483
1.17079311040096,1.64710628815483
1.17079311040096,1.64710628815483
1.17079311040096,1.64710628815483
1.17079311040096,1.64710628815483
1.17079311040096,1.64710628815483
1.17079311040096,1.64710628815483
1.17079311040096,1.64710628815483
1.17079311040096,1.64710628815483
1.17079311040096,1.64710628815483
1.17079311040096,1.64710628815483
1.17079311040096,1.64710628815483
1.17079311040096,1.64710628815483
1.17079311040096,1.64710628815483
1.17186991250856,1.64710628815483
1.17186991250856,1.64710628815483
0.895384605308212,1.64710628815483
0.895384605308212,1.64710628815483
0.895384605308212,1.64710628815483
0.895384605308212,1.64710628815483
0.895384605308212,1.64710628815483
0.895384605308212,1.64710628815483
0.895384605308212,1.64710628815483
0.895384605308212,1.64710628815483
0.985952810582965,1.64710628815483
0.985952810582965,1.64710628815483
1.02499084767928,1.64710628815483
1.02499084767928,1.64710628815483
1.02499084767928,1.64710628815483
1.02499084767928,1.64710628815483
1.02499084767928,1.64710628815483
1.02499084767928,1.60457808679904
1.02499084767928,1.60457808679904
1.02499084767928,1.60457808679904
1.02499084767928,1.60457808679904
1.02499084767928,1.60457808679904
1.02499084767928,1.10806582368722
1.02499084767928,1.10806582368722
1.02499084767928,1.10806582368722
1.02499084767928,1.10806582368722
1.02499084767928,1.10806582368722
1.02499084767928,1.10806582368722
1.02499084767928,1.52404826433609
1.02499084767928,1.34471505200738
1.02499084767928,1.39297215849883
1.02499084767928,1.39297215849883
1.02499084767928,1.39297215849883
1.02499084767928,1.39297215849883
1.02499084767928,1.39297215849883
1.02499084767928,1.39297215849883
1.02499084767928,1.39297215849883
1.02499084767928,1.39297215849883
1.02499084767928,1.39297215849883
1.02499084767928,1.39297215849883
1.02499084767928,1.39297215849883
1.02499084767928,1.39297215849883
1.02499084767928,1.39297215849883
1.02499084767928,1.39297215849883
1.02499084767928,1.39297215849883
1.02499084767928,1.39297215849883
1.02499084767928,1.39297215849883
1.02499084767928,1.39297215849883
1.02499084767928,1.39297215849883
1.02499084767928,1.39297215849883
1.12347228364387,1.39297215849883
1.12347228364387,1.39297215849883
1.12347228364387,1.39297215849883
1.12347228364387,1.39297215849883
1.12347228364387,1.39297215849883
1.12347228364387,1.39297215849883
1.12347228364387,1.39297215849883
1.12347228364387,1.39297215849883
1.12347228364387,1.39297215849883
1.12347228364387,1.39297215849883
1.12347228364387,1.39297215849883
1.12347228364387,1.39297215849883
1.12347228364387,1.39297215849883
1.12347228364387,1.39297215849883
1.12347228364387,1.39297215849883
1.12347228364387,1.39297215849883
0.992957453421288,1.39297215849883
0.992957453421288,1.39297215849883
0.992957453421288,1.33922204706394
0.992957453421288,1.33922204706394
0.992957453421288,1.33922204706394
0.902365367539127,1.33922204706394
0.902365367539127,1.33922204706394
0.902365367539127,1.33922204706394
1.21528881157416,1.33922204706394
1.21528881157416,1.33922204706394
1.21528881157416,1.33922204706394
1.21528881157416,1.33922204706394
1.21528881157416,1.33922204706394
0.978815546643861,1.33922204706394
0.978815546643861,1.33922204706394
0.978815546643861,1.33922204706394
0.978815546643861,1.33922204706394
0.978815546643861,1.21467319067125
0.978815546643861,1.21467319067125
0.978815546643861,1.4424317555464
0.978815546643861,1.4424317555464
0.978815546643861,1.4424317555464
0.978815546643861,1.4424317555464
0.978815546643861,1.4424317555464
0.978815546643861,1.4424317555464
0.978815546643861,1.4424317555464
0.978815546643861,1.4424317555464
0.978815546643861,1.4424317555464
0.978815546643861,1.4424317555464
0.978815546643861,1.4424317555464
0.978815546643861,1.4424317555464
0.978815546643861,1.4424317555464
0.978815546643861,1.49044459959892
0.978815546643861,1.49044459959892
0.978815546643861,1.49044459959892
0.978815546643861,1.49044459959892
0.978815546643861,1.49044459959892
0.978815546643861,1.49044459959892
0.978815546643861,1.49044459959892
0.978815546643861,1.49044459959892
0.978815546643861,1.49044459959892
0.978815546643861,1.49044459959892
0.978815546643861,1.49044459959892
0.978815546643861,1.25142211611987
0.978815546643861,1.25142211611987
0.978815546643861,1.25142211611987
0.978815546643861,1.61469010850642
0.978815546643861,1.35573089017079
0.978815546643861,1.35573089017079
0.978815546643861,1.35573089017079
0.978815546643861,1.35573089017079
0.978815546643861,1.35573089017079
0.978815546643861,1.40266970766706
0.978815546643861,1.40266970766706
0.978815546643861,1.40266970766706
0.978815546643861,1.40266970766706
0.978815546643861,1.40266970766706
0.978815546643861,1.40266970766706
0.895234628602347,1.40266970766706
0.895234628602347,1.40266970766706
0.895234628602347,1.40266970766706
0.895234628602347,1.40266970766706
0.895234628602347,1.40266970766706
0.895234628602347,1.40266970766706
1.16242521593903,1.40266970766706
1.16242521593903,1.40266970766706
0.793802400414616,1.40266970766706
0.793802400414616,1.40266970766706
0.793802400414616,1.40266970766706
0.793802400414616,1.40266970766706
0.975776658562038,1.40266970766706
0.975776658562038,1.40266970766706
0.975776658562038,1.40266970766706
0.975776658562038,1.40266970766706
0.975776658562038,1.38031449730856
0.975776658562038,1.38031449730856
0.975776658562038,1.38031449730856
0.975776658562038,1.38031449730856
0.975776658562038,1.38031449730856
0.975776658562038,1.38031449730856
0.975776658562038,1.38031449730856
1.00721491855162,1.38031449730856
1.00721491855162,1.38031449730856
1.00721491855162,1.38031449730856
1.00721491855162,1.38031449730856
1.00721491855162,1.38031449730856
1.00721491855162,1.38031449730856
0.825978262688776,1.38031449730856
0.825978262688776,1.38224326392436
0.825978262688776,1.38224326392436
0.825978262688776,1.38224326392436
0.825978262688776,1.38224326392436
0.825978262688776,1.38224326392436
0.955950689909417,1.38224326392436
0.955950689909417,1.38224326392436
0.955950689909417,1.38224326392436
0.955950689909417,1.38224326392436
1.10092260183445,1.38224326392436
0.96534558798443,1.38224326392436
0.96534558798443,1.38224326392436
0.918457696560052,1.38224326392436
0.918457696560052,1.38224326392436
0.918457696560052,1.38224326392436
0.918457696560052,1.38224326392436
0.918457696560052,1.38224326392436
0.918457696560052,1.38224326392436
0.918457696560052,1.38224326392436
0.918457696560052,1.27905899669835
0.918457696560052,1.27905899669835
0.918457696560052,1.55603823240463
0.918457696560052,1.55603823240463
0.918457696560052,1.55603823240463
0.918457696560052,1.55603823240463
0.918457696560052,1.55603823240463
0.918457696560052,1.55603823240463
0.918457696560052,1.55603823240463
0.918457696560052,1.55603823240463
0.918457696560052,1.55603823240463
0.918457696560052,1.28992413744143
0.918457696560052,1.28992413744143
0.918457696560052,1.28992413744143
0.918457696560052,1.28992413744143
0.918457696560052,1.28992413744143
1.09960025914457,1.28992413744143
1.09960025914457,1.28992413744143
1.09960025914457,1.28992413744143
1.09960025914457,1.46158991311082
1.09960025914457,1.46158991311082
1.09960025914457,1.46158991311082
1.09960025914457,1.40024603512344
0.956590959464586,1.40024603512344
0.956590959464586,1.40024603512344
0.956590959464586,1.40024603512344
0.956590959464586,1.34708198418694
0.956590959464586,1.34708198418694
0.956590959464586,1.34708198418694
0.956590959464586,1.34708198418694
0.956590959464586,1.34708198418694
0.956590959464586,1.34708198418694
1.05161702359489,1.34708198418694
1.05161702359489,1.34708198418694
1.05161702359489,1.34708198418694
1.05161702359489,1.34708198418694
1.26873921749677,1.69386092598452
1.26873921749677,1.69386092598452
1.26873921749677,1.69386092598452
1.26873921749677,1.69386092598452
1.26873921749677,1.69386092598452
1.26873921749677,1.69386092598452
1.26873921749677,1.69386092598452
1.26873921749677,1.69386092598452
1.26873921749677,1.69386092598452
1.26873921749677,1.69386092598452
1.26873921749677,1.69386092598452
1.10082316514722,1.69386092598452
1.10082316514722,1.69386092598452
1.10082316514722,1.69386092598452
1.10082316514722,1.69386092598452
1.10082316514722,1.69386092598452
1.10082316514722,1.28122522919278
1.10082316514722,1.28122522919278
1.10082316514722,1.28122522919278
1.10082316514722,1.28122522919278
1.10082316514722,1.28122522919278
1.10082316514722,1.28122522919278
0.940611798330397,1.28122522919278
0.940611798330397,1.28122522919278
0.940611798330397,1.41395879539753
0.940611798330397,1.41395879539753
0.940611798330397,1.41395879539753
0.940611798330397,1.41395879539753
0.940611798330397,1.41395879539753
0.940611798330397,1.41395879539753
0.940611798330397,1.36780726265477
0.940611798330397,1.36780726265477
0.940611798330397,1.36780726265477
0.940611798330397,1.36780726265477
0.940611798330397,1.36780726265477
0.940611798330397,1.36780726265477
0.940611798330397,1.36780726265477
0.919548024188853,1.32539950002067
0.919548024188853,1.32539950002067
0.919548024188853,1.32539950002067
0.919548024188853,1.32539950002067
0.919548024188853,1.32539950002067
0.919548024188853,1.32539950002067
0.919548024188853,1.32539950002067
0.919548024188853,1.32539950002067
0.919548024188853,1.32539950002067
0.919548024188853,1.32539950002067
0.919548024188853,1.47344775385817
0.919548024188853,1.35887850634726
0.919548024188853,1.35887850634726
0.919548024188853,1.35887850634726
0.800299181857693,1.35887850634726
0.800299181857693,1.37035142175741
0.800299181857693,1.37035142175741
0.800299181857693,1.37035142175741
0.800299181857693,1.37035142175741
0.800299181857693,1.37035142175741
1.13268301808945,1.37035142175741
1.14400649682453,1.37035142175741
1.14400649682453,1.37035142175741
1.14400649682453,1.37035142175741
1.14400649682453,1.37035142175741
1.14400649682453,1.37035142175741
1.01125803164589,1.37035142175741
1.01125803164589,1.37035142175741
1.01125803164589,1.37035142175741
1.01125803164589,1.37035142175741
1.01125803164589,1.37035142175741
1.01125803164589,1.37035142175741
1.01125803164589,1.37035142175741
1.01125803164589,1.37035142175741
1.01125803164589,1.37035142175741
1.01125803164589,1.37035142175741
1.01125803164589,1.37035142175741
1.01125803164589,1.37035142175741
1.01125803164589,1.37035142175741
1.01125803164589,1.37035142175741
1.01125803164589,1.37035142175741
1.01125803164589,1.37035142175741
1.01125803164589,1.37035142175741
1.01125803164589,1.37035142175741
1.01125803164589,1.37035142175741
0.988692065332805,1.37035142175741
0.988692065332805,1.37035142175741
0.988692065332805,1.37035142175741
0.988692065332805,1.37035142175741
0.988692065332805,1.37035142175741
0.988692065332805,1.37035142175741
0.988692065332805,1.37035142175741
0.988692065332805,1.37035142175741
0.988692065332805,1.37035142175741
0.988692065332805,1.37035142175741
0.988692065332805,1.37035142175741
0.988692065332805,1.37035142175741
0.988692065332805,1.37035142175741
0.988692065332805,1.37035142175741
0.988692065332805,1.37035142175741
0.988692065332805,1.37035142175741
0.988692065332805,1.37035142175741
0.988692065332805,1.37035142175741
0.988692065332805,1.37035142175741
0.988692065332805,1.37035142175741
0.988692065332805,1.37035142175741
0.988692065332805,1.37035142175741
0.988692065332805,1.37035142175741
0.988692065332805,1.37035142175741
0.988692065332805,1.550873342333
0.988692065332805,1.550873342333
0.988692065332805,1.550873342333
0.988692065332805,1.550873342333
0.988692065332805,1.550873342333
0.988692065332805,1.47286199407803
0.988692065332805,1.47286199407803
0.988692065332805,1.47286199407803
0.988692065332805,1.47286199407803
0.988692065332805,1.47286199407803
0.988692065332805,1.47286199407803
0.988692065332805,1.47286199407803
0.988692065332805,1.47286199407803
0.988692065332805,1.70168709575586
0.986831002538343,1.70168709575586
0.848436908049981,1.70168709575586
0.848436908049981,1.70168709575586
0.848436908049981,1.70168709575586
0.848436908049981,1.70168709575586
0.848436908049981,1.70168709575586
0.848436908049981,1.65403380871789
0.848436908049981,1.65403380871789
0.848436908049981,1.65403380871789
1.12085660792987,1.65403380871789
1.12085660792987,1.65403380871789
1.12085660792987,1.65403380871789
1.12085660792987,1.65403380871789
1.12085660792987,1.65403380871789
1.12085660792987,1.65403380871789
1.12085660792987,1.35301706712339
0.844509081968877,1.35301706712339
0.844509081968877,1.35301706712339
0.844509081968877,1.35301706712339
0.844509081968877,1.35301706712339
0.844509081968877,1.35301706712339
0.844509081968877,1.35301706712339
0.844509081968877,1.35301706712339
0.844509081968877,1.35301706712339
0.844509081968877,1.35301706712339
0.844509081968877,1.35301706712339
0.844509081968877,1.35301706712339
0.844509081968877,1.35301706712339
0.893189123645464,1.35301706712339
0.893189123645464,1.35301706712339
0.893189123645464,1.35301706712339
0.893189123645464,1.20588632039207
0.893189123645464,1.20588632039207
0.893189123645464,1.20588632039207
0.893189123645464,1.20588632039207
0.893189123645464,1.22095417422739
0.893189123645464,1.32762580905692
0.893189123645464,1.32762580905692
0.893189123645464,1.32762580905692
0.893189123645464,1.32762580905692
0.893189123645464,1.32762580905692
0.893189123645464,1.32762580905692
0.893189123645464,1.32762580905692
0.969624855972407,1.32762580905692
0.969624855972407,1.32762580905692
0.969624855972407,1.32762580905692
0.969624855972407,1.32762580905692
0.901826210114104,1.32762580905692
0.899779112532936,1.32762580905692
0.899779112532936,1.32762580905692
0.899779112532936,1.32762580905692
0.899779112532936,1.32762580905692
0.899779112532936,1.32762580905692
0.976016436325653,1.32762580905692
0.976016436325653,1.32762580905692
0.976016436325653,1.32762580905692
0.976016436325653,1.32762580905692
0.976016436325653,1.32762580905692
0.976016436325653,1.32762580905692
0.976016436325653,1.32762580905692
0.976016436325653,1.32762580905692
0.976016436325653,1.32762580905692
0.976016436325653,1.32762580905692
0.976016436325653,1.32762580905692
0.875026859829491,1.40208251649433
0.875026859829491,1.40208251649433
0.875026859829491,1.40208251649433
0.875026859829491,1.40208251649433
0.875026859829491,1.40208251649433
0.875026859829491,1.40208251649433
0.875026859829491,1.40208251649433
0.875026859829491,1.40208251649433
0.875026859829491,1.2505566481572
0.875026859829491,1.2505566481572
0.875026859829491,1.2505566481572
0.875026859829491,1.2505566481572
0.964946478646217,1.2505566481572
0.964946478646217,1.2505566481572
0.964946478646217,1.2505566481572
0.933839661334763,1.50738018681683
0.933839661334763,1.50738018681683
0.933839661334763,1.50738018681683
0.933839661334763,1.50738018681683
0.933839661334763,1.50738018681683
0.92099914140495,1.50738018681683
0.92099914140495,1.50738018681683
0.92099914140495,1.48394040631347
0.858872502208467,1.48394040631347
0.858872502208467,1.48394040631347
0.858872502208467,1.48394040631347
0.858872502208467,1.48394040631347
0.858872502208467,1.48394040631347
0.858872502208467,1.48394040631347
0.858872502208467,1.51571429801749
0.858872502208467,1.51571429801749
0.858872502208467,1.51571429801749
0.858872502208467,1.51571429801749
0.858872502208467,1.51571429801749
0.858872502208467,1.51571429801749
0.858872502208467,1.51571429801749
0.858872502208467,1.21415035239632
0.950853481889625,1.21415035239632
0.950853481889625,1.21415035239632
0.950853481889625,1.21415035239632
0.950853481889625,1.21415035239632
0.950853481889625,1.21415035239632
0.950853481889625,1.21415035239632
0.950853481889625,1.21415035239632
0.950853481889625,1.21415035239632
0.950853481889625,1.21415035239632
0.950853481889625,1.21415035239632
0.950853481889625,1.46081432289011
0.950853481889625,1.46081432289011
0.950853481889625,1.46081432289011
0.950853481889625,1.46081432289011
0.950853481889625,1.54449395855161
0.950853481889625,1.54449395855161
0.950853481889625,1.54449395855161
0.950853481889625,1.54449395855161
0.950853481889625,1.54449395855161
0.950853481889625,1.54449395855161
0.950853481889625,1.54449395855161
0.950853481889625,1.54449395855161
0.950853481889625,1.54449395855161
0.950853481889625,1.54449395855161
0.950853481889625,1.54449395855161
0.950853481889625,1.54449395855161
0.950853481889625,1.54449395855161
1.04826326530594,1.54449395855161
1.04826326530594,1.77965459307517
1.04826326530594,1.63575898333569
1.04826326530594,1.63575898333569
1.04826326530594,1.63575898333569
1.04826326530594,1.63575898333569
1.02352218902842,1.63575898333569
1.02352218902842,1.63575898333569
1.02352218902842,1.63575898333569
1.02352218902842,1.63575898333569
1.02352218902842,1.63575898333569
1.02352218902842,1.63575898333569
1.02352218902842,1.63575898333569
1.02352218902842,1.63575898333569
1.02352218902842,1.18197984346688
1.02352218902842,1.18197984346688
1.02352218902842,1.18197984346688
0.980394651835761,1.58525528502611
0.980394651835761,1.58525528502611
0.980394651835761,1.21088013847924
1.00800707379881,1.67026431816385
1.00800707379881,1.67026431816385
1.00800707379881,1.67026431816385
1.00800707379881,1.67026431816385
1.00800707379881,1.64995353521336
1.00800707379881,1.64995353521336
1.00800707379881,1.64995353521336
1.00800707379881,1.64995353521336
1.02597047043344,1.64995353521336
1.02597047043344,1.64995353521336
1.02597047043344,1.64995353521336
1.02597047043344,1.71322241408867
1.02597047043344,1.71322241408867
0.974418561049777,1.71322241408867
0.974418561049777,1.71322241408867
0.974418561049777,1.24295670853208
0.974418561049777,1.24295670853208
0.974418561049777,1.24295670853208
0.974418561049777,1.24295670853208
0.974418561049777,1.24295670853208
0.974418561049777,1.24295670853208
1.09798082789722,1.24295670853208
1.09798082789722,1.24295670853208
1.02745177163271,1.24295670853208
1.02745177163271,1.24295670853208
1.02745177163271,1.67027822584933
1.02745177163271,1.17363509182161
1.02745177163271,1.17363509182161
1.02745177163271,1.54555112729876
1.02745177163271,1.54555112729876
1.02745177163271,1.38394874198967
1.02745177163271,1.38394874198967
1.02745177163271,1.38394874198967
1.02745177163271,1.38394874198967
1.02745177163271,1.38394874198967
1.02745177163271,1.38394874198967
1.02745177163271,1.38394874198967
1.02745177163271,1.38394874198967
1.02745177163271,1.38394874198967
1.02745177163271,1.38394874198967
1.02745177163271,1.38394874198967
1.02745177163271,1.38394874198967
1.02745177163271,1.35338340819163
1.02745177163271,1.35338340819163
1.02745177163271,1.35338340819163
0.932551898203088,1.35338340819163
0.932551898203088,1.35338340819163
0.932551898203088,1.35338340819163
0.932551898203088,1.35338340819163
0.932551898203088,1.35338340819163
0.932551898203088,1.35338340819163
0.932551898203088,1.35338340819163
0.932551898203088,1.35338340819163
0.932551898203088,1.67694135537898
0.932551898203088,1.51481581380709
0.932551898203088,1.51481581380709
0.932551898203088,1.51481581380709
0.932551898203088,1.51481581380709
0.932551898203088,1.51481581380709
0.932551898203088,1.51481581380709
0.812116088952426,1.51481581380709
0.812116088952426,1.51481581380709
0.812116088952426,1.51481581380709
0.812116088952426,1.51481581380709
1.06079146767875,1.51481581380709
1.06079146767875,1.51481581380709
1.06079146767875,1.51481581380709
1.06079146767875,1.51481581380709
1.06079146767875,1.51481581380709
1.06079146767875,1.51481581380709
1.06079146767875,1.51481581380709
1.06079146767875,1.51481581380709
1.06079146767875,1.51481581380709
1.06079146767875,1.51481581380709
1.06079146767875,1.51481581380709
1.06079146767875,1.51481581380709
1.06079146767875,1.51481581380709
1.06079146767875,1.51481581380709
1.06079146767875,1.51481581380709
1.01746983853262,1.51481581380709
1.01746983853262,1.51481581380709
1.01746983853262,1.51481581380709
1.01746983853262,1.51481581380709
1.01746983853262,1.51481581380709
1.01746983853262,1.51481581380709
1.01746983853262,1.51481581380709
1.01746983853262,1.51481581380709
0.873088531311667,1.51481581380709
0.873088531311667,1.27800377987063
0.873088531311667,1.27800377987063
0.873088531311667,1.27800377987063
0.873088531311667,1.27800377987063
1.1425410134439,1.30830683700468
1.1425410134439,1.30830683700468
1.1425410134439,1.30830683700468
1.07845393462736,1.30830683700468
1.07845393462736,1.30830683700468
1.07845393462736,1.30830683700468
1.07845393462736,1.30830683700468
1.07845393462736,1.30830683700468
1.07845393462736,1.30830683700468
1.07845393462736,1.30830683700468
1.07845393462736,1.28206683087002
1.07845393462736,1.28206683087002
1.07845393462736,1.28206683087002
1.07845393462736,1.28206683087002
1.07845393462736,1.20355296235664
1.07845393462736,1.49863294932273
1.07845393462736,1.49863294932273
1.07845393462736,1.49863294932273
1.07845393462736,1.49863294932273
1.07845393462736,1.49863294932273
1.07845393462736,1.49863294932273
1.07845393462736,1.49863294932273
1.07845393462736,1.49863294932273
1.07845393462736,1.49863294932273
1.13398143992049,1.49863294932273
1.13398143992049,1.49863294932273
1.13398143992049,1.49863294932273
1.13398143992049,1.49863294932273
1.13398143992049,1.49863294932273
1.13398143992049,1.49863294932273
1.13398143992049,1.49863294932273
1.13398143992049,1.49863294932273
1.13398143992049,1.49863294932273
1.13398143992049,1.78572575400929
1.13398143992049,1.78572575400929
1.13398143992049,1.78572575400929
1.13398143992049,1.23638863839268
1.13398143992049,1.23638863839268
1.13398143992049,1.54308221412876
1.13398143992049,1.54308221412876
1.13398143992049,1.54308221412876
1.13398143992049,1.54308221412876
1.13398143992049,1.54308221412876
1.13398143992049,1.54308221412876
1.13398143992049,1.54308221412876
1.13398143992049,1.54308221412876
1.13398143992049,1.54308221412876
1.13398143992049,1.16574388094429
0.962886637545097,1.16574388094429
0.962886637545097,1.16574388094429
0.962886637545097,1.16574388094429
0.962886637545097,1.16574388094429
0.962886637545097,1.16574388094429
0.962886637545097,1.16574388094429
0.962886637545097,1.16574388094429
1.07044492278452,1.16574388094429
1.07044492278452,1.16574388094429
1.07044492278452,1.16574388094429
1.07044492278452,1.16574388094429
1.07044492278452,1.16574388094429
1.07044492278452,1.38692358372954
1.07044492278452,1.26967359961199
1.07044492278452,1.26967359961199
1.07044492278452,1.26967359961199
1.07044492278452,1.26967359961199
1.07044492278452,1.26967359961199
1.07044492278452,1.26967359961199
1.07044492278452,1.52650549674761
1.07044492278452,1.52650549674761
1.07044492278452,1.52650549674761
1.07044492278452,1.52650549674761
1.07044492278452,1.52650549674761
1.07044492278452,1.52650549674761
1.07044492278452,1.52650549674761
1.07044492278452,1.4023080106537
1.07044492278452,1.4023080106537
0.87599491215361,1.4023080106537
0.87599491215361,1.4023080106537
0.87599491215361,1.4023080106537
0.87599491215361,1.4023080106537
0.930518049217228,1.4023080106537
0.926982107035907,1.4023080106537
1.12121143823443,1.4023080106537
1.12121143823443,1.4023080106537
1.12121143823443,1.4023080106537
1.12121143823443,1.27819595407487
1.12121143823443,1.27819595407487
1.12121143823443,1.27819595407487
1.12121143823443,1.27819595407487
1.10376017037226,1.65420669081951
1.10376017037226,1.65420669081951
1.10376017037226,1.15083965760581
1.10376017037226,1.15083965760581
1.10376017037226,1.15083965760581
1.10376017037226,1.28598567654365
1.10376017037226,1.16707992727521
1.10376017037226,1.16707992727521
1.10376017037226,1.16707992727521
1.10376017037226,1.16707992727521
1.04181250719701,1.16707992727521
1.04181250719701,1.48307484575782
1.04181250719701,1.2140820970178
1.04181250719701,1.2140820970178
1.04181250719701,1.2140820970178
1.04181250719701,1.2140820970178
1.04181250719701,1.42754272494966
1.04181250719701,1.42754272494966
1.04181250719701,1.42754272494966
0.991618931219428,1.42754272494966
0.991618931219428,1.42754272494966
0.991618931219428,1.42754272494966
0.901338407934736,1.42754272494966
0.901338407934736,1.42754272494966
0.901338407934736,1.42754272494966
0.901338407934736,1.42754272494966
0.901338407934736,1.42754272494966
0.901338407934736,1.42754272494966
0.901338407934736,1.42754272494966
0.901338407934736,1.42754272494966
1.29510511898719,1.31442623388906
1.29510511898719,1.31442623388906
0.952609476595477,1.31442623388906
0.952609476595477,1.31442623388906
0.952609476595477,1.31442623388906
0.952609476595477,1.31442623388906
0.952609476595477,1.30010913347854
0.952609476595477,1.30010913347854
0.952609476595477,1.8622314305267
0.952609476595477,1.8622314305267
0.952609476595477,1.8622314305267
0.952609476595477,1.8622314305267
0.952609476595477,1.8622314305267
0.952609476595477,1.8622314305267
0.952609476595477,1.8622314305267
0.952609476595477,1.8622314305267
0.952609476595477,1.8622314305267
0.952609476595477,1.8622314305267
0.952609476595477,1.89031602795641
0.944028613161795,1.89031602795641
0.944028613161795,1.89031602795641
0.944028613161795,1.89031602795641
0.944028613161795,1.89031602795641
1.04414335919925,1.89031602795641
1.02844487946551,1.89031602795641
0.804468762128282,1.89031602795641
0.804468762128282,1.89031602795641
0.804468762128282,1.89031602795641
0.804468762128282,1.77110894384265
0.804468762128282,1.77110894384265
0.899217597851182,1.77110894384265
0.899217597851182,1.77110894384265
0.899217597851182,1.77110894384265
0.899217597851182,1.77110894384265
0.899217597851182,1.23886791459972
0.899217597851182,1.23886791459972
0.899217597851182,1.23886791459972
0.899217597851182,1.23886791459972
1.28054862178439,1.23886791459972
1.28054862178439,1.23886791459972
1.28054862178439,1.23886791459972
1.28054862178439,1.37000342834376
1.28054862178439,1.77960345959161
1.28054862178439,1.66738128606969
1.28054862178439,1.66738128606969
1.28054862178439,1.66738128606969
1.28054862178439,1.66738128606969
1.27691882949312,1.66738128606969
1.27691882949312,1.66738128606969
1.27691882949312,1.66738128606969
1.27691882949312,1.66738128606969
1.27691882949312,1.66738128606969
1.27691882949312,1.47663371670565
1.27691882949312,1.47663371670565
1.27691882949312,1.47663371670565
1.27691882949312,1.47663371670565
1.27691882949312,1.47663371670565
1.27691882949312,1.47663371670565
1.27691882949312,1.47663371670565
1.27691882949312,1.47663371670565
1.27691882949312,1.47663371670565
1.27691882949312,1.47663371670565
1.27691882949312,1.47663371670565
1.27691882949312,1.47663371670565
1.27691882949312,1.47663371670565
1.27691882949312,1.47663371670565
1.27691882949312,1.47663371670565
1.1502020564269,1.47663371670565
1.1502020564269,1.47663371670565
1.17285576496834,1.47663371670565
1.17285576496834,1.47663371670565
1.20505928483062,1.47663371670565
1.20505928483062,1.47663371670565
1.20505928483062,1.47663371670565
1.20505928483062,1.47663371670565
1.20505928483062,1.47663371670565
1.20505928483062,1.47663371670565
1.06330537557683,1.47663371670565
1.06330537557683,1.47663371670565
1.06330537557683,1.47663371670565
1.06330537557683,1.47663371670565
1.06330537557683,1.47663371670565
1.06330537557683,1.47663371670565
1.06330537557683,1.47663371670565
1.06330537557683,1.47663371670565
1.06330537557683,1.47663371670565
1.06330537557683,1.36195252431519
1.06330537557683,1.36195252431519
1.06330537557683,1.36195252431519
1.06330537557683,1.36195252431519
1.06330537557683,1.36195252431519
1.06330537557683,1.36195252431519
1.06330537557683,1.36195252431519
1.06330537557683,1.36195252431519
1.06330537557683,1.36195252431519
1.06330537557683,1.36195252431519
1.06330537557683,1.36195252431519
1.06330537557683,1.36195252431519
0.922460797530633,1.36195252431519
0.922460797530633,1.36195252431519
0.922460797530633,1.36195252431519
0.922460797530633,1.36195252431519
0.922460797530633,1.36195252431519
0.922460797530633,1.36195252431519
0.922460797530633,1.36195252431519
0.922460797530633,1.36195252431519
1.12281904164464,1.36195252431519
1.12281904164464,1.36195252431519
1.12281904164464,1.36195252431519
1.12281904164464,1.36195252431519
1.12281904164464,1.36195252431519
1.12281904164464,1.36195252431519
1.12281904164464,1.36195252431519
1.12281904164464,1.36195252431519
1.12281904164464,1.36195252431519
0.879771227635748,1.36195252431519
0.879771227635748,1.36195252431519
0.879771227635748,1.36195252431519
0.879771227635748,1.36195252431519
0.879771227635748,1.36195252431519
0.879771227635748,1.36195252431519
0.879771227635748,1.36195252431519
0.879771227635748,1.36195252431519
0.879771227635748,1.36195252431519
0.879771227635748,1.36195252431519
0.879771227635748,1.36195252431519
0.879771227635748,1.36195252431519
0.879771227635748,1.36195252431519
0.879771227635748,1.36195252431519
0.879771227635748,1.36195252431519
0.879771227635748,1.3611957559376
0.879771227635748,1.3611957559376
0.879771227635748,1.3611957559376
0.879771227635748,1.3611957559376
0.879771227635748,1.3611957559376
0.879771227635748,1.3611957559376
0.879771227635748,1.3611957559376
0.879771227635748,1.3611957559376
0.879771227635748,1.3611957559376
0.879771227635748,1.3611957559376
0.879771227635748,1.3611957559376
0.879771227635748,1.3611957559376
0.879771227635748,1.3611957559376
0.879771227635748,1.3611957559376
0.879771227635748,1.60488723532806
0.879771227635748,1.60488723532806
0.879771227635748,1.22823604527991
0.879771227635748,1.22823604527991
0.879771227635748,1.22823604527991
0.879771227635748,1.22823604527991
0.879771227635748,1.22823604527991
0.830991333132534,1.22823604527991
0.830991333132534,1.22823604527991
0.987284835847808,1.22823604527991
0.987284835847808,1.22823604527991
0.987284835847808,1.22823604527991
0.987284835847808,1.22823604527991
0.987284835847808,1.22823604527991
0.938083054406588,1.22823604527991
0.938083054406588,1.22823604527991
0.938083054406588,1.3213489640595
0.938083054406588,1.3213489640595
0.938083054406588,1.3213489640595
0.938083054406588,1.3213489640595
0.938083054406588,1.3213489640595
0.938083054406588,1.3213489640595
0.938083054406588,1.3213489640595
0.938083054406588,1.3213489640595
0.938083054406588,1.3213489640595
0.938083054406588,1.3213489640595
0.938083054406588,1.3213489640595
0.938083054406588,1.52675396532956
0.938083054406588,1.52675396532956
0.938083054406588,1.52675396532956
1.05421289152356,1.52675396532956
1.05421289152356,1.52675396532956
1.05421289152356,1.52675396532956
0.874067086961661,1.52675396532956
0.874067086961661,1.52675396532956
0.874067086961661,1.52675396532956
1.18849179673403,1.52675396532956
1.18849179673403,1.52675396532956
0.933764641767224,1.52675396532956
1.13573613063716,1.52675396532956
1.29822699132375,1.52675396532956
1.29822699132375,1.52675396532956
1.29822699132375,1.52675396532956
1.29822699132375,1.52675396532956
1.29822699132375,1.52675396532956
1.29822699132375,1.52675396532956
1.29822699132375,1.50764914710786
1.29822699132375,1.50764914710786
1.29822699132375,1.50764914710786
1.29822699132375,1.50764914710786
1.29822699132375,1.42683971422517
1.29822699132375,1.42683971422517
1.29822699132375,1.42683971422517
0.913232109191476,1.42683971422517
0.997869409879205,1.42683971422517
0.997869409879205,1.42683971422517
0.997869409879205,1.42683971422517
1.22517121421905,1.42683971422517
1.22517121421905,1.42683971422517
1.22517121421905,1.42683971422517
1.22517121421905,1.42683971422517
1.22517121421905,1.42683971422517
1.22517121421905,1.42019635151149
1.22517121421905,1.42019635151149
1.22517121421905,1.42019635151149
1.22517121421905,1.42019635151149
1.22517121421905,1.42019635151149
1.22517121421905,1.42019635151149
1.22517121421905,1.42019635151149
1.22517121421905,1.42019635151149
1.10335515361622,1.42019635151149
1.10335515361622,1.42019635151149
1.10335515361622,1.42019635151149
1.10335515361622,1.42019635151149
1.10335515361622,1.42019635151149
1.10335515361622,1.42019635151149
1.10335515361622,1.42019635151149
1.10335515361622,1.42019635151149
1.10335515361622,1.42019635151149
1.10335515361622,1.42019635151149
1.10335515361622,1.42019635151149
1.13296648606468,1.53544098606988
1.20230197898783,1.53544098606988
1.11293627124735,1.53544098606988
1.11293627124735,1.49277870138446
1.11293627124735,1.49277870138446
1.16810158748557,1.49277870138446
1.16810158748557,1.49277870138446
1.16810158748557,1.49277870138446
1.16810158748557,1.49277870138446
1.16810158748557,1.49277870138446
1.16810158748557,1.49277870138446
1.16810158748557,1.49277870138446
1.16810158748557,1.49277870138446
1.33012774598369,1.49277870138446
1.33012774598369,1.49277870138446
1.33012774598369,1.49277870138446
1.33012774598369,1.49277870138446
1.33012774598369,1.49277870138446
1.33012774598369,1.49277870138446
1.33012774598369,1.49277870138446
1.33012774598369,1.49277870138446
0.951551133822985,1.49277870138446
0.951551133822985,1.49277870138446
0.951551133822985,1.61741022713571
0.951551133822985,1.61741022713571
0.951551133822985,1.61741022713571
0.951551133822985,1.61741022713571
0.951551133822985,1.61741022713571
1.15358294317397,1.60316378062045
1.15358294317397,1.60316378062045
1.15358294317397,1.60316378062045
1.15358294317397,1.60316378062045
1.15358294317397,1.60316378062045
1.15358294317397,1.44183057537076
1.15358294317397,1.44183057537076
1.15358294317397,1.44183057537076
1.15358294317397,1.44183057537076
1.15358294317397,1.44183057537076
1.15358294317397,1.44183057537076
1.15358294317397,1.44183057537076
1.05803316385123,1.44183057537076
0.993971129144862,1.44183057537076
0.993971129144862,1.44183057537076
0.993971129144862,1.44183057537076
0.993971129144862,1.44183057537076
0.993971129144862,1.44183057537076
0.993971129144862,1.44183057537076
0.993971129144862,1.44183057537076
0.993971129144862,1.44183057537076
0.993971129144862,1.44183057537076
0.993971129144862,1.44183057537076
0.993971129144862,1.53818610776123
0.993971129144862,1.53818610776123
0.993971129144862,1.53818610776123
1.18444546702548,1.53818610776123
0.987423162055373,1.53818610776123
0.987423162055373,1.53818610776123
0.987423162055373,1.53818610776123
1.18608460698287,1.53818610776123
1.18608460698287,1.53818610776123
1.18608460698287,1.53818610776123
1.18608460698287,1.53818610776123
1.18608460698287,1.53818610776123
1.06559363880808,1.53818610776123
1.06559363880808,1.71612011836362
1.06559363880808,1.71612011836362
1.06559363880808,1.71612011836362
1.06559363880808,1.71612011836362
1.06559363880808,1.71612011836362
1.06559363880808,1.71612011836362
1.06559363880808,1.71612011836362
1.06559363880808,1.71612011836362
1.06559363880808,1.71612011836362
1.06559363880808,1.71612011836362
1.06559363880808,1.71612011836362
1.06559363880808,1.71612011836362
1.06559363880808,1.71612011836362
1.06559363880808,1.71612011836362
1.06559363880808,1.71612011836362
1.06559363880808,1.71612011836362
1.06395382362436,1.71612011836362
1.06395382362436,1.71612011836362
1.06395382362436,1.71612011836362
0.853098112150366,1.71612011836362
0.853098112150366,1.71612011836362
0.853098112150366,1.71612011836362
0.853098112150366,1.71612011836362
0.853098112150366,1.71612011836362
0.853098112150366,1.71612011836362
0.853098112150366,1.71612011836362
0.926260840532421,1.71612011836362
0.918857754419612,1.4353692119319
0.918857754419612,1.36134860581591
0.918857754419612,1.36134860581591
1.20056650333099,1.36134860581591
1.20056650333099,1.36134860581591
1.00835232806983,1.36134860581591
1.00835232806983,1.36134860581591
1.00835232806983,1.36134860581591
0.991178499608349,1.29784604586786
0.991178499608349,1.29784604586786
1.1942846413826,1.29784604586786
1.1942846413826,1.29784604586786
1.1942846413826,1.29784604586786
1.1942846413826,1.29784604586786
1.1942846413826,1.29784604586786
1.1942846413826,1.32909343520613
1.07427259541054,1.32909343520613
1.07427259541054,1.32909343520613
1.07427259541054,1.32909343520613
1.07427259541054,1.32909343520613
1.07427259541054,1.26662490622255
1.07427259541054,1.26662490622255
1.07427259541054,1.26662490622255
1.07427259541054,1.26662490622255
1.07427259541054,1.26662490622255
1.07427259541054,1.11820140071571
1.07427259541054,1.43914315572763
1.27634064950222,1.43914315572763
1.27634064950222,1.43914315572763
1.02398846329223,1.43914315572763
1.02398846329223,1.33989590497004
1.02398846329223,1.33989590497004
1.02398846329223,1.33989590497004
1.02398846329223,1.33989590497004
0.949869487090152,1.33989590497004
0.949869487090152,1.33989590497004
0.949869487090152,1.33989590497004
0.949869487090152,1.33989590497004
0.949869487090152,1.33989590497004
0.949869487090152,1.33989590497004
0.949869487090152,1.33989590497004
0.949869487090152,1.33989590497004
0.949869487090152,1.33989590497004
0.949869487090152,1.33989590497004
0.949869487090152,1.33989590497004
0.949869487090152,1.33989590497004
0.949869487090152,1.33989590497004
0.949869487090152,1.33989590497004
0.949869487090152,1.33989590497004
0.989780836956312,1.33989590497004
0.989780836956312,1.33989590497004
0.989780836956312,1.51726117245973
0.989780836956312,1.51726117245973
0.989780836956312,1.51726117245973
0.989780836956312,1.51726117245973
0.989780836956312,1.51726117245973
0.989780836956312,1.51726117245973
0.989780836956312,1.51726117245973
0.989780836956312,1.51726117245973
0.989780836956312,1.51726117245973
0.989780836956312,1.45579084024963
0.989780836956312,1.3534874888239
0.989780836956312,1.3534874888239
0.989780836956312,1.3534874888239
0.989780836956312,1.3534874888239
0.989780836956312,1.3534874888239
0.989780836956312,1.3534874888239
0.989780836956312,1.3534874888239
0.989780836956312,1.3534874888239
0.989780836956312,1.3534874888239
0.989780836956312,1.3534874888239
0.989780836956312,1.3534874888239
0.989780836956312,1.3534874888239
0.989780836956312,1.3534874888239
0.989780836956312,1.3534874888239
0.989780836956312,1.3534874888239
0.989780836956312,1.3534874888239
0.989780836956312,1.3534874888239
0.989780836956312,1.3534874888239
0.989780836956312,1.3534874888239
0.989780836956312,1.3534874888239
1.06406876919984,1.3534874888239
1.17025610325253,1.3534874888239
1.17025610325253,1.3534874888239
1.17025610325253,1.3534874888239
1.17025610325253,1.55128320117094
1.17025610325253,1.55128320117094
1.17025610325253,1.55128320117094
1.17025610325253,1.36138179266389
1.17025610325253,1.36138179266389
1.17025610325253,1.36138179266389
1.16220851018418,1.36138179266389
1.16220851018418,1.36138179266389
1.16220851018418,1.36138179266389
1.16220851018418,1.36138179266389
1.16220851018418,1.36138179266389
1.16220851018418,1.36138179266389
1.16220851018418,1.36138179266389
1.16220851018418,1.27738232722101
1.16220851018418,1.27738232722101
1.16220851018418,1.27738232722101
1.16220851018418,1.27738232722101
1.22654668331008,1.27738232722101
1.22654668331008,1.27738232722101
1.22654668331008,1.27738232722101
1.15125033761536,1.27738232722101
1.15125033761536,1.27738232722101
1.15125033761536,1.27738232722101
1.15125033761536,1.31152754053385
1.20603761027933,1.31152754053385
1.20603761027933,1.31152754053385
1.20603761027933,1.31152754053385
1.20603761027933,1.31152754053385
1.1428352225313,1.31152754053385
1.1428352225313,1.31152754053385
1.27633195310391,1.31152754053385
1.27633195310391,1.52399178299054
1.27633195310391,1.52399178299054
1.3061520474301,1.52399178299054
1.3061520474301,1.52399178299054
1.3061520474301,1.52399178299054
1.3061520474301,1.52399178299054
1.3061520474301,1.52399178299054
1.3061520474301,1.52399178299054
1.3061520474301,1.66251819756811
1.3061520474301,1.66251819756811
1.3061520474301,1.66251819756811
1.27577409989483,1.66251819756811
1.27577409989483,1.82065286515066
1.27577409989483,1.82065286515066
1.27577409989483,1.82065286515066
1.27577409989483,1.82065286515066
1.27577409989483,1.82065286515066
0.933216557083546,1.82065286515066
0.933216557083546,2.06057535563096
0.933216557083546,2.06057535563096
0.933216557083546,2.06057535563096
0.933216557083546,2.06057535563096
0.933216557083546,2.06057535563096
1.14799712979007,2.06057535563096
1.14799712979007,2.06057535563096
1.14799712979007,2.06057535563096
1.14799712979007,2.06057535563096
1.14799712979007,2.06057535563096
1.14799712979007,2.06057535563096
1.14799712979007,1.77558630262539
1.14799712979007,1.77558630262539
1.14799712979007,1.35014764620207
1.14799712979007,1.35014764620207
1.14799712979007,1.35014764620207
1.14799712979007,1.57049071813863
1.14799712979007,1.57049071813863
1.14799712979007,1.57049071813863
1.14799712979007,1.57049071813863
1.14799712979007,1.57049071813863
1.02562030501892,1.57049071813863
1.02562030501892,1.57049071813863
1.02562030501892,1.57049071813863
1.14890756175026,1.57049071813863
1.09345358461444,1.57049071813863
1.09345358461444,1.57049071813863
1.09345358461444,1.57049071813863
1.09345358461444,1.74303132397415
1.09345358461444,1.74303132397415
1.09345358461444,1.74303132397415
1.09345358461444,1.74303132397415
1.09345358461444,1.74303132397415
1.09345358461444,1.48586664248012
1.09345358461444,1.54513164604793
1.09345358461444,1.54513164604793
1.09345358461444,1.54513164604793
1.09345358461444,1.54513164604793
1.09345358461444,1.34656701577583
0.977803068234234,1.44150663207516
0.977803068234234,1.44150663207516
0.977803068234234,1.44150663207516
0.977803068234234,1.44150663207516
0.977803068234234,1.44150663207516
0.977803068234234,1.44150663207516
0.977803068234234,1.44150663207516
0.977803068234234,1.44150663207516
0.977803068234234,1.44150663207516
0.977803068234234,1.44150663207516
0.977803068234234,1.44150663207516
1.07517713988474,1.44150663207516
1.07517713988474,1.44150663207516
1.07517713988474,1.44150663207516
1.07517713988474,1.44150663207516
1.07517713988474,1.44150663207516
1.07517713988474,1.44150663207516
1.07517713988474,1.44150663207516
1.07517713988474,1.44150663207516
1.07517713988474,1.44150663207516
1.07517713988474,1.44150663207516
1.07517713988474,1.44150663207516
1.07517713988474,1.66538415118733
1.07517713988474,1.66538415118733
1.07517713988474,1.66538415118733
1.07517713988474,1.66538415118733
1.07517713988474,1.66538415118733
1.07517713988474,1.66538415118733
1.07517713988474,1.66538415118733
1.0749338305023,1.66538415118733
1.0749338305023,1.66538415118733
1.0749338305023,1.66538415118733
1.0749338305023,1.66538415118733
1.0749338305023,1.66538415118733
1.0749338305023,1.66538415118733
1.0749338305023,1.66538415118733
1.0749338305023,1.66538415118733
1.18159372990483,1.66538415118733
1.18159372990483,1.66538415118733
1.18159372990483,1.66538415118733
1.18159372990483,1.44686224523775
1.18159372990483,1.44686224523775
1.18159372990483,1.44686224523775
1.18159372990483,1.44686224523775
1.18159372990483,1.44686224523775
1.18159372990483,1.44686224523775
1.18159372990483,1.3623511299485
1.18159372990483,1.3623511299485
1.18159372990483,1.3623511299485
1.18159372990483,1.3623511299485
1.18159372990483,1.3623511299485
1.18159372990483,1.78528568404892
0.946271017430706,1.78528568404892
0.946271017430706,1.78528568404892
0.946271017430706,1.68037678388603
0.946271017430706,1.68037678388603
0.946271017430706,1.68037678388603
0.946271017430706,1.68037678388603
1.00919154694229,1.68037678388603
1.00919154694229,1.68037678388603
1.00919154694229,1.68037678388603
1.00919154694229,1.68037678388603
1.00919154694229,1.68037678388603
1.00919154694229,1.68037678388603
1.00919154694229,1.68037678388603
1.00919154694229,1.68037678388603
1.00919154694229,1.68037678388603
1.00919154694229,1.68037678388603
1.00919154694229,1.68037678388603
1.00919154694229,1.68037678388603
1.00919154694229,1.68037678388603
0.962404629030002,1.68037678388603
0.962404629030002,1.68037678388603
1.02051272110282,1.80902734408653
1.02051272110282,1.80902734408653
1.02051272110282,1.80902734408653
1.09556833093444,1.80902734408653
1.09556833093444,1.80902734408653
1.09556833093444,1.80902734408653
1.01581241498508,1.80902734408653
1.01581241498508,1.80902734408653
1.01581241498508,1.80902734408653
1.01581241498508,1.80902734408653
1.01581241498508,1.80902734408653
1.01581241498508,1.44886999640663
1.01581241498508,1.44886999640663
1.01581241498508,1.44886999640663
1.01581241498508,1.44886999640663
1.01581241498508,1.44886999640663
1.01581241498508,1.44886999640663
1.01581241498508,1.44886999640663
1.01581241498508,1.68971300028129
1.01581241498508,1.68971300028129
1.01581241498508,1.68971300028129
1.01581241498508,1.68971300028129
0.965180300414116,1.68971300028129
0.965180300414116,1.68971300028129
0.965180300414116,1.68971300028129
0.965180300414116,1.68971300028129
0.965180300414116,1.68971300028129
0.965180300414116,1.68971300028129
0.941831399692033,1.68971300028129
0.929561669982279,1.68971300028129
0.929561669982279,1.68971300028129
0.929561669982279,1.89172821548017
0.929561669982279,1.51870755735586
0.827062939909157,1.64819907562649
0.827062939909157,1.64819907562649
0.827062939909157,1.64819907562649
0.827062939909157,1.64819907562649
0.827062939909157,1.64819907562649
0.827062939909157,1.64819907562649
0.827062939909157,1.64819907562649
0.827062939909157,1.64819907562649
0.827062939909157,1.64819907562649
0.827062939909157,1.68149689679705
0.827062939909157,1.68149689679705
0.827062939909157,1.68149689679705
0.827062939909157,1.68149689679705
0.827062939909157,1.68149689679705
0.827062939909157,1.68149689679705
0.827062939909157,1.68149689679705
0.827062939909157,1.68149689679705
0.827062939909157,1.68149689679705
1.10405929325231,1.68149689679705
1.10405929325231,1.37111375862886
1.10405929325231,1.37111375862886
1.10405929325231,1.37111375862886
1.10405929325231,1.37111375862886
1.10405929325231,1.37111375862886
1.10405929325231,1.37111375862886
1.10405929325231,1.54512478107383
1.10405929325231,1.54512478107383
1.10405929325231,1.54512478107383
1.10405929325231,1.54688049545785
1.10405929325231,1.54688049545785
1.10405929325231,1.54688049545785
1.10405929325231,1.69950501631778
1.10405929325231,1.69950501631778
1.10405929325231,1.69950501631778
1.10405929325231,1.69950501631778
1.10405929325231,1.69950501631778
1.10405929325231,1.69950501631778
1.10405929325231,1.69950501631778
1.10405929325231,1.69950501631778
1.10405929325231,1.69950501631778
1.10405929325231,1.69950501631778
1.10405929325231,1.69950501631778
1.10405929325231,1.74705855494875
1.10405929325231,1.74705855494875
1.10405929325231,1.70619106378383
1.10405929325231,1.70619106378383
1.10405929325231,1.70619106378383
1.10405929325231,1.70619106378383
1.10405929325231,1.48167630698156
1.10405929325231,1.48167630698156
1.10405929325231,1.48167630698156
1.10405929325231,1.48167630698156
1.10405929325231,1.48167630698156
1.10405929325231,1.48167630698156
1.10405929325231,1.48167630698156
1.10405929325231,1.48167630698156
1.10405929325231,1.48167630698156
1.10405929325231,1.48167630698156
1.10405929325231,1.48167630698156
1.10405929325231,1.48167630698156
1.10405929325231,1.41679396122055
1.10405929325231,1.41679396122055
1.10405929325231,1.41679396122055
1.10405929325231,1.41679396122055
1.10405929325231,1.41679396122055
1.10405929325231,1.41679396122055
1.10405929325231,1.41679396122055
1.10405929325231,1.41679396122055
1.10405929325231,1.41679396122055
1.10405929325231,1.41679396122055
1.10405929325231,1.41679396122055
1.19424629065123,1.41679396122055
1.04852611871954,1.41679396122055
1.04852611871954,1.41679396122055
1.04852611871954,1.41679396122055
1.13201177300008,1.41679396122055
1.13201177300008,1.67670955140608
0.950641274046965,1.25127166892923
0.950641274046965,1.25127166892923
0.950641274046965,1.25127166892923
1.13657808533574,1.25127166892923
1.13657808533574,1.25127166892923
1.13657808533574,1.32356283953679
0.992685805442816,1.32356283953679
0.992685805442816,1.32356283953679
0.992685805442816,1.32356283953679
0.992685805442816,1.44578392523128
0.992685805442816,1.44578392523128
0.992685805442816,1.44578392523128
0.992685805442816,1.44578392523128
1.05943906045396,1.44578392523128
1.05943906045396,1.44578392523128
0.94960864140405,1.44578392523128
0.94960864140405,1.44578392523128
0.94960864140405,1.1351216571198
0.94960864140405,1.1351216571198
0.94960864140405,1.1351216571198
0.981889557320042,1.1351216571198
0.981889557320042,1.1351216571198
0.981889557320042,1.1351216571198
0.981889557320042,1.31526464123192
0.981889557320042,1.31526464123192
0.981889557320042,1.31526464123192
0.981889557320042,1.31526464123192
0.981889557320042,1.31526464123192
0.981889557320042,1.31526464123192
1.04888881713722,1.31526464123192
1.04888881713722,1.31526464123192
1.04888881713722,1.31526464123192
1.04888881713722,1.31526464123192
1.04888881713722,1.31526464123192
0.989527451338922,1.31526464123192
0.989527451338922,1.31526464123192
0.989527451338922,1.31526464123192
1.43692296704546,1.31526464123192
0.891490023831401,1.31526464123192
0.891490023831401,1.31526464123192
0.891490023831401,1.31526464123192
0.891490023831401,1.31526464123192
0.891490023831401,1.31526464123192
0.891490023831401,1.26388925606151
0.891490023831401,1.19261815155929
0.891490023831401,1.19261815155929
0.891490023831401,1.31619180732792
1.2214136723399,1.31619180732792
1.2214136723399,1.31619180732792
1.0115644387446,1.31619180732792
1.0115644387446,1.35527173337346
1.0115644387446,1.35527173337346
1.07233287094614,1.35527173337346
1.07233287094614,1.35527173337346
1.22184046944284,1.35527173337346
1.22184046944284,1.35527173337346
1.22184046944284,1.35527173337346
1.22184046944284,1.35527173337346
1.22184046944284,1.35527173337346
1.22184046944284,1.35527173337346
1.22184046944284,1.35527173337346
1.22184046944284,1.35527173337346
1.22184046944284,1.35527173337346
1.22184046944284,1.35527173337346
1.22184046944284,1.35527173337346
1.22184046944284,1.35527173337346
1.22184046944284,1.35527173337346
1.22184046944284,1.47478738788487
1.22184046944284,1.47478738788487
1.22184046944284,1.47478738788487
1.22184046944284,1.47478738788487
1.22184046944284,1.47478738788487
1.22184046944284,1.47478738788487
1.22184046944284,1.47478738788487
1.22184046944284,1.47478738788487
1.22364609994106,1.47478738788487
1.22364609994106,1.49489729034752
1.22364609994106,1.49489729034752
1.22364609994106,1.49489729034752
1.22364609994106,1.49489729034752
1.22364609994106,1.49489729034752
1.22364609994106,1.49489729034752
1.22364609994106,1.49489729034752
1.22364609994106,1.49489729034752
1.22364609994106,1.49489729034752
1.22364609994106,1.51772264675025
1.22364609994106,1.51772264675025
1.22364609994106,1.51772264675025
1.22364609994106,1.51772264675025
1.22364609994106,1.51772264675025
1.22364609994106,1.51772264675025
1.22364609994106,1.51772264675025
1.22364609994106,1.51772264675025
1.22364609994106,1.51772264675025
1.22364609994106,1.49752352135773
1.22364609994106,1.44921395517813
1.22364609994106,1.44921395517813
1.22364609994106,1.44921395517813
1.22364609994106,1.48112978166918
0.890258038755922,1.48112978166918
0.890258038755922,1.48112978166918
0.890258038755922,1.48112978166918
0.890258038755922,1.48112978166918
0.890258038755922,1.48112978166918
0.890258038755922,1.48112978166918
0.890258038755922,1.48112978166918
0.890258038755922,1.48112978166918
0.890258038755922,1.48112978166918
0.890258038755922,1.48112978166918
0.890258038755922,1.56855427329289
0.890258038755922,1.56855427329289
0.878930683537247,1.56855427329289
0.878930683537247,1.56855427329289
0.878930683537247,1.56855427329289
0.878930683537247,1.56855427329289
1.03825067306028,1.56855427329289
1.03825067306028,1.56855427329289
1.03825067306028,1.56855427329289
1.03825067306028,1.56855427329289
1.03825067306028,1.56855427329289
1.03825067306028,1.56855427329289
1.03825067306028,1.56855427329289
1.03825067306028,1.56855427329289
1.03825067306028,1.56855427329289
1.03825067306028,1.56855427329289
1.02136962867379,1.56855427329289
1.02136962867379,1.56855427329289
1.02136962867379,1.56855427329289
1.018479919036,1.56855427329289
1.018479919036,1.56855427329289
1.018479919036,1.56855427329289
1.018479919036,1.56855427329289
1.018479919036,1.56855427329289
1.018479919036,1.56855427329289
1.018479919036,1.56855427329289
1.018479919036,1.56855427329289
1.018479919036,1.477269798622
1.018479919036,1.477269798622
1.018479919036,1.477269798622
1.018479919036,1.477269798622
1.018479919036,1.74952718904883
1.018479919036,1.74952718904883
1.018479919036,1.74952718904883
1.018479919036,1.74952718904883
1.018479919036,1.74952718904883
1.018479919036,1.74952718904883
1.018479919036,1.74952718904883
1.018479919036,1.74952718904883
1.018479919036,1.74952718904883
1.02052084824114,1.74952718904883
0.992919591592284,1.74952718904883
0.992919591592284,1.74952718904883
0.992919591592284,1.74952718904883
0.992919591592284,1.74952718904883
0.992919591592284,1.74952718904883
0.992919591592284,1.74952718904883
0.992919591592284,1.74952718904883
0.992919591592284,1.81832063934041
0.992919591592284,1.81832063934041
0.992919591592284,1.53115181581834
0.992919591592284,1.53115181581834
0.992919591592284,1.53115181581834
0.992919591592284,1.53115181581834
0.992919591592284,1.53115181581834
0.992919591592284,1.53115181581834
0.992919591592284,1.53115181581834
0.992919591592284,1.48498029942057
0.992919591592284,1.48498029942057
0.949625093116875,1.48498029942057
0.949625093116875,1.48498029942057
0.949625093116875,1.48498029942057
0.949625093116875,1.48498029942057
0.949625093116875,1.48498029942057
0.947720661189261,1.48498029942057
0.947720661189261,1.48498029942057
0.947720661189261,1.48498029942057
0.947720661189261,1.51958706303379
0.947720661189261,1.51958706303379
0.947720661189261,1.51958706303379
0.947720661189261,1.51958706303379
0.947720661189261,1.51958706303379
0.947720661189261,1.51958706303379
0.947720661189261,1.51958706303379
0.947720661189261,1.51958706303379
0.947720661189261,1.51958706303379
0.947720661189261,1.51958706303379
0.947720661189261,1.51958706303379
0.947720661189261,1.51958706303379
0.947720661189261,1.51958706303379
0.947720661189261,1.51958706303379
1.14944776423431,1.51958706303379
1.14944776423431,1.51958706303379
0.923776758021556,1.51958706303379
0.923776758021556,1.51958706303379
1.06802240086545,1.51958706303379
1.06802240086545,1.51958706303379
1.06802240086545,1.51958706303379
0.924527917578739,1.51958706303379
0.924527917578739,1.51958706303379
0.924527917578739,1.51958706303379
1.02201437733535,1.51958706303379
1.10510364543747,1.51958706303379
1.10510364543747,1.51958706303379
1.0780701600338,1.51958706303379
1.0780701600338,1.51958706303379
1.0780701600338,1.51958706303379
1.0780701600338,1.51958706303379
1.0780701600338,1.51958706303379
1.0780701600338,1.51958706303379
1.0780701600338,1.51958706303379
1.0780701600338,1.51958706303379
1.0780701600338,1.51958706303379
1.0716520473471,1.51958706303379
1.0716520473471,1.51958706303379
1.0716520473471,1.51958706303379
1.0716520473471,1.51958706303379
1.0716520473471,1.51958706303379
1.0716520473471,1.51958706303379
1.0716520473471,1.51958706303379
1.0716520473471,1.51958706303379
1.0716520473471,1.51958706303379
1.0716520473471,1.51958706303379
1.0716520473471,1.51958706303379
1.0716520473471,1.51958706303379
1.0716520473471,1.51958706303379
1.03640783009554,1.51958706303379
1.03640783009554,1.51958706303379
1.03640783009554,1.51958706303379
1.03640783009554,1.40029927824943
1.03640783009554,1.40029927824943
1.03640783009554,1.40029927824943
1.03640783009554,1.40029927824943
1.03640783009554,1.40029927824943
1.03640783009554,1.41912076762156
1.03640783009554,1.41912076762156
1.03640783009554,1.41912076762156
1.03640783009554,1.41912076762156
1.03640783009554,1.41912076762156
1.08859574458549,1.41912076762156
1.08859574458549,1.41912076762156
1.08859574458549,1.41912076762156
1.08859574458549,1.41912076762156
1.08859574458549,1.41912076762156
1.08859574458549,1.41912076762156
1.08859574458549,1.61646947812814
1.08859574458549,1.61646947812814
1.08859574458549,1.61646947812814
1.08859574458549,1.61646947812814
1.08859574458549,1.61646947812814
1.08859574458549,1.61646947812814
1.09249937606039,1.61646947812814
1.09249937606039,1.61646947812814
1.09249937606039,1.5813843159341
1.09249937606039,1.5813843159341
1.09249937606039,1.5813843159341
1.09249937606039,1.5813843159341
1.09249937606039,1.5813843159341
1.09249937606039,1.5813843159341
1.09249937606039,1.5813843159341
1.09249937606039,1.5813843159341
1.09249937606039,1.5813843159341
1.09249937606039,1.5813843159341
1.09249937606039,1.5813843159341
1.09249937606039,1.5813843159341
1.09249937606039,1.74739029791248
1.09249937606039,1.74739029791248
1.09249937606039,1.74739029791248
1.09249937606039,1.74739029791248
1.09249937606039,1.60851248248466
1.09249937606039,1.60851248248466
1.09249937606039,1.60851248248466
1.09249937606039,1.60851248248466
1.09249937606039,1.60851248248466
1.09249937606039,1.60851248248466
1.00291173659167,1.60851248248466
1.00291173659167,1.60851248248466
1.00291173659167,1.49989759827401
1.00291173659167,1.49989759827401
1.03576703040279,1.49989759827401
1.03576703040279,1.49989759827401
1.03576703040279,1.49989759827401
1.03576703040279,1.49989759827401
1.02086920548707,1.49989759827401
1.02086920548707,1.49989759827401
1.02086920548707,1.49989759827401
1.02086920548707,1.49989759827401
1.02086920548707,1.49989759827401
1.02086920548707,1.49989759827401
1.02086920548707,1.49989759827401
1.02086920548707,1.49989759827401
1.02086920548707,1.7370696549316
1.02086920548707,1.72804650635589
1.08258633238342,1.72804650635589
1.08258633238342,1.72804650635589
1.08258633238342,1.72804650635589
1.11133050565302,1.72804650635589
1.11133050565302,1.72804650635589
1.11133050565302,1.72804650635589
1.11133050565302,1.6771817090212
1.28313062157169,1.6771817090212
1.28313062157169,1.6771817090212
1.28313062157169,1.6771817090212
1.28313062157169,1.6771817090212
1.28313062157169,1.60421760548899
1.28313062157169,1.83464511694356
1.28313062157169,1.83464511694356
1.28313062157169,1.83464511694356
1.13966718189201,1.77740405887659
1.13966718189201,1.77740405887659
1.08549931726333,1.85340408435786
1.08549931726333,1.85340408435786
1.08549931726333,1.85340408435786
1.08549931726333,1.85340408435786
1.08549931726333,1.85340408435786
1.08549931726333,1.85340408435786
1.08549931726333,1.85340408435786
1.01356448656818,1.85340408435786
1.01356448656818,1.65866043193312
0.955429503026149,1.65866043193312
0.955429503026149,1.65866043193312
0.955429503026149,1.65866043193312
0.971959437527011,1.65866043193312
0.971959437527011,1.65866043193312
0.971959437527011,1.65866043193312
1.17846962526286,1.65866043193312
1.17846962526286,1.65866043193312
1.17846962526286,1.65866043193312
1.17846962526286,1.65866043193312
1.17846962526286,1.65866043193312
1.17846962526286,1.65866043193312
1.17846962526286,1.65866043193312
1.17846962526286,1.65866043193312
1.17846962526286,1.65866043193312
1.17846962526286,1.65866043193312
1.03348289737157,1.65866043193312
1.03348289737157,1.65866043193312
1.03348289737157,1.65866043193312
1.03348289737157,1.65866043193312
1.03348289737157,1.65866043193312
1.03348289737157,1.65866043193312
1.03348289737157,1.76351910515244
1.03348289737157,1.76351910515244
1.03348289737157,1.76351910515244
0.956229879215243,1.76351910515244
0.956229879215243,1.41961331367695
0.956229879215243,1.41961331367695
0.956229879215243,1.41961331367695
0.956229879215243,1.56973129413936
0.956229879215243,1.56973129413936
0.956229879215243,1.41813038584025
0.956229879215243,1.41813038584025
1.06128850036502,1.41813038584025
1.06128850036502,1.41813038584025
1.06128850036502,1.41813038584025
1.06128850036502,1.41813038584025
1.01115821728636,1.49581142766594
1.01115821728636,1.49581142766594
1.01115821728636,1.49581142766594
1.01115821728636,1.16290604535231
1.01115821728636,1.16290604535231
1.01115821728636,1.16290604535231
1.01115821728636,1.16290604535231
1.01115821728636,1.16290604535231
1.01115821728636,1.16290604535231
1.01115821728636,1.16290604535231
1.01115821728636,1.16290604535231
1.01115821728636,1.16290604535231
0.993422496295325,1.16290604535231
0.993422496295325,1.16290604535231
0.993422496295325,1.16290604535231
0.993422496295325,1.16290604535231
1.01848676279548,1.16290604535231
1.08258232093851,1.16290604535231
1.08258232093851,1.16290604535231
1.08258232093851,1.69864798697766
1.08258232093851,1.69864798697766
1.08258232093851,1.69864798697766
1.08258232093851,1.69864798697766
1.08258232093851,1.72962519085062
1.08258232093851,1.35370435010433
1.08258232093851,1.35370435010433
1.08258232093851,1.35370435010433
1.08258232093851,1.35370435010433
1.08258232093851,1.43898569467498
1.08258232093851,1.43898569467498
1.08258232093851,1.43898569467498
1.08258232093851,1.43898569467498
1.08258232093851,1.43898569467498
1.02609328611566,1.43898569467498
1.02609328611566,1.68982515607601
1.02609328611566,1.68982515607601
1.02609328611566,1.68982515607601
1.02609328611566,1.68982515607601
1.02609328611566,1.68982515607601
1.02609328611566,1.68982515607601
1.02609328611566,1.68982515607601
1.02609328611566,1.68982515607601
1.02609328611566,1.68982515607601
1.02609328611566,1.68982515607601
1.02609328611566,1.68982515607601
1.02609328611566,1.50214900356027
1.02609328611566,1.50214900356027
1.02609328611566,1.50214900356027
1.02609328611566,1.50214900356027
1.02609328611566,1.50214900356027
1.02609328611566,1.50214900356027
1.02609328611566,1.50214900356027
1.02609328611566,1.50214900356027
1.02609328611566,1.50214900356027
1.2357367765054,1.50214900356027
1.2357367765054,1.50214900356027
1.2357367765054,1.50214900356027
1.2357367765054,1.50214900356027
1.2357367765054,1.50214900356027
1.2357367765054,1.50214900356027
1.2357367765054,1.50214900356027
1.2357367765054,1.58228765976761
1.2357367765054,1.30595059726014
1.2357367765054,1.30595059726014
1.2357367765054,1.30595059726014
1.2357367765054,1.30595059726014
1.2357367765054,1.30595059726014
1.2357367765054,1.30595059726014
1.2357367765054,1.30595059726014
1.2357367765054,1.30595059726014
1.2357367765054,1.63387259916296
1.2357367765054,1.63387259916296
1.2357367765054,1.63387259916296
1.2357367765054,1.63387259916296
1.2357367765054,1.63387259916296
1.2357367765054,1.63387259916296
1.2357367765054,1.63387259916296
1.2357367765054,1.63387259916296
1.2357367765054,1.63387259916296
1.2357367765054,1.63387259916296
1.2357367765054,1.63387259916296
1.2357367765054,1.63387259916296
1.2357367765054,1.63387259916296
1.11744913706431,1.63387259916296
1.11744913706431,1.63387259916296
1.11744913706431,1.63387259916296
1.11744913706431,1.63387259916296
1.13787779604386,1.63387259916296
1.13787779604386,1.63387259916296
1.1538619694336,1.63387259916296
1.1538619694336,1.63387259916296
1.1538619694336,1.63387259916296
1.1538619694336,1.63387259916296
1.1538619694336,1.63387259916296
0.978499253667365,1.63387259916296
0.978499253667365,1.63387259916296
0.978499253667365,1.63387259916296
0.978499253667365,1.63387259916296
0.978499253667365,1.63387259916296
0.978499253667365,1.63387259916296
0.978499253667365,1.63387259916296
0.978499253667365,1.63387259916296
0.978499253667365,1.63387259916296
0.978499253667365,1.42489922009311
0.978499253667365,1.42489922009311
0.978499253667365,1.42489922009311
0.978499253667365,1.42489922009311
0.978499253667365,1.42489922009311
0.978499253667365,1.42489922009311
0.978499253667365,1.42489922009311
0.985655090112963,1.42489922009311
0.985655090112963,1.42489922009311
0.985655090112963,1.42489922009311
0.985655090112963,1.42489922009311
0.985655090112963,1.42489922009311
0.985655090112963,1.42489922009311
0.985655090112963,1.42489922009311
0.985655090112963,1.42489922009311
0.985655090112963,1.42489922009311
0.985655090112963,1.42489922009311
0.985655090112963,1.42489922009311
0.985655090112963,1.42489922009311
0.985655090112963,1.42489922009311
0.985655090112963,1.42489922009311
0.985655090112963,1.42489922009311
0.985655090112963,1.42489922009311
0.985655090112963,1.42489922009311
0.985655090112963,1.15390871501461
0.985655090112963,1.15390871501461
0.985655090112963,1.15390871501461
0.975523929079891,1.15390871501461
0.975523929079891,1.15390871501461
0.975523929079891,1.15390871501461
1.06961733413049,1.15390871501461
1.06961733413049,1.15390871501461
1.06961733413049,1.15390871501461
1.06961733413049,1.15390871501461
1.06961733413049,1.15642518465877
1.06961733413049,1.14937521413801
1.06961733413049,1.14937521413801
1.06961733413049,1.14937521413801
1.06961733413049,1.14937521413801
1.06961733413049,1.14937521413801
1.06961733413049,1.14937521413801
1.06961733413049,1.63583704204738
0.979492936477623,1.63583704204738
0.979492936477623,1.63583704204738
0.979492936477623,1.82446700383269
0.979492936477623,1.82446700383269
0.979492936477623,1.82446700383269
0.979492936477623,1.82446700383269
0.979492936477623,1.82446700383269
0.979492936477623,1.82446700383269
0.979492936477623,1.82446700383269
0.979492936477623,1.82446700383269
0.979492936477623,1.82446700383269
0.979492936477623,1.79055739113899
0.979492936477623,1.79055739113899
0.979492936477623,1.79055739113899
0.979492936477623,1.79055739113899
1.12400807457488,1.79055739113899
1.12400807457488,1.79055739113899
1.12400807457488,1.79055739113899
1.12400807457488,1.79055739113899
1.12400807457488,1.79055739113899
1.12400807457488,1.45589431277705
1.12400807457488,1.6176377509778
1.12400807457488,1.6176377509778
1.12400807457488,1.5090775910075
1.12400807457488,1.5090775910075
1.12400807457488,1.71245466513471
1.12400807457488,1.71245466513471
1.12400807457488,1.71245466513471
1.12400807457488,1.71245466513471
1.12400807457488,1.71245466513471
1.12400807457488,1.71245466513471
1.12400807457488,1.71245466513471
1.12400807457488,1.71245466513471
1.12400807457488,1.71245466513471
1.12400807457488,1.61825628743749
1.12400807457488,1.61825628743749
1.12400807457488,1.61825628743749
1.12400807457488,1.61825628743749
1.12400807457488,1.61825628743749
1.07876803218352,1.61825628743749
1.07876803218352,1.61825628743749
1.07876803218352,1.61825628743749
1.07876803218352,1.61825628743749
1.07876803218352,1.61825628743749
1.07876803218352,1.61825628743749
1.07876803218352,1.61825628743749
1.07876803218352,1.64854655028236
1.07876803218352,1.64854655028236
1.04864184968742,1.64854655028236
1.04864184968742,1.64854655028236
1.04864184968742,1.64854655028236
1.04864184968742,1.64854655028236
1.04864184968742,1.64854655028236
0.86973373436107,1.64854655028236
0.86973373436107,1.64854655028236
0.86973373436107,1.64854655028236
0.86973373436107,1.64854655028236
0.86973373436107,1.64854655028236
1.20594250773359,1.64854655028236
1.20594250773359,1.64854655028236
1.143530084936,1.64854655028236
1.143530084936,1.64854655028236
1.26232986637352,1.64854655028236
1.26232986637352,1.70739448148365
1.26232986637352,1.70739448148365
1.26232986637352,1.70739448148365
1.26232986637352,1.70739448148365
1.26232986637352,1.70739448148365
1.26232986637352,1.70739448148365
1.26232986637352,1.70739448148365
1.26232986637352,1.70739448148365
1.26232986637352,1.70739448148365
1.26232986637352,1.70739448148365
1.18046667741548,1.70739448148365
1.18046667741548,1.70739448148365
1.18046667741548,1.70739448148365
1.02960830299898,1.74122053333956
1.02960830299898,1.74122053333956
1.02960830299898,1.74122053333956
1.02960830299898,1.74122053333956
1.07786439415356,1.74122053333956
1.07786439415356,1.74122053333956
1.07786439415356,1.74122053333956
1.07786439415356,1.74122053333956
1.07786439415356,1.74122053333956
1.07786439415356,1.74122053333956
1.07786439415356,1.74122053333956
1.07786439415356,1.74122053333956
1.07786439415356,1.74122053333956
1.07786439415356,1.74122053333956
1.09400603155888,1.74122053333956
1.09400603155888,1.74122053333956
1.09400603155888,1.74122053333956
1.09400603155888,1.74122053333956
1.09400603155888,1.74122053333956
1.09400603155888,1.74122053333956
1.34035424372459,1.74122053333956
1.34035424372459,1.74122053333956
1.34035424372459,1.74122053333956
1.34035424372459,1.74122053333956
1.34035424372459,1.74122053333956
1.34035424372459,1.39700460320073
1.34035424372459,1.49747491296645
1.34035424372459,1.49747491296645
1.13736954705709,1.49747491296645
1.13736954705709,1.49747491296645
1.13736954705709,1.49747491296645
1.13736954705709,1.49747491296645
1.13736954705709,1.49747491296645
1.13736954705709,1.49747491296645
1.04905137024682,1.49747491296645
1.04905137024682,1.69391714231903
1.04905137024682,1.69391714231903
1.04905137024682,1.69391714231903
1.04905137024682,1.69391714231903
1.04905137024682,1.69391714231903
1.04905137024682,1.69391714231903
1.04905137024682,1.69391714231903
1.04905137024682,1.69391714231903
1.04905137024682,1.69391714231903
1.04905137024682,1.69391714231903
1.04905137024682,1.69391714231903
1.04905137024682,1.69391714231903
1.04905137024682,1.69391714231903
1.04641092126677,1.69391714231903
1.04641092126677,1.69391714231903
1.04641092126677,1.69391714231903
1.04641092126677,1.69391714231903
1.04641092126677,1.69391714231903
1.04641092126677,1.69391714231903
1.04641092126677,1.69391714231903
1.04641092126677,1.69391714231903
1.17020237451542,1.69391714231903
1.17020237451542,1.69391714231903
1.17020237451542,1.69391714231903
1.17020237451542,1.71642461138207
1.17020237451542,1.71642461138207
1.17020237451542,1.71642461138207
1.17020237451542,1.71642461138207
1.16467259599761,1.71642461138207
1.16467259599761,1.71642461138207
1.16467259599761,1.71642461138207
1.16467259599761,1.39955938563505
1.16467259599761,1.93675281928676
1.16467259599761,1.93675281928676
0.732551339817175,1.93675281928676
0.732551339817175,1.93675281928676
0.732551339817175,1.93675281928676
0.732551339817175,1.93675281928676
0.815562004814116,1.93675281928676
1.0557815877658,1.93675281928676
1.0557815877658,1.93675281928676
1.0557815877658,1.93675281928676
1.0557815877658,1.93675281928676
1.0557815877658,1.93675281928676
1.0557815877658,1.93675281928676
1.0557815877658,1.93675281928676
1.0557815877658,1.93675281928676
1.0557815877658,1.93675281928676
1.07148978679594,1.93675281928676
1.07148978679594,1.93675281928676
1.07148978679594,1.93675281928676
1.07148978679594,1.93675281928676
1.07148978679594,1.93675281928676
1.07148978679594,1.93675281928676
0.890894704472118,1.93675281928676
0.890894704472118,1.93675281928676
0.890894704472118,1.93675281928676
0.890894704472118,1.93675281928676
0.890894704472118,1.93675281928676
0.890894704472118,1.93675281928676
0.890894704472118,1.93675281928676
0.763596106059455,1.93675281928676
0.763596106059455,1.93675281928676
0.763596106059455,1.93675281928676
0.763596106059455,1.93675281928676
0.763596106059455,1.93675281928676
0.763596106059455,1.93675281928676
0.763596106059455,1.93675281928676
0.763596106059455,1.93675281928676
0.763596106059455,1.93675281928676
0.763596106059455,1.47144742884755
0.763596106059455,1.47144742884755
0.763596106059455,1.47144742884755
0.763596106059455,1.7251395379632
0.763596106059455,1.7251395379632
0.763596106059455,1.7251395379632
0.890364591320216,1.7251395379632
0.890364591320216,1.7251395379632
0.890364591320216,1.7251395379632
0.890364591320216,1.7251395379632
0.890364591320216,1.7251395379632
0.890364591320216,1.7251395379632
0.890364591320216,1.7251395379632
0.890364591320216,1.7251395379632
0.890364591320216,1.7251395379632
0.890364591320216,1.7251395379632
0.890364591320216,1.7251395379632
0.890364591320216,1.7251395379632
0.890364591320216,1.7251395379632
0.890364591320216,1.7251395379632
0.890364591320216,1.7251395379632
0.890364591320216,1.7251395379632
1.181857769431,1.7251395379632
1.181857769431,1.7251395379632
1.181857769431,1.7251395379632
1.181857769431,1.7251395379632
1.181857769431,1.7251395379632
1.181857769431,1.7251395379632
1.181857769431,1.7251395379632
1.181857769431,1.7251395379632
1.181857769431,1.7251395379632
1.181857769431,1.7251395379632
1.16255440341526,1.7251395379632
1.16255440341526,1.7251395379632
1.16255440341526,1.7251395379632
1.16255440341526,1.7251395379632
1.16255440341526,1.7251395379632
1.16255440341526,1.7251395379632
0.940636650207662,1.7251395379632
0.940636650207662,1.78575041110402
0.940636650207662,1.78575041110402
0.940636650207662,1.78575041110402
0.941253436279086,1.78575041110402
0.941253436279086,1.78575041110402
0.941253436279086,1.78575041110402
0.941253436279086,2.246858824916
0.941253436279086,2.246858824916
0.941253436279086,2.246858824916
0.941253436279086,2.246858824916
0.941253436279086,2.246858824916
0.941253436279086,2.29582803799738
0.941253436279086,2.29582803799738
0.941253436279086,2.29582803799738
0.941253436279086,2.29582803799738
0.941253436279086,2.29582803799738
0.941253436279086,2.29582803799738
0.941253436279086,2.29582803799738
0.941253436279086,2.29582803799738
1.04070877571083,2.29582803799738
1.04070877571083,2.29582803799738
1.04070877571083,2.29582803799738
1.04070877571083,2.29582803799738
1.04070877571083,1.82846177141755
1.04070877571083,1.82846177141755
1.04070877571083,1.82846177141755
1.04070877571083,1.82846177141755
1.04070877571083,1.82846177141755
1.04070877571083,2.27226149066003
1.04070877571083,2.27226149066003
1.04070877571083,2.27226149066003
1.04070877571083,2.27226149066003
1.04070877571083,2.27226149066003
1.04070877571083,2.27226149066003
1.04070877571083,2.27226149066003
1.04070877571083,2.27226149066003
1.04070877571083,2.28244802412391
1.04070877571083,2.28244802412391
1.04070877571083,2.28244802412391
1.04070877571083,2.04774806701107
1.04070877571083,2.04774806701107
1.04070877571083,2.04774806701107
1.04070877571083,2.00871616422528
1.04070877571083,2.00871616422528
1.04070877571083,2.00871616422528
0.960292534489689,1.54328450891864
0.960292534489689,1.54328450891864
0.960292534489689,1.51071329171255
0.960292534489689,1.51071329171255
0.960292534489689,1.98257952750578
0.960292534489689,1.98257952750578
0.960292534489689,1.98257952750578
0.960292534489689,1.98257952750578
0.960292534489689,1.98257952750578
0.960292534489689,1.98257952750578
0.960292534489689,1.98257952750578
1.07274122204596,1.98257952750578
0.990548920836073,1.98257952750578
0.990548920836073,1.98257952750578
0.990548920836073,1.98257952750578
0.990548920836073,1.98257952750578
0.990548920836073,1.98257952750578
0.990548920836073,1.98257952750578
0.990548920836073,1.98257952750578
0.990548920836073,1.98257952750578
0.990548920836073,1.98257952750578
0.990548920836073,1.98257952750578
0.990548920836073,1.98257952750578
0.990548920836073,1.98257952750578
0.990548920836073,1.98257952750578
0.990548920836073,1.98257952750578
0.990548920836073,1.56152564812249
0.990548920836073,1.56152564812249
0.990548920836073,1.56152564812249
0.990548920836073,1.56152564812249
0.990548920836073,1.98495334687237
0.990548920836073,1.98495334687237
0.990548920836073,1.98495334687237
0.990548920836073,1.98495334687237
0.990548920836073,1.98495334687237
0.990548920836073,1.98495334687237
0.990548920836073,1.98495334687237
0.990548920836073,1.98495334687237
0.990548920836073,1.98495334687237
0.990548920836073,1.98495334687237
0.990548920836073,1.98495334687237
0.990548920836073,1.90944309470913
0.990548920836073,1.97558090260918
0.990548920836073,1.97558090260918
0.990548920836073,1.97558090260918
0.990548920836073,2.01646676078931
0.990548920836073,2.01646676078931
0.990548920836073,2.01646676078931
0.990548920836073,2.01646676078931
0.990548920836073,2.01646676078931
0.990548920836073,2.01646676078931
0.990548920836073,2.01646676078931
0.990548920836073,2.01646676078931
0.990548920836073,2.01646676078931
0.990548920836073,2.01646676078931
0.990548920836073,2.01646676078931
0.990548920836073,2.01646676078931
0.990548920836073,2.01646676078931
0.897125039723076,2.01646676078931
0.897125039723076,2.01646676078931
0.897125039723076,2.01646676078931
0.897125039723076,2.06341645615911
0.897125039723076,2.06341645615911
0.897125039723076,2.06341645615911
0.897125039723076,2.06341645615911
0.897125039723076,2.06341645615911
0.933664851320505,2.06341645615911
0.933664851320505,2.06341645615911
0.933664851320505,2.06341645615911
1.01697811854385,2.06341645615911
1.01697811854385,2.06341645615911
1.01697811854385,1.54492283225825
1.01697811854385,2.20683402544945
1.01697811854385,2.20683402544945
1.01697811854385,2.20683402544945
1.01697811854385,2.20683402544945
1.01697811854385,2.20683402544945
0.802889769929968,2.01443846737673
0.802889769929968,2.01443846737673
0.802889769929968,2.01443846737673
0.802889769929968,2.01443846737673
0.802889769929968,2.18114494440453
0.802889769929968,2.18114494440453
0.802889769929968,2.18114494440453
0.870698284467283,2.18114494440453
0.870698284467283,2.18114494440453
0.870698284467283,2.18114494440453
0.870698284467283,1.71160002211784
0.870698284467283,1.71160002211784
0.870698284467283,1.71160002211784
0.870698284467283,1.71160002211784
0.870698284467283,1.71160002211784
0.870698284467283,1.71160002211784
0.870698284467283,1.71160002211784
0.870698284467283,1.71160002211784
0.870698284467283,1.71160002211784
0.870698284467283,1.71160002211784
0.870698284467283,1.71160002211784
0.870698284467283,1.71160002211784
0.870698284467283,1.71160002211784
0.870698284467283,1.71160002211784
0.870698284467283,2.05670035893292
0.870698284467283,2.05670035893292
0.870698284467283,2.05670035893292
0.870698284467283,2.05670035893292
0.870698284467283,2.05670035893292
0.846719929741588,2.05670035893292
0.846719929741588,2.05670035893292
0.846719929741588,2.05670035893292
0.949247961468548,2.05670035893292
0.949247961468548,2.05670035893292
0.949247961468548,2.05670035893292
0.949247961468548,2.05670035893292
0.902208984308743,2.05670035893292
0.902208984308743,2.05670035893292
0.902208984308743,2.0076184991054
0.902208984308743,2.0076184991054
0.902208984308743,2.16793757123288
0.902208984308743,2.16793757123288
0.902208984308743,2.16793757123288
0.902208984308743,2.16793757123288
0.902208984308743,2.16793757123288
0.902208984308743,2.16793757123288
0.902208984308743,2.16793757123288
1.02670923705608,2.16793757123288
1.02670923705608,2.16793757123288
1.02670923705608,2.16793757123288
1.02670923705608,2.16793757123288
1.02670923705608,1.85943114762212
1.02670923705608,1.85943114762212
1.02670923705608,1.85943114762212
1.02670923705608,1.85943114762212
1.02670923705608,1.85943114762212
1.12618557454677,1.85943114762212
1.12618557454677,1.85943114762212
1.12618557454677,1.85943114762212
1.12618557454677,1.85943114762212
1.12618557454677,1.85943114762212
1.12618557454677,1.85943114762212
1.12618557454677,1.85943114762212
1.12618557454677,1.85943114762212
0.856365545487143,1.85943114762212
0.856365545487143,1.62760386895695
0.856365545487143,1.62760386895695
0.856365545487143,1.62760386895695
1.22485418535324,1.62760386895695
1.22485418535324,1.62803085431865
1.08636751008345,1.48349407529424
1.08636751008345,1.48349407529424
1.08636751008345,1.48349407529424
1.08636751008345,1.48349407529424
1.08636751008345,1.48349407529424
1.08636751008345,1.48349407529424
1.08636751008345,1.48349407529424
1.08636751008345,1.62298798525761
1.08636751008345,1.62298798525761
1.08636751008345,1.62298798525761
1.08636751008345,1.62298798525761
1.08636751008345,1.62298798525761
1.08636751008345,1.62298798525761
1.08636751008345,1.62298798525761
1.08636751008345,1.62298798525761
1.08636751008345,1.62298798525761
1.08636751008345,1.62298798525761
1.08636751008345,1.62298798525761
1.08636751008345,1.62298798525761
1.08636751008345,1.62298798525761
1.0474073281361,1.62298798525761
0.927481187847759,1.62298798525761
0.927481187847759,1.62298798525761
1.02002431741347,1.62298798525761
1.02002431741347,1.62298798525761
1.02002431741347,1.62298798525761
1.02002431741347,1.62298798525761
1.02002431741347,1.62298798525761
1.02002431741347,1.62298798525761
1.02002431741347,1.62298798525761
1.02002431741347,1.62298798525761
1.02002431741347,1.62298798525761
1.02002431741347,1.62298798525761
1.02002431741347,1.62298798525761
1.02002431741347,1.62298798525761
1.02002431741347,1.62298798525761
1.02002431741347,1.62298798525761
1.02002431741347,1.62298798525761
0.964434630457521,1.62298798525761
0.964434630457521,1.62298798525761
0.964434630457521,1.85885710377498
0.964434630457521,1.85885710377498
0.964434630457521,1.85885710377498
0.964434630457521,1.85885710377498
1.00106574900416,1.85885710377498
1.00106574900416,1.85885710377498
1.00106574900416,1.85885710377498
1.00106574900416,1.85885710377498
1.00106574900416,1.85885710377498
1.00106574900416,1.73210765354479
1.00106574900416,1.73210765354479
1.00106574900416,1.73210765354479
1.00106574900416,1.73210765354479
1.00106574900416,1.73210765354479
1.05537388111238,1.73210765354479
1.05537388111238,1.73210765354479
1.05537388111238,1.73210765354479
1.05537388111238,1.73210765354479
1.05537388111238,1.73210765354479
1.05537388111238,1.73210765354479
1.05537388111238,1.73210765354479
1.05537388111238,1.73210765354479
1.05537388111238,1.73210765354479
1.05537388111238,1.73210765354479
1.05537388111238,1.73210765354479
0.887592090507443,1.73210765354479
0.919178840253984,1.80206883632933
0.919178840253984,1.80206883632933
0.919178840253984,1.80206883632933
0.919178840253984,1.80206883632933
0.919178840253984,1.80206883632933
0.919178840253984,1.80206883632933
0.919178840253984,2.11406727535228
0.831612287713999,2.1320012000543
0.831612287713999,2.1320012000543
0.831612287713999,2.1320012000543
0.831612287713999,2.1320012000543
0.831612287713999,1.31637569195404
0.831612287713999,1.31637569195404
0.831612287713999,1.31637569195404
0.831612287713999,2.03170412961694
0.831612287713999,2.03170412961694
0.831612287713999,2.03170412961694
0.831612287713999,2.03170412961694
0.831612287713999,2.03170412961694
0.831612287713999,1.55469405642141
0.831612287713999,1.55469405642141
0.831612287713999,1.55469405642141
0.831612287713999,1.55469405642141
0.831612287713999,1.55469405642141
0.831612287713999,1.55469405642141
0.831612287713999,1.55469405642141
0.831612287713999,1.55469405642141
1.10436405059925,1.55469405642141
1.10436405059925,1.55469405642141
1.10436405059925,1.65628013711058
1.10436405059925,2.02395274250748
0.934190630650205,2.02395274250748
0.960004916022711,2.02395274250748
0.960004916022711,2.02395274250748
0.960004916022711,2.02395274250748
0.960004916022711,1.43567992742863
0.960004916022711,1.43567992742863
0.960004916022711,1.43567992742863
0.960004916022711,1.43567992742863
0.960004916022711,1.43567992742863
1.08871544280556,1.43567992742863
1.08871544280556,1.43567992742863
1.0466844328881,1.66539332493969
1.0466844328881,1.66480972835408
1.0466844328881,1.66480972835408
1.0466844328881,1.66480972835408
1.0466844328881,1.66480972835408
1.0466844328881,1.66480972835408
1.0466844328881,1.66480972835408
1.0466844328881,1.66480972835408
1.0466844328881,1.66480972835408
1.0466844328881,1.66480972835408
1.0466844328881,1.66480972835408
1.0466844328881,1.66480972835408
0.85559905516286,1.66480972835408
0.85559905516286,1.66480972835408
0.85559905516286,1.66480972835408
0.973377607815417,1.66480972835408
0.973377607815417,1.66480972835408
0.973377607815417,1.66480972835408
0.973377607815417,1.66480972835408
0.973377607815417,1.66480972835408
0.973377607815417,1.66480972835408
0.973377607815417,1.66480972835408
0.973377607815417,1.66480972835408
0.973377607815417,1.66480972835408
0.973377607815417,1.66480972835408
0.973377607815417,1.66480972835408
1.03825729032534,1.66480972835408
1.03825729032534,1.66480972835408
1.03825729032534,1.83984832306901
1.03825729032534,1.83984832306901
1.10741413174986,1.83984832306901
1.10741413174986,1.83984832306901
1.10741413174986,1.83984832306901
1.10741413174986,1.83984832306901
1.10741413174986,1.83984832306901
1.10741413174986,1.83984832306901
0.830703256979087,1.83984832306901
0.830703256979087,1.83984832306901
0.830703256979087,1.83984832306901
0.830703256979087,1.83984832306901
0.830703256979087,1.83984832306901
0.830703256979087,1.83984832306901
0.830703256979087,1.83984832306901
0.830703256979087,1.83984832306901
0.830703256979087,1.83984832306901
0.830703256979087,1.8086147679265
0.830703256979087,1.8086147679265
0.758895109176614,1.8086147679265
0.758895109176614,1.8086147679265
0.758895109176614,1.8086147679265
0.758895109176614,1.8086147679265
0.758895109176614,1.8086147679265
0.758895109176614,1.8086147679265
0.758895109176614,1.8086147679265
1.0725671778682,1.8086147679265
0.978643727988364,1.8086147679265
0.978643727988364,1.8086147679265
0.882035718750219,1.8086147679265
0.882035718750219,1.8086147679265
0.882035718750219,1.8086147679265
0.882035718750219,1.8086147679265
0.882035718750219,1.8086147679265
0.99566753168611,1.8086147679265
0.99566753168611,1.8086147679265
0.99566753168611,1.8086147679265
0.99566753168611,1.8086147679265
0.99566753168611,1.8086147679265
0.99566753168611,1.8086147679265
0.99566753168611,1.8086147679265
0.99566753168611,1.8086147679265
0.99566753168611,2.11078236243932
0.99566753168611,2.11078236243932
0.99566753168611,2.11078236243932
0.99566753168611,2.11078236243932
0.99566753168611,2.11078236243932
0.99566753168611,2.11078236243932
0.99566753168611,2.11078236243932
0.99566753168611,2.11078236243932
0.99566753168611,2.11078236243932
0.99566753168611,2.11078236243932
0.99566753168611,1.73685893790504
0.99566753168611,1.87709992888123
0.99566753168611,1.76651199682556
1.04466285706206,1.76651199682556
1.05322913623725,1.58923396510664
1.11143388189409,1.58923396510664
1.11143388189409,1.58923396510664
1.11143388189409,1.58923396510664
1.11143388189409,1.58923396510664
1.11143388189409,1.58923396510664
1.11143388189409,1.58923396510664
1.11143388189409,1.58923396510664
1.11143388189409,1.58923396510664
1.11143388189409,1.58923396510664
1.11143388189409,1.58923396510664
1.11143388189409,1.58923396510664
1.11143388189409,1.58923396510664
1.11143388189409,1.58923396510664
1.11143388189409,1.58923396510664
1.11143388189409,1.58923396510664
1.11143388189409,1.58923396510664
1.11143388189409,1.58923396510664
1.11143388189409,1.58923396510664
1.11143388189409,1.58923396510664
1.11143388189409,1.58923396510664
1.11143388189409,1.58923396510664
1.11143388189409,1.58923396510664
1.15378876978423,1.58923396510664
1.15378876978423,1.58923396510664
1.15378876978423,1.58923396510664
1.15378876978423,1.58923396510664
0.848122544015973,1.58923396510664
1.29252822971478,1.58923396510664
1.29252822971478,1.77383743481421
1.29252822971478,1.77383743481421
1.29252822971478,1.77383743481421
1.29252822971478,1.77383743481421
1.29252822971478,1.77383743481421
1.29252822971478,1.77383743481421
1.29252822971478,1.77383743481421
1.29252822971478,1.77383743481421
1.29252822971478,1.77383743481421
1.29252822971478,1.77383743481421
1.29252822971478,1.41172269527091
1.07725371393047,1.41172269527091
1.07725371393047,1.41172269527091
1.07725371393047,1.41172269527091
1.07725371393047,1.41172269527091
1.07725371393047,1.41172269527091
1.07725371393047,1.41172269527091
1.07725371393047,1.41172269527091
1.07725371393047,1.41172269527091
1.00909817185701,1.41172269527091
1.00909817185701,1.41172269527091
1.00909817185701,1.41172269527091
1.00909817185701,1.41172269527091
1.00909817185701,1.24197494808503
1.00909817185701,1.24197494808503
1.00909817185701,1.24197494808503
1.00909817185701,1.24197494808503
1.00909817185701,1.24197494808503
1.00909817185701,1.24197494808503
1.00909817185701,1.24197494808503
1.00909817185701,1.24197494808503
0.867325871701589,1.24197494808503
0.867325871701589,1.24197494808503
0.867325871701589,1.36426750021217
0.867325871701589,1.52460022858634
0.867325871701589,1.52460022858634
0.867325871701589,1.52460022858634
0.921734750189051,1.52460022858634
0.921734750189051,1.52460022858634
0.921734750189051,1.52460022858634
0.921734750189051,1.52460022858634
0.921734750189051,1.52460022858634
0.921734750189051,1.52460022858634
0.921734750189051,1.52460022858634
0.921734750189051,1.3325907571265
0.921734750189051,1.3325907571265
0.921734750189051,1.5922918422934
0.921734750189051,1.5922918422934
0.933604594382567,1.5922918422934
0.933604594382567,1.5922918422934
0.933604594382567,1.7377853626992
0.933604594382567,1.7377853626992
0.933604594382567,1.7377853626992
0.933604594382567,1.7377853626992
0.933604594382567,1.7377853626992
0.933604594382567,1.7377853626992
0.933604594382567,1.7377853626992
0.933604594382567,1.7377853626992
0.933604594382567,1.7377853626992
1.00503838464995,1.7377853626992
1.00503838464995,1.7377853626992
1.00503838464995,1.7377853626992
1.00503838464995,1.7377853626992
1.00503838464995,1.7377853626992
1.00503838464995,1.7377853626992
1.00503838464995,1.7377853626992
1.00503838464995,1.7377853626992
1.00503838464995,1.7377853626992
1.00503838464995,1.7377853626992
1.00503838464995,1.7377853626992
1.00503838464995,1.7377853626992
1.00503838464995,1.7377853626992
1.00085611127571,1.7377853626992
1.00085611127571,1.7377853626992
1.00085611127571,1.53814188182541
1.00085611127571,1.53814188182541
1.00085611127571,1.53814188182541
1.00085611127571,1.71461916761224
1.00085611127571,1.6437143380136
1.00085611127571,1.6437143380136
1.00085611127571,1.6437143380136
1.00085611127571,1.6437143380136
1.00085611127571,1.6437143380136
1.00085611127571,1.6437143380136
0.929512652713191,1.6437143380136
0.929512652713191,1.25164980481222
0.929512652713191,1.25164980481222
0.929512652713191,1.25164980481222
0.929512652713191,1.25164980481222
0.929512652713191,1.25164980481222
0.929512652713191,1.25164980481222
0.929512652713191,1.25164980481222
0.929512652713191,1.25164980481222
0.929512652713191,1.25164980481222
0.929512652713191,1.25164980481222
0.929512652713191,1.25164980481222
0.980792717856164,1.2480530126277
0.980792717856164,1.2480530126277
0.980792717856164,1.2480530126277
0.980792717856164,1.2480530126277
0.980792717856164,1.2480530126277
0.980792717856164,1.49264864394097
0.980792717856164,1.49264864394097
0.980792717856164,1.49264864394097
0.980792717856164,1.49264864394097
0.980792717856164,1.77149646612155
0.980792717856164,1.51890281842092
0.980792717856164,1.51890281842092
0.980792717856164,1.85874900879073
0.980792717856164,1.85874900879073
0.980792717856164,1.85874900879073
0.980792717856164,1.85874900879073
0.980792717856164,1.85874900879073
0.980792717856164,1.85874900879073
0.980792717856164,1.85874900879073
0.980792717856164,1.85874900879073
0.980792717856164,1.85874900879073
0.980792717856164,1.51989452390287
0.980792717856164,1.51989452390287
0.97638325624443,1.51989452390287
0.97638325624443,1.51989452390287
0.97638325624443,1.51989452390287
0.97638325624443,1.51989452390287
0.97638325624443,1.51989452390287
0.97638325624443,1.51989452390287
0.97638325624443,1.51989452390287
0.97638325624443,1.51989452390287
0.97638325624443,1.51989452390287
0.97638325624443,1.51989452390287
0.97638325624443,1.51989452390287
1.06480881862002,1.51989452390287
1.06480881862002,1.51989452390287
1.06480881862002,1.51989452390287
0.889456927560042,1.51989452390287
0.889456927560042,1.51989452390287
0.889456927560042,1.51989452390287
0.889456927560042,1.51989452390287
0.889456927560042,1.51989452390287
0.889456927560042,1.51989452390287
0.889456927560042,1.51989452390287
0.889456927560042,1.51989452390287
0.889456927560042,1.51989452390287
0.889456927560042,1.40328495120839
0.889456927560042,1.40328495120839
0.889456927560042,1.40328495120839
0.889456927560042,1.40328495120839
0.889456927560042,1.62272103230699
0.80626823497844,1.62272103230699
0.80626823497844,1.62272103230699
0.80626823497844,1.62272103230699
0.80626823497844,1.62272103230699
0.80626823497844,1.62272103230699
0.80626823497844,1.62272103230699
0.80626823497844,1.62272103230699
0.80626823497844,1.62272103230699
0.919763876095454,1.62272103230699
0.919763876095454,1.62272103230699
0.919763876095454,1.62272103230699
0.919763876095454,1.62272103230699
0.919763876095454,1.62272103230699
0.919763876095454,1.62272103230699
0.919763876095454,1.31226098023398
0.919763876095454,1.31226098023398
0.919763876095454,1.31226098023398
0.919763876095454,1.31226098023398
0.919763876095454,1.31226098023398
0.919763876095454,1.31226098023398
0.919763876095454,1.31226098023398
0.919763876095454,1.31226098023398
0.919763876095454,1.31226098023398
0.919763876095454,1.31226098023398
0.919763876095454,1.31226098023398
0.919763876095454,1.31226098023398
0.919763876095454,1.31226098023398
0.919763876095454,1.31226098023398
0.919763876095454,1.31226098023398
0.919763876095454,1.31226098023398
0.919763876095454,1.31226098023398
0.919763876095454,1.19762682639947
0.919763876095454,1.19762682639947
0.919763876095454,1.19762682639947
0.919763876095454,1.19762682639947
0.919763876095454,1.19762682639947
0.919763876095454,1.19762682639947
1.04131684936504,1.19762682639947
1.04131684936504,1.19762682639947
1.04131684936504,1.19762682639947
0.979242676927828,1.19762682639947
0.979242676927828,1.19762682639947
0.979242676927828,1.19762682639947
0.979242676927828,1.19762682639947
0.979242676927828,1.19762682639947
0.979242676927828,1.19762682639947
0.979242676927828,1.19762682639947
0.979242676927828,1.19762682639947
0.979242676927828,1.19762682639947
0.979242676927828,1.19762682639947
0.979242676927828,1.19762682639947
0.927330108218354,1.19762682639947
0.927330108218354,1.19762682639947
0.927330108218354,1.19762682639947
0.927330108218354,1.19762682639947
0.927330108218354,1.19762682639947
0.927330108218354,1.19762682639947
0.927330108218354,1.19762682639947
0.927330108218354,1.4540407703916
0.927330108218354,1.4540407703916
0.927330108218354,1.4540407703916
0.927330108218354,1.29096281175632
0.927330108218354,1.29096281175632
0.927330108218354,1.29096281175632
0.927330108218354,1.29096281175632
0.927330108218354,1.29096281175632
0.927330108218354,1.29096281175632
0.927330108218354,1.29096281175632
0.927330108218354,1.29096281175632
0.927330108218354,1.29096281175632
1.0753754680337,1.29096281175632
1.0753754680337,1.29096281175632
0.88319996995688,1.29096281175632
0.88319996995688,1.29096281175632
0.88319996995688,1.29096281175632
0.88319996995688,1.29096281175632
0.88319996995688,1.29096281175632
0.997767501787239,1.29096281175632
0.997767501787239,1.36992139503708
0.997767501787239,1.36992139503708
0.997767501787239,1.36992139503708
0.997767501787239,1.46914808308043
0.997767501787239,1.39781611508997
0.997767501787239,1.39781611508997
0.997767501787239,1.39781611508997
0.997767501787239,1.39781611508997
0.997767501787239,1.39781611508997
0.997767501787239,1.39781611508997
0.997767501787239,1.39781611508997
0.997767501787239,1.39781611508997
0.997767501787239,1.39781611508997
0.997767501787239,1.39781611508997
0.997767501787239,1.39781611508997
0.997767501787239,1.39781611508997
0.997767501787239,1.34073559320922
0.997767501787239,1.34073559320922
0.997767501787239,1.34073559320922
0.997767501787239,1.34073559320922
0.997767501787239,1.34073559320922
0.997767501787239,1.73490045612617
0.997767501787239,1.73490045612617
0.997767501787239,1.73490045612617
1.12235696196596,1.73490045612617
1.12235696196596,1.73490045612617
1.12235696196596,1.73490045612617
1.12235696196596,1.73490045612617
1.12235696196596,1.73490045612617
1.12235696196596,1.73490045612617
1.02756159417878,1.73490045612617
1.02756159417878,1.73490045612617
1.02756159417878,1.73490045612617
1.02756159417878,1.73490045612617
1.02756159417878,1.73490045612617
1.02756159417878,1.71062573395416
0.946341460143691,1.71062573395416
0.946341460143691,1.71062573395416
0.946341460143691,1.71062573395416
0.946341460143691,1.71062573395416
0.946341460143691,1.6804141018205
0.946341460143691,1.6804141018205
0.946341460143691,1.6804141018205
0.946341460143691,1.6804141018205
0.946341460143691,1.6804141018205
0.946341460143691,1.36883840252593
0.946341460143691,1.36883840252593
0.946341460143691,1.36883840252593
0.946341460143691,1.36883840252593
0.946341460143691,1.36883840252593
0.946341460143691,1.86545749069996
0.946341460143691,1.86545749069996
0.874222305767971,1.86545749069996
0.874222305767971,1.86545749069996
0.874222305767971,1.86545749069996
0.874222305767971,1.86545749069996
0.874222305767971,1.86545749069996
0.874222305767971,1.86545749069996
0.874222305767971,1.86545749069996
0.874222305767971,1.86545749069996
0.874222305767971,1.86545749069996
0.874222305767971,1.86545749069996
0.874222305767971,1.86545749069996
0.874222305767971,1.86545749069996
0.874222305767971,1.86545749069996
0.871933253720674,1.86545749069996
0.871933253720674,1.86545749069996
0.871933253720674,1.86545749069996
0.871933253720674,1.86545749069996
0.871933253720674,1.7403731242356
0.871933253720674,1.7403731242356
1.09358062693311,1.7403731242356
1.09358062693311,1.7403731242356
1.09358062693311,1.7403731242356
1.09358062693311,1.7403731242356
1.09358062693311,1.69415865740176
1.09358062693311,1.69415865740176
1.09358062693311,1.55167675749593
1.07249281643091,1.55167675749593
1.07249281643091,1.55167675749593
1.07249281643091,1.55167675749593
1.07249281643091,1.55167675749593
0.930858968059686,1.55167675749593
0.930858968059686,1.55167675749593
0.930858968059686,1.55167675749593
1.00254179302635,1.55167675749593
1.00254179302635,1.55167675749593
1.00254179302635,1.55167675749593
1.00254179302635,1.55167675749593
1.00254179302635,1.55167675749593
1.00254179302635,1.54649203726675
1.00254179302635,1.54649203726675
1.00254179302635,1.54649203726675
1.00254179302635,1.54649203726675
1.00254179302635,1.54649203726675
0.95221821003901,1.54649203726675
0.95221821003901,1.54649203726675
0.95221821003901,1.54649203726675
0.95221821003901,1.54649203726675
0.898449777745632,1.54649203726675
0.898449777745632,1.57515708027421
0.898449777745632,1.57515708027421
0.898449777745632,1.57515708027421
0.898449777745632,1.57515708027421
0.898449777745632,1.57515708027421
0.898449777745632,1.57515708027421
1.11525202111522,1.57515708027421
1.11525202111522,1.57515708027421
1.11525202111522,1.79898907110262
1.11525202111522,1.79898907110262
1.15628078687721,1.79898907110262
1.15628078687721,1.79898907110262
1.15628078687721,1.79898907110262
1.15628078687721,1.79898907110262
1.15628078687721,1.79898907110262
1.15628078687721,1.79898907110262
1.15628078687721,1.79898907110262
1.15628078687721,1.79898907110262
1.15628078687721,1.79898907110262
1.15628078687721,1.79898907110262
1.15628078687721,1.79898907110262
1.15628078687721,2.51035544329577
1.15628078687721,2.51035544329577
1.27243138412807,2.51035544329577
1.27243138412807,2.51035544329577
1.27243138412807,2.51035544329577
0.961066676263331,2.51035544329577
0.961066676263331,2.51035544329577
0.961066676263331,1.36643203328017
0.961066676263331,1.36643203328017
0.990184346274905,1.76602547752246
0.990184346274905,1.76602547752246
0.990184346274905,1.76602547752246
0.990184346274905,1.90542163357622
0.990184346274905,1.90542163357622
0.990184346274905,1.90542163357622
0.990184346274905,1.90542163357622
0.990184346274905,1.90542163357622
0.863323097612896,1.90542163357622
0.863323097612896,1.90542163357622
0.863323097612896,1.90542163357622
0.863323097612896,1.90542163357622
0.967289379910553,1.90542163357622
1.04439853918679,1.90542163357622
1.04439853918679,1.90542163357622
1.04439853918679,1.90542163357622
1.04439853918679,1.90542163357622
1.04439853918679,1.32294449253998
1.04439853918679,1.32294449253998
1.01709276968659,1.32294449253998
1.01709276968659,1.32294449253998
1.01709276968659,1.32294449253998
1.01709276968659,1.3602042970933
1.01709276968659,1.3602042970933
1.01709276968659,1.3602042970933
1.01709276968659,1.3602042970933
1.01709276968659,1.3602042970933
1.01709276968659,1.3602042970933
1.01709276968659,1.3602042970933
1.01709276968659,1.3602042970933
1.01709276968659,1.3602042970933
1.01709276968659,1.3602042970933
1.01709276968659,1.3602042970933
0.977445711603244,1.3602042970933
0.977445711603244,1.75323233901
0.977445711603244,1.75323233901
0.977445711603244,1.75323233901
1.07639867684166,1.75323233901
1.07639867684166,1.75323233901
1.07639867684166,1.82575435120462
1.07639867684166,1.82575435120462
1.07639867684166,1.82575435120462
1.07639867684166,1.54996274850222
1.07639867684166,1.54996274850222
1.07639867684166,1.54996274850222
1.07639867684166,1.54996274850222
1.07639867684166,1.54996274850222
1.07639867684166,1.52219231096434
1.07639867684166,1.9021857608928
1.07639867684166,1.9021857608928
1.07639867684166,1.9021857608928
1.07639867684166,1.9021857608928
1.07639867684166,1.9021857608928
1.07639867684166,1.9021857608928
1.07639867684166,1.9021857608928
1.07639867684166,1.9021857608928
1.07639867684166,1.9021857608928
1.07639867684166,1.9021857608928
1.07639867684166,1.9021857608928
1.07639867684166,1.9021857608928
1.07639867684166,1.9021857608928
1.07639867684166,1.9021857608928
1.07153318910625,1.9021857608928
1.07153318910625,1.9021857608928
1.07153318910625,1.9021857608928
1.07153318910625,1.9021857608928
1.07153318910625,1.9021857608928
1.07153318910625,1.9021857608928
1.07153318910625,1.9021857608928
1.07153318910625,1.70167515011856
1.07153318910625,1.70167515011856
1.07153318910625,1.70167515011856
1.07153318910625,1.70167515011856
1.07153318910625,1.70167515011856
1.07153318910625,1.70167515011856
1.07153318910625,1.63344000920355
1.07153318910625,1.63344000920355
1.07153318910625,1.63344000920355
1.07153318910625,1.63344000920355
1.04585986049767,1.63344000920355
1.04585986049767,1.63344000920355
1.04585986049767,1.63344000920355
1.04585986049767,1.66844711570823
1.04585986049767,1.71945018567776
1.04585986049767,1.71945018567776
1.04585986049767,1.71945018567776
0.888800961647437,1.71945018567776
0.897690737590193,1.71945018567776
0.897690737590193,1.71945018567776
0.897690737590193,1.71945018567776
0.897690737590193,1.71945018567776
0.897690737590193,1.71945018567776
0.897690737590193,1.71945018567776
0.897690737590193,1.71945018567776
0.897690737590193,1.71945018567776
0.897690737590193,1.71945018567776
0.897690737590193,1.71945018567776
0.891890786629802,1.71945018567776
0.891890786629802,1.71945018567776
0.891890786629802,1.71945018567776
0.891890786629802,1.71945018567776
0.891890786629802,1.71945018567776
0.891890786629802,1.71945018567776
0.991950005293419,1.71945018567776
0.991950005293419,1.71945018567776
0.991950005293419,1.81402548701919
1.09766814841733,1.81402548701919
1.09766814841733,1.81402548701919
1.09766814841733,1.81402548701919
1.09766814841733,1.81402548701919
1.09766814841733,1.81402548701919
1.09766814841733,1.81402548701919
1.02316007847873,1.81402548701919
1.02316007847873,1.81402548701919
1.02316007847873,1.81402548701919
1.02316007847873,1.81402548701919
1.02316007847873,1.81402548701919
1.02316007847873,1.81402548701919
1.02316007847873,1.74278993525791
1.02316007847873,1.74278993525791
1.02316007847873,1.74278993525791
1.02316007847873,1.74278993525791
1.02316007847873,1.74278993525791
1.02316007847873,1.74278993525791
1.02316007847873,1.68728797140032
1.02316007847873,1.68728797140032
1.02316007847873,1.7190443122677
1.02316007847873,1.7190443122677
1.02316007847873,1.7190443122677
1.02316007847873,1.7190443122677
1.02316007847873,1.77742934053408
1.02316007847873,1.77742934053408
1.02316007847873,1.77742934053408
1.02316007847873,1.62644974988822
1.02316007847873,1.68072877782219
0.947444898156605,1.68072877782219
0.947444898156605,1.68072877782219
0.947444898156605,1.68072877782219
0.947444898156605,1.68072877782219
0.947444898156605,1.68072877782219
0.947444898156605,1.68072877782219
0.947444898156605,1.68072877782219
0.947444898156605,1.68072877782219
1.12363557100973,1.68072877782219
1.12363557100973,1.68072877782219
1.12363557100973,1.68072877782219
1.12363557100973,1.68072877782219
1.12363557100973,1.68072877782219
1.12363557100973,1.68072877782219
1.12363557100973,1.68072877782219
1.12363557100973,1.68072877782219
0.89883049632135,1.68072877782219
0.89883049632135,1.68072877782219
0.89883049632135,1.68072877782219
0.89883049632135,1.68072877782219
0.89883049632135,1.68072877782219
0.89883049632135,1.68072877782219
0.89883049632135,1.68072877782219
0.89883049632135,1.68072877782219
0.89883049632135,1.68072877782219
0.89883049632135,1.68072877782219
0.89883049632135,1.68072877782219
0.89883049632135,1.68072877782219
0.89883049632135,1.68072877782219
0.89883049632135,1.68072877782219
0.89883049632135,1.68072877782219
0.89883049632135,1.68072877782219
0.89883049632135,1.68072877782219
0.89883049632135,1.68072877782219
1.05414731139397,1.68072877782219
1.05414731139397,1.68072877782219
0.972834235863005,1.68072877782219
0.972834235863005,1.68072877782219
0.972834235863005,1.68072877782219
0.972834235863005,1.68072877782219
0.972834235863005,1.68072877782219
0.972834235863005,1.68072877782219
0.972834235863005,1.71269217359776
0.972834235863005,1.71269217359776
0.972834235863005,1.71269217359776
0.972834235863005,1.71269217359776
0.972834235863005,1.71269217359776
0.972834235863005,1.71269217359776
0.972834235863005,1.71269217359776
0.972834235863005,1.71269217359776
0.972834235863005,1.71269217359776
0.972834235863005,1.71269217359776
0.972834235863005,1.71269217359776
0.972834235863005,1.71269217359776
0.972834235863005,1.71269217359776
0.972834235863005,1.71269217359776
0.972834235863005,1.71269217359776
0.972834235863005,1.71269217359776
0.972834235863005,1.71269217359776
0.972834235863005,1.71269217359776
0.972834235863005,1.71269217359776
0.972834235863005,1.71269217359776
0.972834235863005,1.71269217359776
0.972834235863005,1.71269217359776
0.972834235863005,1.71269217359776
0.972834235863005,1.71269217359776
0.972834235863005,1.71269217359776
0.972834235863005,1.71269217359776
0.972834235863005,1.71269217359776
0.972834235863005,1.71269217359776
0.972834235863005,1.71269217359776
0.881823797503178,1.71269217359776
0.881823797503178,1.52366942883163
0.881823797503178,1.52366942883163
1.19851575647717,1.52366942883163
1.19851575647717,1.52352892628887
1.19851575647717,1.52352892628887
1.19851575647717,1.44207662596326
1.19851575647717,1.44207662596326
1.19851575647717,1.44207662596326
1.19851575647717,1.44207662596326
1.19851575647717,1.44207662596326
1.19851575647717,1.44207662596326
1.19851575647717,1.44207662596326
1.19851575647717,1.44207662596326
1.19851575647717,1.44207662596326
1.19851575647717,1.44207662596326
1.19851575647717,1.7055740188711
1.19851575647717,1.72074619905614
1.19851575647717,1.64233588984898
1.19851575647717,1.64233588984898
1.19851575647717,1.64233588984898
1.13978993385297,1.63763206923095
1.13978993385297,1.63763206923095
1.13978993385297,1.39740234953254
1.13978993385297,1.39740234953254
1.13978993385297,1.39740234953254
1.13978993385297,1.39740234953254
1.13978993385297,1.39740234953254
1.13978993385297,1.39740234953254
1.13978993385297,1.39740234953254
1.13978993385297,1.39740234953254
1.13978993385297,1.39740234953254
1.13978993385297,1.39740234953254
1.13978993385297,1.33899515081373
1.13978993385297,1.33899515081373
1.13978993385297,1.33899515081373
1.13978993385297,1.33899515081373
1.13978993385297,1.33899515081373
1.13978993385297,1.33899515081373
1.13978993385297,1.47456007156308
1.13978993385297,1.47456007156308
1.13978993385297,1.49731457948139
1.13978993385297,1.54000772563849
1.13978993385297,1.54000772563849
1.13978993385297,1.54000772563849
1.13978993385297,1.54000772563849
1.13978993385297,1.54000772563849
1.13978993385297,1.54000772563849
1.13978993385297,1.54000772563849
1.13978993385297,1.54000772563849
1.13978993385297,1.54000772563849
1.13978993385297,1.44881781966821
1.13978993385297,1.44881781966821
1.10635348982374,1.44881781966821
1.10635348982374,1.56853922150892
1.15396991421356,1.56853922150892
1.15396991421356,1.56853922150892
0.977718846599794,1.59182274415397
0.977718846599794,1.59182274415397
0.977718846599794,1.59182274415397
0.977718846599794,1.48009203080476
0.977718846599794,1.48009203080476
0.977718846599794,1.48009203080476
0.977718846599794,1.37469430334924
0.894419771531087,1.37469430334924
0.894419771531087,1.37469430334924
0.894419771531087,1.37469430334924
0.894419771531087,1.37469430334924
0.894419771531087,1.37469430334924
0.894419771531087,1.37469430334924
0.894419771531087,1.37469430334924
0.894419771531087,1.37469430334924
0.894419771531087,1.37469430334924
0.894419771531087,1.37469430334924
0.894419771531087,1.37469430334924
0.894419771531087,1.37469430334924
0.894419771531087,1.72656149243455
0.894419771531087,1.64190594602709
0.894419771531087,1.64190594602709
0.894419771531087,1.64190594602709
0.894419771531087,1.64190594602709
0.894419771531087,1.64190594602709
0.894419771531087,1.64190594602709
0.894419771531087,1.64190594602709
0.894419771531087,1.64190594602709
0.894419771531087,1.64190594602709
0.894419771531087,1.57268082126562
0.894419771531087,1.57268082126562
0.894419771531087,1.57268082126562
0.894419771531087,1.57268082126562
0.894419771531087,1.57268082126562
0.894419771531087,1.57268082126562
0.894419771531087,1.57268082126562
0.894419771531087,1.57268082126562
0.894419771531087,1.66745357066605
0.894419771531087,1.66745357066605
0.894419771531087,1.66745357066605
0.989433970612568,1.66745357066605
0.989433970612568,1.66745357066605
0.989433970612568,1.66745357066605
0.989433970612568,1.66745357066605
1.02590218925225,1.66745357066605
1.02590218925225,1.66745357066605
1.02590218925225,1.66745357066605
1.02590218925225,1.66745357066605
1.02590218925225,1.66745357066605
1.02590218925225,1.66745357066605
1.02590218925225,1.66745357066605
1.02590218925225,1.66745357066605
1.02590218925225,1.66745357066605
1.02590218925225,1.66745357066605
1.02590218925225,1.71431659446706
1.02590218925225,1.67594931129528
1.02590218925225,1.67594931129528
1.02590218925225,1.6575775686227
1.02590218925225,1.6575775686227
1.02590218925225,1.6575775686227
1.02590218925225,1.6575775686227
1.02590218925225,1.6575775686227
1.02590218925225,1.6575775686227
1.02590218925225,1.6575775686227
1.02590218925225,1.6575775686227
1.02590218925225,1.6575775686227
1.02590218925225,1.6575775686227
1.02590218925225,1.6575775686227
1.18822896082775,1.37432249588283
1.14932292596672,1.37432249588283
1.14932292596672,1.37432249588283
1.14932292596672,1.37432249588283
1.14932292596672,1.37432249588283
1.14932292596672,1.37432249588283
1.14932292596672,1.37432249588283
1.14932292596672,1.37432249588283
0.873788219896358,1.37432249588283
0.873788219896358,1.37432249588283
1.19096725777561,1.37432249588283
1.19096725777561,1.37432249588283
1.19096725777561,1.37432249588283
1.19096725777561,1.37432249588283
1.19096725777561,1.37432249588283
1.19096725777561,1.37432249588283
0.866915386567043,1.37432249588283
0.999413478418385,1.37432249588283
0.999413478418385,1.37432249588283
0.999413478418385,1.37432249588283
0.999413478418385,1.36670396714113
0.999413478418385,1.36670396714113
0.999413478418385,1.36670396714113
0.999413478418385,1.36670396714113
0.999413478418385,1.36670396714113
0.999413478418385,1.36670396714113
0.999413478418385,1.36670396714113
0.948361338756995,1.36670396714113
1.02315633863772,1.36670396714113
1.02315633863772,1.36670396714113
1.02315633863772,1.36670396714113
1.02315633863772,1.36670396714113
1.02315633863772,1.36670396714113
1.02315633863772,1.58768464517311
1.02315633863772,1.58768464517311
1.02315633863772,1.58768464517311
1.02315633863772,1.58768464517311
1.02315633863772,1.58768464517311
1.02315633863772,1.58768464517311
1.02315633863772,1.58768464517311
0.984544574089694,1.58768464517311
0.984544574089694,1.58768464517311
0.984544574089694,1.58768464517311
0.984544574089694,1.58768464517311
0.984544574089694,1.58768464517311
0.984544574089694,1.58768464517311
0.974450455244753,1.58768464517311
0.974450455244753,1.58768464517311
0.974450455244753,1.58768464517311
0.974450455244753,1.58768464517311
0.974450455244753,1.58768464517311
0.974450455244753,1.58768464517311
0.974450455244753,1.58768464517311
0.974450455244753,1.58768464517311
1.03741927360295,1.58768464517311
1.03741927360295,1.58768464517311
1.03741927360295,1.58768464517311
1.03741927360295,1.58768464517311
1.03741927360295,1.58768464517311
1.03741927360295,1.69073195791152
1.03741927360295,1.69073195791152
1.03741927360295,1.69073195791152
1.03741927360295,1.69073195791152
1.03741927360295,1.69073195791152
1.03741927360295,1.69073195791152
1.03741927360295,1.69073195791152
1.03741927360295,1.69073195791152
1.03741927360295,1.17410369711954
1.03741927360295,1.17410369711954
1.03741927360295,1.17410369711954
1.03741927360295,1.17410369711954
1.03741927360295,1.17410369711954
1.03741927360295,1.17410369711954
1.03741927360295,1.17410369711954
1.03741927360295,1.55953953855756
1.03741927360295,1.55953953855756
1.03741927360295,1.55953953855756
1.03741927360295,1.55953953855756
1.03741927360295,1.55953953855756
1.03741927360295,1.55953953855756
1.03741927360295,1.55953953855756
1.03741927360295,1.55953953855756
1.03741927360295,1.55953953855756
1.03741927360295,1.55953953855756
1.04291235918316,1.55953953855756
1.04291235918316,1.55953953855756
1.04291235918316,1.55953953855756
1.04291235918316,1.55953953855756
1.04291235918316,1.55953953855756
1.04291235918316,1.61996641529949
1.04291235918316,1.61996641529949
1.04291235918316,1.61996641529949
1.04291235918316,1.61996641529949
1.04291235918316,1.61996641529949
1.04291235918316,1.61996641529949
1.04291235918316,1.61996641529949
1.04291235918316,1.61996641529949
1.04291235918316,1.61996641529949
1.04291235918316,1.39087156974966
1.04291235918316,1.39087156974966
1.04291235918316,1.39087156974966
1.04291235918316,1.39087156974966
1.04291235918316,1.39087156974966
1.04291235918316,1.39087156974966
1.04291235918316,1.39087156974966
1.04291235918316,1.39087156974966
1.04291235918316,1.39087156974966
1.04291235918316,1.39087156974966
1.10172588739922,1.39087156974966
1.10172588739922,1.39087156974966
1.10172588739922,1.39087156974966
1.10172588739922,1.39087156974966
1.10172588739922,1.39087156974966
1.10172588739922,1.39087156974966
1.10172588739922,1.39087156974966
1.10172588739922,1.39087156974966
0.905662340312366,1.39087156974966
0.905662340312366,1.39087156974966
0.905662340312366,1.39087156974966
0.905662340312366,1.39087156974966
0.905662340312366,1.39087156974966
0.905662340312366,1.39087156974966
0.905662340312366,1.39087156974966
0.905662340312366,1.39087156974966
0.905662340312366,1.39087156974966
0.905662340312366,1.39087156974966
0.905662340312366,1.39087156974966
0.905662340312366,1.68750713623792
0.905662340312366,1.68750713623792
0.905662340312366,1.68750713623792
0.905662340312366,1.68750713623792
0.905662340312366,1.68750713623792
0.905662340312366,1.68750713623792
0.905662340312366,2.04971589790689
0.905662340312366,2.04971589790689
0.905662340312366,2.04971589790689
0.905662340312366,2.04971589790689
0.905662340312366,2.04971589790689
0.905662340312366,2.04971589790689
0.905662340312366,2.04971589790689
1.1367164744472,2.04971589790689
0.90183463553013,2.04971589790689
0.90183463553013,2.04971589790689
0.90183463553013,2.04971589790689
0.90183463553013,2.04971589790689
0.90183463553013,1.75594683210203
0.90183463553013,1.86206565139285
0.90183463553013,1.65672380640761
0.90183463553013,1.81641095653587
0.90183463553013,1.81641095653587
0.90183463553013,1.81641095653587
1.05782917304404,1.81641095653587
1.05782917304404,1.81641095653587
1.05782917304404,1.81641095653587
1.05782917304404,1.81641095653587
1.05782917304404,1.81641095653587
1.05782917304404,1.81641095653587
1.05782917304404,1.81641095653587
1.05782917304404,1.81641095653587
1.05782917304404,1.81641095653587
1.05782917304404,1.81641095653587
1.05782917304404,1.72970209813633
1.05782917304404,1.72970209813633
1.04163015953382,1.72970209813633
1.04163015953382,1.74174422261969
1.04163015953382,1.74174422261969
1.04163015953382,1.74174422261969
1.04163015953382,1.74174422261969
0.992482034543423,1.74174422261969
0.992482034543423,1.74174422261969
0.992482034543423,1.74174422261969
0.992482034543423,2.2095195773355
0.992482034543423,2.2095195773355
0.992482034543423,2.2095195773355
0.992482034543423,2.2095195773355
0.992482034543423,2.2095195773355
0.992482034543423,2.2095195773355
0.992482034543423,2.2095195773355
0.992482034543423,2.2095195773355
0.992482034543423,2.2095195773355
0.992482034543423,1.1298005090776
0.992482034543423,1.1298005090776
0.992482034543423,1.1298005090776
0.992482034543423,1.1298005090776
0.992482034543423,1.1298005090776
0.992482034543423,1.1298005090776
0.992482034543423,1.4168243687621
0.967459502548089,1.4168243687621
0.967459502548089,1.4168243687621
0.967459502548089,1.4168243687621
0.967459502548089,1.4168243687621
0.917138595077383,1.16287944195716
0.917138595077383,1.16287944195716
0.917138595077383,1.16287944195716
0.917138595077383,1.16287944195716
0.917138595077383,1.16287944195716
0.917138595077383,1.16287944195716
0.917138595077383,1.16287944195716
0.911415652411541,1.16287944195716
0.911415652411541,1.16287944195716
0.911415652411541,1.16287944195716
0.911415652411541,1.16287944195716
0.911415652411541,1.16287944195716
0.911415652411541,1.16287944195716
0.911415652411541,1.16287944195716
0.911415652411541,1.16287944195716
0.911415652411541,1.16287944195716
0.911415652411541,1.39553408202951
0.911415652411541,1.39553408202951
0.911415652411541,1.39553408202951
0.911415652411541,1.39553408202951
0.988351252717746,1.39553408202951
0.988351252717746,1.39553408202951
0.988351252717746,1.39553408202951
0.903584083869785,1.39553408202951
0.903584083869785,1.39553408202951
0.903584083869785,1.39553408202951
0.903584083869785,1.69692767433808
0.903584083869785,1.40073746175253
0.903584083869785,1.40073746175253
0.903584083869785,1.40073746175253
0.903584083869785,1.40073746175253
0.903584083869785,1.40073746175253
0.903584083869785,1.40073746175253
0.903584083869785,1.40073746175253
0.995232052227113,1.40073746175253
0.995232052227113,1.40073746175253
0.995232052227113,1.46256923666026
0.995232052227113,1.46256923666026
0.995232052227113,1.46256923666026
0.995232052227113,1.46256923666026
0.995232052227113,1.46256923666026
0.995232052227113,1.46256923666026
0.995232052227113,1.46256923666026
0.995232052227113,1.46256923666026
0.995232052227113,1.46256923666026
0.995232052227113,1.46256923666026
0.960772662025872,1.46256923666026
0.960772662025872,1.46256923666026
0.960772662025872,1.46256923666026
0.960772662025872,1.46256923666026
0.960772662025872,1.3204052823929
0.960772662025872,1.3204052823929
0.960772662025872,1.3204052823929
0.960772662025872,1.3204052823929
0.960772662025872,1.3204052823929
0.960772662025872,1.3204052823929
0.960772662025872,1.3204052823929
0.960772662025872,1.3204052823929
0.960772662025872,1.3204052823929
0.960772662025872,1.3204052823929
0.960772662025872,1.3204052823929
0.960772662025872,1.3204052823929
0.960772662025872,1.3204052823929
0.960772662025872,1.3204052823929
0.960772662025872,1.3204052823929
0.960772662025872,1.3204052823929
0.960772662025872,1.36066735889174
0.960772662025872,1.36066735889174
0.827284176830976,1.36066735889174
0.827284176830976,1.36066735889174
0.827284176830976,1.36066735889174
0.827284176830976,1.36066735889174
0.827284176830976,1.36066735889174
0.827284176830976,1.36066735889174
0.827284176830976,1.36066735889174
0.827284176830976,1.36066735889174
0.827284176830976,1.36066735889174
0.827284176830976,1.36066735889174
0.827284176830976,1.36066735889174
0.827284176830976,1.36066735889174
0.827284176830976,1.36066735889174
0.827284176830976,1.48824134422592
0.827284176830976,1.48824134422592
0.827284176830976,1.48824134422592
0.827284176830976,1.48824134422592
0.827284176830976,1.48824134422592
0.827284176830976,1.48824134422592
0.827284176830976,1.48824134422592
0.917668549990858,1.48824134422592
0.917668549990858,1.48824134422592
0.917668549990858,1.48824134422592
1.16001757761471,1.48824134422592
1.16001757761471,1.48824134422592
1.16001757761471,1.48824134422592
1.16001757761471,1.48824134422592
1.16001757761471,1.48824134422592
1.16001757761471,1.61457588962437
1.16001757761471,1.61457588962437
1.16001757761471,1.61457588962437
1.16001757761471,1.61457588962437
1.16001757761471,1.61457588962437
1.16001757761471,1.61457588962437
1.16001757761471,1.61457588962437
1.16001757761471,1.58364184231342
1.16001757761471,1.58364184231342
1.16001757761471,1.58364184231342
1.16001757761471,1.58364184231342
1.16001757761471,1.58364184231342
1.16001757761471,1.58364184231342
1.16001757761471,1.58364184231342
1.16001757761471,1.58364184231342
1.16001757761471,1.58364184231342
1.16001757761471,1.58364184231342
1.16001757761471,1.58364184231342
1.16001757761471,1.58364184231342
1.16001757761471,1.58364184231342
1.16001757761471,1.58364184231342
1.11582200426642,1.58364184231342
1.11582200426642,1.58364184231342
1.11582200426642,1.58364184231342
1.11582200426642,1.58364184231342
1.11582200426642,1.58364184231342
0.882892574616544,1.58364184231342
0.882892574616544,1.70131942137548
0.851839989482969,1.70131942137548
0.851839989482969,1.70131942137548
0.851839989482969,1.91594280552029
0.851839989482969,1.91594280552029
0.851839989482969,1.91594280552029
0.851839989482969,1.91594280552029
0.851839989482969,1.91594280552029
0.851839989482969,1.91594280552029
0.851839989482969,1.91594280552029
0.851839989482969,1.91594280552029
0.851839989482969,1.91594280552029
0.851839989482969,1.91594280552029
0.851839989482969,1.91594280552029
0.851839989482969,1.91594280552029
0.851839989482969,1.91594280552029
0.851839989482969,1.91594280552029
0.851839989482969,1.91594280552029
0.851839989482969,1.91594280552029
0.851839989482969,1.91594280552029
0.851839989482969,1.91594280552029
0.851839989482969,1.91594280552029
1.11177416448847,1.20311487022971
1.11177416448847,1.20311487022971
1.11177416448847,1.20311487022971
1.11177416448847,1.20311487022971
1.11177416448847,1.20311487022971
0.988197616293459,1.20311487022971
0.988197616293459,1.20311487022971
0.988197616293459,1.20311487022971
0.988197616293459,1.20311487022971
0.988197616293459,1.20311487022971
0.988197616293459,1.20311487022971
0.988197616293459,1.20311487022971
0.988197616293459,1.20311487022971
0.988197616293459,1.20311487022971
0.988197616293459,1.20311487022971
0.988197616293459,1.74603222031245
0.988197616293459,1.34121503667493
0.988197616293459,1.34121503667493
0.988197616293459,1.34121503667493
0.988197616293459,1.34121503667493
0.988197616293459,1.34121503667493
0.988197616293459,1.34121503667493
0.988197616293459,1.34121503667493
0.988197616293459,1.34121503667493
0.988197616293459,1.34121503667493
0.946623126030909,1.34121503667493
0.946623126030909,1.49969941022011
0.946623126030909,1.49969941022011
0.946623126030909,1.49969941022011
0.946623126030909,1.48825522527929
0.946623126030909,1.48825522527929
0.946623126030909,1.48825522527929
0.946623126030909,1.48825522527929
0.946623126030909,1.48825522527929
0.946623126030909,1.48825522527929
0.946623126030909,1.48825522527929
0.905796580826416,1.48825522527929
0.905796580826416,1.48825522527929
0.905796580826416,1.48825522527929
0.905796580826416,1.48825522527929
0.905796580826416,1.48825522527929
0.905796580826416,1.48825522527929
0.905796580826416,1.48825522527929
0.905796580826416,1.48825522527929
0.905796580826416,1.48825522527929
0.905796580826416,1.48825522527929
0.945761507361709,1.48825522527929
0.945761507361709,1.48825522527929
0.945761507361709,1.48825522527929
0.945761507361709,1.53783833860432
0.945761507361709,1.53783833860432
0.945761507361709,1.53783833860432
0.945761507361709,1.53783833860432
0.945761507361709,1.45175677941067
0.945761507361709,1.45175677941067
0.945761507361709,1.45175677941067
0.945761507361709,1.45175677941067
0.945761507361709,1.84149074904918
0.945761507361709,1.84149074904918
0.945761507361709,1.84149074904918
0.945761507361709,1.22170829254876
0.945761507361709,1.22170829254876
0.945761507361709,1.22170829254876
0.876416742338462,1.22170829254876
0.876416742338462,1.22170829254876
0.876416742338462,1.22170829254876
0.876416742338462,1.22170829254876
0.876416742338462,1.22170829254876
0.876416742338462,1.22170829254876
1.03615685614496,1.22170829254876
1.03615685614496,1.22170829254876
1.03615685614496,1.22170829254876
1.03615685614496,1.22170829254876
1.03615685614496,1.22170829254876
1.03615685614496,1.22170829254876
1.03615685614496,1.22170829254876
1.03615685614496,1.22170829254876
1.03615685614496,1.22170829254876
1.03615685614496,1.22170829254876
1.03615685614496,1.47014161145939
1.03615685614496,1.47014161145939
1.03615685614496,1.27157530377639
1.03615685614496,1.27157530377639
1.03615685614496,1.27157530377639
1.03615685614496,1.27157530377639
1.03615685614496,1.29631686956476
1.03615685614496,1.29631686956476
1.04681924080824,1.29631686956476
1.04681924080824,1.29631686956476
1.04681924080824,1.59438881657217
1.04681924080824,1.59438881657217
1.04681924080824,1.59438881657217
1.04681924080824,1.59438881657217
1.04681924080824,1.62924178737785
1.04681924080824,1.70981437212052
1.04681924080824,1.70981437212052
1.04681924080824,1.62246288847644
0.877238252247948,1.62246288847644
0.877238252247948,1.62246288847644
0.877238252247948,1.62246288847644
0.877238252247948,1.62246288847644
0.858967109562901,1.62246288847644
0.858967109562901,1.62246288847644
0.858967109562901,1.62246288847644
1.06387101881529,1.62246288847644
1.06387101881529,1.62246288847644
1.06387101881529,1.62246288847644
1.06387101881529,1.62246288847644
1.06387101881529,1.62246288847644
1.06387101881529,1.62246288847644
1.06387101881529,1.62246288847644
1.06387101881529,1.62246288847644
1.12713807233629,1.62246288847644
1.12713807233629,1.62246288847644
1.12713807233629,1.62246288847644
1.12713807233629,1.62246288847644
1.12713807233629,1.62246288847644
1.11854086572216,1.62246288847644
1.11854086572216,1.62246288847644
1.11854086572216,1.62246288847644
1.11854086572216,1.62246288847644
1.11854086572216,1.62246288847644
1.11854086572216,1.62246288847644
1.11854086572216,1.62246288847644
1.11854086572216,1.62246288847644
1.11854086572216,1.62246288847644
1.11854086572216,1.62246288847644
1.11854086572216,1.62246288847644
1.11854086572216,1.62246288847644
1.11854086572216,1.62246288847644
1.11854086572216,1.4701203588799
1.11854086572216,1.4701203588799
1.11854086572216,1.4701203588799
1.11854086572216,1.4701203588799
1.11854086572216,1.4701203588799
1.11854086572216,1.4701203588799
0.799720803882983,1.4701203588799
0.799720803882983,1.4701203588799
0.799720803882983,1.4701203588799
0.799720803882983,1.4701203588799
0.799720803882983,1.4701203588799
0.799720803882983,1.4701203588799
0.965828181152883,1.4701203588799
0.965828181152883,1.4701203588799
0.879534146711386,1.4701203588799
0.912869062990246,1.4701203588799
0.912869062990246,1.4701203588799
0.912869062990246,1.4701203588799
0.912869062990246,1.4701203588799
0.912869062990246,1.4701203588799
0.912869062990246,1.4701203588799
0.912869062990246,1.4701203588799
0.912869062990246,1.4701203588799
0.912869062990246,1.4701203588799
0.912869062990246,1.4701203588799
0.912869062990246,1.4701203588799
0.912869062990246,1.4701203588799
0.912869062990246,1.4701203588799
0.912869062990246,1.4701203588799
0.912869062990246,1.4701203588799
0.912869062990246,1.4701203588799
0.912869062990246,1.4701203588799
0.912869062990246,1.4701203588799
0.912869062990246,1.4701203588799
0.912869062990246,1.4701203588799
0.912869062990246,1.4701203588799
0.912869062990246,1.4701203588799
0.912869062990246,1.4701203588799
0.912869062990246,1.4701203588799
0.912869062990246,1.4701203588799
0.944235907836294,1.43991115521597
1.075707635872,1.43991115521597
1.075707635872,1.43991115521597
1.075707635872,1.43991115521597
1.075707635872,1.43991115521597
1.075707635872,1.43991115521597
1.075707635872,1.43991115521597
0.889768745442011,1.43991115521597
0.889768745442011,1.43991115521597
0.889768745442011,1.43991115521597
0.889768745442011,1.43991115521597
0.889768745442011,1.43991115521597
0.889768745442011,1.47498033503227
0.889768745442011,1.29658079702763
0.974248272937193,1.29658079702763
0.974248272937193,1.29658079702763
0.974248272937193,1.29658079702763
0.974248272937193,1.29658079702763
0.974248272937193,1.25692538680938
0.974248272937193,1.25692538680938
0.974248272937193,1.25692538680938
0.974248272937193,1.25692538680938
0.974248272937193,1.25692538680938
0.974248272937193,1.25692538680938
0.974248272937193,1.25692538680938
1.07074014982571,1.25692538680938
1.07074014982571,1.25692538680938
1.07074014982571,1.53460614681473
1.07074014982571,1.53460614681473
1.07074014982571,1.53460614681473
1.07074014982571,1.53460614681473
1.07074014982571,1.53460614681473
1.07074014982571,1.71575869241941
1.07074014982571,1.71575869241941
1.07074014982571,1.71575869241941
1.07074014982571,1.71762061276903
1.07074014982571,1.71762061276903
0.964433332077173,1.32427555552579
0.964433332077173,1.32427555552579
0.964433332077173,1.32427555552579
0.759954757745867,1.32427555552579
0.759954757745867,1.32427555552579
0.759954757745867,1.32427555552579
0.852752317075394,1.34887143029475
0.852752317075394,1.34887143029475
0.852752317075394,1.34887143029475
0.852752317075394,1.34887143029475
0.881054250337824,1.34887143029475
0.881054250337824,1.34887143029475
0.881054250337824,1.34887143029475
0.881054250337824,1.34887143029475
0.881054250337824,1.34887143029475
1.0485810462241,1.34887143029475
1.0485810462241,1.34887143029475
0.828742042135595,1.34887143029475
1.00454265469863,1.34887143029475
1.00454265469863,1.34887143029475
1.00454265469863,1.34887143029475
1.00454265469863,1.34887143029475
1.00454265469863,1.32061200464839
1.00454265469863,1.32061200464839
1.00454265469863,1.32061200464839
0.924814405058045,1.32061200464839
0.924814405058045,1.32061200464839
0.924814405058045,1.41991768327479
0.924814405058045,1.41991768327479
0.924814405058045,1.41991768327479
0.924814405058045,1.41991768327479
0.924814405058045,1.41991768327479
0.924814405058045,1.41991768327479
0.924814405058045,1.41991768327479
0.924814405058045,1.41991768327479
0.924814405058045,1.41991768327479
0.924814405058045,1.52159323680877
0.924814405058045,1.52159323680877
0.924814405058045,1.52159323680877
0.924814405058045,1.52159323680877
0.924814405058045,1.52159323680877
0.912461798188457,1.52159323680877
0.912461798188457,1.52159323680877
0.912461798188457,1.52159323680877
0.912461798188457,1.52159323680877
0.912461798188457,1.52159323680877
0.912461798188457,1.52159323680877
0.912461798188457,1.52159323680877
0.912461798188457,1.52159323680877
0.912461798188457,1.52159323680877
0.912461798188457,1.52159323680877
0.912461798188457,1.52159323680877
0.912461798188457,1.52159323680877
0.849542150563292,1.52159323680877
0.849542150563292,1.52159323680877
0.904862156861704,1.52159323680877
0.904862156861704,1.52159323680877
0.898520330592789,1.52159323680877
0.898520330592789,1.52159323680877
0.898520330592789,1.52159323680877
0.898520330592789,1.52159323680877
0.898520330592789,1.52159323680877
0.898520330592789,1.52159323680877
0.991138990975465,1.52159323680877
0.991138990975465,1.52159323680877
1.00718006135716,1.52159323680877
1.00718006135716,1.52159323680877
1.00718006135716,1.52159323680877
1.00718006135716,1.52159323680877
1.00718006135716,1.3496426636676
1.00718006135716,1.3496426636676
1.00718006135716,1.21592311408635
1.00718006135716,1.21592311408635
1.00718006135716,1.21592311408635
1.00718006135716,1.21592311408635
1.00718006135716,1.21592311408635
1.00718006135716,1.56556843753673
1.00718006135716,1.56425453865035
1.00718006135716,1.56425453865035
1.00718006135716,1.56425453865035
1.00718006135716,1.56425453865035
1.00718006135716,1.56425453865035
1.00718006135716,1.56425453865035
1.00718006135716,1.56425453865035
0.910172765309737,1.56425453865035
0.910172765309737,1.56425453865035
0.910172765309737,1.56425453865035
0.910172765309737,1.56425453865035
0.910172765309737,1.56425453865035
0.910172765309737,1.56425453865035
0.910172765309737,1.56425453865035
0.984436712069761,1.56425453865035
0.984436712069761,1.56425453865035
0.984436712069761,1.39645907912422
0.984436712069761,1.39645907912422
0.984436712069761,1.39645907912422
0.984436712069761,1.39645907912422
0.984436712069761,1.39645907912422
0.984436712069761,1.50821452907344
0.984436712069761,1.50821452907344
0.984436712069761,1.50821452907344
0.984436712069761,1.50821452907344
0.984436712069761,1.50821452907344
0.984436712069761,1.50821452907344
0.984436712069761,1.21370391147708
0.984436712069761,1.21370391147708
0.984436712069761,1.35785547581679
0.984436712069761,1.35785547581679
0.984436712069761,1.35785547581679
1.07004671815837,1.35785547581679
1.07004671815837,1.35785547581679
1.07004671815837,1.35785547581679
1.07004671815837,1.35785547581679
0.992001157656803,1.35785547581679
0.992001157656803,1.35785547581679
0.992001157656803,1.35785547581679
0.992001157656803,1.35785547581679
0.992001157656803,1.35785547581679
0.992001157656803,1.35785547581679
0.992001157656803,1.35785547581679
0.992001157656803,1.35785547581679
0.992001157656803,1.44382543788091
0.992001157656803,1.44382543788091
0.992001157656803,1.44382543788091
0.992001157656803,1.44382543788091
0.992001157656803,1.44382543788091
0.96175239746621,1.30635174818166
0.96175239746621,1.61879635062089
0.96175239746621,1.61879635062089
0.96175239746621,1.61879635062089
0.96175239746621,1.60389578517591
0.96175239746621,1.60389578517591
0.96175239746621,1.60389578517591
0.96175239746621,1.60389578517591
0.96175239746621,1.60389578517591
0.96175239746621,1.54351455819904
1.09828640126366,1.52444524698666
1.09828640126366,1.52444524698666
1.09828640126366,1.52444524698666
1.09828640126366,1.52444524698666
1.09828640126366,1.52444524698666
1.09828640126366,1.52444524698666
1.09828640126366,1.52444524698666
1.0559923724295,1.52444524698666
1.0559923724295,1.52444524698666
0.832647961296431,1.52444524698666
0.832647961296431,1.52444524698666
0.832647961296431,1.52444524698666
0.832647961296431,1.52444524698666
0.832647961296431,1.52444524698666
0.832647961296431,1.33857574867287
0.832647961296431,1.33857574867287
0.832647961296431,1.33857574867287
0.832647961296431,1.33857574867287
0.832647961296431,1.33857574867287
0.832647961296431,1.33857574867287
0.832647961296431,1.33857574867287
0.832647961296431,1.33857574867287
0.832647961296431,1.44300795271274
0.832647961296431,1.44300795271274
0.832647961296431,1.44300795271274
0.832647961296431,1.44300795271274
0.911582204911076,1.44300795271274
0.911582204911076,1.44300795271274
0.911582204911076,1.44300795271274
0.911582204911076,1.73711754114738
0.911582204911076,1.73711754114738
0.911582204911076,1.73711754114738
0.911582204911076,1.73711754114738
0.911582204911076,1.73711754114738
0.911582204911076,1.73711754114738
0.911582204911076,1.73711754114738
0.911582204911076,1.73711754114738
0.911582204911076,1.73711754114738
0.911582204911076,1.73711754114738
0.911582204911076,1.73711754114738
0.911582204911076,1.73711754114738
0.911582204911076,1.73711754114738
0.968825816318886,1.73711754114738
1.08985962899219,1.44093330474378
1.08985962899219,1.44093330474378
1.08985962899219,1.44093330474378
1.08985962899219,1.44093330474378
0.886652592092263,1.44093330474378
0.886652592092263,1.44093330474378
0.886652592092263,1.44093330474378
0.886652592092263,1.44093330474378
0.886652592092263,1.44093330474378
0.886652592092263,1.44093330474378
0.886652592092263,1.44093330474378
0.886652592092263,1.44093330474378
0.935714743251491,1.44093330474378
0.935714743251491,1.44093330474378
0.935714743251491,1.44093330474378
0.935714743251491,1.44093330474378
0.935714743251491,1.44093330474378
0.935714743251491,1.44093330474378
0.935714743251491,1.44093330474378
0.935714743251491,1.44093330474378
0.935714743251491,1.12979534949536
1.03582222426719,1.12979534949536
1.03582222426719,1.23119694363923
1.03582222426719,1.23119694363923
1.03582222426719,1.23119694363923
1.03582222426719,1.23119694363923
0.924295214201571,1.23119694363923
0.924295214201571,1.23119694363923
0.924295214201571,1.23119694363923
0.924295214201571,1.23119694363923
0.924295214201571,1.23119694363923
1.01894257976303,1.23119694363923
1.01894257976303,1.23119694363923
1.01894257976303,1.23119694363923
1.01894257976303,1.23119694363923
1.01894257976303,1.52850419491323
1.01894257976303,1.52850419491323
1.01894257976303,1.52850419491323
1.01894257976303,1.52850419491323
1.01894257976303,1.52850419491323
1.01894257976303,1.52850419491323
1.01894257976303,1.52850419491323
1.01894257976303,1.52850419491323
1.01894257976303,1.52850419491323
1.01894257976303,1.52850419491323
1.01894257976303,1.52850419491323
1.01894257976303,1.52850419491323
1.01894257976303,1.36782580243451
1.01894257976303,1.36782580243451
1.01894257976303,1.36782580243451
1.01894257976303,1.36782580243451
1.01894257976303,1.36782580243451
1.01894257976303,1.36782580243451
1.01894257976303,1.36782580243451
0.976686946933548,1.36782580243451
0.902257903491162,1.36782580243451
0.902257903491162,1.36782580243451
0.855348293609083,1.36782580243451
0.855348293609083,1.28831761015165
0.832317517633451,1.28831761015165
0.832317517633451,1.28831761015165
0.832317517633451,1.28831761015165
0.832317517633451,1.14050316079634
0.832317517633451,1.14050316079634
0.832317517633451,1.14050316079634
0.832317517633451,1.14050316079634
0.832317517633451,1.2907459742292
0.941827867827202,1.2907459742292
0.941827867827202,1.2907459742292
0.941827867827202,1.2907459742292
0.83342867937013,1.2907459742292
0.83342867937013,1.2907459742292
0.83342867937013,1.2907459742292
0.83342867937013,1.2907459742292
0.83342867937013,1.2907459742292
0.83342867937013,1.2907459742292
0.83342867937013,1.2907459742292
0.83342867937013,1.2907459742292
0.83342867937013,1.2907459742292
0.83342867937013,1.2907459742292
0.83342867937013,1.2907459742292
0.964523571532622,1.2907459742292
0.964523571532622,1.2907459742292
0.897410462298499,1.2907459742292
0.897410462298499,1.2907459742292
0.897410462298499,1.2907459742292
0.897410462298499,1.2907459742292
0.897410462298499,1.2907459742292
0.897410462298499,1.2907459742292
0.897410462298499,1.2907459742292
0.897410462298499,1.40929627942841
0.897410462298499,1.40929627942841
0.897410462298499,1.40929627942841
0.897410462298499,1.40929627942841
0.897410462298499,1.40929627942841
0.897410462298499,1.40929627942841
0.897410462298499,1.35945467472621
0.934435386711455,1.35945467472621
0.934435386711455,1.35945467472621
0.934435386711455,1.35945467472621
0.934435386711455,1.3704946214717
0.934435386711455,1.49734565688943
0.934435386711455,1.49734565688943
0.934435386711455,1.49734565688943
0.934435386711455,1.49734565688943
0.934435386711455,1.49734565688943
0.934435386711455,1.49734565688943
0.934435386711455,1.17252056996433
0.934435386711455,1.17252056996433
0.934435386711455,1.17252056996433
0.934435386711455,1.17252056996433
0.934435386711455,1.17252056996433
0.934435386711455,1.17252056996433
0.875902686600677,1.17252056996433
0.875902686600677,1.17252056996433
0.875902686600677,0.961540062795141
0.875902686600677,0.961540062795141
0.875902686600677,0.961540062795141
0.875902686600677,0.961540062795141
0.875902686600677,0.961540062795141
0.875902686600677,0.961540062795141
0.875902686600677,0.961540062795141
0.875902686600677,0.961540062795141
0.875902686600677,0.961540062795141
0.875902686600677,0.961540062795141
0.875902686600677,0.961540062795141
0.960346456542677,0.961540062795141
0.960346456542677,0.961540062795141
0.952498060022815,0.961540062795141
0.952498060022815,0.961540062795141
0.952498060022815,0.961540062795141
0.952498060022815,0.961540062795141
0.952498060022815,1.1258429837541
0.952498060022815,1.1258429837541
0.952498060022815,1.1258429837541
0.952498060022815,1.1258429837541
0.952498060022815,1.1258429837541
0.952498060022815,1.19510167198659
0.952498060022815,1.19510167198659
0.952498060022815,1.19510167198659
0.952498060022815,1.19510167198659
0.952498060022815,1.19510167198659
0.952498060022815,1.19510167198659
0.952498060022815,1.19510167198659
0.952498060022815,1.19510167198659
0.959499557113226,1.19510167198659
0.959499557113226,1.19510167198659
0.959499557113226,1.19510167198659
0.959499557113226,1.19510167198659
0.959499557113226,1.19510167198659
0.959499557113226,1.37186565370594
0.959499557113226,1.37186565370594
0.959499557113226,1.37186565370594
0.959499557113226,1.37186565370594
0.831823093303191,1.37186565370594
0.831823093303191,1.37186565370594
0.831823093303191,1.37186565370594
0.831823093303191,1.37186565370594
0.831823093303191,1.37186565370594
0.831823093303191,1.37186565370594
0.831823093303191,1.37186565370594
0.831823093303191,1.37186565370594
0.831823093303191,1.37186565370594
0.831823093303191,1.37186565370594
0.831823093303191,1.37186565370594
0.831823093303191,1.37186565370594
0.831823093303191,1.37186565370594
0.831823093303191,1.37186565370594
0.831823093303191,1.37186565370594
0.831823093303191,1.37186565370594
0.831823093303191,1.37186565370594
0.773511961696062,1.02840460527803
0.773511961696062,1.02840460527803
0.804878549104124,1.02840460527803
0.680632638014553,1.02840460527803
0.680632638014553,1.02840460527803
0.680632638014553,1.20222951746112
0.678506617874544,1.20222951746112
0.664283533472494,1.20222951746112
0.812008925726475,1.20222951746112
0.84155718591975,1.20222951746112
0.84155718591975,1.20222951746112
0.84155718591975,1.20222951746112
0.84155718591975,1.20222951746112
0.84155718591975,1.20222951746112
0.84155718591975,1.20222951746112
0.84155718591975,1.20222951746112
0.84155718591975,1.20222951746112
0.84155718591975,1.20222951746112
0.84155718591975,1.20222951746112
0.84155718591975,1.20222951746112
0.84155718591975,1.20222951746112
0.84155718591975,1.20222951746112
0.780613842130437,1.20222951746112
0.780613842130437,1.20222951746112
0.780613842130437,1.20222951746112
0.780613842130437,1.20222951746112
0.780613842130437,1.20222951746112
0.780613842130437,1.20222951746112
0.780613842130437,1.20222951746112
0.780613842130437,1.20222951746112
0.780613842130437,1.20222951746112
0.780613842130437,1.20222951746112
0.780613842130437,1.20222951746112
0.780613842130437,1.20222951746112
0.780613842130437,1.20222951746112
0.780613842130437,1.20222951746112
0.780613842130437,1.20222951746112
0.780613842130437,1.20222951746112
0.780613842130437,1.20222951746112
0.780613842130437,1.08247685417851
0.780613842130437,1.08247685417851
0.847099155511325,1.08247685417851
0.847099155511325,1.08247685417851
0.847099155511325,1.46485771146059
0.847099155511325,1.46485771146059
0.847099155511325,1.46485771146059
0.847099155511325,1.08699013786566
0.847099155511325,1.08699013786566
0.847099155511325,1.08699013786566
0.847099155511325,1.08699013786566
0.847099155511325,1.08699013786566
0.863240990887215,1.08699013786566
0.863240990887215,1.05875223380257
0.863240990887215,1.05875223380257
0.863240990887215,1.05875223380257
0.863240990887215,1.05875223380257
0.863240990887215,1.17569485665696
0.863240990887215,1.48412858852942
0.863240990887215,1.27025597227464
0.863240990887215,1.27025597227464
0.863240990887215,1.36603147781075
0.863240990887215,1.36603147781075
0.863240990887215,1.36603147781075
0.863240990887215,1.36603147781075
0.863240990887215,1.25339669110569
0.863240990887215,1.25339669110569
0.863240990887215,1.25339669110569
0.863240990887215,1.64878923725632
0.863240990887215,1.64878923725632
0.863240990887215,1.34529648831401
0.930461559267254,1.34529648831401
0.868713133058884,1.34529648831401
0.868713133058884,1.34529648831401
0.868713133058884,1.34529648831401
0.868713133058884,1.34529648831401
0.868713133058884,1.34529648831401
0.868713133058884,1.34529648831401
0.868713133058884,1.34529648831401
0.868713133058884,1.34529648831401
0.868713133058884,1.34529648831401
0.868713133058884,1.34529648831401
0.868713133058884,1.34529648831401
0.868713133058884,1.22616684232838
0.868713133058884,1.22616684232838
0.868713133058884,1.22616684232838
0.868713133058884,1.22616684232838
0.868713133058884,1.22616684232838
0.868713133058884,1.22616684232838
0.868713133058884,1.22616684232838
0.868713133058884,1.22616684232838
0.868713133058884,1.22616684232838
0.868713133058884,1.22616684232838
0.868713133058884,1.22616684232838
0.868713133058884,1.22616684232838
0.868713133058884,1.22616684232838
0.868713133058884,1.22616684232838
0.868713133058884,1.22616684232838
0.868713133058884,1.22616684232838
0.868713133058884,1.22616684232838
0.868713133058884,1.22616684232838
0.868713133058884,1.22616684232838
0.868713133058884,1.22616684232838
0.868713133058884,1.22616684232838
0.868713133058884,1.22616684232838
0.868713133058884,1.22616684232838
0.868713133058884,1.22616684232838
0.868713133058884,1.22616684232838
0.868713133058884,1.22616684232838
0.868713133058884,1.22616684232838
0.868713133058884,1.28920902072944
0.868713133058884,1.28920902072944
0.868713133058884,1.28920902072944
0.868713133058884,1.28920902072944
0.868713133058884,1.28920902072944
0.868713133058884,1.28920902072944
0.868713133058884,1.28920902072944
0.868713133058884,1.28920902072944
0.868713133058884,1.28920902072944
0.868713133058884,1.28920902072944
0.868713133058884,1.28920902072944
0.868713133058884,1.28920902072944
0.868713133058884,1.28920902072944
0.868713133058884,1.26028200478
0.868713133058884,1.26028200478
0.868713133058884,1.26028200478
0.868713133058884,1.26028200478
0.868713133058884,1.26028200478
0.868713133058884,1.26028200478
1.01997886360102,1.26028200478
1.01997886360102,1.26028200478
1.01997886360102,1.26028200478
1.01997886360102,1.26028200478
1.01997886360102,1.26028200478
1.01997886360102,1.26028200478
1.01997886360102,1.26028200478
1.01997886360102,1.26028200478
0.905946475540127,1.26028200478
0.905946475540127,1.26028200478
0.905946475540127,1.26028200478
0.905946475540127,1.26028200478
0.905946475540127,1.26028200478
0.905946475540127,1.26028200478
1.13684578149963,1.26028200478
1.13684578149963,1.26028200478
0.85334921662106,1.19974670209779
0.85334921662106,1.19974670209779
0.85334921662106,1.19974670209779
0.85334921662106,1.19974670209779
0.85334921662106,1.19974670209779
0.85334921662106,1.19974670209779
0.85334921662106,1.19974670209779
0.85334921662106,1.19974670209779
0.85334921662106,1.19974670209779
0.85334921662106,1.19974670209779
0.85334921662106,1.19974670209779
0.85334921662106,1.19974670209779
0.85334921662106,1.19974670209779
0.85334921662106,1.19974670209779
0.85334921662106,1.19974670209779
0.85334921662106,1.19974670209779
0.85334921662106,1.19974670209779
0.85334921662106,1.28317267636315
0.85334921662106,1.28317267636315
0.85334921662106,1.28317267636315
0.85334921662106,1.26309690060411
0.85334921662106,1.26309690060411
0.85334921662106,1.26309690060411
0.85334921662106,1.26309690060411
0.85334921662106,1.26309690060411
0.85334921662106,1.26309690060411
0.85334921662106,1.26309690060411
0.85334921662106,1.26309690060411
0.85334921662106,1.26309690060411
0.85334921662106,1.26309690060411
0.85334921662106,1.26309690060411
0.85334921662106,1.26309690060411
0.85334921662106,1.26309690060411
0.85334921662106,1.26309690060411
0.85334921662106,1.26309690060411
0.85334921662106,1.26309690060411
0.841393090823004,1.26309690060411
0.841393090823004,1.26309690060411
0.841393090823004,1.26309690060411
0.841393090823004,1.26309690060411
0.841393090823004,1.26309690060411
0.841393090823004,1.26309690060411
0.841393090823004,1.26309690060411
0.841393090823004,1.26309690060411
0.841393090823004,1.26309690060411
0.841393090823004,1.26309690060411
0.841393090823004,1.26309690060411
0.841393090823004,1.35332336177007
0.841393090823004,1.35332336177007
0.841393090823004,1.35332336177007
0.841393090823004,1.35332336177007
0.841393090823004,1.35332336177007
0.841393090823004,1.35332336177007
0.841393090823004,1.35332336177007
0.841393090823004,1.35332336177007
0.841393090823004,1.35332336177007
0.841393090823004,1.35332336177007
0.930645503123179,1.35332336177007
0.930645503123179,1.35332336177007
0.930645503123179,1.35332336177007
0.930645503123179,1.35332336177007
0.930645503123179,1.35332336177007
0.930645503123179,1.35332336177007
0.930645503123179,1.35332336177007
0.930645503123179,1.35332336177007
0.930645503123179,1.35332336177007
0.930645503123179,1.35332336177007
0.930645503123179,1.35332336177007
0.709671485050511,1.35332336177007
0.709671485050511,1.35332336177007
0.709671485050511,1.52581615274551
0.709671485050511,1.52581615274551
0.709671485050511,1.52581615274551
0.709671485050511,1.52581615274551
0.709671485050511,1.52581615274551
0.709671485050511,1.52581615274551
0.709671485050511,1.52581615274551
0.709671485050511,1.52581615274551
0.709671485050511,1.52581615274551
0.709671485050511,1.52581615274551
0.709671485050511,1.52581615274551
0.709671485050511,1.52581615274551
0.709671485050511,1.52581615274551
0.709671485050511,1.52581615274551
0.692915859139563,1.1637423159627
0.692915859139563,1.1637423159627
0.692915859139563,1.1637423159627
0.692915859139563,1.1637423159627
0.692915859139563,1.1637423159627
0.692915859139563,1.1637423159627
0.692915859139563,1.1637423159627
0.692915859139563,1.1637423159627
0.692915859139563,1.1637423159627
0.692915859139563,1.1637423159627
0.692915859139563,1.1637423159627
0.692915859139563,1.1637423159627
0.692915859139563,1.1637423159627
0.839652432177007,1.1637423159627
0.839652432177007,1.1637423159627
0.839652432177007,1.82391485112407
0.839652432177007,1.64413167072126
0.839652432177007,1.64413167072126
0.839652432177007,1.64413167072126
0.839652432177007,1.64413167072126
0.839652432177007,1.64413167072126
0.839652432177007,1.4052882976302
0.839652432177007,1.4052882976302
0.839652432177007,1.4052882976302
0.839652432177007,1.4052882976302
0.839652432177007,1.4052882976302
0.839652432177007,1.4052882976302
0.839652432177007,1.4052882976302
0.839652432177007,1.4052882976302
0.839652432177007,1.4052882976302
0.839652432177007,1.4052882976302
0.839652432177007,1.4052882976302
0.839652432177007,1.4052882976302
0.839652432177007,1.4052882976302
0.839652432177007,1.4052882976302
0.839652432177007,1.4052882976302
0.839652432177007,1.4052882976302
0.839652432177007,1.30105892697697
0.839652432177007,1.30105892697697
0.839652432177007,1.30105892697697
0.839652432177007,1.30105892697697
0.839652432177007,1.30105892697697
0.839652432177007,1.30105892697697
0.839652432177007,1.30105892697697
0.839652432177007,1.30105892697697
0.723820555290122,1.30105892697697
0.723820555290122,1.30105892697697
0.723820555290122,1.30105892697697
0.723820555290122,1.30105892697697
0.723820555290122,1.30105892697697
0.723820555290122,1.30105892697697
0.723820555290122,1.30105892697697
0.723820555290122,1.30105892697697
0.723820555290122,1.30105892697697
0.723820555290122,1.30105892697697
0.800384549231218,1.30105892697697
0.800384549231218,1.30105892697697
0.800384549231218,1.30105892697697
0.800384549231218,1.30105892697697
0.800384549231218,1.30105892697697
0.800384549231218,1.30105892697697
0.800384549231218,1.30105892697697
0.800384549231218,1.30105892697697
0.800384549231218,1.30105892697697
0.800384549231218,1.30105892697697
0.800384549231218,1.30105892697697
0.800384549231218,1.30105892697697
0.800384549231218,1.30105892697697
0.811277340823885,1.30105892697697
0.811277340823885,1.16458109146376
0.811277340823885,1.16458109146376
0.811277340823885,1.19140150623043
0.811277340823885,1.19140150623043
0.811277340823885,1.19140150623043
0.811277340823885,1.19140150623043
0.811277340823885,1.19140150623043
0.811277340823885,1.19140150623043
0.811277340823885,1.19140150623043
0.811277340823885,1.29971242164469
0.811277340823885,1.29971242164469
0.811277340823885,1.29971242164469
0.811277340823885,1.29971242164469
0.811277340823885,1.29971242164469
0.811277340823885,1.29971242164469
0.811277340823885,1.29971242164469
0.811277340823885,1.29971242164469
0.811277340823885,1.29971242164469
0.811277340823885,1.29971242164469
0.811277340823885,1.29971242164469
0.811277340823885,1.30222487457656
0.811277340823885,1.30222487457656
0.861843205000412,1.30222487457656
0.861843205000412,1.30222487457656
0.861843205000412,1.30222487457656
0.861843205000412,1.30222487457656
0.861843205000412,1.30222487457656
0.861843205000412,1.30222487457656
0.861843205000412,1.30222487457656
0.918149368624625,1.30222487457656
0.854197902499539,1.30222487457656
0.854197902499539,1.30222487457656
0.854197902499539,1.30222487457656
1.1523078562057,1.30222487457656
1.1523078562057,1.30222487457656
1.1523078562057,1.30222487457656
1.1523078562057,1.30222487457656
1.1523078562057,1.3315418196697
1.1523078562057,1.3315418196697
1.1523078562057,1.3315418196697
1.1523078562057,1.3315418196697
1.1523078562057,1.3315418196697
1.1523078562057,1.3315418196697
1.1523078562057,1.3315418196697
1.1523078562057,1.3315418196697
1.1523078562057,1.3315418196697
1.1523078562057,1.3315418196697
1.1523078562057,1.36030356427105
1.1523078562057,1.36030356427105
1.1523078562057,1.36030356427105
1.1523078562057,1.36030356427105
1.1523078562057,1.36030356427105
1.1523078562057,1.36030356427105
1.1523078562057,1.36030356427105
1.1523078562057,1.36030356427105
1.1523078562057,1.36030356427105
1.1523078562057,1.38839711713458
1.1523078562057,1.38839711713458
1.1523078562057,1.38839711713458
1.1523078562057,1.38839711713458
1.1523078562057,1.38839711713458
1.1523078562057,1.38839711713458
0.996402941713076,1.38839711713458
0.996402941713076,1.38839711713458
0.996402941713076,1.38839711713458
0.996402941713076,1.38839711713458
0.996402941713076,1.38839711713458
0.996402941713076,1.38839711713458
0.996402941713076,1.38839711713458
0.996402941713076,1.38839711713458
0.996402941713076,1.38839711713458
0.996402941713076,1.38839711713458
0.996402941713076,1.38839711713458
0.996402941713076,1.41515270934341
0.996402941713076,1.41515270934341
0.996402941713076,1.41515270934341
0.996402941713076,1.41515270934341
0.996402941713076,1.41515270934341
0.954852597779299,1.41515270934341
0.954852597779299,1.50127204561372
0.954852597779299,1.32216331378973
0.954852597779299,1.32216331378973
1.01253101493367,1.32216331378973
1.09459828136584,1.32216331378973
1.09459828136584,1.32216331378973
1.09459828136584,1.32216331378973
1.09459828136584,1.32216331378973
1.09459828136584,1.32216331378973
1.09459828136584,1.32216331378973
1.09459828136584,1.32216331378973
1.09459828136584,1.32216331378973
1.09459828136584,1.32216331378973
1.09459828136584,0.948360356135562
1.09459828136584,0.948360356135562
1.0131421604622,0.948360356135562
1.0131421604622,0.948360356135562
1.0131421604622,0.948360356135562
1.0131421604622,0.948360356135562
1.0131421604622,0.948360356135562
1.0131421604622,1.5752583689005
1.0131421604622,1.5752583689005
0.916608735265848,1.46562154470138
0.916608735265848,1.46562154470138
0.916608735265848,1.21131998113145
0.916608735265848,1.21131998113145
0.916608735265848,1.21131998113145
0.916608735265848,1.21131998113145
0.916608735265848,1.21131998113145
0.916608735265848,1.21131998113145
0.916608735265848,1.21131998113145
0.916608735265848,1.21131998113145
0.916608735265848,1.21131998113145
0.994509187975788,1.21131998113145
0.994509187975788,1.21131998113145
0.850572771157961,1.21131998113145
0.850572771157961,1.21131998113145
0.850572771157961,1.21131998113145
0.850572771157961,1.21131998113145
0.850572771157961,1.21131998113145
0.850572771157961,1.21131998113145
0.850572771157961,1.21131998113145
0.850572771157961,1.52253930768918
0.850572771157961,1.52253930768918
0.850572771157961,1.52253930768918
0.967179081963758,1.52253930768918
0.967179081963758,1.52253930768918
0.967179081963758,1.52253930768918
0.967179081963758,1.52253930768918
0.967179081963758,1.52253930768918
0.967179081963758,1.52253930768918
0.967179081963758,1.52253930768918
0.967179081963758,1.1993101357449
0.967179081963758,1.1993101357449
0.967179081963758,1.1993101357449
0.967179081963758,1.1993101357449
0.967179081963758,1.1993101357449
0.967179081963758,1.1993101357449
0.967179081963758,1.1993101357449
0.967179081963758,1.1993101357449
0.967179081963758,1.1993101357449
0.862178790300993,1.3298265486425
0.862178790300993,1.3298265486425
0.862178790300993,1.3298265486425
0.862178790300993,1.3298265486425
0.833660898380204,1.3298265486425
0.833660898380204,1.3298265486425
0.833660898380204,1.3298265486425
0.833660898380204,1.3298265486425
0.833660898380204,1.3298265486425
0.833660898380204,1.3298265486425
0.833660898380204,1.3298265486425
0.833660898380204,1.3298265486425
0.901230071654504,1.45984010027813
0.901230071654504,1.45984010027813
0.901230071654504,1.45984010027813
0.901230071654504,1.45984010027813
0.901230071654504,1.45984010027813
0.901230071654504,1.45984010027813
0.938412765979221,1.45984010027813
0.938412765979221,1.45984010027813
0.938412765979221,1.45984010027813
0.938412765979221,1.45984010027813
0.938412765979221,1.45984010027813
0.938412765979221,1.45984010027813
0.938412765979221,1.45984010027813
0.938412765979221,1.45984010027813
0.938412765979221,1.6352360006213
0.938412765979221,1.6352360006213
0.938412765979221,1.6352360006213
0.938412765979221,1.6352360006213
0.938412765979221,1.6352360006213
0.938412765979221,1.6352360006213
0.938412765979221,1.6352360006213
0.938412765979221,1.6352360006213
0.785262865114032,1.6352360006213
0.785262865114032,1.35215660562122
0.785262865114032,1.35215660562122
0.785262865114032,1.35215660562122
0.785262865114032,1.35215660562122
0.785262865114032,1.35215660562122
0.785262865114032,1.35215660562122
0.785262865114032,1.35215660562122
0.785262865114032,1.35215660562122
0.785262865114032,1.35215660562122
0.785262865114032,1.35215660562122
0.785262865114032,1.35215660562122
0.870385880224835,1.35215660562122
0.870385880224835,1.35215660562122
0.870385880224835,1.35215660562122
0.870385880224835,1.35215660562122
0.870385880224835,1.35215660562122
0.870385880224835,1.42045114233481
0.870385880224835,1.42045114233481
0.870385880224835,1.42045114233481
0.870385880224835,1.42045114233481
1.0093236028516,1.42045114233481
1.0093236028516,1.42045114233481
1.0093236028516,1.42045114233481
1.0093236028516,1.42045114233481
1.0093236028516,1.42045114233481
1.0093236028516,1.42045114233481
1.0093236028516,1.42045114233481
1.0093236028516,1.42045114233481
1.0093236028516,1.42045114233481
1.0093236028516,1.42045114233481
1.0093236028516,1.42045114233481
0.811981067089845,1.42045114233481
0.811981067089845,1.42045114233481
0.811981067089845,1.42045114233481
0.811981067089845,1.42045114233481
0.811981067089845,1.42045114233481
0.811981067089845,1.42045114233481
0.891125018349073,1.42045114233481
0.891125018349073,1.42045114233481
0.891125018349073,1.42045114233481
0.891125018349073,1.42045114233481
0.891125018349073,1.28838716365173
0.891125018349073,1.28838716365173
0.891125018349073,1.28838716365173
0.891125018349073,1.28838716365173
0.891125018349073,1.4569956382032
0.891125018349073,1.4569956382032
0.891125018349073,1.4569956382032
0.891125018349073,1.4569956382032
0.891125018349073,1.4569956382032
0.891125018349073,1.4569956382032
0.891125018349073,1.4569956382032
1.13620301653197,1.4569956382032
1.13620301653197,1.35601678944448
1.13620301653197,1.86108911675413
1.13620301653197,1.86108911675413
0.809548841261584,1.86108911675413
0.809548841261584,1.86108911675413
0.829131863802517,1.86108911675413
0.829131863802517,1.86108911675413
0.829131863802517,1.86108911675413
0.829131863802517,1.86108911675413
0.829131863802517,1.86108911675413
0.829131863802517,1.86108911675413
0.829131863802517,1.86108911675413
0.829131863802517,1.86108911675413
0.862390765168382,1.86108911675413
0.862390765168382,1.86108911675413
0.862390765168382,1.41879308023748
0.862390765168382,1.41879308023748
0.862390765168382,1.35590354234036
0.862390765168382,1.35590354234036
0.862390765168382,1.35590354234036
0.862390765168382,1.35590354234036
0.862390765168382,1.35590354234036
0.862390765168382,1.35590354234036
0.862390765168382,1.35590354234036
0.862390765168382,1.35590354234036
0.862390765168382,1.35590354234036
0.862390765168382,1.35590354234036
0.862390765168382,1.35590354234036
0.862390765168382,1.35590354234036
0.862390765168382,1.35590354234036
0.862390765168382,1.35590354234036
0.862390765168382,1.35590354234036
0.862390765168382,1.35590354234036
0.802563544492687,1.35590354234036
0.802563544492687,1.35590354234036
1.13599498122414,1.35590354234036
1.13599498122414,1.35590354234036
1.13599498122414,1.35590354234036
1.13599498122414,1.35590354234036
1.13599498122414,1.23458699164457
1.13599498122414,1.23458699164457
1.13599498122414,1.23458699164457
1.13599498122414,1.23458699164457
1.05147761699929,1.23458699164457
1.05147761699929,1.23458699164457
1.05147761699929,1.23458699164457
1.05147761699929,1.23458699164457
1.05147761699929,1.23458699164457
1.05147761699929,1.23458699164457
1.05147761699929,1.23458699164457
1.15593875350619,1.23458699164457
1.15593875350619,1.23458699164457
0.785290220771336,1.23458699164457
1.1820580758522,1.23458699164457
1.1820580758522,1.44719814456564
1.1820580758522,1.44719814456564
1.1820580758522,1.44719814456564
1.1820580758522,1.44719814456564
1.1820580758522,1.44719814456564
1.1820580758522,1.44719814456564
1.1820580758522,1.44719814456564
1.1820580758522,1.44719814456564
1.1820580758522,1.44719814456564
1.1820580758522,1.44719814456564
1.07380501230885,1.44719814456564
1.07380501230885,1.44719814456564
1.07380501230885,1.44719814456564
1.07380501230885,1.44719814456564
1.07380501230885,1.44719814456564
1.07380501230885,1.44719814456564
1.07380501230885,1.44719814456564
1.07380501230885,1.44719814456564
1.07380501230885,1.44719814456564
1.07380501230885,1.44719814456564
1.07380501230885,1.44719814456564
1.07380501230885,1.44719814456564
0.873665800108182,1.44719814456564
0.873665800108182,1.44719814456564
0.873665800108182,1.44719814456564
0.873665800108182,1.44719814456564
0.873665800108182,1.44719814456564
0.873665800108182,1.44719814456564
0.873665800108182,1.57282293771517
0.873665800108182,1.57282293771517
0.873665800108182,1.57282293771517
0.873665800108182,1.57282293771517
0.873665800108182,1.4144040018314
0.900989038082496,1.4144040018314
0.900989038082496,1.4144040018314
0.900989038082496,1.4144040018314
0.900989038082496,1.4144040018314
0.900989038082496,1.4144040018314
0.900989038082496,1.4144040018314
0.900989038082496,1.4144040018314
0.900989038082496,1.4144040018314
0.900989038082496,1.4144040018314
0.900989038082496,1.71006998928881
0.900989038082496,1.71006998928881
0.900989038082496,1.71006998928881
0.900989038082496,1.71006998928881
0.900989038082496,1.71006998928881
0.900989038082496,1.71006998928881
0.900989038082496,1.71006998928881
0.900989038082496,1.71006998928881
0.900989038082496,1.55549889815144
0.900989038082496,1.55549889815144
0.900989038082496,1.55549889815144
0.900989038082496,1.55549889815144
0.900989038082496,1.55549889815144
0.900989038082496,1.97093633097436
0.900989038082496,1.97093633097436
0.900989038082496,1.97093633097436
0.900989038082496,1.56999502758036
0.900989038082496,1.56999502758036
0.900989038082496,1.56999502758036
0.900989038082496,1.56999502758036
0.900989038082496,1.56999502758036
0.900989038082496,1.56999502758036
0.900989038082496,1.56999502758036
0.900989038082496,1.56999502758036
0.900989038082496,1.56999502758036
0.900989038082496,1.56999502758036
0.900989038082496,1.56999502758036
0.900989038082496,1.56999502758036
0.900989038082496,1.56999502758036
0.900989038082496,1.58005656286637
0.900989038082496,1.58005656286637
0.900989038082496,1.58005656286637
0.900989038082496,1.58005656286637
0.900989038082496,1.58005656286637
0.900989038082496,1.58005656286637
1.01376914168805,1.58005656286637
1.01376914168805,1.58005656286637
1.01376914168805,1.58005656286637
1.01376914168805,1.58005656286637
1.01376914168805,1.58005656286637
1.01376914168805,1.58005656286637
1.11383306637827,1.58005656286637
1.11383306637827,1.58005656286637
1.11383306637827,1.58005656286637
1.11383306637827,1.52312559122098
1.11383306637827,1.52312559122098
0.777978974904084,1.52312559122098
0.777978974904084,1.52312559122098
0.777978974904084,1.52312559122098
0.777978974904084,1.46431593479613
0.777978974904084,1.46431593479613
0.777978974904084,1.46431593479613
0.777978974904084,1.46431593479613
0.777978974904084,1.46431593479613
0.777978974904084,1.46431593479613
0.777978974904084,1.46431593479613
0.777978974904084,1.46431593479613
0.777978974904084,1.46285451296593
0.971746186161753,1.46285451296593
0.971746186161753,1.46285451296593
0.899197401929593,1.46285451296593
0.899197401929593,1.46285451296593
0.899197401929593,1.46285451296593
0.899197401929593,1.46285451296593
0.899197401929593,1.46285451296593
0.899197401929593,1.46285451296593
0.899197401929593,1.47470982916953
0.899197401929593,1.47470982916953
0.899197401929593,1.47470982916953
0.899197401929593,1.47470982916953
0.86442759837065,1.47470982916953
0.86442759837065,1.47470982916953
0.86442759837065,1.47470982916953
0.86442759837065,1.47470982916953
0.86442759837065,1.47470982916953
0.86442759837065,1.47470982916953
0.970961296261176,1.47017552221542
0.970961296261176,1.47017552221542
0.970961296261176,1.16012783318081
0.970961296261176,1.16012783318081
0.970961296261176,1.16012783318081
0.970961296261176,1.16012783318081
0.970961296261176,1.16012783318081
0.970961296261176,1.16012783318081
0.970961296261176,1.16012783318081
0.970961296261176,1.16012783318081
0.970961296261176,1.16012783318081
0.970961296261176,1.16012783318081
0.970961296261176,1.16012783318081
0.970961296261176,1.16012783318081
0.970961296261176,1.16012783318081
0.970961296261176,1.16012783318081
0.970961296261176,1.16012783318081
0.970961296261176,1.56563284739938
0.970961296261176,1.45465515083124
0.970961296261176,1.45465515083124
0.992282840828036,1.38668900714373
0.992282840828036,1.38668900714373
0.992282840828036,1.38668900714373
0.793977293546015,1.38668900714373
0.793977293546015,1.38668900714373
0.793977293546015,1.38668900714373
0.793977293546015,1.38668900714373
0.793977293546015,1.38668900714373
0.963876420843328,1.38668900714373
0.963876420843328,1.38668900714373
0.963876420843328,1.38668900714373
0.963876420843328,1.38668900714373
0.963876420843328,1.38668900714373
0.963876420843328,1.38668900714373
0.963876420843328,1.38668900714373
1.00525420907267,1.38668900714373
1.00525420907267,1.38668900714373
1.00525420907267,1.38668900714373
1.00525420907267,1.38668900714373
1.00525420907267,1.38668900714373
1.00525420907267,1.38668900714373
1.00525420907267,1.62454641035978
1.00525420907267,1.62454641035978
1.00525420907267,1.62454641035978
1.00525420907267,1.62454641035978
1.00525420907267,1.62454641035978
1.00525420907267,1.64521352913554
1.00525420907267,1.64521352913554
1.00525420907267,1.64521352913554
1.00525420907267,1.64521352913554
1.00525420907267,1.71392389120974
1.00525420907267,1.71392389120974
1.21911651029292,1.71392389120974
1.21911651029292,1.71392389120974
1.21911651029292,1.71392389120974
1.02782236941175,1.71392389120974
1.02782236941175,1.71392389120974
1.02782236941175,1.71392389120974
1.02782236941175,1.71392389120974
1.02782236941175,1.71392389120974
1.02782236941175,1.71392389120974
1.02782236941175,1.71392389120974
1.02782236941175,1.71392389120974
1.02782236941175,1.71392389120974
1.02782236941175,1.71392389120974
1.02782236941175,1.71392389120974
1.02782236941175,1.71392389120974
1.02782236941175,1.71392389120974
1.04276652845948,1.71392389120974
1.04276652845948,1.71392389120974
1.04276652845948,1.71392389120974
1.04276652845948,1.71392389120974
1.04276652845948,1.71392389120974
1.04276652845948,1.6124822409864
1.04276652845948,1.6124822409864
1.04276652845948,1.6124822409864
1.04276652845948,1.6124822409864
1.04276652845948,1.6124822409864
1.04276652845948,1.6124822409864
1.04276652845948,1.6124822409864
1.04276652845948,1.6124822409864
1.04276652845948,1.6124822409864
1.04276652845948,1.6124822409864
1.01349826598985,1.6124822409864
0.802045303608757,1.6124822409864
1.06274604619807,1.6124822409864
1.06274604619807,1.6124822409864
1.06274604619807,1.6124822409864
1.06274604619807,1.58908262864817
1.06274604619807,1.58908262864817
1.06274604619807,1.58908262864817
0.956570804007471,1.58908262864817
0.956570804007471,1.58908262864817
0.956570804007471,1.58908262864817
0.956570804007471,1.58908262864817
0.956570804007471,1.58908262864817
0.956570804007471,1.58908262864817
0.956570804007471,1.58908262864817
0.956570804007471,1.58908262864817
0.956570804007471,1.58908262864817
0.956570804007471,1.39586118912393
0.956570804007471,1.39586118912393
0.956570804007471,1.39586118912393
0.956570804007471,1.41949394256287
0.956570804007471,1.41949394256287
0.956570804007471,1.58594009757988
0.767969629352982,1.58594009757988
0.767969629352982,1.58594009757988
0.767969629352982,1.58594009757988
0.767969629352982,1.58594009757988
0.767969629352982,1.58594009757988
0.767969629352982,1.58594009757988
0.767969629352982,1.58594009757988
0.767969629352982,1.58594009757988
0.767969629352982,1.58594009757988
0.767969629352982,1.58594009757988
0.767969629352982,1.58594009757988
0.767969629352982,1.58594009757988
0.767969629352982,1.58594009757988
0.767969629352982,1.58594009757988
0.767969629352982,1.58594009757988
0.977779848542674,1.58594009757988
0.977779848542674,1.58594009757988
0.977779848542674,1.58594009757988
1.01569343237157,1.52059450350064
1.01569343237157,1.52059450350064
1.01569343237157,1.52059450350064
1.01569343237157,1.52059450350064
1.01569343237157,1.51399754463443
1.01569343237157,1.51399754463443
1.01569343237157,1.51399754463443
1.01569343237157,1.51399754463443
1.01569343237157,1.51399754463443
1.01569343237157,1.51399754463443
1.01569343237157,1.51399754463443
1.01569343237157,1.3466945685473
1.01569343237157,1.3466945685473
1.01569343237157,1.3466945685473
1.01569343237157,1.3466945685473
1.01569343237157,1.3466945685473
1.01569343237157,1.3466945685473
1.01569343237157,1.3466945685473
1.01569343237157,1.3466945685473
1.01569343237157,1.3466945685473
1.01569343237157,1.3466945685473
1.01569343237157,1.3466945685473
1.01569343237157,1.3466945685473
1.01569343237157,1.31399703735331
1.01569343237157,1.31399703735331
1.01569343237157,1.31399703735331
0.906833676584601,1.31399703735331
0.906833676584601,1.31399703735331
0.906833676584601,1.31399703735331
0.906833676584601,1.31399703735331
0.906833676584601,1.31399703735331
0.861793659223176,1.31399703735331
0.861793659223176,1.31399703735331
0.861793659223176,1.31399703735331
0.861793659223176,1.31399703735331
0.861793659223176,1.31399703735331
0.861793659223176,1.31399703735331
0.861793659223176,1.31399703735331
0.861793659223176,1.58435774447121
0.861793659223176,1.58435774447121
0.861793659223176,1.58435774447121
0.861793659223176,1.58435774447121
0.861793659223176,1.50226190134041
0.861793659223176,1.50226190134041
0.861793659223176,1.50226190134041
0.922073698708911,1.50226190134041
0.952179836036681,1.50226190134041
0.952179836036681,1.50226190134041
1.00361698184118,1.50226190134041
1.00361698184118,1.50226190134041
1.00361698184118,1.50226190134041
1.00361698184118,1.50226190134041
1.00361698184118,1.50226190134041
1.00361698184118,1.50226190134041
1.00361698184118,1.50226190134041
1.00361698184118,1.50226190134041
1.00361698184118,1.50226190134041
1.00361698184118,1.50226190134041
1.00361698184118,1.50226190134041
1.00361698184118,1.50226190134041
1.00361698184118,1.50226190134041
1.00361698184118,1.44937803773414
1.00361698184118,1.67560759315369
1.00361698184118,1.67560759315369
1.00361698184118,1.67560759315369
1.00361698184118,1.67560759315369
1.00361698184118,1.67560759315369
1.00361698184118,1.67560759315369
1.00361698184118,1.67560759315369
1.00361698184118,1.67560759315369
1.00361698184118,1.67560759315369
1.00361698184118,1.67560759315369
1.00361698184118,1.67560759315369
1.00361698184118,1.67560759315369
1.00361698184118,1.67560759315369
1.00361698184118,1.44038005938541
1.00361698184118,1.44038005938541
1.00361698184118,1.44038005938541
1.00361698184118,1.44038005938541
1.00361698184118,1.44038005938541
1.00361698184118,1.44038005938541
1.00361698184118,1.44038005938541
1.00361698184118,1.44038005938541
1.00361698184118,1.44038005938541
1.00361698184118,1.44038005938541
1.00361698184118,1.44038005938541
1.00361698184118,1.44038005938541
1.00361698184118,1.44038005938541
1.00361698184118,1.44038005938541
1.00361698184118,1.44038005938541
1.00361698184118,1.44038005938541
1.00361698184118,1.44038005938541
1.00361698184118,1.44038005938541
1.00361698184118,1.44038005938541
1.00361698184118,1.44038005938541
1.00361698184118,1.44038005938541
1.00361698184118,1.44038005938541
1.07628245194943,1.44038005938541
1.07628245194943,1.44038005938541
1.07628245194943,1.44038005938541
1.0414525869389,1.44038005938541
1.0414525869389,1.35325913569003
1.0414525869389,1.35325913569003
1.0414525869389,1.35325913569003
1.0414525869389,1.35325913569003
1.0414525869389,1.35325913569003
1.0414525869389,1.35325913569003
1.0414525869389,1.30716076255414
1.0414525869389,1.30716076255414
1.0414525869389,1.30716076255414
1.0414525869389,1.30716076255414
1.0414525869389,1.30716076255414
1.0414525869389,1.30716076255414
1.14338450572006,1.30716076255414
1.05298725078651,1.30716076255414
1.05298725078651,1.30716076255414
1.02365852632242,1.35722754730435
1.02365852632242,1.35722754730435
1.15024369112424,1.35722754730435
1.15024369112424,1.35722754730435
1.15024369112424,1.35722754730435
1.15024369112424,1.35722754730435
1.15024369112424,1.35722754730435
1.15024369112424,1.35722754730435
1.15024369112424,1.35722754730435
1.15024369112424,1.35722754730435
1.15024369112424,1.35722754730435
0.955509396695785,1.35722754730435
0.955509396695785,1.35722754730435
0.955509396695785,1.35722754730435
0.955509396695785,1.44704550621256
0.955509396695785,1.44704550621256
0.955509396695785,1.44704550621256
0.955509396695785,1.44704550621256
0.955509396695785,1.44704550621256
0.955509396695785,1.44704550621256
0.955509396695785,1.44704550621256
1.01373536253085,1.44704550621256
1.01373536253085,1.44704550621256
1.01373536253085,1.44704550621256
1.01373536253085,1.44704550621256
1.01373536253085,1.44704550621256
1.01373536253085,1.44704550621256
0.990484067787457,1.44704550621256
0.990484067787457,1.44704550621256
0.990484067787457,1.44704550621256
0.990484067787457,1.44704550621256
0.990484067787457,1.44704550621256
0.990484067787457,1.44704550621256
0.990484067787457,1.44704550621256
0.990484067787457,1.44704550621256
0.990484067787457,1.44704550621256
0.990484067787457,1.44704550621256
0.990484067787457,1.69775314436412
0.990484067787457,1.69775314436412
0.990484067787457,1.69775314436412
0.990484067787457,1.69775314436412
0.990484067787457,1.69775314436412
0.990484067787457,1.49581810815108
0.990484067787457,1.49581810815108
0.990484067787457,1.49581810815108
0.990484067787457,1.49581810815108
0.990484067787457,1.49581810815108
0.990484067787457,1.49581810815108
0.990484067787457,1.49581810815108
0.990484067787457,1.49581810815108
0.990484067787457,1.49581810815108
0.990484067787457,1.49581810815108
0.990484067787457,1.49581810815108
0.990484067787457,1.47150520022113
0.961756624281163,1.47150520022113
0.961756624281163,1.47150520022113
0.961756624281163,1.37314234448665
0.961756624281163,1.21858268653255
0.961756624281163,1.21858268653255
0.931362585551027,1.21858268653255
0.931362585551027,1.73194964144044
0.931362585551027,1.73194964144044
0.931362585551027,1.73194964144044
0.931362585551027,1.73194964144044
0.891848456758006,1.73194964144044
0.891848456758006,1.73194964144044
0.891848456758006,1.61579563163818
0.891848456758006,1.61579563163818
0.891848456758006,1.61579563163818
0.891848456758006,1.61579563163818
0.891848456758006,1.61579563163818
0.891848456758006,1.61579563163818
0.891848456758006,1.37418381876824
0.891848456758006,1.37418381876824
0.891848456758006,1.37418381876824
0.891848456758006,1.37418381876824
0.891848456758006,1.37418381876824
0.891848456758006,1.37418381876824
0.891848456758006,1.37418381876824
0.891848456758006,1.37418381876824
0.891848456758006,1.37418381876824
0.891848456758006,1.37418381876824
0.891848456758006,1.37418381876824
0.891848456758006,1.37418381876824
0.891848456758006,1.37418381876824
0.891848456758006,1.37418381876824
0.891848456758006,1.37418381876824
0.891848456758006,1.19028435442474
0.891848456758006,1.19436717602689
0.891848456758006,1.19436717602689
0.891848456758006,1.19436717602689
0.891848456758006,1.17461984094497
0.891848456758006,1.17461984094497
0.891848456758006,1.17461984094497
1.01743385180439,1.17461984094497
1.01743385180439,1.17461984094497
1.01743385180439,1.17461984094497
1.01743385180439,1.17461984094497
1.01743385180439,1.17461984094497
1.01743385180439,1.17461984094497
1.01743385180439,1.27279822337276
1.01743385180439,1.16189254285952
1.01743385180439,1.16189254285952
1.01743385180439,1.16189254285952
1.01743385180439,1.46576457653295
1.01743385180439,1.46576457653295
1.01743385180439,1.46576457653295
1.01743385180439,1.46576457653295
1.01743385180439,1.46576457653295
1.01743385180439,1.46576457653295
1.01743385180439,1.46576457653295
1.01743385180439,1.46576457653295
1.01743385180439,1.46576457653295
1.01743385180439,1.46576457653295
1.01743385180439,1.25828475836042
1.01743385180439,1.25828475836042
1.01743385180439,1.25828475836042
1.01743385180439,1.25828475836042
1.01743385180439,1.25828475836042
1.01743385180439,1.25828475836042
1.01743385180439,1.25828475836042
1.01743385180439,1.37976819188769
1.01743385180439,1.37976819188769
1.08752363212634,1.37976819188769
1.08752363212634,1.37976819188769
1.08752363212634,1.37976819188769
1.08752363212634,1.14957338871095
1.08752363212634,1.14957338871095
1.08752363212634,1.14957338871095
1.296547240147,1.14957338871095
1.296547240147,1.14957338871095
0.992181936686813,1.14957338871095
0.992181936686813,1.14957338871095
0.992181936686813,1.14957338871095
1.30668669380261,1.14957338871095
1.30668669380261,1.14957338871095
1.30668669380261,1.14957338871095
1.30668669380261,1.14957338871095
1.30668669380261,1.14957338871095
1.30668669380261,1.81214105156077
1.30668669380261,1.86748368566547
1.30668669380261,1.86748368566547
1.30668669380261,1.44910476437442
1.30668669380261,1.44910476437442
1.30668669380261,1.44910476437442
1.30668669380261,1.44910476437442
1.30668669380261,1.44910476437442
1.30668669380261,1.44910476437442
1.25876180246325,1.44910476437442
0.937112919027928,1.44910476437442
0.937112919027928,1.44910476437442
0.937112919027928,1.44910476437442
0.937112919027928,1.43117747074829
0.937112919027928,1.43117747074829
0.937112919027928,1.43117747074829
1.04158814564478,1.43117747074829
1.04158814564478,1.43117747074829
1.04158814564478,1.43117747074829
1.04158814564478,1.29771121507418
1.04158814564478,1.29771121507418
1.04158814564478,1.29771121507418
1.04158814564478,1.29771121507418
1.04158814564478,1.29771121507418
1.04158814564478,1.29771121507418
1.04158814564478,1.29771121507418
1.04158814564478,1.29771121507418
1.04158814564478,1.29771121507418
1.00146189993027,1.29771121507418
1.00146189993027,1.42521830401939
1.00146189993027,1.42521830401939
1.00146189993027,1.42521830401939
1.00146189993027,1.42521830401939
1.10847956926196,1.43628783137009
1.10847956926196,1.43628783137009
1.07137678235478,1.43628783137009
1.1076584807022,1.43628783137009
1.1076584807022,1.43628783137009
1.1076584807022,1.43628783137009
1.1076584807022,1.43628783137009
1.1076584807022,1.43628783137009
1.1076584807022,1.43628783137009
1.1076584807022,1.43628783137009
1.1076584807022,1.43628783137009
1.1076584807022,1.43628783137009
1.1076584807022,1.43628783137009
1.1076584807022,1.43628783137009
1.1076584807022,1.43628783137009
1.1076584807022,1.43628783137009
1.1076584807022,1.43628783137009
1.1076584807022,1.43628783137009
1.1076584807022,1.43628783137009
1.1076584807022,1.61021378634222
1.1076584807022,1.61021378634222
1.1076584807022,1.61021378634222
1.1076584807022,1.61021378634222
1.1076584807022,1.61021378634222
1.1076584807022,1.61021378634222
1.1076584807022,1.61021378634222
1.1076584807022,1.55925630537951
1.1076584807022,1.55925630537951
1.1076584807022,1.55925630537951
1.1076584807022,1.55925630537951
1.1076584807022,1.35422924169191
1.1076584807022,1.35422924169191
1.1076584807022,1.35422924169191
1.1076584807022,1.35422924169191
1.13339839604774,1.35422924169191
1.13339839604774,1.35422924169191
1.13339839604774,1.35422924169191
1.13339839604774,1.35422924169191
1.13339839604774,1.35422924169191
1.22300461189745,1.35422924169191
1.22300461189745,1.43608944412583
1.22300461189745,1.43608944412583
1.22300461189745,1.43608944412583
1.22300461189745,1.43608944412583
1.22300461189745,1.43608944412583
1.22300461189745,1.24860658018186
1.21800519634863,1.24860658018186
1.21800519634863,1.24860658018186
1.21800519634863,1.5243345075628
1.21800519634863,1.5243345075628
1.21800519634863,1.5243345075628
1.21800519634863,1.5243345075628
1.21800519634863,1.5243345075628
1.21800519634863,1.5243345075628
1.21800519634863,1.5243345075628
1.21800519634863,1.29751792015411
1.17279945605064,1.29751792015411
1.17279945605064,1.29751792015411
1.22604033084024,1.29751792015411
1.22604033084024,1.29751792015411
1.22604033084024,1.29751792015411
1.22604033084024,1.29751792015411
1.22604033084024,1.29751792015411
1.22604033084024,1.29751792015411
1.22604033084024,1.29751792015411
1.22604033084024,1.29751792015411
1.22604033084024,1.29751792015411
1.22604033084024,1.4012128107312
1.22604033084024,1.4012128107312
1.22604033084024,1.4012128107312
1.22604033084024,1.4012128107312
1.22604033084024,1.4012128107312
1.22604033084024,1.4012128107312
1.22604033084024,1.31320314770122
1.22604033084024,1.31320314770122
1.22604033084024,1.31320314770122
1.22604033084024,1.31320314770122
1.22604033084024,1.31320314770122
1.22604033084024,1.31320314770122
1.22604033084024,1.31320314770122
1.22604033084024,1.31320314770122
1.05882410166753,1.31320314770122
1.27400540914814,1.31320314770122
1.27400540914814,1.31320314770122
1.27400540914814,1.31320314770122
1.27400540914814,1.32293662385328
1.27400540914814,1.32293662385328
1.27400540914814,1.32293662385328
1.27400540914814,1.32293662385328
1.27400540914814,1.32293662385328
1.27400540914814,1.32293662385328
1.27400540914814,1.32293662385328
1.27400540914814,1.32293662385328
1.27400540914814,1.32293662385328
1.27400540914814,1.32293662385328
1.27400540914814,1.32293662385328
1.27400540914814,1.32293662385328
1.29481329922925,1.32293662385328
1.29481329922925,1.32293662385328
1.29481329922925,1.32293662385328
1.36530191365732,1.32293662385328
1.10036936479616,1.32293662385328
1.10036936479616,1.32293662385328
1.10036936479616,1.32293662385328
1.10036936479616,1.32293662385328
1.10036936479616,1.32293662385328
1.2517761376412,1.32293662385328
1.2517761376412,1.32293662385328
1.2517761376412,1.13670125224107
1.2517761376412,1.13670125224107
1.2517761376412,1.13670125224107
1.2517761376412,1.13670125224107
1.2517761376412,1.13670125224107
1.2517761376412,1.13670125224107
1.2517761376412,1.13670125224107
1.04516550387214,1.13670125224107
1.04516550387214,1.29905984817745
1.04516550387214,1.29905984817745
1.04516550387214,1.29905984817745
1.04516550387214,1.30047074496248
1.04516550387214,1.30047074496248
1.04516550387214,1.30047074496248
1.04516550387214,1.30047074496248
1.04516550387214,1.30047074496248
1.04516550387214,1.30047074496248
1.04516550387214,1.30047074496248
1.04516550387214,1.30047074496248
1.04516550387214,1.30047074496248
1.04516550387214,1.30047074496248
1.04516550387214,1.30047074496248
1.04516550387214,1.30047074496248
1.04516550387214,1.13721954383645
1.04516550387214,1.50166831345761
1.08818665943669,1.50166831345761
1.08818665943669,1.50166831345761
1.08818665943669,1.1896302675646
1.08818665943669,1.1896302675646
0.952971636334479,1.63656022651865
1.02934967657036,1.63656022651865
1.02934967657036,1.63656022651865
1.24257689883115,1.63656022651865
1.24257689883115,1.63656022651865
1.24257689883115,1.63656022651865
1.20941876662259,1.63656022651865
1.07154937796924,1.63656022651865
1.33595411869623,1.63656022651865
1.33595411869623,1.63656022651865
1.33595411869623,1.63656022651865
1.33595411869623,1.63656022651865
1.39292803991812,1.63656022651865
1.39292803991812,1.63656022651865
1.39292803991812,1.63656022651865
1.39292803991812,1.63656022651865
1.39292803991812,1.63656022651865
1.38860805854928,1.63656022651865
1.38860805854928,1.63656022651865
1.38860805854928,1.63656022651865
1.38860805854928,1.53659266861849
1.38860805854928,1.53659266861849
1.38860805854928,1.53659266861849
1.38860805854928,1.53659266861849
1.16103264110551,1.57964974859205
1.16103264110551,1.57964974859205
1.16103264110551,1.57964974859205
1.16103264110551,1.57964974859205
1.16103264110551,1.57964974859205
1.16103264110551,1.57794740911664
1.16103264110551,1.57794740911664
1.16103264110551,1.52698580525887
1.16103264110551,1.52698580525887
1.16103264110551,1.52698580525887
1.16103264110551,1.52698580525887
1.16103264110551,1.52698580525887
1.16103264110551,1.52698580525887
1.16103264110551,1.52698580525887
1.16103264110551,1.52698580525887
1.16103264110551,1.52698580525887
1.16103264110551,1.36721098704169
1.16103264110551,1.36721098704169
1.16103264110551,1.36721098704169
1.16103264110551,1.36721098704169
1.16103264110551,1.36721098704169
1.16103264110551,1.36721098704169
1.16103264110551,1.36721098704169
1.16103264110551,1.36721098704169
1.16103264110551,1.36721098704169
1.16103264110551,1.36721098704169
1.16103264110551,1.36721098704169
1.16103264110551,1.36721098704169
1.16103264110551,1.36721098704169
1.12729400426539,1.36721098704169
1.12729400426539,1.36721098704169
1.12729400426539,1.36721098704169
1.12729400426539,1.36721098704169
1.12729400426539,1.36721098704169
1.12729400426539,1.36721098704169
1.12729400426539,1.36721098704169
1.12729400426539,1.36721098704169
1.12729400426539,1.36721098704169
1.12729400426539,1.36721098704169
1.12729400426539,1.36721098704169
0.998775783483635,1.36721098704169
0.992605797729733,1.36721098704169
0.992605797729733,1.36721098704169
0.992605797729733,1.36721098704169
0.992605797729733,1.36721098704169
0.992605797729733,1.36721098704169
0.992605797729733,1.5397359125152
0.992605797729733,1.5397359125152
0.992605797729733,1.5397359125152
0.992605797729733,1.5397359125152
0.992605797729733,1.5397359125152
0.992605797729733,1.5397359125152
0.992605797729733,1.5397359125152
0.992605797729733,1.5397359125152
0.992605797729733,1.5397359125152
0.992549408465549,1.5397359125152
0.992549408465549,1.5397359125152
0.992549408465549,1.5397359125152
0.992549408465549,1.5397359125152
0.992549408465549,1.41418490698125
0.964015482685361,1.33117583955396
0.964015482685361,1.33117583955396
0.964015482685361,1.12872972608483
0.964015482685361,1.68919871623366
0.889359100147054,1.49343819071483
0.889359100147054,1.49343819071483
0.889359100147054,1.49343819071483
1.39855795706156,1.49343819071483
1.39855795706156,1.49343819071483
1.39855795706156,1.49343819071483
1.39855795706156,1.22185016751885
1.34280494112212,1.22185016751885
1.34280494112212,1.22185016751885
1.34280494112212,1.22185016751885
1.34280494112212,1.22185016751885
1.34280494112212,1.22185016751885
1.34280494112212,1.22185016751885
1.34280494112212,1.22185016751885
1.34280494112212,1.22185016751885
1.34280494112212,1.22185016751885
1.34280494112212,1.22185016751885
1.34280494112212,1.22185016751885
1.34280494112212,1.22185016751885
1.34280494112212,1.22185016751885
1.0686954728204,1.22185016751885
1.0686954728204,1.22185016751885
1.0686954728204,1.22185016751885
1.0686954728204,1.22185016751885
1.24639600076877,1.22185016751885
1.11099890627729,1.22185016751885
1.11099890627729,1.22185016751885
1.11099890627729,1.22185016751885
1.11099890627729,1.22185016751885
1.11099890627729,1.22185016751885
1.11099890627729,1.22185016751885
1.11099890627729,1.22185016751885
1.03308618275852,1.22185016751885
1.03308618275852,1.22185016751885
1.03308618275852,1.22185016751885
1.03308618275852,1.47940603457307
1.03308618275852,1.47940603457307
1.03308618275852,1.47940603457307
1.03308618275852,1.47940603457307
1.03308618275852,1.44756038236318
1.03308618275852,1.5318726498868
1.03308618275852,1.5318726498868
1.03308618275852,1.5318726498868
1.03308618275852,1.5318726498868
1.03308618275852,1.5318726498868
1.03308618275852,1.5318726498868
1.03308618275852,1.5318726498868
1.22970385363502,1.5318726498868
1.22970385363502,1.5318726498868
1.22970385363502,1.5318726498868
1.22970385363502,1.5318726498868
0.928329681131138,1.5318726498868
0.928329681131138,1.5318726498868
0.928329681131138,1.5318726498868
0.928329681131138,1.43895556257406
0.928329681131138,1.34230495706906
0.928329681131138,1.34230495706906
0.928329681131138,1.34230495706906
0.928329681131138,1.34230495706906
0.928329681131138,1.34230495706906
0.928329681131138,1.34230495706906
0.928329681131138,1.34230495706906
0.928329681131138,1.34230495706906
0.928329681131138,1.34230495706906
0.928329681131138,1.34230495706906
0.928329681131138,1.34230495706906
0.928329681131138,1.34230495706906
0.87803272099077,1.34230495706906
1.04472777075929,1.34230495706906
1.04472777075929,1.34230495706906
1.04472777075929,1.34230495706906
1.04472777075929,1.34230495706906
0.944796962901968,1.34230495706906
0.944796962901968,1.34230495706906
0.944796962901968,1.34230495706906
0.855081701881307,1.34230495706906
0.855081701881307,1.34230495706906
0.855081701881307,1.34230495706906
1.10402780487533,1.34230495706906
1.10402780487533,1.34230495706906
1.10402780487533,1.34230495706906
1.10402780487533,1.28994711395933
1.10402780487533,1.28994711395933
1.10402780487533,1.28994711395933
1.10402780487533,1.28994711395933
1.10402780487533,1.53351447447576
1.10402780487533,1.53351447447576
1.10402780487533,1.20400263160496
1.10402780487533,1.20400263160496
1.10402780487533,1.20400263160496
1.10402780487533,1.20400263160496
1.10402780487533,1.20400263160496
1.10402780487533,1.20400263160496
1.10402780487533,1.20400263160496
1.10402780487533,1.20400263160496
1.10402780487533,1.20400263160496
1.10402780487533,1.20400263160496
1.10402780487533,1.20400263160496
1.10402780487533,1.31240481811943
1.10402780487533,1.31240481811943
1.10402780487533,1.31240481811943
1.10402780487533,1.31240481811943
1.10402780487533,1.31240481811943
1.10402780487533,1.31240481811943
1.10402780487533,1.33425728618544
1.10402780487533,1.33425728618544
1.10402780487533,1.33425728618544
1.10402780487533,1.33425728618544
1.10402780487533,1.33425728618544
1.10402780487533,1.33425728618544
1.10402780487533,1.33425728618544
1.10402780487533,1.33425728618544
1.10402780487533,1.33425728618544
1.10402780487533,1.33425728618544
1.10402780487533,1.33425728618544
1.10402780487533,1.33425728618544
1.10402780487533,1.33425728618544
1.10402780487533,1.33425728618544
1.10402780487533,1.33425728618544
0.901371822546701,1.33425728618544
0.901371822546701,1.33425728618544
0.901371822546701,1.33425728618544
0.901371822546701,1.33425728618544
0.901371822546701,1.33425728618544
0.901371822546701,1.33425728618544
0.901371822546701,1.33425728618544
0.901371822546701,1.33425728618544
0.901371822546701,1.33425728618544
0.901371822546701,1.33425728618544
0.901371822546701,1.33425728618544
0.901371822546701,1.33425728618544
0.901371822546701,1.1491939204678
0.901371822546701,1.41717317221938
0.901371822546701,1.41717317221938
0.901371822546701,1.41717317221938
0.901371822546701,1.41717317221938
0.901371822546701,1.41717317221938
0.901371822546701,1.41717317221938
0.901371822546701,1.41717317221938
0.901371822546701,1.41717317221938
1.21882645573804,1.18799362097276
1.21882645573804,1.61626116674255
1.21882645573804,1.61626116674255
1.21882645573804,1.61626116674255
1.21882645573804,1.61626116674255
1.21882645573804,1.61626116674255
1.21882645573804,1.61626116674255
1.21882645573804,1.61626116674255
1.21882645573804,1.14054195594574
1.21882645573804,1.14054195594574
1.21882645573804,1.36566282479125
1.21882645573804,1.36566282479125
0.882185385593904,1.36566282479125
0.882185385593904,1.36566282479125
0.882185385593904,1.36566282479125
0.882185385593904,1.36566282479125
0.882185385593904,1.36566282479125
1.18894399387343,1.36566282479125
1.18894399387343,1.21107222691615
1.18894399387343,1.21609590110693
1.18894399387343,1.21609590110693
1.18894399387343,1.21609590110693
1.18894399387343,1.21609590110693
1.18894399387343,1.24210585655461
1.18894399387343,1.24210585655461
1.1592050796174,1.36384894355727
1.1592050796174,1.36384894355727
1.1592050796174,1.36384894355727
1.1592050796174,1.36384894355727
1.1592050796174,1.36384894355727
1.1592050796174,1.44649052572762
0.929381728887777,1.44649052572762
0.929381728887777,1.44649052572762
0.929381728887777,1.44649052572762
0.929381728887777,1.44649052572762
0.929381728887777,1.44649052572762
0.929381728887777,1.44649052572762
0.791839205365834,1.44649052572762
1.27001215055944,1.44649052572762
1.27001215055944,1.44649052572762
1.27001215055944,1.44649052572762
0.859698312847548,1.44649052572762
0.859698312847548,1.44649052572762
1.32402384497264,1.44649052572762
1.32402384497264,1.44649052572762
1.32402384497264,1.44649052572762
1.32402384497264,1.44649052572762
1.32402384497264,1.44649052572762
1.32402384497264,1.44649052572762
1.32402384497264,1.44649052572762
1.32402384497264,1.44649052572762
1.32402384497264,1.44649052572762
1.32402384497264,1.44649052572762
1.32402384497264,1.44649052572762
1.32402384497264,1.44649052572762
1.32402384497264,1.44649052572762
1.32402384497264,1.44649052572762
1.32402384497264,1.44649052572762
1.32402384497264,1.44649052572762
1.32402384497264,1.44649052572762
1.32402384497264,1.44649052572762
1.32402384497264,1.44649052572762
1.26052931998332,1.44649052572762
1.26052931998332,1.44649052572762
0.947778558187504,1.44649052572762
0.947778558187504,1.44649052572762
0.947778558187504,1.44649052572762
0.947778558187504,1.44649052572762
0.947778558187504,1.44649052572762
0.947778558187504,1.44649052572762
1.16192833321045,1.44649052572762
1.16192833321045,1.44649052572762
1.00086821620065,1.44649052572762
1.00086821620065,1.44649052572762
1.00086821620065,1.56488446942805
1.00086821620065,1.56488446942805
1.00086821620065,1.56488446942805
1.00086821620065,1.56488446942805
0.978138752183301,1.56488446942805
0.978138752183301,1.56488446942805
0.978138752183301,1.56488446942805
0.978138752183301,1.56488446942805
0.978138752183301,1.56488446942805
0.978138752183301,1.56488446942805
0.978138752183301,1.56488446942805
0.978138752183301,1.56488446942805
0.978138752183301,1.56488446942805
1.01586435515411,1.56488446942805
1.01586435515411,1.39865704809572
1.01586435515411,1.39865704809572
1.01586435515411,1.39865704809572
1.01586435515411,1.39865704809572
1.01586435515411,1.39865704809572
1.01586435515411,1.39865704809572
1.01586435515411,1.39865704809572
1.01586435515411,1.39865704809572
1.01586435515411,1.39865704809572
1.01586435515411,1.39865704809572
1.01586435515411,1.39865704809572
1.01586435515411,1.39865704809572
1.01586435515411,1.39865704809572
1.01586435515411,1.39865704809572
1.01586435515411,1.39865704809572
1.01586435515411,1.39865704809572
1.01586435515411,1.39865704809572
1.01586435515411,1.39865704809572
1.01586435515411,1.39865704809572
1.01586435515411,1.39865704809572
1.0307010357656,1.39865704809572
1.0307010357656,1.39865704809572
1.0307010357656,1.77113981030652
1.0307010357656,1.77113981030652
1.0307010357656,1.39185230412777
1.0307010357656,1.39185230412777
1.0307010357656,1.39185230412777
1.0307010357656,1.39185230412777
1.0307010357656,1.39185230412777
1.0307010357656,1.39185230412777
1.0307010357656,1.39185230412777
1.0307010357656,1.39185230412777
1.0307010357656,1.39185230412777
1.0307010357656,1.39185230412777
1.0307010357656,1.39185230412777
1.0307010357656,1.39185230412777
1.0307010357656,1.39185230412777
1.0307010357656,1.36617813289849
1.0307010357656,1.36617813289849
1.0307010357656,1.36617813289849
1.0307010357656,1.36617813289849
1.0307010357656,1.36617813289849
1.0307010357656,1.36617813289849
1.0307010357656,1.36617813289849
1.0307010357656,1.36617813289849
1.0307010357656,1.36617813289849
1.02420009313901,1.78684710914732
1.02420009313901,1.78684710914732
1.02420009313901,1.78684710914732
1.02420009313901,1.78684710914732
1.02420009313901,1.78684710914732
1.02420009313901,1.78684710914732
1.02420009313901,1.78684710914732
1.02420009313901,1.78684710914732
1.02420009313901,1.78684710914732
1.02420009313901,1.78684710914732
1.02420009313901,1.78684710914732
1.02420009313901,1.30118237974055
1.02420009313901,1.21410048730401
1.02420009313901,1.21410048730401
1.02420009313901,1.21410048730401
1.02420009313901,1.68963801403104
1.02420009313901,1.4761482676932
1.02420009313901,1.4761482676932
1.02420009313901,1.4761482676932
1.15128927740341,1.4761482676932
1.15128927740341,1.4761482676932
1.15128927740341,1.4761482676932
1.15128927740341,1.4761482676932
1.15128927740341,1.4761482676932
1.15128927740341,1.4761482676932
1.15128927740341,1.4761482676932
1.15128927740341,1.4761482676932
1.15128927740341,1.4761482676932
1.15128927740341,1.4761482676932
1.15128927740341,1.4761482676932
1.15128927740341,1.4761482676932
1.15128927740341,1.4761482676932
1.15128927740341,1.4761482676932
1.15128927740341,1.4761482676932
1.15128927740341,1.4761482676932
1.15128927740341,1.4761482676932
1.15128927740341,1.4761482676932
1.15128927740341,1.4761482676932
1.15128927740341,1.4761482676932
1.15128927740341,1.4761482676932
1.15128927740341,1.4761482676932
0.952216662117864,1.4761482676932
0.952216662117864,1.4761482676932
0.952216662117864,1.4761482676932
0.952216662117864,1.4761482676932
0.952216662117864,1.4761482676932
0.952216662117864,1.4761482676932
0.952216662117864,1.4761482676932
0.952216662117864,1.4761482676932
0.952216662117864,1.4761482676932
0.952216662117864,1.4761482676932
0.952216662117864,1.4761482676932
0.928045419439515,1.4761482676932
0.928045419439515,1.16110263709803
0.928045419439515,1.16110263709803
0.928045419439515,1.16110263709803
0.928045419439515,1.16110263709803
0.928045419439515,1.16110263709803
0.928045419439515,1.16110263709803
0.928045419439515,1.16110263709803
0.93972225736789,1.46007018530266
0.93972225736789,1.46007018530266
0.93972225736789,1.23931825570312
0.93972225736789,1.23931825570312
0.93972225736789,1.23931825570312
0.93972225736789,1.23931825570312
0.93972225736789,1.23931825570312
0.93972225736789,1.23931825570312
0.93972225736789,1.23931825570312
0.93972225736789,1.23931825570312
0.93972225736789,1.23931825570312
0.896097950850645,1.23931825570312
0.896097950850645,1.70895244773974
0.896097950850645,1.43157154507811
0.896097950850645,1.39496418779893
0.896097950850645,1.39496418779893
0.896097950850645,1.39496418779893
0.896097950850645,1.36097035299163
0.896097950850645,1.36097035299163
0.896097950850645,1.36097035299163
0.896097950850645,1.36097035299163
0.896097950850645,1.36097035299163
0.896097950850645,1.36097035299163
0.911873511310798,1.36097035299163
0.911873511310798,1.36097035299163
0.911873511310798,1.36097035299163
0.911873511310798,1.36097035299163
1.079837103017,1.36097035299163
1.079837103017,1.36097035299163
1.079837103017,1.36097035299163
1.079837103017,1.36097035299163
1.079837103017,1.36097035299163
1.079837103017,1.36097035299163
1.079837103017,1.53008886853666
1.079837103017,1.53008886853666
1.079837103017,1.53008886853666
1.079837103017,1.53008886853666
1.11724256865719,1.53008886853666
1.11724256865719,1.53008886853666
1.11724256865719,1.53008886853666
1.01116218191765,1.53008886853666
1.01116218191765,1.53008886853666
1.01116218191765,1.53008886853666
1.01116218191765,1.53008886853666
1.01116218191765,1.53008886853666
1.01116218191765,1.53008886853666
1.01116218191765,1.53008886853666
1.01116218191765,1.53008886853666
1.06192278087362,1.57277491997109
0.995841464783921,1.57277491997109
1.05604731310481,1.57277491997109
1.05604731310481,1.57277491997109
1.05604731310481,1.20447318557364
1.05604731310481,1.20447318557364
1.05604731310481,1.20447318557364
1.05604731310481,1.19382515834589
1.05604731310481,1.19382515834589
1.05604731310481,1.19382515834589
1.05604731310481,1.26713960268032
1.05604731310481,1.18580878749073
1.08109861860731,1.18580878749073
1.15929622989414,1.18580878749073
1.15929622989414,1.18580878749073
1.15929622989414,1.18580878749073
1.15929622989414,1.18580878749073
1.15929622989414,1.18580878749073
1.15929622989414,1.18580878749073
1.12100009070807,1.18580878749073
1.12100009070807,1.18580878749073
1.12100009070807,1.18580878749073
1.12100009070807,1.18580878749073
1.12100009070807,1.18580878749073
1.12100009070807,1.18580878749073
1.12100009070807,1.18580878749073
1.12100009070807,1.18580878749073
1.12100009070807,1.18580878749073
1.12100009070807,1.18580878749073
1.02866236663644,1.18580878749073
1.02866236663644,1.18580878749073
1.02866236663644,1.18580878749073
1.02866236663644,1.18580878749073
1.02866236663644,1.44519473793634
1.02866236663644,1.44519473793634
0.999612296107012,1.44519473793634
0.863929682823895,1.44519473793634
0.863929682823895,1.44519473793634
1.02828667382102,1.42317401792953
1.02828667382102,1.42317401792953
1.02828667382102,1.42317401792953
1.02828667382102,1.42317401792953
1.02828667382102,1.42437816303699
1.02828667382102,1.42437816303699
1.02828667382102,1.42437816303699
1.05091802423756,1.42437816303699
1.05091802423756,1.42437816303699
1.05091802423756,1.42437816303699
0.935276238205646,1.42437816303699
0.935276238205646,1.42437816303699
0.935276238205646,1.42437816303699
0.935276238205646,1.42437816303699
0.935276238205646,1.42437816303699
0.935276238205646,1.42437816303699
0.935276238205646,1.42437816303699
0.935276238205646,1.42437816303699
0.935276238205646,1.42437816303699
0.963248819655418,1.42437816303699
0.963248819655418,1.72023597940621
0.963248819655418,1.72023597940621
0.963248819655418,1.72023597940621
0.963248819655418,1.72023597940621
1.1118087994864,1.72023597940621
1.1118087994864,1.72023597940621
0.981064270146995,1.72023597940621
0.981064270146995,1.72023597940621
0.981064270146995,1.72023597940621
0.981064270146995,1.72023597940621
0.981064270146995,1.72023597940621
0.981064270146995,1.72023597940621
0.981064270146995,1.72023597940621
0.981064270146995,1.72023597940621
0.981064270146995,1.72023597940621
0.981064270146995,1.72023597940621
0.981064270146995,1.72023597940621
1.06098377355122,1.72023597940621
1.06098377355122,1.72023597940621
1.06098377355122,1.75128588090553
1.06098377355122,1.75128588090553
1.06098377355122,1.75128588090553
1.06098377355122,1.75128588090553
1.06098377355122,1.75128588090553
1.06098377355122,1.75128588090553
1.06098377355122,1.75128588090553
1.06098377355122,1.75128588090553
1.06098377355122,1.75128588090553
1.06098377355122,1.75128588090553
1.06098377355122,1.75128588090553
1.06098377355122,1.75128588090553
1.0516611798487,1.75128588090553
1.0516611798487,1.75128588090553
1.0516611798487,1.75128588090553
1.0516611798487,1.75128588090553
1.0516611798487,1.75128588090553
1.0516611798487,1.75128588090553
1.0516611798487,1.75128588090553
1.0516611798487,1.75128588090553
1.0516611798487,1.75128588090553
1.0516611798487,1.75128588090553
1.0516611798487,1.75128588090553
1.0516611798487,1.75128588090553
1.0516611798487,1.75128588090553
1.0516611798487,1.75128588090553
1.0516611798487,1.75128588090553
1.0516611798487,1.75128588090553
1.0516611798487,1.75128588090553
1.0516611798487,1.75128588090553
1.0516611798487,1.72774149081578
1.0516611798487,1.72774149081578
1.0516611798487,1.72774149081578
1.0516611798487,1.72774149081578
1.0516611798487,1.5425631482311
1.0516611798487,1.5425631482311
1.0516611798487,1.5425631482311
1.0516611798487,1.5425631482311
1.06321081730112,1.5425631482311
1.06321081730112,1.5425631482311
1.06321081730112,1.5425631482311
1.06321081730112,1.5425631482311
1.06321081730112,1.5425631482311
1.06321081730112,1.5425631482311
1.06321081730112,1.50745284736923
1.06321081730112,1.50745284736923
1.06321081730112,1.50745284736923
1.06321081730112,1.50745284736923
1.06321081730112,1.50745284736923
1.06321081730112,1.50745284736923
1.06321081730112,1.50745284736923
1.06321081730112,1.50745284736923
1.06321081730112,1.50745284736923
1.06321081730112,1.50745284736923
1.06321081730112,1.50745284736923
1.06321081730112,1.50745284736923
1.06321081730112,1.50745284736923
1.05855711464003,1.50745284736923
1.05855711464003,1.50745284736923
0.984053931939292,1.50745284736923
1.02209081836072,1.50745284736923
1.02209081836072,1.50745284736923
1.02209081836072,1.50745284736923
1.02209081836072,1.50745284736923
1.02209081836072,1.50745284736923
1.02209081836072,1.50745284736923
1.02209081836072,1.50745284736923
1.02209081836072,1.50745284736923
1.02209081836072,1.50745284736923
1.02209081836072,1.50745284736923
1.02209081836072,1.50745284736923
1.02209081836072,1.50745284736923
1.02209081836072,1.50745284736923
1.02209081836072,1.50745284736923
1.02209081836072,1.50745284736923
1.02209081836072,1.50745284736923
1.02209081836072,1.50745284736923
1.02209081836072,1.50745284736923
1.02209081836072,1.50745284736923
1.02209081836072,1.50745284736923
0.92891010712265,1.50745284736923
0.92891010712265,1.50745284736923
0.92891010712265,1.50745284736923
0.92891010712265,1.50745284736923
0.92891010712265,1.50745284736923
0.92891010712265,1.50745284736923
0.92891010712265,1.50745284736923
0.92891010712265,1.50745284736923
1.1835992682858,1.50745284736923
1.1835992682858,1.50745284736923
1.1835992682858,1.50745284736923
1.1835992682858,1.50745284736923
1.1835992682858,1.50745284736923
1.1835992682858,1.50745284736923
1.1835992682858,1.50745284736923
1.1835992682858,1.50745284736923
1.1835992682858,1.50745284736923
1.1835992682858,1.50745284736923
0.990851371896286,1.50745284736923
0.990851371896286,1.50745284736923
0.990851371896286,1.50745284736923
0.990851371896286,1.50745284736923
0.990851371896286,1.50745284736923
0.990851371896286,1.50745284736923
0.862938422745713,1.50745284736923
0.936490487315355,1.50745284736923
0.936490487315355,1.50745284736923
0.936490487315355,1.50745284736923
0.936490487315355,1.50745284736923
0.936490487315355,1.50745284736923
0.936490487315355,1.50745284736923
0.936490487315355,1.50745284736923
0.936490487315355,1.50745284736923
0.936490487315355,1.50745284736923
0.936490487315355,1.50745284736923
0.936490487315355,1.50745284736923
0.936490487315355,1.50745284736923
0.936490487315355,1.50745284736923
0.936490487315355,1.50745284736923
0.936490487315355,1.50745284736923
0.936490487315355,1.50745284736923
0.936490487315355,1.50745284736923
0.936490487315355,1.32298677608061
0.936490487315355,1.32298677608061
0.98803178722242,1.68169171712333
0.98803178722242,1.68169171712333
0.98803178722242,1.68169171712333
0.98803178722242,1.68169171712333
0.98803178722242,1.68169171712333
0.98803178722242,1.68169171712333
0.98803178722242,1.68169171712333
0.98803178722242,1.68169171712333
0.98803178722242,1.68169171712333
0.920985268590868,1.68169171712333
0.920985268590868,1.68169171712333
0.920985268590868,1.68169171712333
0.920985268590868,1.19718933064485
0.920985268590868,1.19718933064485
0.920985268590868,1.19718933064485
0.920985268590868,1.19718933064485
1.30678105575902,1.19718933064485
1.30678105575902,1.19718933064485
1.30678105575902,1.19718933064485
1.30678105575902,1.19718933064485
1.28158703982339,1.19718933064485
1.28158703982339,1.19718933064485
1.28158703982339,1.19718933064485
1.28158703982339,1.19718933064485
1.28158703982339,1.37159590533168
1.28158703982339,1.37159590533168
0.860169829404408,1.37159590533168
0.860169829404408,1.37159590533168
0.860169829404408,1.37159590533168
0.860169829404408,1.37159590533168
1.19299431454091,1.37159590533168
1.19299431454091,1.37159590533168
1.19299431454091,1.37159590533168
1.19299431454091,1.37159590533168
1.19299431454091,1.37159590533168
1.19299431454091,1.37159590533168
1.10039644481098,1.37159590533168
1.10039644481098,1.37159590533168
1.10039644481098,1.37159590533168
1.10039644481098,1.37159590533168
1.10039644481098,1.37159590533168
1.10039644481098,1.37159590533168
1.10039644481098,1.37159590533168
1.14602930823486,1.37159590533168
1.14602930823486,1.37159590533168
1.14602930823486,1.37159590533168
1.14602930823486,1.37159590533168
1.16832116324806,1.37159590533168
1.16832116324806,1.37159590533168
1.12808232036995,1.37159590533168
1.1562422503336,1.37159590533168
1.1562422503336,1.37159590533168
1.1562422503336,1.77598512225888
1.1562422503336,1.77598512225888
1.1562422503336,1.77598512225888
1.1562422503336,1.40435094926079
1.1562422503336,1.40435094926079
1.1562422503336,1.40435094926079
1.1562422503336,1.40435094926079
1.1562422503336,1.40435094926079
1.1562422503336,1.40435094926079
1.1562422503336,1.40435094926079
1.1562422503336,1.40435094926079
1.33184317192454,1.40435094926079
1.33184317192454,1.40435094926079
1.33184317192454,1.40435094926079
0.938302282158032,1.40435094926079
0.938302282158032,1.40435094926079
0.938302282158032,1.40435094926079
0.938302282158032,1.40435094926079
1.56528821026262,1.40435094926079
1.56528821026262,1.40435094926079
1.56528821026262,1.40435094926079
1.56528821026262,1.40435094926079
1.56528821026262,1.40435094926079
1.23494889466665,1.40435094926079
1.23494889466665,1.32214966994246
1.23494889466665,1.32214966994246
1.23494889466665,1.53793320166918
1.23494889466665,1.53793320166918
1.23494889466665,1.56178389415364
1.23494889466665,1.56178389415364
1.23494889466665,1.56178389415364
1.23494889466665,1.56178389415364
1.23494889466665,1.56178389415364
1.23494889466665,1.56178389415364
1.23494889466665,1.68509223282188
1.23494889466665,1.68509223282188
1.23494889466665,1.68509223282188
1.23494889466665,1.11108802803209
1.23494889466665,1.11108802803209
1.23494889466665,1.11108802803209
1.23494889466665,1.11108802803209
1.23494889466665,1.11108802803209
1.23494889466665,1.11108802803209
1.23494889466665,1.28625620734773
1.23494889466665,1.28625620734773
1.23494889466665,1.28625620734773
1.23494889466665,1.28625620734773
1.23494889466665,1.28625620734773
1.23494889466665,1.28625620734773
1.23494889466665,1.28625620734773
1.23494889466665,1.31503750913601
1.23494889466665,1.51326549842914
1.23494889466665,1.65060485098952
1.23494889466665,1.65060485098952
1.23494889466665,1.65060485098952
1.23494889466665,1.65060485098952
1.23494889466665,1.65060485098952
1.23494889466665,1.65060485098952
1.23494889466665,1.65060485098952
1.23494889466665,1.65060485098952
1.23494889466665,1.65060485098952
1.23494889466665,1.65060485098952
1.23494889466665,1.65060485098952
1.23494889466665,1.25888375743062
1.23494889466665,1.25888375743062
1.23494889466665,1.25888375743062
1.23494889466665,1.25888375743062
1.23494889466665,1.25888375743062
1.23494889466665,1.25888375743062
1.23494889466665,1.25888375743062
1.26574580829048,1.76026038682667
1.26574580829048,1.76026038682667
1.26574580829048,1.76026038682667
1.26574580829048,1.76026038682667
1.26574580829048,1.76026038682667
1.26574580829048,1.16488781811014
1.40173066922555,1.16488781811014
1.40173066922555,1.16488781811014
1.40173066922555,1.16488781811014
1.40173066922555,1.16488781811014
1.20852759305175,1.16488781811014
1.27582806040583,1.16488781811014
1.27582806040583,1.16488781811014
1.2349640832059,1.16488781811014
1.2349640832059,1.16488781811014
1.2349640832059,1.16488781811014
1.2349640832059,1.16488781811014
1.2349640832059,1.16488781811014
1.2349640832059,1.16313043912997
1.2349640832059,1.16313043912997
1.2349640832059,1.16313043912997
1.2349640832059,1.7010237401383
1.2349640832059,1.7010237401383
1.2349640832059,1.17185439230611
1.2349640832059,1.17185439230611
1.2349640832059,1.17185439230611
1.2349640832059,1.30889866281798
1.2349640832059,1.30889866281798
1.2349640832059,1.30889866281798
1.2349640832059,1.30889866281798
1.2349640832059,1.30889866281798
1.2349640832059,1.30889866281798
1.2349640832059,1.30889866281798
1.2349640832059,1.30889866281798
1.2349640832059,1.30889866281798
1.2349640832059,1.30889866281798
1.2349640832059,1.30889866281798
1.2349640832059,1.30889866281798
1.2349640832059,1.30889866281798
1.2349640832059,1.39390969118979
1.2349640832059,1.39390969118979
1.09619767236502,1.39390969118979
1.09619767236502,1.39390969118979
1.09619767236502,1.39390969118979
1.09619767236502,1.39390969118979
1.09619767236502,1.39390969118979
1.09619767236502,1.39390969118979
1.09619767236502,1.39390969118979
1.09619767236502,1.1948651313908
1.0556163456016,1.1948651313908
1.0556163456016,1.1948651313908
1.0556163456016,1.1948651313908
1.0556163456016,1.1948651313908
1.0556163456016,1.1948651313908
1.0556163456016,1.06861383103673
1.28949229553405,1.06861383103673
1.28949229553405,1.26072538402733
1.28949229553405,1.26072538402733
1.28949229553405,1.26072538402733
1.28949229553405,1.26072538402733
1.28949229553405,1.26072538402733
1.28949229553405,1.26072538402733
1.28949229553405,1.26072538402733
1.28949229553405,1.26072538402733
1.28949229553405,1.28509753021244
1.28949229553405,1.28509753021244
1.28949229553405,1.2445350001413
1.28949229553405,1.43403600749688
0.942256727949763,1.43403600749688
1.02480511297836,1.43403600749688
1.02480511297836,1.43403600749688
1.02480511297836,1.43403600749688
1.02480511297836,1.43403600749688
1.02480511297836,1.43403600749688
1.02480511297836,1.61967856672093
1.02480511297836,1.61967856672093
1.02480511297836,1.61967856672093
1.02480511297836,1.61967856672093
1.02480511297836,1.50058579656222
1.02480511297836,1.47054223882598
1.02480511297836,1.47054223882598
1.02480511297836,1.47054223882598
1.02480511297836,1.47054223882598
1.02480511297836,1.37860741986877
1.02480511297836,1.37860741986877
1.02480511297836,1.37860741986877
1.02480511297836,1.69569983022756
1.02480511297836,1.69569983022756
1.02480511297836,1.69569983022756
1.06463563182572,1.69569983022756
1.06463563182572,1.69569983022756
1.06463563182572,1.73897527741598
1.06463563182572,1.73897527741598
1.06463563182572,1.73897527741598
1.06463563182572,1.73897527741598
1.06463563182572,1.73897527741598
1.06463563182572,1.73897527741598
1.06463563182572,1.73897527741598
1.06463563182572,1.73897527741598
1.06463563182572,1.73897527741598
1.06463563182572,1.73897527741598
1.06463563182572,1.73897527741598
1.06463563182572,1.73897527741598
1.06463563182572,1.73897527741598
1.06463563182572,1.73897527741598
1.06463563182572,1.73897527741598
1.06463563182572,1.73897527741598
1.06463563182572,1.73897527741598
1.06463563182572,1.8989880029424
1.06463563182572,1.82987885276892
1.06463563182572,1.82987885276892
1.06463563182572,1.82987885276892
1.06463563182572,1.82987885276892
1.06463563182572,1.82987885276892
1.06463563182572,1.82987885276892
1.06463563182572,1.82987885276892
1.06463563182572,1.82987885276892
1.06463563182572,1.82987885276892
1.06463563182572,1.82987885276892
1.10200782869824,1.58683728045579
1.02775703717974,1.58683728045579
1.02775703717974,1.58683728045579
1.02775703717974,1.58683728045579
1.2104088369414,1.58683728045579
1.2104088369414,1.58683728045579
1.2104088369414,1.58683728045579
1.2104088369414,1.58683728045579
1.2104088369414,1.58683728045579
1.2104088369414,1.58683728045579
1.2104088369414,1.64122156505825
1.36696274694309,1.64122156505825
1.36696274694309,1.64122156505825
1.36696274694309,1.64122156505825
1.36696274694309,1.64122156505825
1.64316926046202,1.77884684709402
1.64316926046202,1.77884684709402
1.64316926046202,1.48834006622203
1.64316926046202,1.48834006622203
1.64316926046202,1.48834006622203
1.62633956033328,1.48834006622203
1.62633956033328,1.48834006622203
1.62633956033328,1.48834006622203
1.62633956033328,1.48834006622203
1.62633956033328,1.48834006622203
1.62633956033328,1.48834006622203
1.10406550245056,1.48834006622203
1.10406550245056,1.48834006622203
1.10406550245056,1.48834006622203
1.10406550245056,1.48834006622203
1.10406550245056,1.48834006622203
1.10406550245056,1.48834006622203
1.10406550245056,1.48834006622203
1.10406550245056,1.32070700544712
1.10406550245056,1.32070700544712
1.10406550245056,1.32070700544712
1.13308893578292,1.32070700544712
1.13308893578292,1.32070700544712
1.13308893578292,1.32070700544712
1.13308893578292,1.32070700544712
1.13308893578292,1.32070700544712
1.13308893578292,1.32070700544712
1.13308893578292,1.32070700544712
1.13308893578292,1.32070700544712
1.13308893578292,1.32070700544712
1.04756554393227,1.32070700544712
1.04756554393227,1.32070700544712
1.04756554393227,1.32070700544712
1.04756554393227,1.35955219346248
1.04756554393227,1.35955219346248
1.04756554393227,1.35955219346248
1.04756554393227,1.35955219346248
1.08174732586062,1.35955219346248
1.08174732586062,1.54676373017372
1.08174732586062,1.54676373017372
1.08174732586062,1.54676373017372
1.08174732586062,1.54676373017372
1.08174732586062,1.54676373017372
1.29679260586689,1.54676373017372
1.25104144900961,1.54676373017372
1.25104144900961,1.54676373017372
1.25104144900961,1.54676373017372
1.25104144900961,1.54676373017372
1.25104144900961,1.54676373017372
1.25104144900961,1.54676373017372
1.25104144900961,1.54676373017372
1.25104144900961,1.33558802519359
1.25104144900961,1.33558802519359
1.25104144900961,1.33558802519359
1.25104144900961,1.33558802519359
1.25104144900961,1.33558802519359
1.25104144900961,1.33558802519359
1.25104144900961,1.33558802519359
1.25104144900961,1.33558802519359
1.25104144900961,1.33558802519359
1.25104144900961,1.33558802519359
1.25104144900961,1.33558802519359
1.25104144900961,1.33558802519359
1.25104144900961,1.33558802519359
1.25104144900961,1.33558802519359
1.25104144900961,1.33558802519359
1.25104144900961,1.33558802519359
1.25104144900961,1.33558802519359
1.25104144900961,1.33558802519359
1.29066567804615,1.41559596086817
1.29066567804615,1.41559596086817
1.29066567804615,1.41559596086817
1.29066567804615,1.41559596086817
1.29066567804615,1.41559596086817
1.29066567804615,1.41559596086817
1.29066567804615,1.41559596086817
1.29066567804615,1.41559596086817
1.29066567804615,1.41559596086817
1.29066567804615,1.41559596086817
1.29066567804615,1.41559596086817
1.29066567804615,1.41559596086817
1.29066567804615,1.41559596086817
1.29066567804615,1.35272045730906
1.29066567804615,1.45300602568956
1.29066567804615,1.45300602568956
1.29066567804615,1.45300602568956
1.24643005511355,1.45300602568956
1.24643005511355,1.45300602568956
1.24643005511355,1.45300602568956
1.24643005511355,1.45300602568956
1.24643005511355,1.45300602568956
1.24643005511355,1.45300602568956
1.24643005511355,1.40288823126716
1.24643005511355,1.24774291681405
1.24643005511355,1.24774291681405
1.24643005511355,1.24774291681405
1.24643005511355,1.24774291681405
1.24643005511355,1.24774291681405
1.24643005511355,1.24774291681405
1.24643005511355,1.24774291681405
1.24643005511355,1.24774291681405
1.24643005511355,1.52294037907708
1.22683152083092,1.52294037907708
1.22683152083092,1.52294037907708
1.16515784833612,1.52294037907708
1.16515784833612,1.52294037907708
1.10780847164433,1.52294037907708
1.10780847164433,1.52294037907708
1.10780847164433,1.49013947615048
1.10780847164433,1.49013947615048
1.10780847164433,1.49013947615048
1.27566711682909,1.49013947615048
1.27566711682909,1.49013947615048
1.27566711682909,1.49013947615048
1.27566711682909,1.49013947615048
1.3552235200792,1.86592131990497
1.3552235200792,1.86592131990497
1.3552235200792,1.86592131990497
1.3552235200792,1.51590816239083
1.3552235200792,1.51590816239083
1.3552235200792,1.8270318184609
1.3552235200792,1.8270318184609
1.37201338033944,1.41914195781747
1.37201338033944,1.41914195781747
1.37201338033944,1.65858234681665
1.37201338033944,1.65858234681665
1.37201338033944,1.57690323935789
1.37201338033944,1.57690323935789
1.37201338033944,1.57690323935789
1.37201338033944,1.57690323935789
1.23471732182956,1.57690323935789
1.23471732182956,1.57690323935789
1.23471732182956,1.57690323935789
1.23471732182956,1.57690323935789
1.23471732182956,1.57690323935789
1.23471732182956,1.57690323935789
1.23471732182956,1.57690323935789
1.23471732182956,1.57690323935789
1.23471732182956,1.57690323935789
1.23471732182956,1.55887639254433
1.23471732182956,1.55887639254433
1.23471732182956,1.55887639254433
1.28894440252515,1.55887639254433
1.28894440252515,1.55887639254433
1.28894440252515,1.55887639254433
1.28894440252515,1.55887639254433
1.28894440252515,1.55887639254433
1.04820685657455,1.55887639254433
1.11435018952905,1.55887639254433
1.11435018952905,1.55887639254433
1.11435018952905,1.58439397479852
1.11435018952905,1.58439397479852
1.11435018952905,1.58439397479852
1.11435018952905,1.58439397479852
1.11435018952905,1.60863119236174
1.4169270644299,1.60863119236174
1.4169270644299,1.60863119236174
1.4169270644299,1.60863119236174
1.31724917814628,1.61869723946382
1.08616245046786,1.61869723946382
1.08616245046786,1.61869723946382
1.08616245046786,1.61869723946382
1.08616245046786,1.67328614320338
1.08616245046786,1.67328614320338
1.08616245046786,1.67328614320338
1.08616245046786,1.67328614320338
1.08616245046786,1.67328614320338
1.08616245046786,1.67328614320338
1.31845853037575,1.67328614320338
1.31845853037575,1.67328614320338
1.31845853037575,1.67328614320338
1.31845853037575,1.67328614320338
1.31845853037575,1.67328614320338
1.31845853037575,1.67328614320338
1.31845853037575,1.67328614320338
1.31845853037575,1.67328614320338
1.31845853037575,1.67328614320338
1.31845853037575,1.67328614320338
1.31845853037575,1.67328614320338
1.31845853037575,1.67328614320338
1.31845853037575,1.67328614320338
1.31845853037575,1.67328614320338
1.31845853037575,1.67328614320338
1.31845853037575,1.67328614320338
1.31845853037575,1.67328614320338
1.31845853037575,1.67328614320338
1.31845853037575,1.67328614320338
1.31845853037575,1.67328614320338
1.31845853037575,1.67328614320338
1.31845853037575,1.67328614320338
1.31845853037575,1.67328614320338
1.31845853037575,1.48896016559659
1.31845853037575,1.48896016559659
1.31845853037575,1.48896016559659
1.31845853037575,1.48896016559659
1.31845853037575,1.48896016559659
1.31845853037575,1.48896016559659
1.09039291106176,1.48896016559659
1.14122065885249,1.48896016559659
1.14122065885249,1.48896016559659
1.14122065885249,1.48896016559659
1.14122065885249,1.48896016559659
1.14122065885249,1.48896016559659
1.14122065885249,1.44990610527686
1.14122065885249,1.44990610527686
1.14122065885249,1.44990610527686
1.14122065885249,1.44990610527686
1.14122065885249,1.44990610527686
1.14122065885249,1.44990610527686
1.14122065885249,1.44990610527686
1.14122065885249,1.44990610527686
1.14122065885249,1.27864127408768
1.14122065885249,1.27864127408768
1.14122065885249,1.27864127408768
1.02756712193299,1.27864127408768
1.02756712193299,1.27864127408768
1.02756712193299,1.27864127408768
1.02756712193299,1.27864127408768
1.02756712193299,1.27864127408768
1.02756712193299,1.27864127408768
1.02756712193299,1.27864127408768
1.02756712193299,1.27864127408768
1.02756712193299,1.27864127408768
1.02756712193299,1.27864127408768
1.02756712193299,1.27864127408768
1.02756712193299,1.27864127408768
1.02756712193299,1.27864127408768
1.02756712193299,1.27864127408768
1.02756712193299,1.27864127408768
1.02756712193299,1.27864127408768
1.02756712193299,1.27864127408768
1.29006801908264,1.27864127408768
1.29006801908264,1.27864127408768
1.29006801908264,1.27864127408768
1.29006801908264,1.27864127408768
1.29006801908264,1.27864127408768
1.29006801908264,1.27864127408768
1.16260874941199,1.27864127408768
1.16260874941199,1.27864127408768
1.16260874941199,1.27864127408768
1.16260874941199,1.27864127408768
1.16260874941199,1.27864127408768
1.16260874941199,1.07905110554228
1.16260874941199,1.07905110554228
1.16260874941199,1.07905110554228
1.16260874941199,1.07905110554228
1.16260874941199,1.07905110554228
1.16260874941199,1.15987253958885
1.11126496866229,1.15987253958885
1.11126496866229,1.15987253958885
1.11126496866229,1.15987253958885
1.11126496866229,1.15987253958885
1.11126496866229,1.15987253958885
1.11126496866229,1.15987253958885
1.11126496866229,1.03182415084302
1.11126496866229,1.03182415084302
1.11126496866229,1.03182415084302
1.11126496866229,1.03182415084302
1.11126496866229,1.03182415084302
1.11126496866229,1.03182415084302
1.11126496866229,1.03182415084302
1.11126496866229,1.03182415084302
1.11126496866229,1.03182415084302
1.11126496866229,1.03182415084302
1.11126496866229,1.03182415084302
1.11126496866229,1.3765937348761
1.11126496866229,1.3765937348761
1.11126496866229,1.3765937348761
1.11126496866229,1.3765937348761
1.11126496866229,1.3765937348761
1.11126496866229,1.3765937348761
1.11126496866229,1.3765937348761
1.11126496866229,1.19100030280573
1.11126496866229,1.19100030280573
1.11126496866229,1.19100030280573
1.11126496866229,1.19100030280573
1.10684385293419,1.19100030280573
1.10684385293419,1.19100030280573
1.10684385293419,1.35634667201587
1.10684385293419,1.31879260734131
1.39813113615538,1.31879260734131
1.39813113615538,1.51853793250403
1.39813113615538,1.51853793250403
1.39813113615538,1.51853793250403
1.39813113615538,1.51853793250403
1.39813113615538,1.51853793250403
1.39813113615538,1.51853793250403
1.39813113615538,1.51853793250403
1.39813113615538,1.51853793250403
1.39813113615538,1.51853793250403
1.39813113615538,1.51853793250403
1.39813113615538,1.26044098633221
1.39813113615538,1.26044098633221
1.20838946196984,1.26044098633221
1.20838946196984,1.26044098633221
1.20838946196984,1.41310263100653
1.20838946196984,1.41310263100653
1.20838946196984,1.41310263100653
1.16786965900989,1.41310263100653
1.16786965900989,1.41310263100653
1.18838816254831,1.41310263100653
1.18838816254831,1.41310263100653
1.18838816254831,1.41310263100653
1.18838816254831,1.41310263100653
1.18838816254831,1.41310263100653
1.18838816254831,1.41310263100653
1.18838816254831,1.41310263100653
1.18838816254831,1.41310263100653
1.15126512048688,1.93420274476745
1.15126512048688,1.93420274476745
1.15126512048688,1.40391425365347
1.15126512048688,1.40391425365347
1.15126512048688,1.40391425365347
1.15126512048688,1.40391425365347
1.15126512048688,1.40391425365347
1.15126512048688,1.40391425365347
1.15126512048688,1.40391425365347
1.15126512048688,1.40391425365347
1.15126512048688,1.38608243360208
1.15126512048688,1.38608243360208
1.15126512048688,1.38608243360208
1.15126512048688,1.38608243360208
1.15126512048688,1.38608243360208
1.15126512048688,1.38608243360208
1.15126512048688,1.38608243360208
1.15126512048688,1.38608243360208
1.15126512048688,1.38608243360208
1.15126512048688,1.38608243360208
1.15126512048688,1.38608243360208
1.15126512048688,1.38608243360208
1.09405830547808,1.38608243360208
1.09405830547808,1.38608243360208
1.09405830547808,1.38608243360208
1.09405830547808,1.38608243360208
1.09405830547808,1.38608243360208
1.09405830547808,1.38608243360208
1.09405830547808,1.38608243360208
1.09405830547808,1.38608243360208
1.13600197917952,1.38608243360208
1.13600197917952,1.38608243360208
1.13600197917952,1.38608243360208
1.13600197917952,1.38608243360208
1.13600197917952,1.38608243360208
1.13600197917952,1.38608243360208
1.13600197917952,1.38608243360208
1.13600197917952,1.38608243360208
1.13600197917952,1.38608243360208
1.13600197917952,1.38608243360208
1.13600197917952,1.38608243360208
1.13600197917952,1.2453327939744
1.13600197917952,1.2453327939744
1.13600197917952,1.2453327939744
1.13600197917952,1.2453327939744
1.13600197917952,1.25822262436164
1.13600197917952,1.25822262436164
1.13600197917952,1.25822262436164
1.13600197917952,1.25822262436164
1.13600197917952,1.25822262436164
1.13600197917952,1.36603840113265
1.13600197917952,1.36603840113265
1.13600197917952,1.22290667288339
1.13600197917952,1.22290667288339
1.13600197917952,1.19368384210718
1.40771839194056,1.19368384210718
1.04643459809031,1.19368384210718
1.14245495641068,1.19368384210718
1.14245495641068,1.19368384210718
1.14245495641068,1.19368384210718
1.14245495641068,1.19368384210718
1.14245495641068,1.19368384210718
1.14245495641068,1.17760298015575
1.14245495641068,1.24483219128259
1.14245495641068,1.24483219128259
1.14245495641068,1.24483219128259
1.14245495641068,1.21091182394579
1.14245495641068,1.63623076087671
1.14245495641068,1.63623076087671
1.14245495641068,1.63623076087671
1.14245495641068,1.63623076087671
1.14245495641068,1.63623076087671
1.14245495641068,0.953685396932628
1.14245495641068,1.14888828485642
1.14245495641068,1.14888828485642
1.14245495641068,1.14888828485642
1.14245495641068,1.24642007340497
1.14245495641068,1.24642007340497
1.14245495641068,1.24642007340497
1.14245495641068,1.24642007340497
1.14245495641068,1.24642007340497
1.14245495641068,1.24642007340497
1.14245495641068,1.24642007340497
1.16652026438907,1.24642007340497
1.16652026438907,1.24642007340497
1.16652026438907,1.24642007340497
1.16652026438907,1.24642007340497
1.16652026438907,1.24642007340497
1.16652026438907,1.24642007340497
1.16652026438907,1.24642007340497
1.16652026438907,1.24642007340497
1.16652026438907,1.24642007340497
1.16652026438907,1.24642007340497
1.16652026438907,1.24642007340497
1.16652026438907,1.24642007340497
1.16652026438907,1.24642007340497
1.16652026438907,1.24642007340497
1.16652026438907,1.24642007340497
1.16652026438907,1.24642007340497
1.16652026438907,1.24642007340497
1.16652026438907,1.24642007340497
1.16652026438907,1.24642007340497
1.16652026438907,1.24642007340497
1.16652026438907,1.24642007340497
1.16652026438907,1.24642007340497
1.16652026438907,1.24642007340497
1.16652026438907,1.24642007340497
1.16652026438907,1.24642007340497
1.16652026438907,1.24642007340497
1.08880826857658,1.24642007340497
1.08880826857658,1.24642007340497
1.08880826857658,1.24642007340497
1.08880826857658,1.24642007340497
1.08880826857658,1.24642007340497
1.08880826857658,1.24642007340497
1.11500796622413,1.24642007340497
1.11500796622413,1.24642007340497
1.11500796622413,1.24642007340497
1.11500796622413,1.24642007340497
1.11500796622413,1.24642007340497
1.10447985071553,1.24642007340497
1.10447985071553,1.24642007340497
1.10447985071553,1.3652847191426
1.10447985071553,1.3652847191426
1.10447985071553,1.3652847191426
1.10447985071553,1.3652847191426
1.10447985071553,1.3652847191426
1.09431403841855,1.3652847191426
1.09431403841855,1.33907310038299
1.25257783025406,1.33907310038299
1.25257783025406,1.33907310038299
1.25257783025406,1.33907310038299
1.25257783025406,1.33907310038299
1.25257783025406,1.33907310038299
1.25257783025406,1.33907310038299
1.25257783025406,1.33907310038299
1.25257783025406,1.33907310038299
1.25257783025406,1.33907310038299
1.25257783025406,1.27733021333103
1.02625291534109,1.27733021333103
1.02625291534109,1.27733021333103
1.02625291534109,1.27733021333103
1.02625291534109,1.27733021333103
1.02625291534109,1.27733021333103
1.02625291534109,1.27733021333103
1.02625291534109,1.27733021333103
0.994221318503216,1.27733021333103
0.994221318503216,1.27733021333103
1.30096395396871,1.27733021333103
1.30096395396871,1.27733021333103
1.30096395396871,1.27733021333103
0.988205048567205,1.27733021333103
0.988205048567205,1.27733021333103
0.988205048567205,1.27733021333103
1.04280861408819,1.27733021333103
1.04280861408819,1.27733021333103
1.17452114875068,1.27733021333103
1.17452114875068,1.27733021333103
1.09613548001153,1.27733021333103
1.09613548001153,1.27733021333103
1.09613548001153,1.27733021333103
1.09613548001153,1.27733021333103
1.09613548001153,1.27733021333103
1.21558616373603,1.27733021333103
1.21558616373603,1.27733021333103
1.21558616373603,1.33551592986068
1.21558616373603,1.33551592986068
1.21558616373603,1.33551592986068
1.21558616373603,1.33551592986068
1.21558616373603,1.33551592986068
1.21558616373603,1.33551592986068
1.21558616373603,1.33551592986068
1.21558616373603,1.33551592986068
1.21558616373603,1.5202157283935
1.21558616373603,1.5202157283935
1.21558616373603,1.5202157283935
1.21558616373603,1.5202157283935
1.21558616373603,1.5202157283935
1.21558616373603,1.5202157283935
1.21558616373603,1.5202157283935
1.21558616373603,1.5202157283935
1.21558616373603,1.5202157283935
1.21558616373603,1.22570568531699
1.21558616373603,1.49720672215896
1.21558616373603,1.49720672215896
1.21558616373603,1.49720672215896
1.25972748823637,1.49720672215896
1.25972748823637,1.49720672215896
1.25972748823637,1.49720672215896
1.13863510166589,1.49720672215896
1.13863510166589,1.49720672215896
1.13863510166589,1.49720672215896
1.13863510166589,1.49720672215896
1.13863510166589,1.49720672215896
1.13863510166589,1.49720672215896
1.13863510166589,1.49720672215896
1.13863510166589,1.49720672215896
1.13863510166589,1.49720672215896
1.13863510166589,1.5382512898447
1.13863510166589,1.5382512898447
1.13863510166589,1.5382512898447
1.13863510166589,1.61714400642841
1.13863510166589,1.61714400642841
1.13863510166589,1.61714400642841
1.13863510166589,1.61714400642841
1.13863510166589,1.61714400642841
1.19965407434088,1.61714400642841
1.19965407434088,1.36287928136702
1.19965407434088,1.36287928136702
1.19965407434088,1.74280510019765
1.19965407434088,1.74280510019765
1.19965407434088,1.74280510019765
1.19965407434088,1.50257522970507
1.19965407434088,1.43659574326746
1.19965407434088,1.43659574326746
1.19965407434088,1.43659574326746
1.19965407434088,1.43659574326746
1.19965407434088,1.43659574326746
1.19965407434088,1.43659574326746
1.19965407434088,1.43659574326746
1.19965407434088,1.43659574326746
1.19965407434088,1.43659574326746
1.19965407434088,1.43659574326746
1.19965407434088,1.43659574326746
1.19965407434088,1.43659574326746
1.19965407434088,1.43659574326746
1.19965407434088,1.43659574326746
1.21202936314133,1.43659574326746
1.21202936314133,1.43659574326746
1.21202936314133,1.43659574326746
1.21202936314133,1.43659574326746
1.21202936314133,1.43659574326746
1.21202936314133,1.43659574326746
1.21202936314133,1.43659574326746
1.21202936314133,1.43659574326746
1.21202936314133,1.43659574326746
1.21202936314133,1.43659574326746
1.21202936314133,1.43659574326746
1.21202936314133,1.43659574326746
1.21202936314133,1.43659574326746
1.21202936314133,1.43659574326746
1.21202936314133,1.43659574326746
1.21202936314133,1.43659574326746
1.21202936314133,1.43659574326746
1.21202936314133,1.43659574326746
1.21202936314133,1.43659574326746
1.21202936314133,1.43659574326746
1.21202936314133,1.43659574326746
1.21202936314133,1.43659574326746
1.21202936314133,1.43659574326746
1.14607868520597,1.43659574326746
1.14607868520597,1.43659574326746
1.00650895435899,1.43659574326746
1.00650895435899,1.43659574326746
1.00650895435899,1.43659574326746
1.00650895435899,1.43659574326746
1.00650895435899,1.43659574326746
1.00650895435899,1.43659574326746
0.889569156975998,1.43659574326746
0.889569156975998,1.43659574326746
0.889569156975998,1.43659574326746
1.18622742608895,1.43659574326746
1.18622742608895,1.43659574326746
1.18622742608895,1.43659574326746
1.18622742608895,1.43659574326746
1.18622742608895,1.43659574326746
1.18622742608895,1.63407333024817
1.18622742608895,1.63407333024817
1.18622742608895,1.63407333024817
1.18622742608895,1.63407333024817
1.08892950148995,1.63407333024817
1.08892950148995,1.44673422294421
1.08892950148995,1.44673422294421
1.08892950148995,1.44673422294421
1.30949256059547,1.72532239929726
1.30949256059547,1.72532239929726
1.14671609616514,1.72532239929726
1.14671609616514,1.72532239929726
1.14671609616514,1.72532239929726
1.14671609616514,1.72532239929726
1.14671609616514,1.72532239929726
1.33526827871465,1.72532239929726
1.33526827871465,1.72532239929726
1.33526827871465,1.72532239929726
1.33526827871465,1.72532239929726
1.33526827871465,1.72532239929726
1.33526827871465,1.72532239929726
1.33526827871465,1.33367494644729
1.27949783857563,1.33367494644729
1.27949783857563,1.33367494644729
1.27949783857563,1.33367494644729
1.27949783857563,1.33367494644729
1.27949783857563,1.33367494644729
1.27949783857563,1.33367494644729
1.27949783857563,1.33367494644729
1.27949783857563,1.33367494644729
1.27949783857563,1.33367494644729
1.27949783857563,1.33367494644729
1.27949783857563,1.33367494644729
1.27949783857563,1.33367494644729
1.27949783857563,1.33367494644729
1.27949783857563,1.33367494644729
1.27949783857563,1.33367494644729
1.27949783857563,1.33367494644729
1.27949783857563,1.33367494644729
1.27949783857563,1.33367494644729
1.27949783857563,1.33367494644729
1.27949783857563,1.33367494644729
1.27949783857563,1.25076362567812
1.27949783857563,1.34363712818432
1.27949783857563,1.34363712818432
1.27949783857563,1.34363712818432
1.27949783857563,1.34363712818432
1.27949783857563,1.34363712818432
1.27949783857563,1.34363712818432
1.27949783857563,1.34363712818432
1.27949783857563,1.38106144833005
1.27949783857563,1.38106144833005
1.27949783857563,1.38106144833005
1.27949783857563,1.38106144833005
1.27949783857563,1.38106144833005
1.27949783857563,1.38106144833005
1.27949783857563,1.38106144833005
1.27949783857563,1.38106144833005
1.27949783857563,1.38106144833005
1.27949783857563,1.39255830789084
1.27949783857563,1.39255830789084
1.27949783857563,1.31844791467941
1.27949783857563,1.31844791467941
1.27949783857563,1.31844791467941
1.27949783857563,1.31844791467941
1.19072280562584,1.31844791467941
1.19072280562584,1.31844791467941
1.19072280562584,1.31844791467941
1.19072280562584,1.36056831160817
1.19072280562584,1.36056831160817
1.19072280562584,1.36056831160817
1.19072280562584,1.36056831160817
1.19072280562584,1.36056831160817
1.19072280562584,1.36056831160817
1.19072280562584,1.36056831160817
1.19072280562584,1.36056831160817
1.19072280562584,1.36056831160817
1.19072280562584,1.36056831160817
1.19072280562584,1.29910739417826
1.19072280562584,1.29910739417826
1.19072280562584,1.29910739417826
1.19072280562584,1.29910739417826
1.19072280562584,1.29910739417826
1.19072280562584,1.29910739417826
1.19072280562584,1.29910739417826
1.19072280562584,1.29910739417826
1.19072280562584,1.29910739417826
1.19072280562584,1.29910739417826
1.19072280562584,1.29910739417826
1.19072280562584,1.29910739417826
1.17338144967728,1.29910739417826
1.17338144967728,1.29910739417826
1.17338144967728,1.52406344231654
1.17338144967728,1.52406344231654
1.17338144967728,1.52406344231654
1.17338144967728,1.52406344231654
1.17338144967728,1.31579270686257
1.21658134680452,1.31579270686257
1.21658134680452,1.31579270686257
1.21658134680452,1.5644560549156
1.3997428939927,1.5644560549156
1.3997428939927,1.5644560549156
1.3997428939927,1.5644560549156
1.42297260622797,1.5644560549156
1.42297260622797,1.5644560549156
1.42297260622797,1.5644560549156
1.42297260622797,1.5644560549156
1.42297260622797,1.5644560549156
1.42297260622797,1.5644560549156
1.42297260622797,1.5644560549156
1.42297260622797,1.69231278746075
1.42297260622797,1.69231278746075
1.42297260622797,1.69231278746075
1.42297260622797,1.69231278746075
1.42297260622797,1.58355788340852
1.42297260622797,1.58355788340852
1.42297260622797,1.58355788340852
1.42297260622797,1.58355788340852
1.42297260622797,1.58355788340852
1.42297260622797,1.37872933413334
1.42297260622797,1.37872933413334
1.42297260622797,1.37872933413334
1.42297260622797,1.37872933413334
1.42297260622797,1.37872933413334
1.42297260622797,1.37872933413334
1.42297260622797,1.49350415225431
1.42297260622797,1.49350415225431
1.42297260622797,1.49350415225431
1.42297260622797,1.49350415225431
1.42297260622797,1.44969139696857
1.42297260622797,1.35194296076965
1.42297260622797,1.35194296076965
1.42297260622797,1.35194296076965
1.42297260622797,1.35194296076965
1.42297260622797,1.35194296076965
1.42297260622797,1.35194296076965
1.42297260622797,1.35194296076965
1.42297260622797,1.35194296076965
1.42297260622797,1.59821059282853
1.42297260622797,1.59821059282853
1.42297260622797,1.59821059282853
1.42297260622797,1.59821059282853
1.42297260622797,1.59821059282853
1.42297260622797,1.59821059282853
1.42297260622797,1.59821059282853
1.42297260622797,1.59821059282853
1.42297260622797,1.05704515602787
1.42297260622797,1.05704515602787
1.53999089738845,1.05704515602787
1.53999089738845,1.05704515602787
1.32099695429452,1.09719189159775
1.32099695429452,1.09719189159775
1.32099695429452,1.09719189159775
1.32099695429452,1.09719189159775
1.32099695429452,1.09719189159775
1.32099695429452,1.09719189159775
1.32099695429452,1.09719189159775
1.32099695429452,1.09719189159775
1.39901078885444,1.09719189159775
1.39901078885444,1.09719189159775
1.39901078885444,1.09719189159775
1.39901078885444,1.09719189159775
1.39901078885444,1.09719189159775
1.39901078885444,1.09719189159775
1.39901078885444,1.09719189159775
1.07552536622603,1.09719189159775
1.07552536622603,1.09719189159775
1.07552536622603,1.09719189159775
1.07552536622603,1.09719189159775
1.07552536622603,1.09719189159775
1.52996203409587,1.09719189159775
1.52996203409587,1.09719189159775
1.52996203409587,1.09719189159775
1.52996203409587,1.36329704662301
1.52996203409587,1.36329704662301
1.52996203409587,1.35526421854426
1.52996203409587,1.34499633266092
1.52996203409587,1.34499633266092
1.52996203409587,1.34499633266092
1.52996203409587,1.34499633266092
1.52996203409587,1.34499633266092
1.52996203409587,1.34499633266092
1.66976886030498,1.34499633266092
1.66976886030498,1.21828655755745
1.66976886030498,1.21828655755745
1.66976886030498,1.47277678169971
1.66976886030498,1.47277678169971
1.66976886030498,1.47277678169971
1.66976886030498,1.47277678169971
1.66976886030498,1.47277678169971
1.66976886030498,1.43414187304795
1.57717170467072,1.43414187304795
1.59853644645714,1.43414187304795
1.59853644645714,1.43414187304795
1.59853644645714,1.43414187304795
1.59853644645714,1.43414187304795
1.59853644645714,1.43414187304795
1.59853644645714,1.43414187304795
1.59853644645714,1.43414187304795
1.59853644645714,1.32525208510173
1.59853644645714,1.32525208510173
1.59853644645714,1.32525208510173
1.74757898751369,1.32525208510173
1.74757898751369,1.32938311848247
1.66300985044116,1.32938311848247
1.66300985044116,1.32938311848247
1.63846731432847,1.32938311848247
1.63846731432847,1.32938311848247
1.63846731432847,1.32938311848247
1.63846731432847,1.32938311848247
1.63846731432847,1.32938311848247
1.63846731432847,1.32938311848247
1.43357609787049,1.33620166070413
1.43357609787049,1.33620166070413
1.43357609787049,1.33620166070413
1.43357609787049,1.33620166070413
1.43357609787049,1.33620166070413
1.53564488048235,1.26881174522509
1.53564488048235,1.26881174522509
1.53564488048235,1.38287837906059
1.53564488048235,1.38287837906059
1.53564488048235,1.38287837906059
1.53564488048235,1.38287837906059
1.53564488048235,1.38287837906059
1.53564488048235,1.68300630384653
1.53564488048235,1.68300630384653
1.53564488048235,1.68300630384653
1.53564488048235,1.68300630384653
1.53564488048235,1.68300630384653
1.62023022824872,1.68300630384653
1.62023022824872,1.68300630384653
1.62023022824872,1.68300630384653
1.62023022824872,1.68300630384653
1.62023022824872,1.68300630384653
1.62023022824872,1.68300630384653
1.62023022824872,1.68300630384653
1.62023022824872,1.68300630384653
1.62023022824872,1.68300630384653
1.62023022824872,1.68300630384653
1.62023022824872,1.68300630384653
1.62023022824872,1.68300630384653
1.59183594264665,1.68300630384653
1.59183594264665,1.68300630384653
1.59183594264665,1.15043408557553
1.59183594264665,1.15043408557553
1.26437997178927,1.15043408557553
1.26437997178927,1.15043408557553
1.26437997178927,1.15043408557553
1.26437997178927,1.15043408557553
1.26437997178927,1.15043408557553
1.26437997178927,1.15043408557553
1.26437997178927,1.15043408557553
1.26437997178927,1.27462714100228
1.26437997178927,1.27462714100228
1.65295242119589,1.28116349759537
1.65295242119589,1.27211382387466
1.65295242119589,1.27211382387466
1.65295242119589,1.27211382387466
1.65295242119589,1.27211382387466
1.65295242119589,1.27211382387466
1.65295242119589,1.27211382387466
1.65295242119589,1.27211382387466
1.65295242119589,1.27211382387466
1.65295242119589,1.09226873971127
1.65295242119589,1.09226873971127
1.65295242119589,1.09226873971127
1.65295242119589,1.09226873971127
1.65295242119589,1.09226873971127
1.65295242119589,1.09226873971127
1.65295242119589,1.09226873971127
1.65295242119589,1.09226873971127
1.65295242119589,1.09226873971127
1.65295242119589,1.61508733392583
1.65295242119589,1.61508733392583
1.34021597956236,1.61508733392583
1.34021597956236,1.61508733392583
1.34021597956236,1.61508733392583
1.34021597956236,1.61508733392583
1.34021597956236,1.26021168666523
1.48640763112016,1.26021168666523
1.48640763112016,1.26021168666523
1.48640763112016,1.26021168666523
1.48640763112016,1.26021168666523
1.48640763112016,1.26021168666523
1.48640763112016,1.26021168666523
1.48640763112016,1.26021168666523
1.48640763112016,1.26021168666523
1.48640763112016,1.26415673287075
1.48640763112016,1.26415673287075
1.48640763112016,1.26415673287075
1.48640763112016,1.26415673287075
1.48640763112016,1.26415673287075
1.48640763112016,1.24465109426886
1.48640763112016,1.4238178173009
1.48640763112016,1.4238178173009
1.48640763112016,1.40664809859258
1.48640763112016,1.31736705574812
1.48640763112016,1.31368855766
1.48640763112016,1.31368855766
1.48640763112016,1.31368855766
1.40069889608824,1.33814098016398
1.40069889608824,1.33814098016398
1.16358942322816,1.33814098016398
1.16358942322816,1.33814098016398
1.16358942322816,1.33814098016398
0.88975179479792,1.33814098016398
0.88975179479792,1.33814098016398
0.88975179479792,1.33814098016398
0.88975179479792,1.33814098016398
0.88975179479792,1.33814098016398
0.88975179479792,1.33814098016398
0.88975179479792,1.48618382673749
1.31928381331653,1.48618382673749
1.31928381331653,1.48618382673749
1.31928381331653,1.52736386932434
1.31928381331653,1.52736386932434
1.31928381331653,1.52736386932434
1.31928381331653,1.41280425122037
1.31928381331653,1.41280425122037
1.31928381331653,1.41280425122037
1.31928381331653,1.41280425122037
1.31928381331653,1.41280425122037
1.31928381331653,1.41280425122037
1.31928381331653,1.41280425122037
1.31928381331653,1.41280425122037
1.31928381331653,1.41280425122037
1.31928381331653,1.41280425122037
1.31928381331653,1.41280425122037
1.31928381331653,1.52454623660948
1.31928381331653,1.52454623660948
1.31928381331653,1.52454623660948
1.31928381331653,1.52454623660948
1.31928381331653,1.52454623660948
1.31928381331653,1.52454623660948
1.31928381331653,1.52454623660948
1.31928381331653,1.52454623660948
1.31928381331653,1.52454623660948
1.31928381331653,1.52454623660948
1.44255941672809,1.52454623660948
1.44255941672809,1.35864598119347
1.44255941672809,1.35864598119347
1.26621486669514,1.35864598119347
1.37673710403872,1.35864598119347
1.26878202946592,1.35864598119347
1.26878202946592,1.23971916099847
1.26878202946592,1.23971916099847
1.26878202946592,1.23971916099847
1.3115217171957,1.4537876405861
1.3115217171957,1.4537876405861
1.3115217171957,1.4537876405861
1.3115217171957,1.4537876405861
1.3115217171957,1.4537876405861
1.3115217171957,1.4537876405861
1.3115217171957,1.4537876405861
1.3115217171957,1.4537876405861
1.3115217171957,1.4537876405861
1.3115217171957,1.4537876405861
1.3115217171957,1.35210082353834
1.3115217171957,1.35210082353834
1.3115217171957,1.35210082353834
1.3115217171957,1.35210082353834
1.3115217171957,1.35210082353834
1.3115217171957,1.35210082353834
1.27851044430703,1.35210082353834
1.17013071523576,1.35210082353834
1.17013071523576,1.52843430543932
1.17013071523576,1.52843430543932
1.17013071523576,1.52843430543932
1.17013071523576,1.52843430543932
1.17013071523576,1.52843430543932
1.17013071523576,1.52843430543932
1.18228257414713,1.52843430543932
1.18228257414713,1.52843430543932
1.18228257414713,1.47457403477305
1.18228257414713,1.47457403477305
1.18228257414713,1.47457403477305
1.18228257414713,1.47457403477305
1.18228257414713,1.47457403477305
1.18228257414713,1.47457403477305
1.18228257414713,1.47457403477305
1.18228257414713,1.47457403477305
1.18228257414713,1.47457403477305
1.18228257414713,1.47457403477305
1.18228257414713,1.47457403477305
1.18228257414713,1.44234811262599
1.18228257414713,1.21108137909538
1.18228257414713,1.21108137909538
1.18228257414713,1.21108137909538
1.18228257414713,1.21108137909538
1.18228257414713,1.21108137909538
1.18228257414713,1.21108137909538
1.18228257414713,1.21108137909538
1.18228257414713,1.21108137909538
1.18228257414713,1.15492560128008
1.18228257414713,1.15492560128008
1.18228257414713,1.15492560128008
1.18228257414713,1.15492560128008
1.18228257414713,1.24774145210193
1.18228257414713,1.24774145210193
1.18228257414713,1.24774145210193
1.18228257414713,1.24774145210193
1.18228257414713,1.23165430927804
1.18228257414713,1.23165430927804
1.18228257414713,1.23165430927804
1.18228257414713,1.23165430927804
1.20233967890681,1.23165430927804
1.20233967890681,1.23165430927804
1.20233967890681,1.23165430927804
1.20233967890681,1.23165430927804
1.20233967890681,1.23165430927804
1.20233967890681,1.12895435742473
1.20233967890681,1.12895435742473
1.20233967890681,1.12895435742473
1.20233967890681,1.12895435742473
1.20233967890681,1.12895435742473
1.20233967890681,1.12895435742473
1.20233967890681,1.12895435742473
1.20233967890681,1.12895435742473
1.20233967890681,1.12895435742473
1.20233967890681,1.12895435742473
1.20233967890681,1.12895435742473
1.20233967890681,1.12895435742473
1.20233967890681,1.17567972801366
1.20233967890681,1.17567972801366
1.20233967890681,1.17567972801366
1.20233967890681,1.17567972801366
1.20233967890681,1.17567972801366
1.20233967890681,1.17567972801366
1.20233967890681,1.19296463281221
1.20233967890681,1.19296463281221
1.20233967890681,1.19296463281221
1.20702547805752,1.19296463281221
1.20702547805752,1.19296463281221
1.20702547805752,1.17465028281465
1.20702547805752,1.17465028281465
1.20702547805752,1.17465028281465
1.20702547805752,1.17465028281465
1.20702547805752,1.17465028281465
1.20702547805752,1.17465028281465
1.20702547805752,1.1732139983696
1.20702547805752,1.4350782558909
1.20702547805752,1.21000256213078
1.20702547805752,1.21000256213078
1.20702547805752,1.21000256213078
1.20702547805752,1.21000256213078
1.20702547805752,1.39118789854375
1.20702547805752,1.39118789854375
1.131679224519,1.39118789854375
1.131679224519,1.39118789854375
1.131679224519,1.04961037818349
1.131679224519,1.32629320171219
1.131679224519,1.32629320171219
1.131679224519,1.32629320171219
1.131679224519,1.32629320171219
1.131679224519,1.32629320171219
1.131679224519,1.32629320171219
1.07635440130389,1.32629320171219
1.19317996128561,1.32629320171219
1.19317996128561,1.32629320171219
1.19317996128561,1.32629320171219
1.19317996128561,1.32629320171219
1.19317996128561,1.32629320171219
1.19317996128561,1.32629320171219
1.19317996128561,1.32629320171219
1.19317996128561,1.32629320171219
1.19082048171242,1.32629320171219
1.19082048171242,1.32629320171219
1.19356213416762,1.32629320171219
1.19356213416762,1.21485777560604
1.19356213416762,1.21485777560604
1.19356213416762,1.21485777560604
1.19356213416762,1.21485777560604
1.19356213416762,1.21485777560604
1.19356213416762,1.21485777560604
1.19356213416762,1.21485777560604
1.19356213416762,1.15366095231007
1.19356213416762,1.15366095231007
1.19356213416762,1.15366095231007
1.19356213416762,1.15366095231007
1.19356213416762,1.15366095231007
1.19356213416762,1.66765775118437
1.40145150471297,1.66765775118437
1.40145150471297,1.66765775118437
1.40145150471297,1.66765775118437
1.40145150471297,1.66765775118437
1.40145150471297,1.66765775118437
1.40145150471297,1.66765775118437
1.40145150471297,1.66765775118437
1.40145150471297,1.66765775118437
1.40145150471297,1.66765775118437
1.34705329548949,1.66765775118437
1.34705329548949,1.34947799713127
1.34705329548949,1.34947799713127
1.34705329548949,1.34947799713127
1.35565940696786,1.34947799713127
1.35565940696786,1.34947799713127
1.35565940696786,1.34947799713127
1.35565940696786,1.50585866526519
1.35565940696786,1.50585866526519
1.35565940696786,1.50585866526519
1.35565940696786,1.50585866526519
1.35565940696786,1.59809825470576
1.35565940696786,1.59809825470576
1.35565940696786,1.59809825470576
1.35565940696786,1.59809825470576
1.35565940696786,1.59809825470576
1.35565940696786,1.59809825470576
1.35565940696786,1.59809825470576
1.35565940696786,1.59809825470576
1.35565940696786,1.59809825470576
1.35565940696786,1.59809825470576
1.35565940696786,1.59809825470576
1.35565940696786,1.61218740844347
1.35565940696786,1.61218740844347
1.35565940696786,1.61218740844347
1.11424061698818,1.61218740844347
1.11424061698818,1.61218740844347
1.11424061698818,1.61218740844347
1.11424061698818,1.50187384201061
1.11424061698818,1.50187384201061
1.11424061698818,1.50187384201061
1.11424061698818,1.50187384201061
0.921909060148526,1.50187384201061
0.921909060148526,1.50187384201061
0.921909060148526,1.50187384201061
0.908859585742456,1.50187384201061
0.908859585742456,1.50187384201061
1.04155040171667,1.50187384201061
0.882704639969539,1.50187384201061
0.882704639969539,1.50187384201061
0.882704639969539,1.50187384201061
0.882704639969539,1.50187384201061
0.882704639969539,1.50187384201061
1.05419331012015,1.50187384201061
1.05419331012015,1.50187384201061
1.05419331012015,1.50187384201061
1.05419331012015,1.50187384201061
1.05419331012015,1.50187384201061
1.05419331012015,1.50187384201061
1.05419331012015,1.50187384201061
1.05419331012015,1.50187384201061
1.05419331012015,1.24988888269834
1.05419331012015,1.4266930417202
1.05419331012015,1.4266930417202
1.05419331012015,1.4266930417202
1.03199616493047,1.4266930417202
1.03199616493047,1.4266930417202
1.01221863158932,1.4266930417202
1.01221863158932,1.4266930417202
1.01221863158932,1.4266930417202
1.01221863158932,1.4266930417202
1.01221863158932,1.4266930417202
1.09034539250878,1.4266930417202
1.17695392032109,1.4266930417202
1.17695392032109,1.4266930417202
1.17695392032109,1.4266930417202
1.17695392032109,1.4266930417202
1.17695392032109,1.4266930417202
1.17695392032109,1.4266930417202
1.17695392032109,1.4266930417202
1.17695392032109,1.4266930417202
1.17695392032109,1.53376710284423
1.17695392032109,1.53376710284423
1.17695392032109,1.53376710284423
1.17695392032109,1.53376710284423
1.17695392032109,1.53376710284423
1.3465403505499,1.53376710284423
1.44346847753558,1.53376710284423
1.44346847753558,1.53376710284423
1.44346847753558,1.53376710284423
1.44346847753558,1.53376710284423
1.44346847753558,1.53376710284423
1.21659611599783,1.53376710284423
1.21659611599783,1.53376710284423
1.21659611599783,1.45684815084377
1.21659611599783,1.45684815084377
1.21659611599783,1.45684815084377
1.06359745990162,1.45684815084377
1.06359745990162,1.45684815084377
1.06359745990162,1.45684815084377
1.06359745990162,1.45684815084377
1.06359745990162,1.45684815084377
1.09641735565575,1.45684815084377
1.09641735565575,1.30464973150159
1.24224321998999,1.30464973150159
1.24224321998999,1.30464973150159
1.24224321998999,1.61277990858998
1.24224321998999,1.5558421132323
1.24224321998999,1.5558421132323
1.24224321998999,1.5558421132323
1.24224321998999,1.5558421132323
1.131763828317,1.5558421132323
1.131763828317,1.5558421132323
1.03660571853965,1.5558421132323
1.03660571853965,1.5558421132323
1.03660571853965,1.5558421132323
1.03660571853965,1.5558421132323
1.03660571853965,1.5558421132323
1.03660571853965,1.5558421132323
1.03660571853965,1.5558421132323
1.03660571853965,1.5558421132323
1.03660571853965,1.5558421132323
1.03660571853965,1.5558421132323
1.03660571853965,1.5558421132323
1.03660571853965,1.5558421132323
1.03660571853965,1.5558421132323
1.03660571853965,1.5558421132323
1.03660571853965,1.5558421132323
1.03660571853965,1.5558421132323
1.14331773841314,1.5558421132323
1.14331773841314,1.5558421132323
1.14331773841314,1.5558421132323
1.14331773841314,1.5558421132323
1.14331773841314,1.5558421132323
1.14331773841314,1.24875368179058
1.14331773841314,1.34956896283912
1.14331773841314,1.34956896283912
1.14331773841314,1.34956896283912
1.14331773841314,1.34956896283912
1.14331773841314,1.34956896283912
1.14331773841314,1.40897616487408
1.14331773841314,1.40897616487408
1.14331773841314,1.40897616487408
1.14331773841314,1.40897616487408
1.14331773841314,1.40897616487408
1.14331773841314,1.40897616487408
1.18750503039452,1.40897616487408
1.18750503039452,1.40897616487408
1.18750503039452,1.40897616487408
1.28784836701031,1.40897616487408
1.28784836701031,1.40897616487408
1.28784836701031,1.40897616487408
1.28784836701031,1.40897616487408
1.28784836701031,1.40897616487408
1.28784836701031,1.40897616487408
1.28784836701031,1.40897616487408
1.28784836701031,1.40897616487408
1.28784836701031,1.40897616487408
1.28784836701031,1.40897616487408
1.28784836701031,1.40897616487408
1.28784836701031,1.40897616487408
1.28784836701031,1.40897616487408
1.28784836701031,1.38751472320107
1.28784836701031,1.38751472320107
1.29940945523997,1.38751472320107
1.29940945523997,1.56842111816819
1.29940945523997,1.56842111816819
1.29940945523997,1.56842111816819
1.29940945523997,1.56842111816819
1.29940945523997,1.33843450580317
1.21847213010442,1.33843450580317
1.21847213010442,1.33843450580317
1.21847213010442,1.33843450580317
1.21847213010442,1.33843450580317
1.21847213010442,1.33843450580317
1.21847213010442,1.33843450580317
1.21847213010442,1.33843450580317
1.21847213010442,1.33843450580317
1.21847213010442,1.33843450580317
1.21847213010442,1.32614894487973
1.21847213010442,1.32614894487973
1.23564274337772,1.32614894487973
1.23564274337772,1.32614894487973
1.23564274337772,1.32614894487973
1.23564274337772,1.32614894487973
1.23564274337772,1.32614894487973
1.23564274337772,1.43407613075157
1.23564274337772,1.43407613075157
1.23564274337772,1.43407613075157
1.18170622896198,1.43407613075157
1.18170622896198,1.43407613075157
1.28487911385884,1.43407613075157
1.28487911385884,1.43407613075157
1.28487911385884,1.43407613075157
1.28487911385884,1.43407613075157
1.28487911385884,1.43407613075157
1.28487911385884,1.43407613075157
1.27251729211188,1.43407613075157
1.27251729211188,1.43407613075157
1.20314523155012,1.43407613075157
1.20314523155012,1.43407613075157
1.20314523155012,1.43407613075157
1.20314523155012,1.43407613075157
1.20314523155012,1.30846414477869
1.20314523155012,1.30846414477869
1.20314523155012,1.30846414477869
1.20314523155012,1.44037807581668
1.20314523155012,1.44037807581668
1.20314523155012,1.44037807581668
1.3520932493513,1.44037807581668
1.29619690575057,1.44037807581668
1.29619690575057,1.44037807581668
1.29619690575057,1.44037807581668
1.29619690575057,1.44037807581668
1.49965613510821,1.44037807581668
1.49965613510821,1.44037807581668
1.49965613510821,1.44037807581668
1.49965613510821,1.44037807581668
1.49965613510821,1.44037807581668
1.49965613510821,1.44037807581668
1.49965613510821,1.44037807581668
1.46355513347362,1.44037807581668
1.03640054466129,1.44037807581668
1.03640054466129,1.44037807581668
1.03640054466129,1.44037807581668
1.03640054466129,1.44037807581668
1.03640054466129,1.44037807581668
1.03640054466129,1.44037807581668
1.03640054466129,1.44037807581668
1.03640054466129,1.44037807581668
1.03640054466129,1.44037807581668
1.03640054466129,1.44037807581668
1.03640054466129,1.44037807581668
1.03640054466129,1.44037807581668
1.03640054466129,1.44037807581668
1.03640054466129,1.53791631060898
1.03640054466129,1.53791631060898
1.03640054466129,1.53791631060898
1.03640054466129,1.66659869327133
1.21400860250784,1.66659869327133
1.21400860250784,1.66659869327133
1.21400860250784,1.66659869327133
1.21400860250784,1.66659869327133
1.21400860250784,1.66659869327133
1.21400860250784,1.66659869327133
1.21400860250784,1.21047749450702
1.21400860250784,1.21047749450702
1.21400860250784,1.23836152228859
1.12613642590587,1.23836152228859
1.12613642590587,1.23836152228859
1.12613642590587,1.23836152228859
1.12613642590587,1.23836152228859
1.12613642590587,1.23836152228859
1.12613642590587,1.23836152228859
1.12613642590587,1.23836152228859
1.12613642590587,1.23836152228859
1.12613642590587,1.23836152228859
1.12613642590587,1.23836152228859
1.12613642590587,1.23836152228859
1.12613642590587,1.23836152228859
1.12613642590587,1.23836152228859
1.12613642590587,1.23836152228859
1.12613642590587,1.23836152228859
1.12613642590587,1.23836152228859
1.12613642590587,1.23836152228859
1.12613642590587,1.26686080284618
1.12613642590587,1.26686080284618
1.12613642590587,1.26686080284618
1.12613642590587,1.26686080284618
1.12613642590587,1.53357997701797
1.12613642590587,1.53357997701797
1.12613642590587,1.53357997701797
1.12613642590587,1.53357997701797
1.12613642590587,1.53357997701797
1.12613642590587,1.53357997701797
1.12613642590587,1.53357997701797
1.12613642590587,1.53357997701797
1.12613642590587,1.4354518251454
1.12613642590587,1.4354518251454
1.12613642590587,1.4354518251454
1.12613642590587,1.4354518251454
1.12613642590587,1.4354518251454
1.12613642590587,1.4354518251454
1.12613642590587,1.4354518251454
1.12613642590587,1.4354518251454
1.12613642590587,1.4354518251454
1.12613642590587,1.4354518251454
1.12613642590587,1.4354518251454
1.12613642590587,1.4354518251454
1.12613642590587,1.4354518251454
1.12613642590587,1.4354518251454
1.12613642590587,1.4354518251454
1.12613642590587,1.4354518251454
1.12613642590587,1.4354518251454
1.12613642590587,1.4354518251454
1.12613642590587,1.4354518251454
0.901314553482861,1.4354518251454
0.901314553482861,1.4354518251454
0.901314553482861,1.35869543873237
0.901314553482861,1.35869543873237
0.901314553482861,1.35869543873237
0.901314553482861,1.35869543873237
1.07185439182811,1.35869543873237
1.21781886232905,1.35869543873237
1.21781886232905,1.35869543873237
1.21781886232905,1.35869543873237
1.21781886232905,1.35869543873237
1.19794895641036,1.35869543873237
1.19794895641036,1.35869543873237
1.35780412732562,1.35869543873237
1.35780412732562,1.35869543873237
1.35780412732562,1.35869543873237
1.02874036755408,1.35869543873237
1.02874036755408,1.35869543873237
1.02874036755408,1.52628142428958
1.02874036755408,1.52628142428958
1.02874036755408,1.52628142428958
1.02714705591989,1.52628142428958
1.02714705591989,1.52628142428958
1.02714705591989,1.52628142428958
1.02714705591989,1.52628142428958
1.02714705591989,1.37801177340959
1.02714705591989,1.37801177340959
1.02714705591989,1.37801177340959
1.02714705591989,1.37801177340959
1.02714705591989,1.37801177340959
1.02714705591989,1.37801177340959
1.02714705591989,1.49221426938127
1.37316373135622,1.49221426938127
1.37316373135622,1.49221426938127
1.37316373135622,1.176174185551
1.37316373135622,1.176174185551
1.37316373135622,1.176174185551
1.19725354467554,1.176174185551
1.19725354467554,1.176174185551
1.19725354467554,1.176174185551
1.19725354467554,1.176174185551
1.19725354467554,1.176174185551
1.19725354467554,1.176174185551
1.25216599276208,1.176174185551
1.25216599276208,1.176174185551
1.25216599276208,1.176174185551
1.25216599276208,1.176174185551
1.25216599276208,1.176174185551
1.25216599276208,1.176174185551
1.25216599276208,1.176174185551
1.25216599276208,1.176174185551
1.25216599276208,1.176174185551
1.25216599276208,1.176174185551
1.25216599276208,1.176174185551
1.25216599276208,1.176174185551
1.25216599276208,1.176174185551
1.25216599276208,1.176174185551
1.25216599276208,1.176174185551
1.25216599276208,1.176174185551
1.25216599276208,1.176174185551
1.25216599276208,1.176174185551
1.24118732557959,1.176174185551
1.24118732557959,1.22809350210046
1.24118732557959,1.22809350210046
1.24118732557959,1.22809350210046
0.976141512775373,1.53615238746897
0.976141512775373,1.53615238746897
0.976141512775373,1.53615238746897
0.976141512775373,1.53615238746897
0.976141512775373,1.53615238746897
0.976141512775373,1.53615238746897
0.976141512775373,1.53615238746897
0.976141512775373,1.53615238746897
1.34446117534916,1.37665752496265
1.34446117534916,1.37665752496265
1.19317366905959,1.37665752496265
1.19317366905959,1.20682330174835
1.19317366905959,1.20682330174835
1.19317366905959,1.19602581036911
1.19317366905959,1.19602581036911
1.19317366905959,1.19602581036911
1.19317366905959,1.19602581036911
1.11254252865298,1.19602581036911
1.11254252865298,1.19602581036911
1.11254252865298,1.19602581036911
1.11254252865298,1.19602581036911
1.11254252865298,1.19602581036911
1.11254252865298,1.19602581036911
1.11254252865298,1.19602581036911
1.11254252865298,1.19602581036911
1.11254252865298,1.19602581036911
1.11254252865298,1.19602581036911
1.11254252865298,1.19602581036911
1.11254252865298,1.19602581036911
1.11254252865298,1.19602581036911
1.11254252865298,1.19602581036911
1.11254252865298,1.19602581036911
1.11254252865298,1.19602581036911
1.11254252865298,1.19602581036911
1.11254252865298,1.19602581036911
1.11254252865298,1.19602581036911
1.11254252865298,1.39778955116648
1.11254252865298,1.39778955116648
1.11254252865298,1.39778955116648
1.11254252865298,1.39778955116648
1.11254252865298,1.39778955116648
1.11254252865298,1.39778955116648
1.11254252865298,1.39778955116648
1.11254252865298,1.39778955116648
1.11254252865298,1.39778955116648
1.11254252865298,0.975326687111022
1.11254252865298,0.975326687111022
1.11254252865298,0.975326687111022
1.11254252865298,0.975326687111022
1.11254252865298,0.975326687111022
1.11254252865298,0.975326687111022
1.11254252865298,0.975326687111022
1.11254252865298,0.975326687111022
0.926471086594871,0.975326687111022
0.926471086594871,0.975326687111022
0.926471086594871,0.975326687111022
0.926471086594871,0.975326687111022
0.926471086594871,0.975326687111022
0.926471086594871,0.975326687111022
1.09230857819333,0.975326687111022
1.09230857819333,0.975326687111022
0.947864480945131,1.27482275835925
0.947864480945131,1.27482275835925
0.947864480945131,1.27482275835925
0.947864480945131,1.27482275835925
0.947864480945131,1.27482275835925
0.947864480945131,1.27482275835925
0.947864480945131,1.27482275835925
0.947864480945131,1.27482275835925
0.947864480945131,1.27482275835925
0.947864480945131,1.27482275835925
0.975323986860459,1.27482275835925
0.975323986860459,1.27482275835925
0.975323986860459,1.27482275835925
0.975323986860459,1.27482275835925
0.975323986860459,1.27482275835925
0.975323986860459,1.27482275835925
0.975323986860459,1.23751777064737
1.03783577084713,1.23751777064737
1.03783577084713,1.23751777064737
1.03783577084713,1.23751777064737
1.03783577084713,1.23751777064737
1.03783577084713,1.23751777064737
1.03783577084713,1.23751777064737
1.03783577084713,1.23751777064737
1.03783577084713,1.23751777064737
1.03783577084713,1.23751777064737
1.03783577084713,1.23751777064737
1.03783577084713,1.23751777064737
1.03783577084713,1.23751777064737
1.03783577084713,1.15660383504012
1.03783577084713,1.15660383504012
1.03783577084713,1.15660383504012
1.03783577084713,1.15660383504012
1.03783577084713,1.15660383504012
1.03783577084713,1.15660383504012
1.03783577084713,1.15660383504012
1.03783577084713,1.15660383504012
1.03783577084713,1.15660383504012
1.03783577084713,1.17918497029085
1.03783577084713,1.17918497029085
0.971652292402238,1.17918497029085
0.971652292402238,1.17918497029085
0.971652292402238,1.0960868552072
0.971652292402238,1.28287526158633
0.971652292402238,1.28287526158633
0.971652292402238,1.28287526158633
0.971652292402238,1.28287526158633
0.971652292402238,1.28287526158633
0.971652292402238,1.28287526158633
0.971652292402238,1.1178650713226
0.971652292402238,1.1178650713226
0.971652292402238,1.1178650713226
1.11386647635861,1.1178650713226
1.11386647635861,1.1178650713226
1.11386647635861,1.1178650713226
1.11386647635861,1.1178650713226
1.11386647635861,1.1178650713226
1.11386647635861,1.1178650713226
1.11386647635861,1.1178650713226
1.11386647635861,1.1178650713226
1.11386647635861,1.1178650713226
1.02141756811269,1.1178650713226
1.02141756811269,1.1178650713226
1.02141756811269,1.1178650713226
1.02141756811269,1.1178650713226
1.02141756811269,1.1178650713226
1.02141756811269,1.07841329532841
1.02141756811269,1.07841329532841
1.02141756811269,1.07841329532841
1.07921298290648,1.07841329532841
1.07921298290648,1.07841329532841
1.07921298290648,1.07841329532841
1.07921298290648,1.07841329532841
1.07921298290648,1.07841329532841
1.07921298290648,1.07841329532841
1.07921298290648,1.07841329532841
1.07921298290648,1.07841329532841
1.07921298290648,1.07841329532841
1.07921298290648,1.07841329532841
1.07921298290648,1.07841329532841
1.07921298290648,1.07841329532841
1.07921298290648,1.19139120677688
1.07921298290648,1.19139120677688
1.07921298290648,1.19139120677688
1.07921298290648,1.19139120677688
1.07921298290648,1.19139120677688
1.07921298290648,1.19139120677688
1.07921298290648,1.19139120677688
1.07921298290648,1.19139120677688
1.07921298290648,1.21725203566959
1.07921298290648,1.21725203566959
1.02015094168482,1.21725203566959
1.02015094168482,1.27110829486365
1.02015094168482,1.27110829486365
1.02015094168482,1.23230911141974
1.02015094168482,1.23230911141974
1.02015094168482,1.23230911141974
1.02015094168482,1.23230911141974
1.02015094168482,1.23230911141974
1.02015094168482,1.36269805080345
1.02015094168482,1.17369895406179
1.14432111858308,1.3461749865461
1.14432111858308,1.3461749865461
1.07179604149675,1.3461749865461
0.907003373893488,1.3461749865461
0.907003373893488,1.3461749865461
0.907003373893488,1.19990211116485
0.907003373893488,1.19990211116485
0.907003373893488,1.19990211116485
0.912582887920707,1.19990211116485
0.912582887920707,1.19990211116485
0.912582887920707,1.19990211116485
0.948434929789742,1.19990211116485
0.948434929789742,1.19990211116485
0.948434929789742,1.19990211116485
0.948434929789742,1.19990211116485
0.948434929789742,1.19990211116485
1.12567321323578,0.980060963828922
1.12567321323578,0.957117112783036
1.12567321323578,0.957117112783036
1.12567321323578,0.957117112783036
1.12567321323578,0.957117112783036
1.12567321323578,0.957117112783036
1.12567321323578,0.957117112783036
1.12567321323578,0.957117112783036
1.12567321323578,0.957117112783036
1.12567321323578,0.957117112783036
1.12567321323578,0.957117112783036
1.12567321323578,0.957117112783036
1.12567321323578,0.957117112783036
1.12567321323578,0.957117112783036
1.12567321323578,0.957117112783036
1.1304109595145,0.957117112783036
1.1304109595145,1.22636750961233
1.1304109595145,1.22636750961233
1.1304109595145,1.22636750961233
1.1304109595145,1.22636750961233
1.1304109595145,1.22636750961233
1.1304109595145,1.22636750961233
1.1304109595145,1.22636750961233
1.1304109595145,1.22636750961233
1.1304109595145,1.22636750961233
1.1304109595145,1.22636750961233
1.1304109595145,1.22636750961233
1.1304109595145,1.22636750961233
1.1304109595145,1.22636750961233
1.1304109595145,1.22636750961233
1.1304109595145,1.22636750961233
1.1304109595145,1.22636750961233
1.1304109595145,1.22636750961233
1.1304109595145,1.22636750961233
1.1304109595145,1.22636750961233
1.1304109595145,1.22636750961233
1.1304109595145,1.22636750961233
1.1304109595145,1.22636750961233
1.1304109595145,1.22636750961233
1.1304109595145,1.22636750961233
1.1304109595145,1.22636750961233
1.1304109595145,1.22636750961233
1.1304109595145,1.22636750961233
0.863174702015465,1.22636750961233
1.27785950802325,1.22636750961233
1.27785950802325,1.17924424089561
0.975085863333538,1.17924424089561
0.975085863333538,1.17924424089561
0.975085863333538,1.17924424089561
0.975085863333538,1.17924424089561
0.975085863333538,1.17924424089561
0.975085863333538,1.17924424089561
0.975085863333538,1.31611822682364
1.06466044856051,1.03747583148077
1.06466044856051,1.03747583148077
1.06466044856051,1.03747583148077
1.06466044856051,1.03747583148077
1.06466044856051,1.03747583148077
1.06466044856051,1.03747583148077
1.06466044856051,1.03747583148077
1.06466044856051,1.03756953672615
0.792500167677405,1.09179967800106
0.792500167677405,1.09179967800106
0.792500167677405,1.09179967800106
1.15494296395106,1.09179967800106
1.15494296395106,1.09179967800106
1.15494296395106,1.09179967800106
1.15494296395106,1.09179967800106
1.15494296395106,1.09179967800106
0.734180939740564,1.09179967800106
0.734180939740564,1.09179967800106
0.734180939740564,1.09179967800106
0.734180939740564,1.09179967800106
1.1326552365601,1.09179967800106
1.1326552365601,1.09179967800106
1.1326552365601,1.00936486266059
1.1326552365601,1.00936486266059
1.1326552365601,1.00936486266059
1.1326552365601,1.00936486266059
1.1326552365601,1.0370362233062
1.1326552365601,1.0370362233062
1.1326552365601,1.25580495901974
1.1326552365601,1.33357821208046
1.1326552365601,1.33357821208046
1.1326552365601,1.33357821208046
1.1326552365601,1.33357821208046
1.1326552365601,1.15591445621411
1.18540504869458,1.15591445621411
1.18540504869458,1.15591445621411
1.11214124780872,1.15591445621411
1.11214124780872,1.15591445621411
1.11214124780872,1.12763196200208
1.11214124780872,1.12763196200208
1.11214124780872,1.12763196200208
1.11214124780872,1.12763196200208
1.11214124780872,1.12763196200208
1.11214124780872,1.12763196200208
1.11214124780872,1.12763196200208
1.11214124780872,1.12763196200208
1.11214124780872,1.12763196200208
1.11214124780872,1.12763196200208
1.11214124780872,1.12763196200208
1.11214124780872,1.12763196200208
1.00697163163535,1.12763196200208
1.00697163163535,1.12763196200208
0.930709900511912,1.12763196200208
0.930709900511912,1.12763196200208
0.930709900511912,1.12763196200208
0.930709900511912,1.12763196200208
0.930709900511912,1.12763196200208
0.930709900511912,1.12763196200208
0.930709900511912,1.12763196200208
0.930709900511912,1.12763196200208
0.930709900511912,1.06764319300853
0.930709900511912,1.06764319300853
0.930709900511912,1.06764319300853
0.930709900511912,1.06764319300853
0.930709900511912,1.06764319300853
0.930709900511912,1.06764319300853
0.930709900511912,1.06764319300853
0.930709900511912,1.06764319300853
0.930709900511912,1.06764319300853
0.930709900511912,1.06764319300853
0.930709900511912,1.06764319300853
0.930709900511912,1.06764319300853
0.959465989228061,1.06764319300853
0.959465989228061,1.06764319300853
0.959465989228061,1.06764319300853
0.959465989228061,1.36132992408784
0.963222106713799,1.36132992408784
0.963222106713799,1.36132992408784
0.963222106713799,1.36132992408784
0.963222106713799,1.36132992408784
0.888641505683933,1.33948687860126
0.888641505683933,1.25171688956085
0.888641505683933,1.25171688956085
0.888641505683933,1.25171688956085
0.888641505683933,1.25171688956085
0.888641505683933,1.25171688956085
0.888641505683933,1.25171688956085
0.888641505683933,1.25171688956085
0.888641505683933,1.25171688956085
0.888641505683933,1.31302610105976
0.888641505683933,1.31302610105976
0.928913625806768,1.31302610105976
0.928913625806768,1.31302610105976
0.928913625806768,1.31302610105976
0.928913625806768,1.31302610105976
0.928913625806768,1.31302610105976
0.928913625806768,1.17517732565026
0.853393467214971,1.17517732565026
0.853393467214971,1.17517732565026
0.853393467214971,1.17517732565026
0.853393467214971,1.17517732565026
0.853393467214971,1.17517732565026
0.853393467214971,1.17517732565026
0.853393467214971,1.17517732565026
0.906347447970869,1.17517732565026
0.906347447970869,1.17517732565026
0.906347447970869,1.17517732565026
0.906347447970869,1.17517732565026
0.906347447970869,1.17517732565026
0.906347447970869,1.17517732565026
0.906347447970869,1.17517732565026
0.906347447970869,1.17517732565026
0.928871158110468,1.16565006877347
0.928871158110468,1.16565006877347
1.08682613148734,1.16565006877347
0.969904972256459,1.16565006877347
0.969904972256459,1.16565006877347
0.969904972256459,1.16565006877347
0.969904972256459,1.16565006877347
0.969904972256459,1.16565006877347
0.969904972256459,1.16565006877347
0.969904972256459,1.16565006877347
0.969904972256459,1.16565006877347
0.969904972256459,1.16565006877347
0.969904972256459,1.16565006877347
0.969904972256459,1.16565006877347
0.969904972256459,1.16565006877347
0.969904972256459,1.16565006877347
0.969904972256459,1.16565006877347
0.969904972256459,1.16565006877347
0.969904972256459,1.16565006877347
0.969904972256459,1.16565006877347
0.969904972256459,1.16565006877347
0.969904972256459,1.16565006877347
0.969904972256459,1.28187067995326
0.969904972256459,1.28187067995326
0.969904972256459,1.28187067995326
0.969904972256459,1.18639555192924
0.969904972256459,1.18639555192924
0.909093246972185,1.18639555192924
0.909093246972185,1.18639555192924
0.909093246972185,1.18639555192924
0.909093246972185,1.18639555192924
0.909093246972185,1.18639555192924
0.909093246972185,1.18639555192924
0.909093246972185,1.18639555192924
0.909093246972185,1.18639555192924
0.909093246972185,1.18639555192924
0.909093246972185,1.18639555192924
0.909093246972185,1.18639555192924
0.909093246972185,1.18639555192924
0.909093246972185,1.18639555192924
0.909093246972185,1.18639555192924
0.909093246972185,1.18639555192924
0.909093246972185,1.18639555192924
0.909093246972185,1.18639555192924
0.909093246972185,1.18639555192924
0.909093246972185,1.18639555192924
0.909093246972185,1.18639555192924
0.909093246972185,1.18639555192924
0.909093246972185,1.01833459570217
0.909093246972185,1.13622473959784
0.909093246972185,1.13622473959784
0.900899312907925,1.13622473959784
0.900899312907925,1.13622473959784
0.900899312907925,1.13622473959784
0.915453989715394,1.13622473959784
0.915453989715394,1.13622473959784
0.915453989715394,1.13622473959784
0.915453989715394,1.13622473959784
0.915453989715394,1.13622473959784
0.915453989715394,1.13622473959784
0.886005349988247,1.13622473959784
0.886005349988247,1.13622473959784
0.886005349988247,1.13622473959784
0.886005349988247,1.13622473959784
0.886005349988247,1.13622473959784
0.886005349988247,1.15072293078545
0.886005349988247,1.11810018102179
0.886005349988247,1.11810018102179
0.886005349988247,1.11810018102179
0.886005349988247,1.11810018102179
0.886005349988247,1.11810018102179
0.886005349988247,1.11810018102179
0.886005349988247,1.11810018102179
0.886005349988247,1.11810018102179
0.886005349988247,1.11810018102179
0.886005349988247,1.11810018102179
0.886005349988247,1.11810018102179
0.886005349988247,1.11810018102179
0.886005349988247,1.11810018102179
0.886005349988247,1.11810018102179
0.886005349988247,1.11810018102179
0.886005349988247,1.11810018102179
0.886005349988247,1.11810018102179
0.886005349988247,1.11810018102179
0.886005349988247,1.11810018102179
0.886005349988247,1.11810018102179
0.886005349988247,1.11810018102179
0.886005349988247,1.11810018102179
0.886005349988247,1.11810018102179
0.886005349988247,1.11810018102179
0.886005349988247,1.11810018102179
0.886005349988247,1.11810018102179
0.886005349988247,1.11810018102179
0.886005349988247,1.11810018102179
0.886005349988247,1.11810018102179
0.886005349988247,1.11810018102179
0.996486424115602,1.11810018102179
0.996486424115602,1.11810018102179
0.996486424115602,1.11810018102179
0.996486424115602,1.11810018102179
0.996486424115602,1.11810018102179
0.996486424115602,1.11810018102179
0.996486424115602,1.11810018102179
0.996486424115602,1.11810018102179
0.996486424115602,1.11810018102179
0.996486424115602,1.11810018102179
0.996486424115602,1.11810018102179
0.996486424115602,1.11810018102179
0.996486424115602,1.11810018102179
0.996486424115602,1.11810018102179
0.996486424115602,1.11810018102179
0.963166727939824,1.11810018102179
0.963166727939824,1.11810018102179
0.963166727939824,1.11810018102179
0.963166727939824,1.11810018102179
0.963166727939824,1.11810018102179
0.963166727939824,1.22507261319812
0.963166727939824,1.22507261319812
0.963166727939824,1.22507261319812
0.963166727939824,1.22507261319812
0.963166727939824,1.22507261319812
0.963166727939824,1.22507261319812
0.963166727939824,1.22507261319812
0.963166727939824,1.34085921052659
0.963166727939824,1.34085921052659
0.963166727939824,1.34085921052659
0.963166727939824,1.03236646624569
0.963166727939824,1.03236646624569
1.0912275941365,1.03236646624569
1.0912275941365,1.03236646624569
1.0912275941365,1.03236646624569
1.0912275941365,1.03236646624569
1.0912275941365,1.03236646624569
1.0912275941365,1.03236646624569
1.0912275941365,1.02904123516505
1.0912275941365,1.02904123516505
1.0912275941365,1.02904123516505
1.0912275941365,1.05191861954851
1.0912275941365,1.05191861954851
1.0912275941365,1.05191861954851
1.0912275941365,1.05191861954851
1.0912275941365,1.05191861954851
1.0912275941365,1.05191861954851
1.0912275941365,1.05191861954851
1.0912275941365,1.05191861954851
1.0912275941365,1.02310881399006
1.0912275941365,1.02310881399006
1.0912275941365,1.02310881399006
1.0912275941365,0.969732162826521
1.10403102089765,1.13831714819577
1.10403102089765,1.13831714819577
1.10403102089765,1.13831714819577
1.10403102089765,1.13831714819577
1.10403102089765,1.13831714819577
1.10403102089765,1.13831714819577
1.10403102089765,1.13831714819577
1.10403102089765,1.13831714819577
1.10403102089765,1.13831714819577
1.10403102089765,1.13831714819577
1.10403102089765,1.13831714819577
1.10403102089765,1.13831714819577
1.10403102089765,1.13831714819577
1.10403102089765,1.13831714819577
1.10403102089765,1.13831714819577
1.10403102089765,1.13831714819577
1.10403102089765,1.13831714819577
1.10403102089765,1.13831714819577
1.10403102089765,1.13831714819577
1.10403102089765,1.13831714819577
1.10403102089765,1.13831714819577
1.10403102089765,1.13831714819577
1.10403102089765,1.13831714819577
1.10403102089765,1.13831714819577
1.10403102089765,1.13831714819577
1.10403102089765,1.13831714819577
1.10403102089765,1.13831714819577
1.10403102089765,1.13831714819577
1.10403102089765,1.13831714819577
1.10403102089765,1.13831714819577
1.10403102089765,1.13831714819577
1.10403102089765,1.13831714819577
1.10403102089765,1.12483312825046
1.10403102089765,1.12483312825046
1.10403102089765,1.20548498102909
1.10403102089765,1.20548498102909
1.10403102089765,1.20548498102909
1.10403102089765,1.20548498102909
1.10403102089765,1.20548498102909
1.10403102089765,1.20548498102909
1.10403102089765,1.20548498102909
1.10403102089765,1.20548498102909
1.10403102089765,1.20548498102909
1.10403102089765,1.20548498102909
1.10403102089765,1.20548498102909
1.10403102089765,1.20548498102909
0.998257744366996,1.20548498102909
0.998257744366996,1.20548498102909
0.998257744366996,1.20548498102909
0.998257744366996,1.20548498102909
0.998257744366996,1.20548498102909
0.998257744366996,1.20548498102909
0.998257744366996,1.20548498102909
0.998257744366996,1.20548498102909
0.998257744366996,1.20548498102909
0.998257744366996,1.20548498102909
0.998257744366996,1.20548498102909
0.998257744366996,1.20548498102909
0.998257744366996,1.20548498102909
0.998257744366996,1.20548498102909
0.998257744366996,1.20548498102909
0.93762954787098,1.20548498102909
0.93762954787098,1.39437760058277
0.93762954787098,1.39437760058277
0.93762954787098,1.39437760058277
0.93762954787098,1.39437760058277
0.93762954787098,1.39437760058277
0.93762954787098,1.39437760058277
0.93762954787098,1.39437760058277
0.93762954787098,1.39437760058277
0.937297193068162,1.39437760058277
0.937297193068162,1.39437760058277
0.937297193068162,1.39437760058277
0.937297193068162,1.15621607128482
0.937297193068162,1.15621607128482
0.937297193068162,1.15621607128482
1.13069211327095,1.15621607128482
1.13069211327095,1.15621607128482
1.13069211327095,1.15621607128482
1.13069211327095,1.15621607128482
1.13069211327095,1.48473361831057
1.13069211327095,1.48473361831057
1.13112274475058,1.48473361831057
1.13112274475058,1.48473361831057
1.13112274475058,1.48473361831057
1.13112274475058,1.48473361831057
1.13112274475058,1.48473361831057
1.13112274475058,1.48473361831057
1.13112274475058,1.48473361831057
1.13112274475058,1.16773143418107
1.13112274475058,1.16773143418107
0.974556831361251,1.16773143418107
0.974556831361251,1.16773143418107
0.974556831361251,1.16773143418107
0.974556831361251,1.16773143418107
0.974556831361251,1.16773143418107
0.974556831361251,1.16773143418107
0.974556831361251,1.16773143418107
0.974556831361251,1.16773143418107
0.974556831361251,1.16773143418107
0.974556831361251,1.16773143418107
0.974556831361251,1.16773143418107
0.974556831361251,1.16773143418107
0.974556831361251,1.16773143418107
0.974556831361251,1.3036027725314
0.974556831361251,1.3036027725314
0.974556831361251,1.3036027725314
0.974556831361251,1.27813042643147
0.974556831361251,1.27813042643147
1.11235623717552,1.27813042643147
0.942008601566947,1.27813042643147
0.942008601566947,1.27813042643147
0.942008601566947,1.27813042643147
0.942008601566947,1.27813042643147
0.942008601566947,1.27813042643147
1.08473708523521,1.27813042643147
1.08473708523521,1.27813042643147
1.08473708523521,1.27813042643147
1.08473708523521,1.27813042643147
1.08473708523521,1.27813042643147
1.08473708523521,1.27813042643147
1.08473708523521,1.27813042643147
1.13992566739837,1.27813042643147
1.13992566739837,1.33091537713648
1.13992566739837,1.3420350680384
0.977598290473188,1.3420350680384
0.977598290473188,1.3420350680384
0.977598290473188,1.3420350680384
0.977598290473188,1.3420350680384
0.977598290473188,1.3420350680384
0.977598290473188,1.3420350680384
0.977598290473188,1.3420350680384
0.977598290473188,1.3420350680384
0.977598290473188,1.3420350680384
0.977598290473188,1.3420350680384
0.977598290473188,1.31789882805405
0.977598290473188,1.31789882805405
0.977598290473188,1.31789882805405
0.977598290473188,1.17454830337594
0.977598290473188,1.17454830337594
0.974580670903588,1.17454830337594
0.974580670903588,1.17454830337594
0.974580670903588,1.17454830337594
0.974580670903588,1.21116337691791
0.974580670903588,1.21116337691791
0.974580670903588,1.21116337691791
0.974580670903588,1.21116337691791
0.974580670903588,1.21116337691791
0.974580670903588,1.21116337691791
0.974580670903588,1.21116337691791
0.974580670903588,1.21116337691791
0.974580670903588,1.21116337691791
0.8243002358117,1.21116337691791
0.8243002358117,1.21116337691791
0.8243002358117,1.21116337691791
0.8243002358117,1.37622123045752
0.8243002358117,1.37622123045752
0.8243002358117,1.37622123045752
0.8243002358117,1.06211845168563
0.8243002358117,1.06211845168563
0.8243002358117,1.42242336970867
0.8243002358117,1.42242336970867
0.972075176724392,1.42242336970867
0.972075176724392,1.31890859491764
0.972075176724392,1.31890859491764
0.972075176724392,1.31890859491764
0.972075176724392,1.31890859491764
0.972075176724392,1.31890859491764
0.972075176724392,1.31890859491764
0.972075176724392,1.31890859491764
0.972075176724392,1.31890859491764
0.972075176724392,1.31890859491764
0.972075176724392,1.31890859491764
0.972075176724392,1.31890859491764
0.972075176724392,1.31890859491764
0.960701841092933,1.31890859491764
0.960701841092933,1.31890859491764
0.960701841092933,1.31890859491764
0.960701841092933,1.31890859491764
0.960701841092933,1.31890859491764
0.960701841092933,1.31890859491764
0.960701841092933,1.31890859491764
0.960701841092933,1.31890859491764
0.960701841092933,1.31890859491764
0.960701841092933,1.31890859491764
0.960701841092933,1.31890859491764
1.02717198514918,1.24401558588037
1.02717198514918,1.24401558588037
1.02717198514918,1.24401558588037
1.02717198514918,1.24401558588037
1.02717198514918,1.24401558588037
1.02717198514918,1.24401558588037
1.02717198514918,1.24401558588037
1.19649777641328,1.24401558588037
1.19649777641328,1.24401558588037
0.934486792572139,1.3059778344922
0.934486792572139,1.3059778344922
0.934486792572139,1.3059778344922
0.978337777400287,1.3059778344922
0.978337777400287,1.3059778344922
0.978337777400287,1.3059778344922
0.978337777400287,1.3059778344922
0.978337777400287,1.3059778344922
0.978337777400287,1.3059778344922
0.978337777400287,1.3059778344922
0.978337777400287,1.3059778344922
0.978337777400287,1.26699156216007
0.978337777400287,1.26699156216007
0.92745586152224,1.34346201492086
0.92745586152224,1.34346201492086
0.973567127882449,1.34346201492086
0.973567127882449,1.37241366183534
0.973567127882449,1.37241366183534
0.973567127882449,1.37241366183534
0.99284711226406,1.37241366183534
0.99284711226406,1.37241366183534
0.99284711226406,1.37241366183534
0.99284711226406,1.37241366183534
0.99284711226406,1.37241366183534
0.99284711226406,1.37241366183534
0.99284711226406,1.37241366183534
0.99284711226406,1.37241366183534
0.99284711226406,1.37241366183534
0.99284711226406,1.37241366183534
0.99284711226406,1.37241366183534
0.99284711226406,1.37241366183534
0.99284711226406,1.37241366183534
0.99284711226406,1.37241366183534
0.99284711226406,1.37241366183534
0.99284711226406,1.37241366183534
0.99284711226406,1.37241366183534
0.99284711226406,1.37241366183534
0.99284711226406,1.37241366183534
0.99284711226406,1.37241366183534
0.99284711226406,1.37241366183534
0.99284711226406,1.37241366183534
1.08480410984909,1.37241366183534
1.08480410984909,1.37241366183534
1.08480410984909,1.37241366183534
1.08480410984909,1.37241366183534
1.15493226596505,1.37241366183534
1.15493226596505,1.37241366183534
1.15493226596505,1.37241366183534
1.15493226596505,1.37241366183534
1.15493226596505,1.37241366183534
1.15493226596505,1.46816239914793
1.15493226596505,1.46816239914793
1.15493226596505,1.46816239914793
1.15493226596505,1.46816239914793
1.15493226596505,1.57086423505742
1.15493226596505,1.57086423505742
1.15493226596505,1.57086423505742
1.15493226596505,1.57086423505742
1.15493226596505,1.57086423505742
1.15493226596505,1.57086423505742
1.15493226596505,1.57086423505742
0.999480871563061,1.57086423505742
0.999480871563061,1.57086423505742
0.999480871563061,1.57086423505742
0.999480871563061,1.57086423505742
0.999480871563061,1.57086423505742
0.999480871563061,1.57086423505742
0.999480871563061,1.57086423505742
0.999480871563061,1.57086423505742
0.999480871563061,1.57086423505742
0.999480871563061,1.57086423505742
0.999480871563061,1.57086423505742
0.999480871563061,1.57086423505742
1.00179066997162,1.57086423505742
1.00179066997162,1.57086423505742
1.00179066997162,1.57086423505742
1.14773754835526,1.57086423505742
1.14773754835526,1.57086423505742
1.19888452114078,1.57086423505742
1.19888452114078,1.14719249451755
1.19888452114078,1.14719249451755
1.19888452114078,1.14719249451755
1.19888452114078,1.14719249451755
1.19888452114078,1.14719249451755
1.19888452114078,1.14719249451755
1.19888452114078,1.14719249451755
1.19888452114078,1.14719249451755
1.19888452114078,1.20572526790579
0.906231765069124,1.20572526790579
0.949499968062785,1.20572526790579
1.00438627029579,1.20572526790579
1.00438627029579,1.20572526790579
1.00438627029579,1.20572526790579
1.00438627029579,1.20572526790579
1.00438627029579,1.16002349840743
1.00438627029579,1.16002349840743
1.00438627029579,1.16002349840743
1.00438627029579,1.16002349840743
1.00438627029579,1.16002349840743
1.00438627029579,1.16002349840743
0.813903632236929,1.16002349840743
1.00633115518129,1.16002349840743
1.00633115518129,1.16002349840743
0.820143534573788,1.16002349840743
0.820143534573788,1.16002349840743
0.820143534573788,1.16002349840743
0.820143534573788,1.16002349840743
0.820143534573788,1.16002349840743
0.909072833485582,1.16002349840743
0.909072833485582,1.16002349840743
0.909072833485582,1.52211059712142
0.909072833485582,1.52211059712142
0.909072833485582,1.52211059712142
0.909072833485582,1.52211059712142
0.909072833485582,1.52211059712142
0.909072833485582,1.52211059712142
0.909072833485582,1.52957721899699
0.909072833485582,1.52957721899699
0.909072833485582,1.12219507906937
0.909072833485582,1.12219507906937
0.909072833485582,1.12219507906937
0.909072833485582,1.12219507906937
0.909072833485582,1.12219507906937
0.909072833485582,1.12219507906937
0.909072833485582,1.28481127502803
1.12055154075363,1.28481127502803
1.12055154075363,1.28481127502803
1.02320237138311,1.07034896997395
1.02320237138311,1.07034896997395
1.02320237138311,1.07034896997395
1.02320237138311,1.07034896997395
1.02320237138311,1.07034896997395
1.02320237138311,1.07034896997395
1.02320237138311,1.07034896997395
1.02320237138311,1.07034896997395
1.02320237138311,1.07034896997395
1.02320237138311,1.07034896997395
1.02320237138311,1.07034896997395
1.02320237138311,1.07034896997395
1.02320237138311,1.07034896997395
1.02320237138311,1.07034896997395
1.02320237138311,1.07034896997395
1.02320237138311,1.07034896997395
1.02320237138311,1.07034896997395
1.02320237138311,1.07034896997395
1.02320237138311,1.07034896997395
1.02320237138311,1.07034896997395
1.02320237138311,1.07034896997395
1.02320237138311,1.2509277837068
1.02320237138311,1.2509277837068
1.02320237138311,1.2509277837068
0.905793383295616,1.2509277837068
0.905793383295616,1.2509277837068
0.905793383295616,1.2509277837068
1.08928525281486,1.2509277837068
1.08928525281486,1.2509277837068
1.08928525281486,1.2509277837068
1.08928525281486,1.2509277837068
1.08928525281486,1.2509277837068
1.08928525281486,1.2509277837068
1.08928525281486,1.2509277837068
1.08928525281486,1.2509277837068
1.08928525281486,1.2509277837068
1.08928525281486,1.2509277837068
1.08928525281486,1.2509277837068
1.08928525281486,1.2509277837068
1.08928525281486,1.2509277837068
1.08928525281486,1.2509277837068
1.08928525281486,1.2509277837068
1.08928525281486,1.2509277837068
1.08928525281486,1.2509277837068
1.08928525281486,1.2509277837068
1.08928525281486,1.2509277837068
1.08928525281486,1.2509277837068
1.08928525281486,1.2509277837068
1.08928525281486,1.2509277837068
1.08928525281486,1.2509277837068
1.08928525281486,1.2509277837068
1.08928525281486,1.2509277837068
1.08928525281486,1.13652110892201
1.08928525281486,1.13652110892201
1.08928525281486,1.13652110892201
1.08928525281486,1.13652110892201
1.08928525281486,1.13652110892201
1.08928525281486,1.13652110892201
1.08928525281486,1.16190245281748
1.08928525281486,1.0389812658722
1.08928525281486,1.0389812658722
1.08928525281486,1.0389812658722
1.08928525281486,1.33935913350565
1.08928525281486,1.33935913350565
1.08928525281486,1.33935913350565
1.08928525281486,1.00618130158673
1.08928525281486,1.00618130158673
1.08928525281486,1.00618130158673
1.08928525281486,1.00618130158673
1.08928525281486,1.70062871279265
1.08928525281486,1.2328670138073
1.08928525281486,1.2328670138073
1.08928525281486,1.2328670138073
1.08928525281486,1.2328670138073
1.08928525281486,1.2328670138073
1.08928525281486,1.2328670138073
1.08928525281486,1.2328670138073
1.08928525281486,1.34954413355755
1.08928525281486,1.34954413355755
1.08928525281486,1.34954413355755
1.08928525281486,1.34954413355755
1.08928525281486,1.34954413355755
1.08928525281486,1.34954413355755
1.08928525281486,1.18982036057906
1.08928525281486,1.18982036057906
1.08928525281486,1.18982036057906
1.08928525281486,1.18982036057906
1.08928525281486,1.18982036057906
1.08928525281486,1.36429996929809
1.08928525281486,1.36429996929809
1.08928525281486,1.41058803424984
1.08928525281486,1.41058803424984
1.08928525281486,1.41058803424984
1.08928525281486,1.41058803424984
1.08928525281486,1.41058803424984
1.08928525281486,1.41058803424984
1.08928525281486,1.29531165927543
0.884900442673659,1.29531165927543
0.884900442673659,1.29531165927543
0.884900442673659,1.29531165927543
0.884900442673659,1.29531165927543
0.884900442673659,1.29531165927543
0.884900442673659,1.29531165927543
0.884900442673659,1.29531165927543
0.884900442673659,1.29531165927543
0.996761957209925,1.29531165927543
0.996761957209925,1.29531165927543
0.996761957209925,1.29531165927543
0.996761957209925,1.29531165927543
0.996761957209925,1.29531165927543
0.996761957209925,1.34438762888732
0.996761957209925,1.34438762888732
0.986737989321275,1.34438762888732
0.986737989321275,1.34438762888732
0.986737989321275,1.34438762888732
0.986737989321275,1.19810514852806
0.986737989321275,1.19810514852806
0.986737989321275,1.19810514852806
0.986737989321275,1.19810514852806
0.986737989321275,1.19810514852806
0.986737989321275,1.19810514852806
0.986737989321275,1.19810514852806
0.986737989321275,1.19810514852806
0.986737989321275,1.19810514852806
0.986737989321275,1.19810514852806
1.02689493981559,1.35240070436945
1.02689493981559,1.35240070436945
1.02689493981559,1.35240070436945
1.02689493981559,1.35240070436945
1.02689493981559,1.35240070436945
1.02689493981559,1.35240070436945
0.907659567807184,1.35240070436945
0.907659567807184,1.35240070436945
0.907659567807184,1.35240070436945
0.907659567807184,1.35240070436945
0.907659567807184,1.35240070436945
0.907659567807184,1.35240070436945
0.907659567807184,1.35240070436945
0.907659567807184,1.35240070436945
0.907659567807184,1.35240070436945
0.907659567807184,1.35240070436945
0.907659567807184,1.35240070436945
0.907659567807184,1.35240070436945
0.907659567807184,1.35240070436945
0.907659567807184,1.35240070436945
0.907659567807184,1.35240070436945
0.907659567807184,1.35240070436945
0.907659567807184,1.35240070436945
0.885452902105546,1.35240070436945
0.885452902105546,1.05629412337902
0.885452902105546,1.05629412337902
0.885452902105546,1.51875009133297
0.885452902105546,1.51875009133297
0.914229123149678,1.51875009133297
0.914229123149678,1.51875009133297
0.914229123149678,1.51875009133297
0.914229123149678,1.51875009133297
1.05658942400527,1.51875009133297
1.05658942400527,1.51875009133297
1.05658942400527,1.15991873883627
1.05658942400527,1.15991873883627
1.05658942400527,1.15991873883627
1.05658942400527,1.15991873883627
1.05658942400527,1.15991873883627
1.05658942400527,1.15991873883627
1.05658942400527,1.15991873883627
1.05658942400527,1.15991873883627
1.05658942400527,1.15760747555537
0.983004946080258,1.53661436933541
0.983004946080258,1.53661436933541
0.983004946080258,1.53661436933541
0.983004946080258,1.53661436933541
0.983004946080258,1.53661436933541
0.983004946080258,1.53661436933541
0.983004946080258,1.53661436933541
0.983004946080258,1.53661436933541
0.853189721947698,1.53661436933541
1.15973617601676,1.53661436933541
1.15973617601676,1.53661436933541
1.15973617601676,1.53661436933541
1.15973617601676,1.53661436933541
1.15973617601676,1.53661436933541
1.15973617601676,1.53661436933541
1.15973617601676,1.53661436933541
1.15973617601676,1.53661436933541
1.15973617601676,1.53661436933541
1.15973617601676,1.53661436933541
1.15973617601676,1.53661436933541
1.15973617601676,1.53661436933541
1.11842763679583,1.53661436933541
1.11842763679583,1.53661436933541
1.11842763679583,1.53661436933541
0.975087404288247,1.53661436933541
0.975087404288247,1.53661436933541
0.975087404288247,1.40038705405378
0.975087404288247,1.40038705405378
0.975087404288247,1.16614543665728
0.975087404288247,1.16614543665728
0.975087404288247,1.16614543665728
0.975087404288247,1.16614543665728
0.975087404288247,1.16614543665728
0.975087404288247,1.16614543665728
0.975087404288247,1.16614543665728
1.06586154264043,1.16614543665728
1.06586154264043,1.16614543665728
1.06586154264043,1.16614543665728
1.06586154264043,1.16614543665728
1.06586154264043,1.16614543665728
1.06586154264043,1.16614543665728
1.06586154264043,1.16614543665728
1.06586154264043,1.16614543665728
1.06586154264043,1.27922657924077
1.06586154264043,1.27922657924077
1.06586154264043,1.07438523497486
1.06586154264043,1.07438523497486
1.06586154264043,1.07438523497486
1.06586154264043,1.07438523497486
1.06586154264043,1.07438523497486
1.06586154264043,1.07438523497486
1.06586154264043,1.40287832285327
1.06586154264043,1.40287832285327
1.06586154264043,1.40287832285327
1.06586154264043,1.40287832285327
1.06586154264043,1.40287832285327
1.06586154264043,1.40287832285327
1.06586154264043,1.40287832285327
1.06586154264043,1.40287832285327
1.06586154264043,1.40287832285327
1.06586154264043,1.40287832285327
1.06586154264043,1.40287832285327
1.06586154264043,1.40287832285327
1.06586154264043,1.29198202480959
1.06586154264043,1.29198202480959
1.06586154264043,1.29198202480959
0.807492778097295,1.29198202480959
0.807492778097295,1.29198202480959
0.807492778097295,1.29198202480959
0.807492778097295,1.29198202480959
0.807492778097295,1.29198202480959
0.807492778097295,1.29198202480959
0.807492778097295,1.29198202480959
0.807492778097295,1.29198202480959
0.807492778097295,1.29198202480959
0.807492778097295,1.29198202480959
1.04349533536568,1.29198202480959
1.04349533536568,1.29198202480959
1.04349533536568,1.29198202480959
0.973962975502858,1.33993212238794
0.973962975502858,1.33993212238794
0.973962975502858,1.33993212238794
0.973962975502858,1.33993212238794
0.973962975502858,1.33993212238794
0.973962975502858,1.33993212238794
0.782850621571173,1.33993212238794
0.782850621571173,1.33993212238794
0.782850621571173,1.33993212238794
0.782850621571173,1.33993212238794
0.782850621571173,1.33993212238794
0.782850621571173,1.33993212238794
0.782850621571173,1.33993212238794
0.838176736071532,1.33993212238794
0.838176736071532,1.33993212238794
0.873015496896525,1.33993212238794
0.873015496896525,1.33993212238794
0.873015496896525,1.33993212238794
0.873015496896525,1.33993212238794
0.873015496896525,1.48768804599174
0.873015496896525,1.48768804599174
0.873015496896525,1.48768804599174
0.873015496896525,1.61774984610946
0.873015496896525,1.61774984610946
0.873015496896525,1.61774984610946
0.873015496896525,1.61774984610946
0.873015496896525,1.61774984610946
0.873015496896525,1.61774984610946
0.873015496896525,1.61774984610946
0.873015496896525,1.61774984610946
0.873015496896525,1.61774984610946
0.873015496896525,1.61774984610946
0.873015496896525,1.61774984610946
0.873015496896525,1.61774984610946
0.873015496896525,1.61774984610946
0.873015496896525,1.61774984610946
0.873015496896525,1.61774984610946
0.877120293986008,1.61774984610946
0.877120293986008,1.61774984610946
0.938957734438162,1.61774984610946
0.938957734438162,1.61774984610946
0.938957734438162,1.16838495339633
0.938957734438162,1.16838495339633
0.938957734438162,1.16838495339633
0.938957734438162,1.16838495339633
0.938957734438162,1.20709420121277
0.938957734438162,1.20709420121277
0.938957734438162,1.48060265245877
0.961541324399345,1.48060265245877
0.961541324399345,1.48060265245877
0.961541324399345,1.38614409647385
0.961541324399345,1.37806444129428
0.961541324399345,1.37806444129428
0.961541324399345,1.37806444129428
0.907369076416053,1.37806444129428
0.907369076416053,1.37806444129428
0.907369076416053,1.37806444129428
0.907369076416053,1.37806444129428
0.907369076416053,1.37806444129428
0.907369076416053,1.37806444129428
0.907369076416053,1.28623960643056
0.907369076416053,1.28623960643056
0.907369076416053,1.28623960643056
0.907369076416053,1.38742440263091
0.907369076416053,1.38742440263091
0.907369076416053,1.38365788523626
0.907369076416053,1.38365788523626
0.907369076416053,1.38365788523626
0.907369076416053,1.27400048518788
0.907369076416053,1.27400048518788
0.907369076416053,1.46072067293077
0.907369076416053,1.46072067293077
0.907369076416053,1.46072067293077
0.907369076416053,1.46072067293077
0.907369076416053,1.09642674109782
0.907369076416053,1.09642674109782
0.907369076416053,1.09642674109782
0.907369076416053,1.09642674109782
0.907369076416053,1.09642674109782
0.907369076416053,1.13660551258884
0.907369076416053,1.13660551258884
0.907369076416053,1.30305133524277
0.907369076416053,1.30305133524277
0.907369076416053,1.30305133524277
0.922188969389904,1.30305133524277
0.945487262960766,1.30305133524277
0.945487262960766,1.30305133524277
0.945487262960766,1.30305133524277
0.957938432786253,1.30305133524277
0.957938432786253,1.30305133524277
0.957938432786253,1.30305133524277
0.957938432786253,1.30305133524277
0.957938432786253,1.17584307423441
0.957938432786253,1.17584307423441
0.957938432786253,1.17584307423441
0.888873659145975,1.17584307423441
0.888873659145975,1.17584307423441
0.888873659145975,1.17584307423441
0.888873659145975,1.17584307423441
0.888873659145975,1.17584307423441
0.988687538649431,1.17584307423441
0.988687538649431,1.17584307423441
0.988687538649431,1.17584307423441
0.858507697834486,1.17584307423441
0.858507697834486,1.17584307423441
0.858507697834486,1.17584307423441
0.932715090546998,1.17584307423441
0.932715090546998,1.17584307423441
0.932715090546998,0.959093159246617
0.932715090546998,0.959093159246617
0.932715090546998,0.959093159246617
0.932715090546998,0.959093159246617
0.932715090546998,0.903379112580171
0.974338913129129,0.903379112580171
1.16865781575415,0.903379112580171
1.16865781575415,0.903379112580171
1.16865781575415,0.903379112580171
1.16865781575415,0.903379112580171
1.16865781575415,0.903379112580171
1.16865781575415,0.903379112580171
1.16865781575415,0.903379112580171
1.16865781575415,0.903379112580171
1.16865781575415,0.903379112580171
0.922786872215515,0.903379112580171
0.922786872215515,0.903379112580171
0.922786872215515,1.1487847567648
0.922786872215515,1.1487847567648
0.922786872215515,1.1487847567648
0.922786872215515,1.1487847567648
0.922786872215515,1.1487847567648
0.922786872215515,1.1487847567648
0.922786872215515,1.1487847567648
0.922786872215515,1.1487847567648
0.922786872215515,1.27791294795298
0.922786872215515,1.27791294795298
0.922786872215515,1.27791294795298
0.922786872215515,1.27791294795298
1.01665362141651,1.27791294795298
1.01665362141651,1.27791294795298
1.01665362141651,1.27791294795298
1.01665362141651,1.27791294795298
1.01665362141651,1.27791294795298
1.01665362141651,1.27791294795298
1.01665362141651,1.27791294795298
1.01665362141651,1.27791294795298
1.01665362141651,1.27791294795298
1.01665362141651,1.27791294795298
1.01665362141651,1.27791294795298
1.01665362141651,1.27791294795298
1.01665362141651,1.27791294795298
0.985774448805411,1.27791294795298
0.952051824854295,1.27791294795298
0.952051824854295,1.27791294795298
0.952051824854295,1.27791294795298
0.952051824854295,1.27791294795298
0.952051824854295,1.27791294795298
0.952051824854295,1.27791294795298
0.952051824854295,1.27791294795298
0.952051824854295,1.32510999038725
0.869367385817712,1.32510999038725
0.869367385817712,1.32510999038725
0.869367385817712,1.32510999038725
0.869367385817712,1.32510999038725
0.869367385817712,1.32510999038725
0.869367385817712,1.32510999038725
0.869367385817712,1.32510999038725
1.05836385123406,1.32510999038725
1.05836385123406,1.32510999038725
1.05836385123406,1.32510999038725
1.05836385123406,1.32510999038725
1.05836385123406,1.32510999038725
1.05836385123406,1.32510999038725
1.05836385123406,1.32510999038725
1.05836385123406,1.32510999038725
1.05836385123406,1.20447910569335
1.05836385123406,1.20447910569335
1.05836385123406,1.20447910569335
1.05836385123406,1.20447910569335
1.05836385123406,1.20300536625607
1.05836385123406,1.20300536625607
0.955796679356253,1.20300536625607
0.955796679356253,1.20300536625607
0.955796679356253,1.35312222447968
0.955796679356253,1.35312222447968
0.955796679356253,1.13023390563986
0.953587081389236,1.13023390563986
0.953587081389236,1.13023390563986
0.956871982180714,1.13023390563986
0.956871982180714,1.13023390563986
0.956871982180714,1.13023390563986
0.956871982180714,1.13023390563986
0.956871982180714,1.13023390563986
0.956871982180714,1.13023390563986
0.956871982180714,1.37252534430925
0.956871982180714,1.37252534430925
0.956871982180714,1.37986320111004
1.00325788767596,1.37986320111004
1.00325788767596,1.37986320111004
1.00325788767596,1.37986320111004
1.00325788767596,1.37986320111004
1.00325788767596,1.37986320111004
1.00325788767596,1.37986320111004
1.00325788767596,1.37986320111004
1.00325788767596,1.37986320111004
1.00325788767596,1.37986320111004
1.00325788767596,1.37986320111004
1.00325788767596,1.37986320111004
1.00325788767596,1.37986320111004
1.00325788767596,1.37986320111004
1.00325788767596,1.37986320111004
1.00325788767596,1.37986320111004
1.00325788767596,1.37986320111004
1.00325788767596,1.37986320111004
1.00325788767596,1.37986320111004
1.00325788767596,1.37986320111004
1.00325788767596,1.37986320111004
1.00325788767596,1.37986320111004
1.00325788767596,1.37986320111004
1.00325788767596,1.37986320111004
1.00325788767596,1.37986320111004
1.00325788767596,1.37986320111004
1.00325788767596,1.37986320111004
1.00325788767596,1.1020093131984
1.00325788767596,1.21828971745865
1.00325788767596,1.21828971745865
1.03073492382394,1.21828971745865
1.03073492382394,1.21828971745865
1.03073492382394,1.21828971745865
1.03073492382394,1.21828971745865
1.03073492382394,1.21828971745865
0.846306724206429,1.21828971745865
0.846306724206429,1.16537598687561
0.846306724206429,1.16537598687561
0.846306724206429,1.16537598687561
0.820980644543614,1.16537598687561
0.820980644543614,1.16537598687561
0.820980644543614,1.16537598687561
0.820980644543614,1.16537598687561
0.820980644543614,1.5426978077767
0.820980644543614,1.1785175826653
0.932235547637415,1.1785175826653
0.932235547637415,1.1785175826653
0.932235547637415,1.1785175826653
0.932235547637415,1.1785175826653
0.932235547637415,1.1785175826653
0.932235547637415,1.1785175826653
0.932235547637415,1.1785175826653
0.932235547637415,1.1785175826653
0.932235547637415,1.1785175826653
0.932235547637415,1.1785175826653
0.932235547637415,1.19723047975365
0.932235547637415,1.19723047975365
0.932235547637415,1.2679457657665
0.932235547637415,1.2679457657665
0.932235547637415,1.35068289231272
0.932235547637415,1.35068289231272
0.932235547637415,1.35068289231272
0.932235547637415,1.35068289231272
0.932235547637415,1.35068289231272
0.888901563556483,1.33103216295408
0.888901563556483,1.33103216295408
0.888901563556483,1.33103216295408
0.888901563556483,1.33103216295408
0.888901563556483,1.33103216295408
0.888901563556483,1.33103216295408
0.888901563556483,1.37840504163021
0.888901563556483,1.37840504163021
0.888901563556483,1.37840504163021
0.888901563556483,1.37840504163021
0.888901563556483,1.37840504163021
0.888901563556483,1.37840504163021
0.788183178320909,1.37840504163021
0.788183178320909,1.37840504163021
0.788183178320909,1.37840504163021
0.960881457437043,1.37840504163021
0.960881457437043,1.37840504163021
0.960881457437043,1.37840504163021
0.960881457437043,1.37840504163021
0.960881457437043,1.37840504163021
0.960881457437043,1.37840504163021
0.960881457437043,1.37840504163021
0.960881457437043,1.37840504163021
0.960881457437043,1.37840504163021
0.960881457437043,1.37840504163021
0.960881457437043,1.37840504163021
0.960881457437043,1.37840504163021
0.960881457437043,1.37840504163021
0.960881457437043,1.37840504163021
0.960881457437043,1.37840504163021
0.960881457437043,1.37840504163021
0.960881457437043,1.32564823468287
0.960881457437043,1.32564823468287
0.960881457437043,1.32564823468287
0.947558433311012,1.32564823468287
0.947558433311012,1.35559528942567
0.947558433311012,1.35559528942567
0.947558433311012,1.35559528942567
0.947558433311012,1.35559528942567
0.947558433311012,1.35559528942567
0.947558433311012,1.35559528942567
0.947558433311012,1.35559528942567
0.947558433311012,1.35559528942567
0.947558433311012,1.35559528942567
0.982322285788825,1.35559528942567
0.982322285788825,1.35559528942567
0.982322285788825,1.35559528942567
1.1063379202405,1.35559528942567
1.1063379202405,1.55770825047441
1.1063379202405,1.55770825047441
1.1063379202405,1.55770825047441
1.1063379202405,1.21151332981305
1.1063379202405,1.21151332981305
1.1063379202405,1.21151332981305
1.1063379202405,1.21151332981305
1.1063379202405,1.21151332981305
1.1063379202405,1.21151332981305
1.1063379202405,1.21151332981305
1.1063379202405,1.21151332981305
1.1063379202405,1.21151332981305
1.1063379202405,1.21151332981305
1.1063379202405,1.21151332981305
1.1063379202405,1.21151332981305
1.1063379202405,1.21151332981305
1.1063379202405,1.21151332981305
1.1063379202405,1.21151332981305
1.1063379202405,1.21151332981305
1.1063379202405,1.23202421374178
1.1063379202405,1.23202421374178
1.1063379202405,1.23202421374178
1.1063379202405,1.23202421374178
1.1063379202405,1.23202421374178
1.16625507580255,1.23202421374178
1.16625507580255,1.19815816688227
1.16625507580255,1.19815816688227
1.16625507580255,1.19815816688227
1.16625507580255,1.30411900602679
1.16625507580255,1.30411900602679
1.16625507580255,1.30411900602679
1.03301413581693,1.30411900602679
1.03301413581693,1.30411900602679
1.03301413581693,1.30411900602679
1.03301413581693,1.30411900602679
0.975466973657285,1.30411900602679
0.975466973657285,1.30411900602679
0.975466973657285,1.28624382269272
0.975466973657285,1.28624382269272
0.975466973657285,1.28624382269272
0.975466973657285,1.28624382269272
1.09298670307552,1.28624382269272
1.09298670307552,1.28870598057069
1.09298670307552,1.12546723753017
1.09298670307552,1.13641537775581
1.09298670307552,1.13641537775581
1.09298670307552,1.13641537775581
1.09298670307552,1.13641537775581
1.09298670307552,1.13641537775581
1.02970808863486,1.13641537775581
1.02970808863486,1.13641537775581
1.02970808863486,1.13641537775581
1.02970808863486,1.13641537775581
1.02970808863486,1.39336846133585
1.02970808863486,1.39336846133585
1.02970808863486,1.39336846133585
1.02970808863486,1.39336846133585
1.02970808863486,1.39336846133585
1.02970808863486,1.39336846133585
1.02970808863486,1.39336846133585
1.02970808863486,1.39336846133585
1.02970808863486,1.39336846133585
1.02970808863486,1.39336846133585
1.02970808863486,1.39336846133585
1.02970808863486,1.39336846133585
1.02970808863486,1.39336846133585
1.02970808863486,1.39336846133585
1.02970808863486,1.39336846133585
1.02970808863486,1.39336846133585
1.02970808863486,1.39336846133585
0.953806486430294,1.39336846133585
0.953806486430294,1.39336846133585
0.953806486430294,1.23533956698049
0.953806486430294,1.23533956698049
0.953806486430294,1.23533956698049
0.953806486430294,1.23533956698049
0.953806486430294,1.23533956698049
0.953806486430294,1.23533956698049
0.953806486430294,1.23533956698049
0.953806486430294,1.25353820507317
0.953806486430294,1.25353820507317
0.953806486430294,1.25353820507317
0.953806486430294,1.25353820507317
0.945074572140325,1.25353820507317
0.945074572140325,1.25353820507317
0.945074572140325,1.25353820507317
0.945074572140325,1.25353820507317
0.945074572140325,1.25353820507317
0.945074572140325,1.25353820507317
0.945074572140325,1.25353820507317
0.784524552975595,1.25353820507317
0.784524552975595,1.25353820507317
0.856027372966135,1.25353820507317
0.856027372966135,1.25353820507317
0.856027372966135,1.25353820507317
0.856027372966135,1.25353820507317
0.856027372966135,1.25353820507317
0.856027372966135,1.25353820507317
0.856027372966135,1.25353820507317
0.856027372966135,1.25353820507317
0.856027372966135,1.25353820507317
0.856027372966135,1.04711622715606
0.856027372966135,1.04711622715606
0.856027372966135,1.17625356269339
0.888926050348662,1.17625356269339
0.888926050348662,1.17625356269339
0.888926050348662,1.17625356269339
0.888926050348662,1.17625356269339
0.888926050348662,1.17625356269339
0.888926050348662,1.17625356269339
0.888926050348662,1.17625356269339
0.888926050348662,1.17625356269339
0.888926050348662,1.17625356269339
0.860948442407523,1.17625356269339
1.04415844755143,1.17625356269339
1.04415844755143,1.17625356269339
1.04415844755143,1.17625356269339
1.04415844755143,1.17625356269339
1.04415844755143,1.17625356269339
1.04415844755143,1.17625356269339
1.04415844755143,1.17625356269339
1.04415844755143,1.17625356269339
1.04415844755143,1.13713076799927
1.04415844755143,1.12852542332436
1.04415844755143,1.12852542332436
1.04415844755143,1.12852542332436
1.04415844755143,1.12852542332436
1.04415844755143,1.12852542332436
1.04415844755143,1.12852542332436
1.04415844755143,1.12852542332436
1.04415844755143,1.12852542332436
1.04415844755143,1.12852542332436
1.04415844755143,1.12852542332436
1.04415844755143,1.12852542332436
1.04415844755143,1.12852542332436
1.04415844755143,1.12852542332436
1.04415844755143,1.12852542332436
1.04415844755143,1.12852542332436
1.04415844755143,1.12852542332436
1.04415844755143,1.12852542332436
1.04415844755143,1.12852542332436
1.04415844755143,1.12852542332436
1.04415844755143,1.12852542332436
1.04415844755143,1.12852542332436
1.04415844755143,1.28726335018062
1.04415844755143,1.28726335018062
1.04415844755143,1.28726335018062
1.04415844755143,1.28726335018062
1.04415844755143,1.28726335018062
1.04415844755143,1.28726335018062
1.04415844755143,1.28726335018062
1.04415844755143,1.28726335018062
1.04415844755143,1.28726335018062
1.04415844755143,1.28726335018062
1.04415844755143,1.28726335018062
0.974281010836299,1.28726335018062
0.974281010836299,1.28726335018062
0.974281010836299,1.28726335018062
0.974281010836299,1.28726335018062
0.974281010836299,1.28726335018062
1.06750270021493,1.22431757176075
1.06750270021493,1.22431757176075
1.06750270021493,1.22431757176075
1.06750270021493,1.22431757176075
1.06750270021493,1.22431757176075
1.06750270021493,1.22431757176075
1.06750270021493,1.22431757176075
1.06750270021493,1.22431757176075
1.06750270021493,1.22431757176075
1.06750270021493,1.22431757176075
1.06750270021493,1.22431757176075
1.06750270021493,1.22431757176075
1.06750270021493,1.22431757176075
1.06750270021493,1.22431757176075
1.06750270021493,1.22431757176075
1.06750270021493,1.22431757176075
1.06750270021493,1.22431757176075
1.06750270021493,1.22431757176075
1.06750270021493,1.38620865688308
1.06750270021493,1.38620865688308
1.06750270021493,1.38620865688308
1.06750270021493,1.38620865688308
1.06750270021493,1.21788839323517
1.06750270021493,1.21788839323517
1.06750270021493,1.21788839323517
1.06750270021493,1.21788839323517
1.06750270021493,1.21788839323517
1.06750270021493,1.21788839323517
1.06750270021493,1.21788839323517
1.06750270021493,1.21788839323517
1.06750270021493,1.21788839323517
1.06750270021493,1.21788839323517
1.06750270021493,1.21788839323517
1.06750270021493,1.29050495755196
1.06750270021493,1.29050495755196
1.06750270021493,1.29050495755196
1.06750270021493,1.29050495755196
0.778829146159893,1.29050495755196
0.778829146159893,1.29590605722887
1.05108981226815,1.29590605722887
1.05108981226815,1.29590605722887
1.05108981226815,1.29590605722887
1.05108981226815,1.29590605722887
0.993450286355007,1.29590605722887
1.06097080523487,1.29590605722887
1.06097080523487,1.29590605722887
1.06097080523487,1.29590605722887
1.06097080523487,1.29590605722887
1.06097080523487,1.29590605722887
1.06097080523487,1.29590605722887
1.06097080523487,1.29590605722887
1.06097080523487,1.29590605722887
1.13747905468707,1.29590605722887
1.0287529062556,1.29590605722887
1.0287529062556,1.29590605722887
1.0287529062556,1.29590605722887
1.0287529062556,1.29590605722887
1.0287529062556,1.29590605722887
1.0287529062556,1.29590605722887
1.0287529062556,1.29590605722887
1.0287529062556,1.29590605722887
1.0287529062556,1.29590605722887
1.0287529062556,1.36612433936527
1.11655328419699,1.36612433936527
1.11655328419699,1.36612433936527
1.11655328419699,1.36612433936527
1.11655328419699,1.36612433936527
1.11655328419699,1.36612433936527
1.11655328419699,1.36612433936527
1.11655328419699,1.25958385612879
1.11655328419699,1.25958385612879
1.11655328419699,1.25958385612879
0.937622984655935,1.25958385612879
0.937622984655935,1.25958385612879
0.937622984655935,1.25958385612879
0.937622984655935,1.25958385612879
0.937622984655935,1.25958385612879
0.937622984655935,1.25958385612879
0.937622984655935,1.08067216058173
0.791317613471421,1.19834356055602
0.791317613471421,1.19834356055602
0.791317613471421,1.19834356055602
0.791317613471421,1.19834356055602
0.791317613471421,1.35275354218908
0.791317613471421,1.35275354218908
0.791317613471421,1.35275354218908
0.791317613471421,1.35275354218908
0.791317613471421,1.35275354218908
0.791317613471421,1.35275354218908
0.791317613471421,1.35275354218908
0.791317613471421,1.35275354218908
0.791317613471421,1.35275354218908
0.791317613471421,1.35275354218908
0.791317613471421,1.17705472551244
0.791317613471421,1.17705472551244
0.791317613471421,1.17705472551244
0.791317613471421,1.17705472551244
0.999138502306991,1.17705472551244
0.999138502306991,1.17705472551244
0.999138502306991,1.17705472551244
0.999138502306991,1.17705472551244
0.999138502306991,1.17705472551244
0.999138502306991,1.17705472551244
0.999138502306991,1.33592550195214
0.999138502306991,1.33592550195214
0.999138502306991,1.33592550195214
0.999138502306991,1.33592550195214
0.999138502306991,1.33592550195214
0.999138502306991,1.33592550195214
0.999138502306991,1.33592550195214
0.754812865035789,1.33592550195214
0.754812865035789,1.33592550195214
0.754812865035789,1.33592550195214
0.754812865035789,1.33592550195214
0.754812865035789,1.33592550195214
0.754812865035789,1.33592550195214
0.754812865035789,1.29229971062022
0.754812865035789,1.29229971062022
0.754812865035789,1.29229971062022
1.04198746776625,1.29229971062022
1.04198746776625,1.29229971062022
1.04198746776625,1.29229971062022
0.946728893420875,1.29229971062022
0.946728893420875,1.29229971062022
0.946728893420875,1.29229971062022
0.946728893420875,1.29229971062022
0.946728893420875,1.29229971062022
0.946728893420875,1.29229971062022
0.946728893420875,1.29229971062022
0.946728893420875,1.29229971062022
0.946728893420875,1.26134126050958
0.946728893420875,1.26134126050958
0.946728893420875,1.26134126050958
0.946728893420875,1.26134126050958
0.946728893420875,1.26134126050958
0.946728893420875,1.26134126050958
0.946728893420875,1.26134126050958
0.946728893420875,1.26134126050958
0.946728893420875,1.26134126050958
0.946728893420875,1.26134126050958
0.946728893420875,1.26134126050958
0.946728893420875,1.26134126050958
0.946728893420875,1.26134126050958
0.946728893420875,1.26134126050958
0.946728893420875,1.49736870175676
0.946728893420875,1.45178613506962
0.946728893420875,1.1318211847966
0.946728893420875,1.4356461185032
0.946728893420875,1.42077021097545
0.946728893420875,1.42077021097545
0.946728893420875,1.42077021097545
0.946728893420875,1.42077021097545
0.946728893420875,1.42077021097545
0.946728893420875,1.42077021097545
0.946728893420875,1.30784670377904
0.946728893420875,1.30784670377904
0.946728893420875,1.17995770706007
0.946728893420875,1.17995770706007
0.946728893420875,1.17995770706007
0.946728893420875,1.17995770706007
0.946728893420875,1.17995770706007
0.946728893420875,1.17995770706007
0.966198914727401,1.17995770706007
0.966198914727401,1.17995770706007
0.966198914727401,1.17995770706007
0.966198914727401,1.18794173765222
0.966198914727401,1.18794173765222
0.966198914727401,1.18794173765222
0.966198914727401,1.18794173765222
0.966198914727401,1.18794173765222
0.966198914727401,1.18794173765222
0.966198914727401,1.18794173765222
0.966198914727401,1.18794173765222
0.966198914727401,1.18794173765222
0.966198914727401,1.18794173765222
0.966198914727401,1.18794173765222
0.918382064587701,1.18794173765222
0.918382064587701,1.18794173765222
0.918382064587701,1.18794173765222
0.918382064587701,1.18794173765222
0.918382064587701,1.18794173765222
0.918382064587701,1.19458478092461
0.918382064587701,1.19458478092461
0.918382064587701,1.19458478092461
0.918382064587701,1.19458478092461
0.918382064587701,1.19458478092461
0.918382064587701,1.19458478092461
0.918382064587701,1.19458478092461
0.918382064587701,1.19458478092461
0.918382064587701,1.19458478092461
0.918382064587701,1.19458478092461
0.918382064587701,1.19458478092461
0.918382064587701,1.19458478092461
0.918382064587701,1.19458478092461
0.918382064587701,1.3380187882533
0.918382064587701,1.3380187882533
0.918382064587701,1.3380187882533
0.918382064587701,1.3380187882533
0.918382064587701,1.3380187882533
0.918382064587701,1.3380187882533
0.918382064587701,1.3380187882533
0.918382064587701,1.3380187882533
0.918382064587701,1.3380187882533
0.918382064587701,1.3380187882533
0.918382064587701,1.3380187882533
0.918382064587701,1.3380187882533
0.918382064587701,1.3380187882533
0.918382064587701,1.34431467352158
0.918382064587701,1.34431467352158
0.918382064587701,1.34431467352158
0.918382064587701,1.34431467352158
0.918382064587701,1.34431467352158
0.918382064587701,1.42074539357153
0.918382064587701,1.42074539357153
0.834450356018002,1.42074539357153
0.834450356018002,1.18146822585887
0.834450356018002,1.18146822585887
0.94880829312159,1.18146822585887
0.94880829312159,1.18146822585887
0.94880829312159,1.18146822585887
0.94880829312159,1.18146822585887
0.94880829312159,1.32238248465706
0.94880829312159,1.32238248465706
0.94880829312159,1.32238248465706
0.94880829312159,1.32238248465706
0.94880829312159,1.32238248465706
0.94880829312159,1.32238248465706
0.94880829312159,1.32238248465706
0.94880829312159,1.32238248465706
0.94880829312159,1.32238248465706
0.94880829312159,1.32238248465706
0.94880829312159,1.32238248465706
0.822169368242813,1.32238248465706
0.822169368242813,1.32238248465706
0.822169368242813,1.32238248465706
0.822169368242813,1.32238248465706
0.822169368242813,1.32238248465706
0.822169368242813,1.32238248465706
0.822169368242813,1.32238248465706
0.822169368242813,1.32238248465706
0.822169368242813,1.32238248465706
0.822169368242813,1.32238248465706
0.822169368242813,1.32238248465706
0.822169368242813,1.38870083406213
0.822169368242813,1.38870083406213
0.822169368242813,1.42133733413177
0.822169368242813,1.42133733413177
0.822169368242813,1.42133733413177
0.894933148803757,1.42133733413177
0.894933148803757,1.42133733413177
0.894933148803757,1.42133733413177
0.894933148803757,1.42133733413177
0.894933148803757,1.42133733413177
0.894933148803757,1.15429837548223
0.894933148803757,1.15429837548223
0.817105640100717,1.15429837548223
0.67205881694277,1.15429837548223
0.67205881694277,1.15429837548223
0.744086175255642,1.15429837548223
0.744086175255642,1.15429837548223
0.744086175255642,1.15429837548223
0.744086175255642,1.15429837548223
0.744086175255642,1.18237323624614
0.829421907734564,1.18237323624614
0.829421907734564,1.18237323624614
0.829421907734564,1.18237323624614
0.829421907734564,1.18237323624614
0.829421907734564,1.18237323624614
0.829421907734564,1.18237323624614
0.829421907734564,1.18237323624614
0.829421907734564,1.18237323624614
0.829421907734564,1.18237323624614
0.829421907734564,1.18237323624614
0.829421907734564,1.18237323624614
0.829421907734564,1.18237323624614
0.829421907734564,1.18237323624614
0.829421907734564,1.18237323624614
0.829421907734564,1.18237323624614
0.829421907734564,1.18237323624614
0.829421907734564,1.18237323624614
0.829421907734564,1.15888174143719
0.829421907734564,1.15888174143719
0.829421907734564,1.15888174143719
0.829421907734564,1.15888174143719
0.829421907734564,1.10581517574514
0.829421907734564,1.10581517574514
0.829421907734564,1.10581517574514
0.829421907734564,1.10581517574514
0.829421907734564,1.36832414713327
0.719794036437088,1.36832414713327
0.719794036437088,1.36832414713327
0.719794036437088,1.36832414713327
0.719794036437088,1.21743657440524
0.719794036437088,1.21743657440524
0.719794036437088,1.10548156303247
0.719794036437088,1.10548156303247
0.787603185138567,1.10548156303247
0.787603185138567,1.10548156303247
0.787603185138567,1.10548156303247
0.787603185138567,1.10548156303247
0.787603185138567,1.10548156303247
0.787603185138567,1.10548156303247
0.787603185138567,1.10548156303247
0.787603185138567,1.10548156303247
0.787603185138567,1.10548156303247
0.787603185138567,1.10548156303247
0.787603185138567,1.1832956576863
0.787603185138567,1.1832956576863
0.787603185138567,1.1832956576863
0.787603185138567,1.1832956576863
0.787603185138567,0.990580821797994
0.787603185138567,0.990580821797994
0.787603185138567,0.990580821797994
0.787603185138567,0.990580821797994
0.787603185138567,0.990580821797994
0.787603185138567,0.990580821797994
0.787603185138567,0.990580821797994
0.787603185138567,0.990580821797994
0.804167793319618,0.990580821797994
0.804167793319618,0.990580821797994
0.804167793319618,0.990580821797994
0.804167793319618,1.29717779966716
0.804167793319618,1.29717779966716
0.804167793319618,1.29717779966716
0.804167793319618,1.29717779966716
0.804167793319618,1.29717779966716
0.804167793319618,1.29717779966716
1.00880689174503,1.29717779966716
1.00880689174503,1.14621852463372
0.866179168764381,1.14621852463372
0.866179168764381,1.24032355270293
0.866179168764381,1.24032355270293
0.866179168764381,1.24032355270293
0.866179168764381,1.24032355270293
0.866179168764381,1.10814549744193
0.866179168764381,1.10814549744193
0.866179168764381,1.10814549744193
0.866179168764381,1.10814549744193
0.866179168764381,1.07384439723898
0.866179168764381,1.07384439723898
0.866179168764381,1.07384439723898
0.866179168764381,1.204120706496
0.866179168764381,1.204120706496
0.866179168764381,1.204120706496
0.866179168764381,1.19034709489655
0.866179168764381,1.19034709489655
0.866179168764381,1.092514085332
0.866179168764381,1.092514085332
0.866179168764381,1.092514085332
0.866179168764381,1.092514085332
0.961117045496886,1.092514085332
0.961117045496886,1.25053021026307
0.961117045496886,1.25053021026307
0.961117045496886,1.25053021026307
1.04523237094525,1.25053021026307
1.04523237094525,1.25053021026307
1.04523237094525,1.25053021026307
1.04523237094525,1.25053021026307
1.04523237094525,1.25053021026307
1.04523237094525,1.25053021026307
1.04523237094525,1.18536757612219
0.979214959119029,1.18536757612219
0.753484984211434,1.18536757612219
0.753484984211434,1.18536757612219
0.753484984211434,1.18536757612219
0.753484984211434,1.18536757612219
0.890639234595027,1.18536757612219
0.890639234595027,1.18536757612219
0.890639234595027,1.18536757612219
0.890639234595027,0.953468469410773
0.890639234595027,0.953468469410773
0.890639234595027,0.953468469410773
0.890639234595027,1.50732352509194
0.890639234595027,1.50732352509194
0.890639234595027,1.50732352509194
0.890639234595027,1.50732352509194
0.958393024977751,1.50732352509194
0.867998018354665,1.50732352509194
0.867998018354665,1.50732352509194
0.867998018354665,1.50732352509194
0.867998018354665,1.50732352509194
0.867998018354665,1.50732352509194
0.867998018354665,1.3246794783458
0.867998018354665,1.3246794783458
0.867998018354665,1.3246794783458
0.867998018354665,1.03138890006572
0.867998018354665,1.03138890006572
0.737190507212567,1.03138890006572
0.737190507212567,1.03138890006572
0.81473620611916,1.03138890006572
0.81473620611916,1.03138890006572
0.81473620611916,1.03138890006572
0.81473620611916,1.03138890006572
0.81473620611916,1.03138890006572
0.81473620611916,1.03138890006572
1.02760492933617,1.03138890006572
1.02760492933617,1.03138890006572
1.02760492933617,1.03138890006572
1.02760492933617,1.06759326192576
1.02760492933617,1.06759326192576
0.812838215013074,1.06759326192576
0.812838215013074,1.06759326192576
0.812838215013074,1.06759326192576
0.812838215013074,1.11822596248115
0.812838215013074,1.11822596248115
0.812838215013074,1.17543149944113
0.812838215013074,1.17543149944113
0.812838215013074,1.17543149944113
0.812838215013074,1.17543149944113
0.812838215013074,1.17543149944113
0.812838215013074,1.17543149944113
0.812838215013074,1.17543149944113
0.812838215013074,1.17543149944113
0.812838215013074,1.17543149944113
0.812838215013074,1.17543149944113
0.812838215013074,1.17543149944113
0.812838215013074,1.17543149944113
0.812838215013074,1.23356249889008
0.812838215013074,1.23356249889008
0.812838215013074,1.23356249889008
0.812838215013074,1.23356249889008
0.812838215013074,1.23356249889008
0.812838215013074,1.23356249889008
0.812838215013074,1.23356249889008
0.812838215013074,1.23356249889008
0.788747823342124,1.23356249889008
0.788747823342124,1.23356249889008
0.788747823342124,1.23356249889008
0.788747823342124,1.23356249889008
0.90557544118821,1.23356249889008
0.90557544118821,1.23356249889008
0.90557544118821,1.23356249889008
0.90557544118821,1.23356249889008
0.90557544118821,1.23356249889008
0.90557544118821,1.23356249889008
0.90557544118821,1.23356249889008
0.90557544118821,1.23356249889008
0.90557544118821,1.23356249889008
0.90557544118821,1.23356249889008
0.90557544118821,1.23356249889008
0.90557544118821,1.23356249889008
0.90557544118821,1.23356249889008
0.90557544118821,1.23356249889008
0.90557544118821,1.23356249889008
0.90557544118821,1.0756553688163
0.90557544118821,1.0756553688163
0.90557544118821,1.01966775299566
0.965587680405155,1.01966775299566
0.965587680405155,1.01966775299566
0.965587680405155,1.01966775299566
0.941139603962494,1.01966775299566
0.941139603962494,1.01966775299566
0.941139603962494,1.01966775299566
0.941139603962494,1.01966775299566
1.06019020478772,1.43486977688266
1.06019020478772,1.43486977688266
1.06019020478772,1.43486977688266
0.89258444932022,1.43486977688266
0.89258444932022,1.43486977688266
0.89258444932022,1.43486977688266
0.89258444932022,1.43486977688266
0.89258444932022,1.43486977688266
0.89258444932022,1.43486977688266
0.89258444932022,1.43486977688266
0.89258444932022,1.43486977688266
0.89258444932022,1.43486977688266
0.89258444932022,1.43486977688266
0.89258444932022,1.22912383604983
0.89258444932022,1.22912383604983
0.89258444932022,1.22912383604983
0.89258444932022,1.22912383604983
0.89258444932022,1.22912383604983
0.89258444932022,1.22912383604983
0.89258444932022,1.22912383604983
0.89258444932022,1.22912383604983
0.89258444932022,1.22912383604983
0.89258444932022,1.22912383604983
0.89258444932022,1.22912383604983
0.89258444932022,1.12024227253673
0.89258444932022,1.12024227253673
0.869017745839358,1.12024227253673
0.869017745839358,1.12024227253673
0.869017745839358,1.12024227253673
0.869017745839358,1.12024227253673
0.869017745839358,1.12024227253673
0.869017745839358,1.12024227253673
0.869017745839358,1.12024227253673
0.869017745839358,1.12024227253673
0.869017745839358,1.12024227253673
0.869017745839358,1.08223056977483
0.869017745839358,1.08223056977483
0.869017745839358,1.08223056977483
0.869017745839358,1.08223056977483
0.869017745839358,1.08223056977483
0.869017745839358,1.08223056977483
0.869017745839358,1.06490941650479
0.869017745839358,1.06490941650479
0.869017745839358,1.06490941650479
0.869017745839358,1.06490941650479
0.756689735998219,1.06490941650479
0.756689735998219,1.06490941650479
0.756689735998219,1.06490941650479
0.756689735998219,1.06490941650479
0.756689735998219,1.06490941650479
0.756689735998219,1.06490941650479
0.756689735998219,1.06490941650479
0.756689735998219,1.06490941650479
0.756689735998219,1.06490941650479
0.929609514626628,1.06490941650479
0.929609514626628,1.06490941650479
0.929609514626628,1.06490941650479
0.8225625465062,1.06490941650479
0.8225625465062,1.06490941650479
0.808408441474967,1.06490941650479
0.929965599366261,1.06490941650479
1.09074324578292,1.06490941650479
1.09074324578292,1.06490941650479
1.09074324578292,1.06490941650479
0.77442347496934,1.06490941650479
0.77442347496934,1.06490941650479
0.77442347496934,1.06490941650479
1.06284298270763,1.06490941650479
1.06284298270763,1.06490941650479
1.06284298270763,1.06490941650479
1.06284298270763,1.06490941650479
1.01775172718346,1.06490941650479
1.01775172718346,1.06490941650479
1.01775172718346,1.06490941650479
1.01775172718346,1.06490941650479
1.01775172718346,1.06490941650479
1.01775172718346,1.06490941650479
1.01775172718346,1.06490941650479
1.01775172718346,1.06490941650479
1.01775172718346,1.06490941650479
0.787107457988094,1.06490941650479
0.787107457988094,1.06490941650479
0.963898951876998,1.06490941650479
0.963898951876998,1.06490941650479
0.963898951876998,1.20983211505588
0.963898951876998,1.19651341364176
0.963898951876998,1.19651341364176
0.947144727878384,1.19651341364176
0.947144727878384,1.19651341364176
0.947144727878384,1.19651341364176
0.947144727878384,1.19651341364176
0.947144727878384,1.19651341364176
0.947144727878384,1.19651341364176
0.947144727878384,1.19651341364176
0.947144727878384,1.19651341364176
0.947144727878384,1.19651341364176
0.837941580502407,1.19651341364176
0.837941580502407,1.19651341364176
0.837941580502407,1.19651341364176
0.837941580502407,1.19651341364176
0.837941580502407,1.19651341364176
0.837941580502407,1.19651341364176
0.837941580502407,1.19651341364176
0.837941580502407,1.19651341364176
0.837941580502407,1.19651341364176
1.03590379154797,1.19651341364176
1.03590379154797,1.19651341364176
1.03590379154797,1.19651341364176
1.03590379154797,1.19651341364176
1.03590379154797,1.19651341364176
1.03590379154797,1.18019397642042
1.03590379154797,1.18019397642042
1.03590379154797,1.18019397642042
1.03590379154797,1.18019397642042
1.11595007164673,1.24457870803747
0.958907047449611,1.24457870803747
0.958907047449611,1.24457870803747
0.958907047449611,1.24457870803747
0.958907047449611,1.24457870803747
0.958907047449611,1.24457870803747
0.958907047449611,1.24457870803747
0.958907047449611,1.24457870803747
0.958907047449611,1.24457870803747
0.958907047449611,1.24457870803747
0.958907047449611,1.24457870803747
0.958907047449611,1.24457870803747
0.958907047449611,1.24457870803747
0.958907047449611,1.24457870803747
0.958907047449611,1.24457870803747
0.958907047449611,1.24457870803747
0.958907047449611,1.24457870803747
0.958907047449611,1.24457870803747
0.958907047449611,1.24457870803747
0.958907047449611,1.24457870803747
0.958907047449611,1.2048196995437
0.952759698566288,1.2048196995437
0.952759698566288,1.2048196995437
0.952759698566288,1.2048196995437
0.952759698566288,1.2048196995437
0.952759698566288,1.2048196995437
0.952759698566288,1.2048196995437
0.952759698566288,1.2048196995437
0.952759698566288,1.2048196995437
0.952759698566288,1.2048196995437
0.952759698566288,1.2048196995437
0.952759698566288,1.2048196995437
0.952759698566288,1.47471814786978
0.952759698566288,1.42742425379945
0.952759698566288,1.42742425379945
0.952759698566288,1.42742425379945
0.952759698566288,1.42742425379945
0.952759698566288,1.42742425379945
0.952759698566288,1.42742425379945
0.952759698566288,1.42742425379945
0.952759698566288,1.42742425379945
0.952759698566288,1.42742425379945
0.952759698566288,1.42742425379945
0.952759698566288,1.42742425379945
0.952759698566288,1.42742425379945
0.952759698566288,1.42742425379945
0.952759698566288,1.42742425379945
0.952759698566288,1.42742425379945
0.898413946792887,1.42742425379945
0.898413946792887,1.42742425379945
0.823794511029601,1.42742425379945
0.823794511029601,1.42742425379945
0.823794511029601,1.42742425379945
0.823794511029601,1.42742425379945
0.960619700446729,1.42742425379945
0.960619700446729,1.42742425379945
0.960619700446729,1.42742425379945
0.960619700446729,1.42742425379945
0.960619700446729,1.42742425379945
0.960619700446729,1.42742425379945
0.960619700446729,1.12176717794881
0.960619700446729,1.12176717794881
0.960619700446729,1.12176717794881
0.960619700446729,1.12176717794881
0.960619700446729,1.12176717794881
0.960619700446729,1.12176717794881
0.960619700446729,1.12176717794881
0.960619700446729,1.12176717794881
0.960619700446729,1.12176717794881
0.863369359391042,1.12176717794881
0.863369359391042,1.12176717794881
0.863369359391042,1.12176717794881
0.863369359391042,1.12176717794881
0.863369359391042,1.12176717794881
0.863369359391042,1.1563598763142
0.863369359391042,1.1563598763142
0.863369359391042,1.13301542004154
0.863369359391042,1.13301542004154
0.863369359391042,1.07708035116422
0.863369359391042,1.07708035116422
0.863369359391042,1.07708035116422
0.863369359391042,1.07708035116422
0.863369359391042,1.07708035116422
0.863369359391042,1.07708035116422
0.863369359391042,1.07708035116422
0.863369359391042,1.30473293092717
0.863369359391042,1.30473293092717
0.863369359391042,1.30473293092717
0.863369359391042,1.30473293092717
0.863369359391042,1.30473293092717
0.863369359391042,1.30473293092717
0.863369359391042,1.30473293092717
0.863369359391042,1.39745526335976
0.863369359391042,1.39745526335976
0.863369359391042,1.39745526335976
0.863369359391042,1.39745526335976
0.863369359391042,1.2588004335338
0.863369359391042,1.2588004335338
0.863369359391042,1.2588004335338
0.863369359391042,1.2588004335338
0.863369359391042,1.12282447528441
0.863369359391042,1.12282447528441
0.863369359391042,1.12282447528441
0.863369359391042,1.12282447528441
0.863369359391042,1.12282447528441
0.863369359391042,1.12282447528441
0.863369359391042,1.12282447528441
0.863369359391042,1.12282447528441
0.863369359391042,1.12282447528441
0.863369359391042,1.12282447528441
0.863369359391042,1.12282447528441
0.977629861332599,1.12282447528441
0.990799691748004,1.12282447528441
0.776716267883748,1.12282447528441
0.776716267883748,1.12282447528441
0.776716267883748,1.12282447528441
0.776716267883748,1.12282447528441
0.776716267883748,1.12282447528441
0.801808219722824,1.12282447528441
0.801808219722824,1.12282447528441
0.801808219722824,1.12282447528441
0.801808219722824,1.12282447528441
0.801808219722824,1.12282447528441
0.801808219722824,1.12282447528441
0.801808219722824,1.12282447528441
0.801808219722824,1.12282447528441
0.801808219722824,1.12282447528441
0.801808219722824,1.12282447528441
0.801808219722824,1.12282447528441
0.800730889844805,1.12282447528441
0.800730889844805,1.12282447528441
0.800730889844805,1.12282447528441
0.800730889844805,1.12282447528441
0.800730889844805,1.12282447528441
0.796309402289731,1.12282447528441
0.796309402289731,1.12282447528441
0.796309402289731,1.12282447528441
0.796309402289731,1.12282447528441
0.796309402289731,1.12282447528441
0.796309402289731,1.12282447528441
0.796309402289731,1.12282447528441
0.796309402289731,1.12282447528441
0.796309402289731,1.12282447528441
0.796309402289731,1.12282447528441
0.796309402289731,1.12282447528441
0.796309402289731,1.12282447528441
0.796309402289731,1.12282447528441
0.796309402289731,1.38354101236864
0.796309402289731,1.38354101236864
0.796309402289731,1.38354101236864
0.796309402289731,1.3218783459875
0.796309402289731,1.3218783459875
0.796309402289731,1.3218783459875
0.796309402289731,1.3218783459875
0.796309402289731,1.3218783459875
0.796309402289731,1.19093291425468
0.929680956215364,1.19093291425468
0.929680956215364,1.19093291425468
0.929680956215364,1.19093291425468
0.929680956215364,1.19093291425468
0.904241705971957,1.19093291425468
0.904241705971957,1.19093291425468
0.904241705971957,1.19093291425468
0.904241705971957,1.19093291425468
0.904241705971957,1.19093291425468
0.904241705971957,1.19093291425468
0.904241705971957,1.19093291425468
0.904241705971957,1.1963901227954
0.904241705971957,1.1963901227954
0.904241705971957,1.1963901227954
0.827004171606127,1.1963901227954
0.739695387539776,1.1963901227954
0.739695387539776,1.1963901227954
0.739695387539776,1.1963901227954
1.10947682778474,1.1963901227954
1.10947682778474,1.1963901227954
1.10947682778474,1.1963901227954
1.10947682778474,1.1963901227954
1.10947682778474,1.1963901227954
1.10947682778474,1.1963901227954
1.10947682778474,1.1963901227954
0.879496856953067,1.1963901227954
0.879496856953067,1.1963901227954
0.879496856953067,1.34694822472408
0.879496856953067,1.34694822472408
0.879496856953067,1.34694822472408
0.865499519965723,1.34694822472408
0.865499519965723,1.34694822472408
0.865499519965723,1.34694822472408
0.865499519965723,1.45220635515692
0.865499519965723,1.45220635515692
0.865499519965723,1.45220635515692
0.865499519965723,1.45220635515692
0.865499519965723,1.45220635515692
0.865499519965723,1.45220635515692
0.865499519965723,1.45220635515692
1.00450372967721,1.45220635515692
1.00450372967721,1.45220635515692
1.00450372967721,0.917352445820754
1.00450372967721,0.917352445820754
1.00450372967721,0.917352445820754
1.00450372967721,0.917352445820754
0.823685251594212,1.13323360754436
0.823685251594212,1.13323360754436
0.823685251594212,1.13323360754436
0.853329778529845,1.13323360754436
0.853329778529845,1.13323360754436
0.853329778529845,1.13323360754436
0.853329778529845,1.13323360754436
0.853329778529845,1.23918083386204
0.853329778529845,1.13560385709081
0.850205920744322,1.13560385709081
0.850205920744322,1.13560385709081
0.850205920744322,1.13560385709081
0.850205920744322,1.13560385709081
0.850205920744322,1.13560385709081
0.850205920744322,1.13560385709081
0.850205920744322,1.13560385709081
0.850205920744322,1.13560385709081
0.855117190270965,1.13560385709081
0.870175692015193,1.13560385709081
0.870175692015193,1.13560385709081
0.870175692015193,1.13560385709081
0.870175692015193,1.13560385709081
0.872560883521415,1.13560385709081
0.872560883521415,1.22113666613074
0.872560883521415,1.22113666613074
0.872560883521415,1.22113666613074
0.872560883521415,1.22113666613074
0.872560883521415,1.22113666613074
0.872560883521415,1.3253509765402
0.872560883521415,1.3253509765402
0.872560883521415,1.3253509765402
0.872560883521415,1.3253509765402
0.872560883521415,1.3253509765402
0.872560883521415,1.3253509765402
0.872560883521415,1.3253509765402
0.872560883521415,1.3253509765402
0.872560883521415,1.3253509765402
0.872560883521415,1.3253509765402
0.872560883521415,1.3253509765402
0.872560883521415,1.3253509765402
0.872560883521415,1.3253509765402
0.872560883521415,1.3253509765402
0.872560883521415,1.27869786747668
0.872560883521415,1.27869786747668
0.872560883521415,1.27869786747668
0.872560883521415,1.27869786747668
0.872560883521415,1.27869786747668
0.872560883521415,1.53406140133707
0.872560883521415,1.53406140133707
0.872560883521415,1.53406140133707
0.872560883521415,1.53406140133707
0.872560883521415,1.53406140133707
0.872560883521415,1.53406140133707
0.872560883521415,1.53406140133707
0.872560883521415,1.53406140133707
0.872560883521415,1.53406140133707
0.872560883521415,1.53406140133707
0.872560883521415,1.53406140133707
0.872560883521415,1.53406140133707
0.872560883521415,1.53406140133707
0.872560883521415,1.59404953534215
0.872560883521415,1.59404953534215
0.872560883521415,1.59404953534215
0.872560883521415,1.59404953534215
0.872560883521415,1.59404953534215
0.765483513048383,1.59404953534215
0.765483513048383,1.59404953534215
0.765483513048383,1.59404953534215
0.765483513048383,1.59404953534215
0.765483513048383,1.15376573504478
0.765483513048383,1.15376573504478
0.765483513048383,1.15376573504478
0.765483513048383,1.15376573504478
0.765483513048383,1.53817218768068
0.765483513048383,1.58350520586986
0.765483513048383,1.58350520586986
0.765483513048383,1.58350520586986
1.00884731039237,1.58350520586986
1.00884731039237,1.58350520586986
1.00884731039237,1.58350520586986
1.00884731039237,1.42259572097542
1.00884731039237,1.42259572097542
1.00884731039237,1.42259572097542
1.00884731039237,1.42259572097542
1.00884731039237,1.42259572097542
1.00884731039237,1.42259572097542
1.00884731039237,1.42259572097542
1.00884731039237,1.42259572097542
1.00884731039237,1.42259572097542
1.00884731039237,1.42259572097542
1.00884731039237,1.42259572097542
1.00884731039237,1.42259572097542
1.00884731039237,1.42259572097542
1.00884731039237,1.42259572097542
1.03673745452478,1.42259572097542
1.03673745452478,1.42259572097542
1.03673745452478,1.42259572097542
1.03673745452478,1.42259572097542
1.03673745452478,1.42259572097542
1.03673745452478,1.42259572097542
1.03673745452478,1.42259572097542
1.03673745452478,1.42259572097542
1.03673745452478,1.42259572097542
1.03673745452478,1.42259572097542
1.03673745452478,1.42259572097542
1.03673745452478,1.42259572097542
1.03673745452478,1.42259572097542
1.03673745452478,1.42259572097542
1.03673745452478,1.42259572097542
1.03673745452478,1.42259572097542
1.03673745452478,1.42259572097542
1.03673745452478,1.42259572097542
1.03673745452478,1.42259572097542
1.03673745452478,1.42259572097542
1.01604312263571,1.42259572097542
0.967720268600089,1.42259572097542
0.967720268600089,1.42259572097542
0.967720268600089,1.33525374716003
0.967720268600089,1.33525374716003
0.967720268600089,1.33525374716003
0.967720268600089,1.33525374716003
0.967720268600089,1.33525374716003
0.967720268600089,1.33525374716003
0.967720268600089,1.33525374716003
0.760178512980241,1.33525374716003
0.760178512980241,1.55365562746257
0.760178512980241,1.55365562746257
0.760178512980241,1.55365562746257
1.13697381494171,1.47962844389398
1.13697381494171,1.47962844389398
1.13697381494171,1.47962844389398
1.13697381494171,1.47962844389398
1.13697381494171,1.47962844389398
1.13697381494171,1.47962844389398
1.13697381494171,1.47962844389398
0.864108270944474,1.47962844389398
0.864108270944474,1.47962844389398
0.982093515883041,1.47962844389398
0.982093515883041,1.47962844389398
0.982093515883041,1.47962844389398
0.982093515883041,1.47962844389398
0.982093515883041,1.47962844389398
0.982093515883041,1.47962844389398
0.982093515883041,1.47962844389398
0.982093515883041,1.47962844389398
0.982093515883041,1.47962844389398
0.982093515883041,1.47962844389398
0.982093515883041,1.47962844389398
0.982093515883041,1.47962844389398
0.982093515883041,1.47962844389398
0.982093515883041,1.56759850295011
0.982093515883041,1.56759850295011
0.982093515883041,1.56759850295011
0.982093515883041,1.56759850295011
0.982093515883041,1.56759850295011
0.982093515883041,1.56759850295011
0.982093515883041,1.56759850295011
0.982093515883041,1.56759850295011
0.982093515883041,1.56759850295011
0.982093515883041,1.56759850295011
0.982093515883041,1.56759850295011
0.982093515883041,1.56759850295011
0.982093515883041,1.3099708290336
0.930053329028087,1.3099708290336
0.930053329028087,1.3099708290336
0.930053329028087,1.3099708290336
0.930053329028087,1.3099708290336
0.930053329028087,1.3099708290336
0.930053329028087,1.3099708290336
0.930053329028087,1.3099708290336
0.930053329028087,1.3099708290336
0.930053329028087,1.3099708290336
0.930053329028087,1.3099708290336
0.930053329028087,1.3099708290336
0.930053329028087,1.3099708290336
0.930053329028087,1.3099708290336
0.930053329028087,1.3099708290336
0.930053329028087,1.3099708290336
0.930053329028087,1.3099708290336
0.930053329028087,1.3099708290336
0.930053329028087,1.3099708290336
0.930053329028087,1.3099708290336
0.930053329028087,1.3099708290336
1.06862996389456,1.54052274504478
1.06862996389456,1.54052274504478
1.06862996389456,1.54052274504478
1.06862996389456,1.54052274504478
1.06862996389456,1.54052274504478
1.06862996389456,1.54052274504478
1.06862996389456,1.64249583631737
1.06862996389456,1.64249583631737
1.06862996389456,1.64249583631737
1.06862996389456,1.64249583631737
1.06862996389456,1.64249583631737
1.06862996389456,1.51080192120659
1.06862996389456,1.51080192120659
1.06862996389456,1.51080192120659
1.06862996389456,1.51080192120659
1.06862996389456,1.51080192120659
1.06862996389456,1.94929445839225
0.878562387693254,1.94929445839225
0.878562387693254,1.84977334204253
0.878562387693254,1.49419340670317
0.878562387693254,1.49419340670317
0.996274581416128,1.49419340670317
0.996274581416128,1.49419340670317
0.996274581416128,1.49419340670317
0.996274581416128,1.49419340670317
0.996274581416128,1.49419340670317
0.996274581416128,1.49419340670317
0.996274581416128,1.72885533541502
0.996274581416128,1.72885533541502
0.996274581416128,1.72885533541502
0.996274581416128,1.72885533541502
0.996274581416128,1.72885533541502
0.996274581416128,1.72885533541502
0.996274581416128,1.22926577201188
0.996274581416128,1.22926577201188
0.996274581416128,1.32178152918278
0.996274581416128,1.32178152918278
0.996274581416128,1.32178152918278
0.996274581416128,1.32178152918278
0.996274581416128,1.41258258587851
0.996274581416128,1.41258258587851
0.996274581416128,1.41258258587851
0.996274581416128,1.41258258587851
0.996274581416128,1.41258258587851
0.996274581416128,1.41258258587851
1.03470846202021,1.53342309771585
1.03470846202021,1.53342309771585
1.01604989144045,1.53342309771585
1.01604989144045,1.53342309771585
1.01604989144045,1.53342309771585
1.01604989144045,1.53342309771585
1.01604989144045,1.53342309771585
1.01604989144045,1.53342309771585
1.01604989144045,1.53342309771585
1.01604989144045,1.53342309771585
0.865955073251509,1.24198610846168
0.865955073251509,1.24198610846168
0.865955073251509,1.24198610846168
0.865955073251509,1.28489525361057
0.865955073251509,1.28489525361057
1.01679327554115,1.28489525361057
1.01679327554115,1.34897318455796
0.849098192479556,1.34897318455796
0.849098192479556,1.34897318455796
0.849098192479556,1.34897318455796
0.849098192479556,1.34897318455796
0.849098192479556,1.34897318455796
0.849098192479556,1.34897318455796
0.861910464079192,1.34897318455796
0.861910464079192,1.34897318455796
0.861910464079192,1.34897318455796
0.861910464079192,1.58031370122826
0.861910464079192,1.58031370122826
0.861910464079192,1.58031370122826
0.861910464079192,1.58031370122826
0.861910464079192,1.58031370122826
0.861910464079192,1.58031370122826
0.861910464079192,1.58031370122826
0.861910464079192,1.58031370122826
0.861910464079192,1.58031370122826
0.861910464079192,1.58031370122826
0.861910464079192,1.58031370122826
0.861910464079192,1.58031370122826
0.861910464079192,1.58031370122826
0.861910464079192,1.67089557770356
0.861910464079192,1.67089557770356
0.861910464079192,1.80178877569418
0.861910464079192,1.32414040538411
0.861910464079192,1.32414040538411
0.861910464079192,1.32414040538411
0.861910464079192,1.32414040538411
0.861910464079192,1.32414040538411
0.861910464079192,1.32414040538411
0.861910464079192,1.32414040538411
0.861910464079192,1.37227702700716
0.861910464079192,1.37227702700716
0.861910464079192,1.37227702700716
0.861910464079192,1.61292402914065
0.861910464079192,1.45166450592238
0.861910464079192,1.45166450592238
0.861910464079192,1.14694989984548
0.861910464079192,1.18015429467039
0.861910464079192,1.18015429467039
0.861910464079192,1.18015429467039
0.861910464079192,1.26152984076827
0.861910464079192,1.26152984076827
0.861910464079192,1.26152984076827
0.861910464079192,1.26152984076827
0.861910464079192,1.26152984076827
0.861910464079192,1.26152984076827
0.942149101152382,1.26152984076827
0.942149101152382,1.26152984076827
0.942149101152382,1.26152984076827
0.942149101152382,1.26152984076827
0.942149101152382,1.26152984076827
1.03998359931274,1.26152984076827
1.03998359931274,1.26152984076827
1.03998359931274,1.26152984076827
1.03998359931274,1.26152984076827
1.03998359931274,1.26152984076827
1.03998359931274,1.26152984076827
1.03998359931274,1.26152984076827
1.03998359931274,1.26152984076827
1.03998359931274,1.38686160102357
1.03998359931274,1.38686160102357
1.03998359931274,1.38686160102357
1.03998359931274,1.38686160102357
1.03998359931274,1.38686160102357
1.03998359931274,1.38686160102357
1.03998359931274,1.38686160102357
1.03998359931274,1.38686160102357
1.03998359931274,1.38686160102357
0.860303151892333,1.38686160102357
0.860303151892333,1.38686160102357
0.860303151892333,1.38686160102357
1.02901401628915,1.38686160102357
1.02901401628915,1.38686160102357
1.01674643756594,1.38686160102357
1.01674643756594,1.38686160102357
1.02168695234033,1.38686160102357
1.02168695234033,1.38686160102357
1.02168695234033,1.38686160102357
1.02168695234033,1.38686160102357
1.02168695234033,1.38736349446302
1.02168695234033,1.38736349446302
1.02168695234033,1.38736349446302
1.02168695234033,1.38736349446302
1.02168695234033,1.38736349446302
1.02168695234033,1.38736349446302
1.02168695234033,1.38736349446302
1.02168695234033,1.38736349446302
1.02168695234033,1.38736349446302
0.845036871121011,1.38736349446302
0.845036871121011,1.38736349446302
0.845036871121011,1.38736349446302
0.845036871121011,1.38736349446302
0.845036871121011,1.38736349446302
0.845036871121011,1.38736349446302
0.854144291240557,1.38736349446302
0.854144291240557,1.38736349446302
0.854144291240557,1.40336141823942
0.854144291240557,1.40336141823942
0.938211944731155,1.47267271434556
0.938211944731155,1.47267271434556
0.938211944731155,1.4366126140888
0.938211944731155,1.4366126140888
0.938211944731155,1.4366126140888
0.938211944731155,1.4366126140888
0.938211944731155,1.4366126140888
0.861286838491835,1.4366126140888
0.861286838491835,1.21418847568365
1.08945020001208,1.21418847568365
1.08945020001208,1.21418847568365
1.08945020001208,1.31863832824766
1.08945020001208,1.31863832824766
1.08945020001208,1.31863832824766
1.08945020001208,1.24270110932979
1.08945020001208,1.24270110932979
0.81192540978497,1.24270110932979
0.81192540978497,1.24270110932979
0.81192540978497,1.24270110932979
0.81192540978497,1.24270110932979
0.81192540978497,1.24270110932979
0.81192540978497,1.24270110932979
0.81192540978497,1.30808125464154
0.81192540978497,1.30808125464154
0.81192540978497,1.30808125464154
0.81192540978497,1.30808125464154
0.81192540978497,1.30808125464154
0.81192540978497,1.30808125464154
0.814648456757455,1.36288333536999
0.814648456757455,1.36288333536999
0.814648456757455,1.36288333536999
0.814648456757455,1.36288333536999
0.814648456757455,1.36288333536999
0.814648456757455,1.36288333536999
0.976452196267714,1.36288333536999
0.976452196267714,1.36288333536999
0.976452196267714,1.36288333536999
0.976452196267714,1.2998606253652
0.976452196267714,1.2998606253652
0.976452196267714,1.2998606253652
0.976452196267714,1.2998606253652
0.976452196267714,1.2998606253652
0.976452196267714,1.2998606253652
0.976452196267714,1.2998606253652
0.976452196267714,1.2998606253652
0.976452196267714,1.2998606253652
0.976452196267714,1.2998606253652
0.976452196267714,1.2998606253652
0.976452196267714,1.2998606253652
0.976452196267714,1.2998606253652
0.976452196267714,1.2998606253652
0.976452196267714,1.2998606253652
0.976452196267714,1.2998606253652
0.93451661653462,1.2998606253652
0.93451661653462,1.2998606253652
0.93451661653462,1.2998606253652
0.93451661653462,1.2998606253652
0.93451661653462,1.2998606253652
0.93451661653462,1.2998606253652
1.06603961850017,1.2998606253652
1.06603961850017,1.2998606253652
1.06603961850017,1.2998606253652
1.06603961850017,1.2998606253652
1.06603961850017,1.2998606253652
1.06603961850017,1.2998606253652
1.06603961850017,1.2998606253652
1.06603961850017,1.2998606253652
1.06603961850017,1.2998606253652
0.882600481705332,1.2998606253652
0.882600481705332,1.2998606253652
0.882600481705332,1.2998606253652
0.882600481705332,1.2998606253652
0.882600481705332,1.2998606253652
0.882600481705332,1.2998606253652
0.882600481705332,1.2998606253652
0.882600481705332,1.2998606253652
0.882600481705332,1.2998606253652
0.882600481705332,1.2998606253652
0.882600481705332,1.2998606253652
0.882600481705332,1.2998606253652
0.882600481705332,1.2998606253652
0.882600481705332,1.31277245050575
0.882600481705332,1.53085841363615
0.882600481705332,1.53085841363615
0.882600481705332,1.53085841363615
0.882600481705332,1.53085841363615
0.882600481705332,1.53085841363615
0.882600481705332,1.53085841363615
0.882600481705332,1.53085841363615
0.882600481705332,1.53085841363615
0.882600481705332,1.53085841363615
0.882600481705332,1.53085841363615
0.882600481705332,1.53085841363615
0.882600481705332,1.53085841363615
0.882600481705332,1.53085841363615
0.882600481705332,1.53085841363615
0.882600481705332,1.18370328957621
0.882600481705332,1.18370328957621
0.882600481705332,1.18370328957621
0.882600481705332,1.18370328957621
0.882600481705332,1.18370328957621
0.882600481705332,1.18370328957621
0.882600481705332,1.18370328957621
0.882600481705332,1.3142047312757
0.882600481705332,1.3142047312757
0.882600481705332,1.3142047312757
0.90843495957021,1.3142047312757
0.90843495957021,1.3142047312757
0.951998937304773,1.3142047312757
0.951998937304773,1.3142047312757
0.951998937304773,1.3142047312757
0.951998937304773,1.3142047312757
0.951998937304773,1.3142047312757
0.951998937304773,1.3142047312757
1.03704057285506,1.3142047312757
1.03704057285506,1.3142047312757
1.03704057285506,1.61910797076726
1.02202369463509,1.61910797076726
1.02202369463509,1.61910797076726
1.02202369463509,1.61910797076726
1.02202369463509,1.61910797076726
1.05044003720358,1.61910797076726
1.05044003720358,1.61910797076726
1.05044003720358,1.61910797076726
1.05044003720358,1.61910797076726
1.05044003720358,1.61910797076726
1.01471812384471,1.61910797076726
1.01471812384471,1.61910797076726
1.01471812384471,1.61910797076726
1.01471812384471,1.61910797076726
1.01471812384471,1.51863338443719
1.01471812384471,1.51863338443719
1.01471812384471,1.51863338443719
1.01471812384471,1.51863338443719
1.01471812384471,1.51863338443719
1.01471812384471,1.5358695411879
1.01471812384471,1.5358695411879
1.01471812384471,1.5358695411879
1.01471812384471,1.5358695411879
1.01471812384471,1.22103259517226
1.01471812384471,1.22103259517226
1.01471812384471,1.22103259517226
1.01471812384471,1.22103259517226
1.01471812384471,1.22103259517226
1.01471812384471,1.22103259517226
0.884972435339506,1.22103259517226
0.884972435339506,1.22103259517226
0.884972435339506,1.22103259517226
0.884972435339506,1.41424823917099
0.884972435339506,1.41424823917099
0.884972435339506,1.41424823917099
0.884972435339506,1.29842988944172
0.884972435339506,1.29842988944172
0.884972435339506,1.29842988944172
0.884972435339506,1.29842988944172
0.884972435339506,1.24397293811401
0.884972435339506,1.24397293811401
0.884972435339506,1.24397293811401
0.884972435339506,1.24397293811401
0.884972435339506,1.24397293811401
0.884972435339506,1.24397293811401
0.884972435339506,1.24397293811401
0.884972435339506,1.24397293811401
0.884972435339506,1.24397293811401
0.884972435339506,1.25209993781025
0.884972435339506,1.25209993781025
0.884972435339506,1.25209993781025
0.884972435339506,1.25209993781025
0.884972435339506,1.25209993781025
0.884972435339506,1.25209993781025
0.884972435339506,1.25209993781025
0.884972435339506,1.25209993781025
0.884972435339506,1.60531886749194
0.884972435339506,1.46047914340584
0.884972435339506,1.46047914340584
0.884972435339506,1.5274733949146
0.954182859382548,1.5274733949146
0.954182859382548,1.5274733949146
0.8755103793659,1.5274733949146
0.8755103793659,1.36146426835351
0.8755103793659,1.36146426835351
0.8755103793659,1.36146426835351
0.8755103793659,1.36146426835351
0.81053527990848,1.36146426835351
0.81053527990848,1.26999831088462
0.81053527990848,1.26999831088462
0.81053527990848,1.26999831088462
0.81053527990848,1.26999831088462
1.05851042057642,1.26999831088462
1.05851042057642,1.26999831088462
1.05851042057642,1.26999831088462
1.05851042057642,1.26999831088462
1.04436842458794,1.26999831088462
1.04436842458794,1.26999831088462
1.04436842458794,1.26999831088462
1.04436842458794,1.26999831088462
1.04436842458794,1.26999831088462
1.04436842458794,1.26999831088462
1.04436842458794,1.26999831088462
1.04436842458794,1.26999831088462
1.04436842458794,1.36406627594934
1.04436842458794,1.36406627594934
1.04436842458794,1.36406627594934
1.04436842458794,1.36406627594934
1.04436842458794,1.36406627594934
1.04436842458794,1.36406627594934
1.04436842458794,1.36406627594934
1.04436842458794,1.36406627594934
1.04436842458794,1.36406627594934
1.04436842458794,1.36406627594934
1.04436842458794,1.36406627594934
1.02140587941645,1.36406627594934
1.02140587941645,1.36406627594934
1.02140587941645,1.36406627594934
1.02140587941645,1.36406627594934
1.02140587941645,1.36406627594934
1.02140587941645,1.4044184873164
1.08212945808577,1.4044184873164
1.08212945808577,1.4044184873164
1.08212945808577,1.4044184873164
1.08212945808577,1.59017193917002
1.08212945808577,1.59017193917002
1.08212945808577,1.59017193917002
1.08212945808577,1.59017193917002
1.08212945808577,1.59017193917002
1.08212945808577,1.59017193917002
1.08212945808577,1.59017193917002
1.08212945808577,1.59017193917002
1.08212945808577,1.59017193917002
1.07203813102513,1.59017193917002
1.07203813102513,1.59017193917002
1.07203813102513,1.59017193917002
1.07203813102513,1.53630890981365
1.07203813102513,1.53630890981365
1.07203813102513,1.61290542415948
1.07203813102513,1.61290542415948
0.830949695616003,1.61290542415948
0.830949695616003,1.61290542415948
0.830949695616003,1.61290542415948
1.03828874416932,1.61290542415948
1.03828874416932,1.61290542415948
1.03828874416932,1.61290542415948
1.03828874416932,1.61290542415948
1.03828874416932,1.61290542415948
1.03828874416932,1.51738397350887
1.03890481843163,1.51738397350887
1.03890481843163,1.51738397350887
0.896890102408185,1.51738397350887
0.896890102408185,1.51738397350887
0.896890102408185,1.51738397350887
0.896890102408185,1.51738397350887
0.896890102408185,1.51738397350887
0.896890102408185,1.51738397350887
0.896890102408185,1.51738397350887
0.896890102408185,1.3548303023584
0.896890102408185,1.3548303023584
0.896890102408185,1.3548303023584
0.896890102408185,1.3548303023584
1.0082779554466,1.3548303023584
1.0082779554466,1.3548303023584
1.06084343780906,1.3548303023584
1.06084343780906,1.3548303023584
1.06084343780906,1.44947255494196
1.06084343780906,1.44947255494196
1.06084343780906,1.44947255494196
0.794081413101774,1.44947255494196
0.794081413101774,1.44947255494196
0.794081413101774,1.44947255494196
0.794081413101774,1.44947255494196
0.794081413101774,1.44947255494196
0.794081413101774,1.44947255494196
0.945333737214454,1.3753699021569
0.945333737214454,1.39329878561804
0.945333737214454,1.39329878561804
0.945333737214454,1.39329878561804
0.945333737214454,1.39329878561804
0.945333737214454,1.39329878561804
0.945333737214454,1.39329878561804
0.945333737214454,1.39329878561804
0.945333737214454,1.39329878561804
0.945333737214454,1.39329878561804
0.945333737214454,1.39329878561804
0.945333737214454,1.39329878561804
0.945333737214454,1.39329878561804
0.945333737214454,1.39329878561804
0.945333737214454,1.39329878561804
0.945333737214454,1.39329878561804
0.848181231578702,1.39329878561804
0.848181231578702,1.39329878561804
0.848181231578702,1.39329878561804
0.848181231578702,1.39329878561804
0.864830168883031,1.39329878561804
0.864830168883031,1.39329878561804
0.864830168883031,1.39329878561804
0.864830168883031,1.39329878561804
0.864830168883031,1.47143154286719
0.698446621553804,1.47143154286719
0.698446621553804,1.47143154286719
0.698446621553804,1.47143154286719
0.698446621553804,1.47143154286719
0.698446621553804,1.47143154286719
0.698446621553804,1.47143154286719
0.793114112949397,1.47143154286719
0.793114112949397,1.47143154286719
0.793114112949397,1.87182604944286
0.914625068212303,1.87182604944286
0.914625068212303,1.87182604944286
0.914625068212303,1.87182604944286
0.914625068212303,1.87182604944286
0.914625068212303,1.87182604944286
0.914625068212303,1.87182604944286
0.914625068212303,1.87182604944286
0.868733369350935,1.87182604944286
0.868733369350935,1.87182604944286
0.868733369350935,1.87182604944286
0.868733369350935,1.87182604944286
0.868733369350935,1.87182604944286
0.868733369350935,1.87182604944286
0.868733369350935,1.41137668304781
0.868733369350935,1.41137668304781
0.868733369350935,1.41137668304781
0.862801546131451,1.41137668304781
0.862801546131451,1.41137668304781
0.862801546131451,1.39798407221348
0.862801546131451,1.3881178744373
0.862801546131451,1.3881178744373
0.862801546131451,1.3881178744373
0.862801546131451,1.3881178744373
0.862801546131451,1.3881178744373
0.862801546131451,1.3881178744373
0.862801546131451,1.3881178744373
0.862801546131451,1.3881178744373
0.862801546131451,1.59992215508131
0.862801546131451,2.02010466115785
0.862801546131451,1.54690349889881
0.862801546131451,1.53161292544971
0.868298220158568,1.53161292544971
0.868298220158568,1.53161292544971
0.868298220158568,1.53161292544971
0.868298220158568,1.53161292544971
0.786707378043788,1.53161292544971
0.786707378043788,1.53161292544971
0.786707378043788,1.53161292544971
0.786707378043788,1.53161292544971
0.786707378043788,1.53161292544971
0.786707378043788,1.53161292544971
0.971495053444206,1.53161292544971
0.971495053444206,1.53161292544971
0.971495053444206,1.53161292544971
0.971495053444206,1.57469904473095
0.971495053444206,1.57469904473095
0.971495053444206,1.57469904473095
0.971495053444206,1.57469904473095
0.971495053444206,1.57469904473095
0.971495053444206,1.57469904473095
0.971495053444206,1.57469904473095
0.971495053444206,1.57469904473095
0.971495053444206,1.57469904473095
0.971495053444206,1.57469904473095
0.971495053444206,1.57469904473095
0.971495053444206,1.57469904473095
0.971495053444206,1.57469904473095
0.930251803259005,1.57469904473095
0.930251803259005,1.57469904473095
0.930251803259005,1.57469904473095
0.930251803259005,1.57469904473095
0.930251803259005,1.55821090863684
0.930251803259005,1.55821090863684
0.930251803259005,1.45630108953343
0.930251803259005,1.45630108953343
0.930251803259005,1.45630108953343
0.930251803259005,1.45630108953343
1.01147260774969,1.48505281326309
1.01147260774969,1.48505281326309
1.01147260774969,1.48505281326309
1.01147260774969,1.48505281326309
1.01147260774969,1.48505281326309
1.01147260774969,1.48505281326309
1.01147260774969,1.48505281326309
1.01147260774969,1.48505281326309
1.01147260774969,1.48505281326309
1.01147260774969,1.48505281326309
1.01147260774969,1.48505281326309
1.01147260774969,1.48505281326309
1.01147260774969,1.48505281326309
1.01147260774969,1.48505281326309
1.01147260774969,1.48505281326309
1.01147260774969,1.48505281326309
1.01147260774969,1.48505281326309
1.01147260774969,1.48505281326309
1.01147260774969,1.48505281326309
1.01147260774969,1.48505281326309
0.952871353622555,1.48505281326309
0.952871353622555,1.71425933385747
0.952871353622555,1.71425933385747
0.952871353622555,1.71425933385747
0.952871353622555,1.71425933385747
0.952871353622555,1.71425933385747
0.952871353622555,1.71425933385747
0.952871353622555,1.71425933385747
0.952871353622555,1.71425933385747
0.952871353622555,1.71425933385747
0.952871353622555,1.71425933385747
0.952871353622555,1.71425933385747
0.952871353622555,1.71425933385747
0.952871353622555,1.71425933385747
0.985432279302624,1.71425933385747
0.985432279302624,1.92156808000672
0.985432279302624,1.92156808000672
0.985432279302624,1.92156808000672
0.985432279302624,1.92156808000672
0.985432279302624,1.92156808000672
0.985432279302624,1.92156808000672
0.985432279302624,1.92156808000672
0.985432279302624,1.88559937194034
0.985432279302624,1.88559937194034
0.985432279302624,1.88559937194034
0.985432279302624,1.81225035808655
0.985432279302624,1.81225035808655
0.985432279302624,1.81225035808655
0.985432279302624,1.81225035808655
1.11171288564283,1.81225035808655
1.11171288564283,1.81225035808655
1.0682472837633,1.81225035808655
1.02971794300261,1.81225035808655
1.02971794300261,1.81225035808655
1.02971794300261,1.81225035808655
1.02971794300261,1.81225035808655
1.02971794300261,1.81225035808655
1.02971794300261,1.81225035808655
1.02971794300261,1.81225035808655
1.02971794300261,1.81225035808655
1.02971794300261,1.81225035808655
1.02971794300261,1.81225035808655
1.02971794300261,1.81225035808655
1.02971794300261,1.81225035808655
1.08477454338537,1.81225035808655
1.08477454338537,1.81225035808655
1.08477454338537,1.81225035808655
1.08477454338537,1.81225035808655
1.08477454338537,1.81225035808655
1.08477454338537,1.81225035808655
1.08477454338537,1.81225035808655
1.08477454338537,1.81225035808655
1.08477454338537,1.81225035808655
1.08477454338537,1.81225035808655
0.840680336324334,1.81225035808655
0.840680336324334,1.81225035808655
0.840680336324334,1.81225035808655
0.840680336324334,1.81225035808655
0.840680336324334,1.81225035808655
0.840680336324334,1.81225035808655
0.922023356979385,1.81225035808655
0.833024093199877,1.81225035808655
0.833024093199877,1.81225035808655
0.946359862613416,1.81225035808655
0.946359862613416,1.81225035808655
0.946359862613416,1.81225035808655
0.946359862613416,1.81225035808655
0.946359862613416,1.81225035808655
0.969311022858314,1.81225035808655
0.880039975875105,1.81225035808655
0.880039975875105,1.81225035808655
0.880039975875105,1.81225035808655
0.880039975875105,1.81225035808655
0.880039975875105,1.81225035808655
0.974292066990614,1.81225035808655
0.974292066990614,1.81225035808655
0.969031905282576,1.81225035808655
0.969031905282576,1.81225035808655
0.969031905282576,1.81225035808655
0.885035169796633,1.81225035808655
0.885035169796633,1.81225035808655
0.885035169796633,1.81225035808655
0.885035169796633,1.81225035808655
0.885035169796633,1.81225035808655
0.885035169796633,1.81225035808655
0.885035169796633,1.81225035808655
0.885035169796633,1.81225035808655
0.885035169796633,1.81225035808655
0.885035169796633,1.81225035808655
0.816773343798996,1.81225035808655
0.816773343798996,1.81225035808655
0.816773343798996,1.81225035808655
0.816773343798996,1.81225035808655
1.07604773913375,1.81225035808655
1.11080637528676,1.81225035808655
1.11080637528676,1.81225035808655
1.11080637528676,1.81225035808655
1.11080637528676,1.81225035808655
1.11080637528676,1.8769535075748
1.11080637528676,1.8769535075748
1.11080637528676,1.8769535075748
1.11080637528676,1.8769535075748
1.11080637528676,1.8769535075748
1.11080637528676,1.8769535075748
1.11080637528676,1.8769535075748
1.11080637528676,1.54956633697214
0.957673682020282,1.54956633697214
0.957673682020282,1.54956633697214
1.0369622478141,1.54956633697214
1.0369622478141,1.54956633697214
1.0369622478141,1.48446802109691
1.0369622478141,1.48446802109691
1.0369622478141,1.48446802109691
0.93204139056939,1.48446802109691
0.93204139056939,1.48446802109691
0.93204139056939,1.48446802109691
0.93204139056939,1.48446802109691
0.93204139056939,1.48446802109691
0.93204139056939,1.48446802109691
0.93204139056939,1.48446802109691
0.93204139056939,1.48446802109691
0.963891566833537,1.48446802109691
0.963891566833537,1.48446802109691
0.963891566833537,1.48446802109691
0.963891566833537,1.48446802109691
0.963891566833537,1.48446802109691
0.982379756065994,1.48446802109691
0.982379756065994,1.48446802109691
0.94483567376035,1.48446802109691
0.94483567376035,1.48446802109691
0.94483567376035,1.48446802109691
0.94483567376035,1.48446802109691
0.94483567376035,1.48446802109691
0.94483567376035,1.48446802109691
0.94483567376035,1.48446802109691
0.94483567376035,1.48446802109691
0.94483567376035,1.48446802109691
0.94483567376035,1.48446802109691
0.94483567376035,1.86465190618852
0.94483567376035,1.86465190618852
0.972247448338417,1.86465190618852
0.972247448338417,1.86465190618852
0.972247448338417,1.86465190618852
0.972247448338417,1.86465190618852
0.972247448338417,1.86465190618852
0.972247448338417,1.86465190618852
0.95596887239751,1.86465190618852
0.95596887239751,1.86465190618852
0.95596887239751,1.86465190618852
0.95596887239751,1.86465190618852
0.95596887239751,1.86465190618852
0.95596887239751,1.86465190618852
0.95596887239751,1.86465190618852
0.95596887239751,1.91264176175689
0.95596887239751,1.91264176175689
0.95596887239751,1.91264176175689
0.95596887239751,2.01263718791113
0.95596887239751,2.0442253511475
0.95596887239751,2.0442253511475
0.95596887239751,2.0442253511475
0.95596887239751,2.0442253511475
0.95596887239751,1.54225519807708
0.95596887239751,1.54225519807708
0.95596887239751,1.54225519807708
0.95596887239751,1.54225519807708
0.95596887239751,1.32914440246591
0.95596887239751,1.32914440246591
0.95596887239751,1.32914440246591
0.95596887239751,1.32914440246591
0.95596887239751,1.91784292050385
0.95596887239751,1.91784292050385
0.95596887239751,1.91784292050385
0.95596887239751,1.56116041576986
0.95596887239751,1.56116041576986
0.95596887239751,1.56116041576986
0.95596887239751,1.56116041576986
0.95596887239751,1.56116041576986
0.95596887239751,1.56116041576986
0.973112437100909,1.56116041576986
0.973112437100909,1.56116041576986
0.973112437100909,1.56116041576986
0.973112437100909,1.56116041576986
0.973112437100909,1.56116041576986
0.973112437100909,1.56116041576986
0.973112437100909,1.56116041576986
0.973112437100909,1.56116041576986
0.973112437100909,1.56116041576986
0.973112437100909,1.56116041576986
0.973112437100909,1.56116041576986
0.973112437100909,1.56116041576986
0.973112437100909,1.56116041576986
0.973112437100909,1.56116041576986
0.973112437100909,1.56116041576986
0.973112437100909,1.56116041576986
0.973112437100909,1.56116041576986
0.973112437100909,1.56116041576986
0.973112437100909,1.56116041576986
0.973112437100909,1.56116041576986
0.973112437100909,1.56116041576986
0.973112437100909,1.56116041576986
0.973112437100909,1.56116041576986
0.973112437100909,1.56116041576986
0.973112437100909,1.56116041576986
0.973112437100909,1.60074728596343
0.944898224489322,1.60074728596343
0.944898224489322,1.60074728596343
0.944898224489322,1.60074728596343
0.944898224489322,1.67938598654815
0.840560886940132,1.4814184672728
0.894948776643003,1.4814184672728
0.894948776643003,1.4814184672728
0.894948776643003,1.4814184672728
0.894948776643003,1.4814184672728
0.894948776643003,1.4814184672728
0.894948776643003,1.4814184672728
0.894948776643003,1.4814184672728
0.812778676357841,1.4814184672728
0.812778676357841,1.4814184672728
0.812778676357841,1.4814184672728
0.812778676357841,1.4814184672728
0.812778676357841,1.4814184672728
0.812778676357841,1.4814184672728
0.812778676357841,1.4814184672728
0.812778676357841,1.4814184672728
0.812778676357841,1.4814184672728
0.812778676357841,1.4814184672728
0.812778676357841,1.4814184672728
0.812778676357841,1.4814184672728
0.812778676357841,1.4814184672728
0.812778676357841,1.4814184672728
0.812778676357841,1.4814184672728
0.812778676357841,1.4814184672728
0.857218821463663,1.4814184672728
0.857218821463663,1.4814184672728
0.857218821463663,1.4814184672728
0.857218821463663,1.4814184672728
0.857218821463663,1.4814184672728
0.857218821463663,1.4814184672728
0.857218821463663,1.4814184672728
0.857218821463663,1.4814184672728
0.857218821463663,1.4814184672728
0.857218821463663,1.4814184672728
0.857218821463663,1.4814184672728
0.857218821463663,1.4814184672728
0.857218821463663,1.4814184672728
0.857218821463663,1.4814184672728
0.857218821463663,1.4814184672728
0.857218821463663,1.4814184672728
0.857218821463663,1.4814184672728
0.891362212265306,1.4814184672728
0.891362212265306,1.4814184672728
0.891362212265306,1.4814184672728
0.891362212265306,1.60893186620533
0.891362212265306,1.60893186620533
0.891362212265306,1.60893186620533
0.891362212265306,1.39225740547791
0.891362212265306,1.39225740547791
0.891362212265306,1.39225740547791
0.891362212265306,1.39225740547791
0.891362212265306,1.39225740547791
0.891362212265306,1.39225740547791
0.891362212265306,1.38396207925377
0.93698254696661,1.38396207925377
0.93698254696661,1.38396207925377
0.79271103156106,1.38396207925377
0.79271103156106,1.38396207925377
0.79271103156106,1.38396207925377
0.79271103156106,1.38396207925377
0.79271103156106,1.38396207925377
0.79271103156106,1.38396207925377
0.923325855496904,1.38396207925377
0.923325855496904,1.38396207925377
0.923325855496904,1.38396207925377
0.923325855496904,1.38396207925377
0.923325855496904,1.38396207925377
0.923325855496904,1.38396207925377
0.923325855496904,1.22767761391451
0.923325855496904,1.71670270663519
0.923325855496904,1.71670270663519
0.923325855496904,1.71670270663519
0.923325855496904,1.71670270663519
0.923325855496904,1.71670270663519
0.923325855496904,1.71670270663519
0.923325855496904,1.71670270663519
0.923325855496904,1.71670270663519
0.923325855496904,1.71670270663519
0.923325855496904,1.71670270663519
0.887482115845868,1.71670270663519
0.887482115845868,1.71670270663519
0.887482115845868,1.71670270663519
0.887482115845868,1.71670270663519
0.887482115845868,1.71670270663519
0.939350091241319,1.71670270663519
0.939350091241319,1.29697502488098
0.939350091241319,1.29697502488098
0.939350091241319,1.29697502488098
0.939350091241319,1.29697502488098
0.882865927525451,1.29697502488098
0.882865927525451,1.29697502488098
0.882865927525451,1.29697502488098
0.882865927525451,1.29697502488098
0.882865927525451,1.29697502488098
0.946040425874866,1.29697502488098
0.946040425874866,1.26710095085256
0.946040425874866,1.26710095085256
0.88924717046548,1.26710095085256
0.88924717046548,1.26710095085256
0.88924717046548,1.26710095085256
0.88924717046548,1.26710095085256
0.88924717046548,1.26710095085256
0.88924717046548,1.26710095085256
0.88924717046548,1.26710095085256
0.88924717046548,1.26710095085256
0.88924717046548,1.26710095085256
0.88924717046548,1.26710095085256
0.88924717046548,1.26710095085256
0.88924717046548,1.26710095085256
0.847396332466593,1.26710095085256
0.847396332466593,1.26710095085256
0.847396332466593,1.26710095085256
0.847396332466593,1.26710095085256
0.847396332466593,1.26710095085256
0.847396332466593,1.26710095085256
0.847396332466593,1.26710095085256
0.847396332466593,1.26710095085256
0.847396332466593,1.39482171528524
0.907198069901154,1.39482171528524
0.907198069901154,1.39482171528524
0.767197428361136,1.39482171528524
0.767197428361136,1.39482171528524
0.767197428361136,1.39482171528524
0.776107877729047,1.39482171528524
0.776107877729047,1.39482171528524
0.776107877729047,1.39482171528524
0.776107877729047,1.39482171528524
0.776107877729047,1.39482171528524
0.776107877729047,1.39482171528524
0.776107877729047,1.39482171528524
0.776107877729047,1.39482171528524
0.776107877729047,1.39482171528524
0.776107877729047,1.39482171528524
0.776107877729047,1.39482171528524
0.776107877729047,1.39482171528524
0.776107877729047,1.39482171528524
0.776107877729047,1.39482171528524
0.776107877729047,1.39482171528524
0.776107877729047,1.42835378253978
0.776107877729047,1.42835378253978
0.776107877729047,1.42835378253978
0.776107877729047,1.42835378253978
0.755296398451366,1.42835378253978
0.755296398451366,1.42835378253978
0.755296398451366,1.42835378253978
0.755296398451366,1.42835378253978
0.755296398451366,1.42835378253978
0.755296398451366,1.42835378253978
0.755296398451366,1.42835378253978
0.755296398451366,1.42835378253978
0.755296398451366,1.61185954904142
0.755296398451366,1.23895250939894
0.755296398451366,1.23895250939894
0.755296398451366,1.23895250939894
0.755296398451366,1.23895250939894
0.755296398451366,1.23895250939894
0.755296398451366,1.23895250939894
0.755296398451366,1.23895250939894
0.755296398451366,1.23895250939894
0.937287783409093,1.23895250939894
0.937287783409093,1.23895250939894
0.937287783409093,1.23895250939894
0.937287783409093,1.23895250939894
0.937287783409093,1.23895250939894
0.937287783409093,1.23895250939894
0.937287783409093,1.23895250939894
0.937287783409093,1.23895250939894
0.937287783409093,1.23895250939894
0.937287783409093,1.23895250939894
0.911972821704105,1.23895250939894
0.911972821704105,1.23895250939894
0.911972821704105,1.23895250939894
0.911972821704105,1.23895250939894
0.911972821704105,1.23895250939894
0.911972821704105,1.23895250939894
0.911972821704105,1.23895250939894
0.911972821704105,1.23895250939894
0.80066736314204,1.23895250939894
0.80066736314204,1.23895250939894
0.80066736314204,1.23895250939894
0.80066736314204,1.23895250939894
0.80066736314204,1.50564432846958
0.858156668726778,1.22905762665922
0.858156668726778,1.22905762665922
0.858156668726778,1.22905762665922
0.792924039798005,1.22905762665922
0.792924039798005,1.22905762665922
0.722115501466852,1.22905762665922
0.722115501466852,1.22905762665922
0.908367384421758,1.22905762665922
0.908367384421758,1.22905762665922
0.861849224515404,1.4771826457513
0.863033817736226,1.4771826457513
0.863033817736226,1.4771826457513
0.863033817736226,1.4771826457513
0.863033817736226,1.4771826457513
0.863033817736226,1.4771826457513
0.863033817736226,1.4771826457513
0.863033817736226,1.4771826457513
0.863033817736226,1.5351745950716
0.863033817736226,1.5351745950716
0.863033817736226,1.5351745950716
0.863033817736226,1.5351745950716
0.863033817736226,1.5351745950716
0.863033817736226,1.5351745950716
0.863033817736226,1.5351745950716
0.863033817736226,1.5351745950716
0.863033817736226,1.5351745950716
0.863033817736226,1.5351745950716
0.863033817736226,1.5351745950716
0.863033817736226,1.5351745950716
0.863033817736226,1.5351745950716
0.863033817736226,1.5351745950716
0.863033817736226,1.5351745950716
0.863033817736226,1.5351745950716
1.10537936387151,1.5351745950716
0.865334035482356,1.5351745950716
0.865334035482356,1.5351745950716
0.865334035482356,1.5351745950716
0.96252372920955,1.5351745950716
0.96252372920955,1.5351745950716
0.96252372920955,1.5351745950716
0.96252372920955,1.5351745950716
0.96252372920955,1.5351745950716
0.96252372920955,1.5351745950716
0.96252372920955,1.5351745950716
0.96252372920955,1.5351745950716
0.96252372920955,1.20868000584977
0.96252372920955,1.20868000584977
0.96252372920955,1.20868000584977
0.96252372920955,1.20868000584977
0.96252372920955,1.20868000584977
0.96252372920955,1.20868000584977
0.96252372920955,1.20868000584977
0.96252372920955,1.44740507819379
0.96252372920955,1.44740507819379
0.96252372920955,1.44740507819379
0.96252372920955,1.24649502097135
0.96252372920955,1.24649502097135
0.96252372920955,1.24649502097135
0.965919613988228,1.24649502097135
0.844757139138533,1.24649502097135
0.844757139138533,1.24649502097135
0.844757139138533,1.29135002651798
0.844757139138533,1.40733297506029
0.844757139138533,1.40733297506029
0.844757139138533,1.40733297506029
0.844757139138533,1.29271078161269
0.844757139138533,1.29271078161269
0.844757139138533,1.29271078161269
0.844757139138533,1.29271078161269
0.844757139138533,1.29271078161269
0.844757139138533,1.29271078161269
0.844757139138533,1.08891698859409
0.844757139138533,1.08891698859409
0.844757139138533,1.12678889814833
0.844757139138533,1.12678889814833
0.844757139138533,1.12678889814833
0.844757139138533,1.12678889814833
0.94142327654512,1.12678889814833
0.94142327654512,1.12678889814833
0.94142327654512,1.12678889814833
0.94142327654512,1.12678889814833
0.94142327654512,1.12678889814833
0.94142327654512,1.4605195971235
0.94142327654512,1.4605195971235
0.803881753032141,1.28247178790256
0.803881753032141,1.44264568508223
0.803881753032141,1.44264568508223
0.793646199550795,1.44264568508223
0.793646199550795,1.44264568508223
0.793646199550795,1.44264568508223
0.793646199550795,1.44264568508223
0.793646199550795,1.44264568508223
0.793646199550795,1.44264568508223
0.793646199550795,1.44264568508223
0.793646199550795,1.44264568508223
0.793646199550795,1.45006836985652
0.793646199550795,1.45006836985652
0.793646199550795,1.45006836985652
0.793646199550795,1.45006836985652
0.793646199550795,1.45006836985652
0.793646199550795,1.20344244005733
0.793646199550795,1.20344244005733
0.793646199550795,1.20344244005733
0.793646199550795,1.20344244005733
0.793646199550795,1.20344244005733
0.793646199550795,1.20344244005733
0.793646199550795,1.20344244005733
0.793646199550795,1.20344244005733
0.793646199550795,1.20344244005733
0.888608182476003,1.20344244005733
0.888608182476003,1.20344244005733
0.888608182476003,1.20344244005733
0.888608182476003,1.20344244005733
0.888608182476003,1.20344244005733
0.888608182476003,1.20344244005733
0.854343417824303,1.20344244005733
0.854343417824303,1.20344244005733
0.854343417824303,1.20344244005733
0.854343417824303,1.6484218807091
0.854343417824303,1.6484218807091
0.854343417824303,1.6484218807091
0.854343417824303,1.6484218807091
0.854343417824303,1.6484218807091
0.854343417824303,1.6484218807091
0.854343417824303,1.6484218807091
0.854343417824303,1.6484218807091
0.854343417824303,1.6484218807091
0.876231893208444,1.6484218807091
0.876231893208444,1.6484218807091
0.689320731354491,1.6484218807091
0.689320731354491,1.6484218807091
0.689320731354491,1.6484218807091
0.689320731354491,1.6484218807091
0.689320731354491,1.6484218807091
0.689320731354491,1.6484218807091
0.689320731354491,1.6484218807091
0.689320731354491,1.6484218807091
0.689320731354491,1.6484218807091
0.689320731354491,1.19074524787958
0.689320731354491,1.19074524787958
0.689320731354491,1.19074524787958
0.689320731354491,1.19074524787958
0.689320731354491,1.19074524787958
0.689320731354491,1.19074524787958
0.689320731354491,1.15161194758281
0.923644040085851,1.15161194758281
0.923644040085851,1.54104652397564
0.923644040085851,1.54104652397564
0.826573260868201,1.54104652397564
0.826573260868201,1.54104652397564
0.826573260868201,1.49621246745081
0.826573260868201,1.49621246745081
0.826573260868201,1.49621246745081
0.826573260868201,1.49621246745081
0.826573260868201,1.49621246745081
0.867964178736842,1.25710753010356
0.867964178736842,1.25710753010356
0.867964178736842,1.25710753010356
0.867964178736842,1.24970048512472
0.867964178736842,1.24970048512472
1.11250934163375,1.24970048512472
1.11250934163375,1.24970048512472
1.0682986221118,1.24970048512472
1.0682986221118,1.24970048512472
1.0682986221118,1.24970048512472
0.89652548280252,1.24970048512472
0.89652548280252,1.45944661571947
0.89652548280252,1.45944661571947
0.89652548280252,1.45944661571947
0.89652548280252,1.45944661571947
0.89652548280252,1.45944661571947
0.89652548280252,1.45944661571947
0.89652548280252,1.45944661571947
0.89652548280252,1.2745469826484
0.89652548280252,1.2745469826484
0.89652548280252,1.2745469826484
0.814321492847284,1.2745469826484
0.84322763927335,1.2745469826484
0.84322763927335,1.2745469826484
0.84322763927335,1.2745469826484
0.849497870018845,1.2745469826484
0.849497870018845,1.2745469826484
0.849497870018845,1.39279303736057
0.849497870018845,1.39279303736057
0.849497870018845,1.19395761847402
0.748122481133766,1.19395761847402
0.748122481133766,1.19395761847402
0.748122481133766,1.19395761847402
0.748122481133766,1.19395761847402
0.748122481133766,1.19395761847402
0.748122481133766,1.19395761847402
0.748122481133766,1.19395761847402
0.748122481133766,1.11185019323119
0.748122481133766,1.05469025700084
0.748122481133766,1.0385974170701
0.748122481133766,1.0385974170701
0.748122481133766,1.0385974170701
0.748122481133766,1.0385974170701
0.748122481133766,1.0385974170701
0.748122481133766,1.0385974170701
0.748122481133766,1.0385974170701
0.748122481133766,1.0385974170701
0.748122481133766,1.0385974170701
0.748122481133766,1.0385974170701
0.748122481133766,1.0385974170701
0.950778676920369,1.0385974170701
0.950778676920369,1.0385974170701
0.950778676920369,1.0385974170701
0.950778676920369,1.0385974170701
0.793868446291779,1.0385974170701
0.793868446291779,1.0385974170701
0.748190643620086,1.0385974170701
0.748190643620086,1.0385974170701
0.748190643620086,1.48538477763151
0.748190643620086,1.48538477763151
0.748190643620086,1.48538477763151
0.748190643620086,1.48538477763151
0.748190643620086,1.48538477763151
0.748190643620086,1.48538477763151
0.748190643620086,1.48538477763151
0.748190643620086,1.48538477763151
0.748190643620086,1.48538477763151
0.748190643620086,1.48538477763151
0.748190643620086,1.48538477763151
0.748190643620086,1.33375578589672
0.748190643620086,1.33375578589672
0.748190643620086,1.40625369824768
0.748190643620086,1.40625369824768
1.0063223433868,1.40625369824768
1.0063223433868,1.40625369824768
1.0063223433868,1.40625369824768
1.0063223433868,1.40625369824768
1.0063223433868,1.40625369824768
1.0063223433868,1.40625369824768
0.902746751294688,1.40625369824768
0.902746751294688,1.40625369824768
0.902746751294688,1.40625369824768
0.902746751294688,1.40625369824768
0.902746751294688,1.40625369824768
0.902746751294688,1.30562364205577
0.902746751294688,1.30562364205577
0.902746751294688,1.30562364205577
0.902746751294688,1.30562364205577
0.902746751294688,1.30562364205577
0.902746751294688,1.30562364205577
0.902746751294688,1.30562364205577
0.902746751294688,1.35871817261657
0.902746751294688,1.35871817261657
0.902746751294688,1.48490498928217
0.832495552439782,1.48490498928217
0.832495552439782,1.48490498928217
0.832495552439782,1.48490498928217
0.796025165677068,1.48490498928217
0.796025165677068,1.48490498928217
0.783676108768599,1.48490498928217
0.783676108768599,1.48490498928217
1.04050055075242,1.48490498928217
1.04050055075242,1.56635039217964
1.04050055075242,1.56635039217964
1.04050055075242,1.56635039217964
1.04050055075242,1.56635039217964
0.843154285941538,1.56635039217964
0.843154285941538,1.56635039217964
0.843154285941538,1.56635039217964
0.917141810698829,1.21464285562613
0.917141810698829,1.21464285562613
0.917141810698829,1.21464285562613
0.917141810698829,1.65219871015885
0.917141810698829,1.65219871015885
0.917141810698829,1.65219871015885
0.917141810698829,1.65219871015885
0.917141810698829,1.65219871015885
0.917141810698829,1.65219871015885
0.917141810698829,1.65219871015885
0.917141810698829,1.65219871015885
0.917141810698829,1.65219871015885
0.917141810698829,1.65219871015885
0.917141810698829,1.65219871015885
0.917141810698829,1.65219871015885
0.917141810698829,1.65219871015885
0.917141810698829,1.65219871015885
0.917141810698829,1.65219871015885
0.917141810698829,1.65219871015885
0.917141810698829,1.60900971143539
0.917141810698829,1.60900971143539
0.917141810698829,1.60900971143539
0.917141810698829,1.60900971143539
0.917141810698829,1.32716443565015
0.851107277540259,1.32716443565015
0.851107277540259,1.32716443565015
0.851107277540259,1.32716443565015
0.851107277540259,1.32716443565015
0.851107277540259,1.35377443068863
0.851107277540259,1.35377443068863
0.851107277540259,1.35377443068863
0.851107277540259,1.35377443068863
0.851107277540259,1.35377443068863
0.851107277540259,1.35377443068863
0.851107277540259,1.35377443068863
0.851107277540259,1.35377443068863
0.851107277540259,1.35377443068863
0.851107277540259,1.35377443068863
0.826069939154619,1.53753657615649
0.826069939154619,1.53753657615649
0.826069939154619,1.53753657615649
0.826069939154619,1.53753657615649
0.826069939154619,1.81986010222941
0.826069939154619,1.81986010222941
0.8511814519049,1.81986010222941
0.8511814519049,1.81986010222941
0.8511814519049,1.81986010222941
0.8511814519049,1.81986010222941
0.8511814519049,1.81986010222941
0.80191439859705,1.81986010222941
0.80191439859705,1.81986010222941
0.80191439859705,1.81986010222941
0.80191439859705,1.81986010222941
0.80191439859705,1.81986010222941
0.80191439859705,1.81986010222941
0.80191439859705,1.81986010222941
0.80191439859705,1.7023723250656
0.80191439859705,1.7023723250656
0.80191439859705,1.7023723250656
0.80191439859705,1.7023723250656
0.80191439859705,1.7023723250656
0.80191439859705,1.7023723250656
0.80191439859705,1.7023723250656
0.80191439859705,1.7023723250656
0.80191439859705,1.7023723250656
0.80191439859705,1.7023723250656
0.80191439859705,1.7023723250656
0.80191439859705,1.7023723250656
0.80191439859705,1.7023723250656
0.80191439859705,1.83904767822455
0.80191439859705,1.83904767822455
0.80191439859705,1.83904767822455
0.80191439859705,1.83904767822455
0.80191439859705,1.83904767822455
0.80191439859705,1.39699330476723
0.78696341834074,1.39699330476723
0.78696341834074,1.39699330476723
0.78696341834074,1.39699330476723
0.78696341834074,1.39699330476723
0.78696341834074,1.39699330476723
0.78696341834074,1.39699330476723
0.78696341834074,1.2914254608385
0.78696341834074,1.2914254608385
0.78696341834074,1.2914254608385
0.902114898065983,1.2914254608385
0.902114898065983,1.62467845700622
0.902114898065983,1.62467845700622
0.902114898065983,1.62467845700622
0.902114898065983,1.41854720554996
0.902114898065983,1.41854720554996
0.902114898065983,1.41854720554996
0.902114898065983,1.41854720554996
0.902114898065983,1.41854720554996
0.902114898065983,1.41854720554996
0.902114898065983,1.41854720554996
0.902114898065983,1.41854720554996
0.902114898065983,1.41854720554996
0.902114898065983,1.41854720554996
0.915049255977351,1.41854720554996
0.915049255977351,1.41854720554996
0.915049255977351,1.41854720554996
0.915049255977351,1.41854720554996
0.915049255977351,1.61745275997633
0.915049255977351,1.61745275997633
0.915049255977351,1.61745275997633
0.884909296661959,1.61745275997633
0.884909296661959,1.61745275997633
0.884909296661959,1.61745275997633
0.884909296661959,1.61745275997633
0.884909296661959,1.61745275997633
0.884909296661959,1.61745275997633
0.884909296661959,1.66328435662672
0.884909296661959,1.66328435662672
0.884909296661959,1.66328435662672
0.884909296661959,1.66328435662672
0.884909296661959,1.66328435662672
0.884909296661959,1.66328435662672
0.942598193257402,1.66328435662672
0.942598193257402,1.66328435662672
0.942598193257402,1.66328435662672
0.942598193257402,1.66328435662672
0.942598193257402,1.36754741848119
0.942598193257402,1.36754741848119
0.903337798646414,1.36754741848119
0.903337798646414,1.36754741848119
0.903337798646414,1.4085970323675
0.903337798646414,1.4085970323675
0.903337798646414,1.4085970323675
0.903337798646414,1.4085970323675
0.903337798646414,1.4085970323675
0.903337798646414,1.4085970323675
0.903337798646414,1.4085970323675
0.903337798646414,1.4085970323675
0.903337798646414,1.4085970323675
0.903337798646414,1.4085970323675
0.903337798646414,1.4085970323675
0.903337798646414,1.4085970323675
0.903337798646414,1.4085970323675
0.903337798646414,1.4085970323675
0.903337798646414,1.4085970323675
0.903337798646414,1.4085970323675
0.805698853069784,1.4085970323675
0.805698853069784,1.4085970323675
0.805698853069784,1.4085970323675
0.758803836212893,1.60573035740618
0.758803836212893,1.60573035740618
0.758803836212893,1.60573035740618
0.758803836212893,1.60573035740618
0.758803836212893,1.60573035740618
0.90341145481557,1.60573035740618
0.90341145481557,1.7523184506952
0.90341145481557,1.7523184506952
0.90341145481557,1.73413523099863
0.90341145481557,1.73413523099863
0.90341145481557,1.73413523099863
0.90341145481557,1.73413523099863
0.90341145481557,1.73413523099863
0.90341145481557,1.73413523099863
0.90341145481557,1.73413523099863
0.793003268243493,1.73413523099863
0.929858687725321,1.73413523099863
0.929858687725321,1.73413523099863
0.929858687725321,1.73413523099863
0.929858687725321,1.73413523099863
0.872732565125256,1.52240333481246
0.872732565125256,1.52240333481246
0.872732565125256,1.52240333481246
0.872732565125256,1.52240333481246
0.872732565125256,1.52240333481246
0.872732565125256,1.52240333481246
0.872732565125256,1.52240333481246
0.872732565125256,1.52240333481246
0.872732565125256,1.52240333481246
0.872732565125256,1.52240333481246
0.872732565125256,1.52240333481246
0.872732565125256,1.52240333481246
0.872732565125256,1.52240333481246
0.872732565125256,1.52240333481246
0.872732565125256,1.52240333481246
0.872732565125256,1.52240333481246
0.923020295338513,1.52240333481246
0.758698599313315,1.52240333481246
0.758698599313315,1.52240333481246
0.758698599313315,1.55712545724546
0.758698599313315,1.55712545724546
0.758698599313315,1.55712545724546
0.758698599313315,1.55712545724546
0.758698599313315,1.55712545724546
0.758698599313315,1.55712545724546
0.800693241400894,1.55712545724546
0.800693241400894,1.55712545724546
0.800693241400894,1.55712545724546
0.800693241400894,1.55712545724546
0.800693241400894,1.55712545724546
0.800693241400894,1.55712545724546
0.800693241400894,1.55712545724546
0.800693241400894,1.55712545724546
0.800693241400894,1.55712545724546
0.800693241400894,1.55712545724546
1.02958166230664,1.50725498026822
1.02958166230664,1.75214162787633
1.02958166230664,1.42954626203703
1.02958166230664,1.42954626203703
1.02958166230664,1.42954626203703
1.02958166230664,1.42954626203703
0.853109975061893,1.42954626203703
0.853109975061893,1.42954626203703
0.853109975061893,1.42954626203703
0.853109975061893,1.42954626203703
0.890766201738213,1.7528926328214
0.890766201738213,1.7528926328214
0.890766201738213,1.7528926328214
0.890766201738213,1.7528926328214
0.890766201738213,1.7528926328214
0.890766201738213,1.7528926328214
0.890766201738213,1.7528926328214
0.890766201738213,1.7528926328214
0.890766201738213,1.7528926328214
0.890766201738213,1.7528926328214
0.770204257052835,1.7528926328214
0.926464166122872,1.7528926328214
0.926464166122872,1.7528926328214
0.926464166122872,1.7528926328214
0.926464166122872,1.7528926328214
0.926464166122872,1.7528926328214
0.926464166122872,1.7528926328214
0.926464166122872,1.7528926328214
0.926464166122872,1.7528926328214
0.926464166122872,1.7528926328214
0.926464166122872,1.7528926328214
0.926464166122872,1.7528926328214
0.926464166122872,1.7528926328214
0.926464166122872,1.7528926328214
0.926464166122872,1.49949366565888
0.926464166122872,1.70657231740084
0.926464166122872,1.70657231740084
0.926464166122872,1.70657231740084
0.926464166122872,1.70657231740084
0.926464166122872,1.5819902377144
0.926464166122872,1.29929044107848
0.926464166122872,1.29929044107848
0.926464166122872,1.29929044107848
0.926464166122872,1.29929044107848
0.926464166122872,1.29929044107848
0.926464166122872,1.65702058527003
1.04269477859494,1.65702058527003
1.04269477859494,1.65702058527003
1.04269477859494,1.65702058527003
1.04269477859494,1.65702058527003
1.04269477859494,1.65702058527003
0.952198362604752,1.65702058527003
0.952198362604752,1.65702058527003
0.952198362604752,1.49758705707751
0.952198362604752,1.49758705707751
0.952198362604752,1.49758705707751
0.952198362604752,1.49758705707751
0.952198362604752,1.48346390399772
0.952198362604752,1.48346390399772
0.952198362604752,1.48346390399772
0.952198362604752,1.48574466649301
0.952198362604752,1.48574466649301
0.952198362604752,1.48574466649301
0.952198362604752,1.48574466649301
0.952198362604752,1.48574466649301
0.952198362604752,1.48574466649301
0.952198362604752,1.52977819691462
0.952198362604752,1.52977819691462
0.952198362604752,1.52977819691462
0.952198362604752,1.52977819691462
0.952198362604752,1.52977819691462
0.952198362604752,1.52977819691462
0.952198362604752,1.52977819691462
0.911753513010621,1.52977819691462
0.911753513010621,1.52977819691462
0.911753513010621,1.52977819691462
0.911753513010621,1.52977819691462
0.911753513010621,1.52977819691462
0.911753513010621,1.52977819691462
0.911753513010621,1.52977819691462
0.911753513010621,1.52977819691462
0.911753513010621,1.52977819691462
0.911753513010621,1.52977819691462
0.911753513010621,1.52977819691462
0.914749516435019,1.52977819691462
0.914749516435019,1.52977819691462
0.914749516435019,1.68808520714314
0.914749516435019,1.82850653186181
1.01011288886809,1.82850653186181
1.01011288886809,1.41152812617024
1.01011288886809,1.41152812617024
1.01011288886809,1.41152812617024
1.01011288886809,1.41152812617024
1.01011288886809,1.41152812617024
1.01011288886809,1.41152812617024
1.01011288886809,1.41152812617024
1.01011288886809,1.41152812617024
1.01011288886809,1.41152812617024
1.01011288886809,1.41152812617024
0.910066124378706,1.41152812617024
0.76831413569394,1.41152812617024
0.76831413569394,1.41152812617024
0.76831413569394,1.41152812617024
0.76831413569394,1.41152812617024
0.876618236769213,1.41152812617024
0.876618236769213,1.41152812617024
0.876618236769213,1.41152812617024
0.876618236769213,1.41152812617024
0.876618236769213,1.41152812617024
0.876618236769213,1.41152812617024
0.876618236769213,1.86156186708619
0.876618236769213,1.86156186708619
0.876618236769213,1.86156186708619
0.876618236769213,1.86156186708619
0.876618236769213,1.46636581726374
1.01424586824126,1.46636581726374
1.01424586824126,1.46636581726374
1.01424586824126,1.46636581726374
1.01424586824126,1.46636581726374
1.01424586824126,1.46636581726374
1.01424586824126,1.46636581726374
1.01424586824126,1.46636581726374
0.679654426267453,1.46636581726374
0.679654426267453,1.46636581726374
0.679654426267453,1.63259889763564
0.679654426267453,1.90935168698958
0.679654426267453,1.70843454989766
0.679654426267453,1.70843454989766
0.679654426267453,1.70843454989766
0.679654426267453,1.42244078928046
0.69257324491753,1.62928447514572
0.69257324491753,1.62928447514572
0.69257324491753,1.61976005978714
0.69257324491753,1.61976005978714
0.69257324491753,1.61976005978714
0.69257324491753,1.61976005978714
0.69257324491753,1.61976005978714
0.69257324491753,1.61976005978714
0.69257324491753,1.61976005978714
0.69257324491753,1.61976005978714
0.69257324491753,1.36781193670202
0.69257324491753,1.36781193670202
0.69257324491753,1.93670180764398
0.69257324491753,1.93670180764398
0.69257324491753,1.69712510193569
0.69257324491753,1.69712510193569
0.69257324491753,1.69712510193569
0.720878113259404,1.4435867335475
0.720878113259404,1.4435867335475
0.720878113259404,1.4435867335475
0.720878113259404,1.4435867335475
0.720878113259404,1.4435867335475
0.720878113259404,1.4435867335475
0.720878113259404,1.4435867335475
0.720878113259404,1.62046576130205
0.720878113259404,1.62046576130205
0.720878113259404,1.6311244127554
0.720878113259404,1.6311244127554
0.720878113259404,1.6311244127554
0.720878113259404,1.6311244127554
0.720878113259404,1.6311244127554
0.720878113259404,1.6311244127554
0.720878113259404,1.6311244127554
0.720878113259404,1.6311244127554
0.720878113259404,1.6311244127554
0.720878113259404,1.67414618695336
0.720878113259404,1.67414618695336
0.720878113259404,1.67414618695336
0.877633547910991,1.67414618695336
0.877633547910991,1.67414618695336
0.877633547910991,1.67414618695336
0.877633547910991,1.67414618695336
0.877633547910991,1.67414618695336
0.877633547910991,1.69059022447688
0.877633547910991,1.69059022447688
0.877633547910991,1.69059022447688
0.877633547910991,1.69059022447688
0.877633547910991,1.69059022447688
0.877633547910991,1.69059022447688
0.767254178570037,1.69059022447688
0.767254178570037,1.31607397109841
0.767254178570037,1.31607397109841
0.767254178570037,1.31607397109841
0.767254178570037,1.31607397109841
0.882404057136662,1.39423145132662
0.882404057136662,1.39423145132662
0.882404057136662,1.39423145132662
0.882404057136662,1.39423145132662
0.882404057136662,1.54642137165913
0.882404057136662,1.54642137165913
0.882404057136662,1.54642137165913
0.882404057136662,1.54642137165913
0.882404057136662,1.54642137165913
0.882404057136662,1.54642137165913
0.781362341675682,1.54642137165913
0.781362341675682,1.54642137165913
0.781362341675682,1.54642137165913
0.781362341675682,1.54642137165913
0.781362341675682,1.54642137165913
0.781362341675682,1.54642137165913
0.781362341675682,1.54642137165913
0.781362341675682,1.30065155231838
0.781362341675682,1.30065155231838
0.781362341675682,1.30065155231838
0.781362341675682,1.30065155231838
0.781362341675682,1.30065155231838
0.781362341675682,1.30065155231838
0.781362341675682,1.30065155231838
0.781362341675682,1.5802115811403
0.781362341675682,1.5802115811403
0.781362341675682,1.5802115811403
0.781362341675682,1.5802115811403
0.83595308794404,1.5802115811403
0.83595308794404,1.5802115811403
0.83595308794404,1.5802115811403
0.83595308794404,1.61158054836946
0.83595308794404,1.61158054836946
0.83595308794404,1.61158054836946
0.83595308794404,1.61158054836946
0.83595308794404,1.61158054836946
0.83595308794404,1.29652106819929
0.83595308794404,1.29652106819929
0.83595308794404,1.29652106819929
0.83595308794404,1.29652106819929
0.83595308794404,1.29652106819929
0.83595308794404,1.29652106819929
0.83595308794404,1.29652106819929
0.83595308794404,1.39353009673631
0.83595308794404,1.39353009673631
0.83595308794404,1.39353009673631
0.83595308794404,1.55779999606156
0.83595308794404,1.55779999606156
0.83595308794404,1.20554957124863
0.83595308794404,1.42212163643848
0.616809425911907,1.42212163643848
0.820311582213993,1.42212163643848
0.820311582213993,1.50459711053375
0.820311582213993,1.50459711053375
0.820311582213993,1.50459711053375
0.820311582213993,1.67588920445032
0.820311582213993,1.67588920445032
0.820311582213993,1.64021561886047
0.820311582213993,1.64021561886047
0.820311582213993,1.30127143308669
0.820311582213993,1.30127143308669
0.820311582213993,1.18615554486024
0.820311582213993,1.18615554486024
0.820311582213993,1.18615554486024
0.878497538238413,1.18615554486024
0.89094615326594,1.18615554486024
0.89094615326594,1.18615554486024
0.799291131937764,1.34492213301194
0.799291131937764,1.34492213301194
0.799291131937764,1.59792655376866
0.799291131937764,1.59792655376866
0.799291131937764,1.59792655376866
0.799291131937764,1.59792655376866
0.799291131937764,1.59792655376866
0.799291131937764,1.59792655376866
0.799291131937764,1.59792655376866
0.799291131937764,1.59792655376866
0.799291131937764,1.59792655376866
0.799291131937764,1.59792655376866
0.799291131937764,1.45963549404135
0.799291131937764,1.45963549404135
0.799291131937764,1.45963549404135
0.871302399197217,1.45963549404135
0.871302399197217,1.45963549404135
0.871302399197217,1.89840080791677
0.871302399197217,1.89840080791677
0.871302399197217,1.89840080791677
0.871302399197217,1.89840080791677
0.859079586988458,1.89840080791677
0.859079586988458,1.89840080791677
0.859079586988458,1.89840080791677
0.859079586988458,1.89840080791677
0.859079586988458,1.89840080791677
0.859079586988458,1.89840080791677
0.859079586988458,1.63589624765902
0.859079586988458,1.63589624765902
0.859079586988458,1.63589624765902
0.859079586988458,1.63589624765902
0.859079586988458,1.63589624765902
0.859079586988458,1.63589624765902
0.859079586988458,1.63589624765902
0.859079586988458,1.63589624765902
0.859079586988458,1.63589624765902
0.859079586988458,1.71009238861579
0.859079586988458,1.71009238861579
0.859079586988458,1.71009238861579
0.859079586988458,1.7100236942693
0.859079586988458,1.7100236942693
0.859079586988458,1.7100236942693
0.92797758890703,1.3345315143014
0.92797758890703,1.3345315143014
0.92797758890703,1.77297402565588
0.92797758890703,1.77297402565588
0.92797758890703,1.77297402565588
0.92797758890703,1.77297402565588
0.872391266099802,1.77297402565588
0.872391266099802,1.77297402565588
0.872391266099802,1.77297402565588
0.872391266099802,1.34396946401016
0.872391266099802,1.34396946401016
0.872391266099802,1.34396946401016
0.872391266099802,1.34396946401016
0.872391266099802,1.34396946401016
0.872391266099802,1.34396946401016
0.872391266099802,1.34396946401016
0.872391266099802,1.34396946401016
0.872391266099802,1.34396946401016
0.872391266099802,1.34396946401016
0.872391266099802,1.34396946401016
0.872391266099802,1.34396946401016
0.872391266099802,1.34396946401016
0.872391266099802,1.34396946401016
0.872391266099802,1.34396946401016
0.872391266099802,1.35746519469687
0.872391266099802,1.35746519469687
0.872391266099802,1.35746519469687
0.872391266099802,1.35746519469687
0.872391266099802,1.35746519469687
0.878898913033181,1.35746519469687
0.878898913033181,1.35746519469687
0.878898913033181,1.44782474383472
0.878898913033181,1.44782474383472
0.925211878595642,1.44782474383472
0.925211878595642,1.44782474383472
0.925211878595642,1.44782474383472
0.925211878595642,1.44782474383472
0.899352866349643,1.44782474383472
0.894928410258868,1.44782474383472
0.894928410258868,1.44782474383472
0.894928410258868,1.44782474383472
0.894928410258868,1.44782474383472
0.894928410258868,1.44782474383472
0.74485953807847,1.81393896338202
0.74485953807847,1.81393896338202
0.74485953807847,1.81393896338202
0.74485953807847,1.81393896338202
0.74485953807847,1.81393896338202
0.74485953807847,1.81393896338202
0.74485953807847,1.81393896338202
0.74485953807847,1.42409438607574
0.74485953807847,1.42409438607574
0.74485953807847,1.42409438607574
0.74485953807847,1.42409438607574
0.74485953807847,1.42409438607574
0.74485953807847,1.42409438607574
0.74485953807847,1.42409438607574
0.74485953807847,1.50059828301614
0.829211842873437,1.50059828301614
0.829211842873437,1.50059828301614
0.829211842873437,1.50059828301614
0.812624766770696,1.50059828301614
0.812624766770696,1.50059828301614
0.812624766770696,1.50059828301614
0.812624766770696,1.6555209552987
0.812624766770696,1.6555209552987
0.812624766770696,1.64186049527011
0.812624766770696,1.64186049527011
0.812624766770696,1.64186049527011
0.812624766770696,1.64186049527011
0.812624766770696,1.64186049527011
0.812624766770696,1.57570394030575
0.812624766770696,1.57570394030575
0.812624766770696,1.57570394030575
0.812624766770696,1.57570394030575
0.812624766770696,1.57570394030575
0.812624766770696,1.57570394030575
0.812624766770696,1.57570394030575
0.812624766770696,1.57570394030575
0.812624766770696,1.57570394030575
0.812624766770696,1.30122497453119
0.812624766770696,1.30122497453119
0.841125414867998,1.67756211234573
0.723570237792583,1.61976718472963
0.723570237792583,1.61976718472963
0.723570237792583,1.61976718472963
0.723570237792583,1.61976718472963
0.723570237792583,1.61976718472963
0.723570237792583,1.61976718472963
0.723570237792583,1.61976718472963
0.723570237792583,1.61976718472963
0.723570237792583,1.61976718472963
0.723570237792583,1.61976718472963
0.723570237792583,1.61976718472963
0.723570237792583,1.61976718472963
0.723570237792583,1.61976718472963
0.723570237792583,1.79320819371834
0.723570237792583,1.79320819371834
0.7174766407194,1.79320819371834
0.7174766407194,1.79320819371834
0.7174766407194,1.79320819371834
0.7174766407194,1.79320819371834
0.7174766407194,1.79320819371834
0.7174766407194,1.89839332996285
0.7174766407194,1.41267749833036
0.847335938512234,1.41267749833036
0.847335938512234,1.41267749833036
0.847335938512234,1.60185189749748
0.823734156419089,1.60185189749748
0.823734156419089,1.60185189749748
0.823734156419089,1.60185189749748
0.900894698758944,1.60185189749748
0.900894698758944,1.60185189749748
0.900894698758944,1.60185189749748
0.900894698758944,1.60185189749748
0.900894698758944,1.60185189749748
0.900894698758944,1.60185189749748
0.900894698758944,1.60185189749748
0.900894698758944,1.60185189749748
0.900894698758944,1.60185189749748
0.900894698758944,1.60185189749748
0.900894698758944,1.60185189749748
0.900894698758944,1.60185189749748
0.900894698758944,1.60185189749748
0.933025169307274,1.60185189749748
0.923591319783938,1.60185189749748
0.792565707103824,1.60185189749748
0.999246848205296,1.60185189749748
0.999246848205296,1.60185189749748
0.999246848205296,1.60185189749748
0.999246848205296,1.60185189749748
0.999246848205296,1.60185189749748
0.999246848205296,1.60185189749748
0.999246848205296,1.60185189749748
0.999246848205296,1.60185189749748
0.999246848205296,1.60185189749748
0.999246848205296,1.60185189749748
0.999246848205296,1.60185189749748
0.951071094818211,1.60185189749748
0.951071094818211,1.60185189749748
0.951071094818211,1.60185189749748
0.951071094818211,1.34732347381662
0.951071094818211,1.34732347381662
0.951071094818211,1.34732347381662
0.951071094818211,1.34732347381662
0.951071094818211,1.37428789256255
0.940825798869467,1.37428789256255
0.940825798869467,1.44586122885466
0.940825798869467,1.44586122885466
0.934177841359234,1.44586122885466
0.934177841359234,1.44586122885466
0.934177841359234,1.44586122885466
0.934177841359234,1.44586122885466
0.934177841359234,1.44586122885466
0.934177841359234,1.44586122885466
0.934177841359234,1.44586122885466
0.934177841359234,1.44586122885466
0.934177841359234,1.44586122885466
0.934177841359234,1.44586122885466
0.934177841359234,1.39935649758192
0.934177841359234,1.39935649758192
0.934177841359234,1.39935649758192
0.934177841359234,1.18566433160329
0.813537394654201,1.18566433160329
0.748921686678788,1.18566433160329
0.748921686678788,1.18566433160329
0.748921686678788,1.18566433160329
0.748921686678788,1.18566433160329
0.748921686678788,1.37162679654661
0.748921686678788,1.37162679654661
0.748921686678788,1.37162679654661
0.817410646373334,1.37162679654661
0.817410646373334,1.25750272957999
0.817410646373334,1.33087040718465
0.817410646373334,1.33087040718465
0.817410646373334,1.33087040718465
0.817410646373334,1.33087040718465
0.817410646373334,1.33087040718465
0.817410646373334,1.33087040718465
0.817410646373334,1.33087040718465
0.817410646373334,1.33087040718465
0.817410646373334,1.33087040718465
0.817410646373334,1.33087040718465
0.817410646373334,1.41556583040755
0.817410646373334,1.41556583040755
0.817410646373334,1.41556583040755
0.817410646373334,1.5721523546141
0.817410646373334,1.5721523546141
0.817410646373334,1.64480490447815
0.817410646373334,1.64480490447815
0.817410646373334,1.64480490447815
0.817410646373334,1.64480490447815
0.817410646373334,1.64480490447815
0.817410646373334,1.26410089217498
0.817410646373334,1.26410089217498
0.817410646373334,1.26410089217498
0.817410646373334,1.26410089217498
0.817410646373334,1.26410089217498
0.817410646373334,1.26410089217498
0.817410646373334,1.26410089217498
0.817410646373334,1.26410089217498
0.817410646373334,1.26410089217498
0.817410646373334,1.26410089217498
0.817410646373334,1.26410089217498
0.817410646373334,1.26410089217498
0.817410646373334,1.26410089217498
0.817410646373334,1.26410089217498
0.817410646373334,1.26410089217498
0.817410646373334,1.26410089217498
0.817410646373334,1.26410089217498
0.817410646373334,1.26410089217498
0.817410646373334,1.26410089217498
0.817410646373334,1.26410089217498
0.817410646373334,1.26410089217498
0.817410646373334,1.26410089217498
0.817410646373334,1.26410089217498
0.817410646373334,1.26410089217498
0.817410646373334,1.26410089217498
0.817410646373334,1.26410089217498
0.817410646373334,1.26410089217498
0.740714055936005,1.26410089217498
0.740714055936005,1.26410089217498
0.740714055936005,1.26410089217498
0.740714055936005,1.26410089217498
0.740714055936005,1.26410089217498
0.740714055936005,1.26410089217498
0.740714055936005,1.26410089217498
0.9100975813296,1.26410089217498
0.9100975813296,1.26410089217498
0.9100975813296,1.26410089217498
0.9100975813296,1.42390514384319
0.9100975813296,1.42390514384319
0.9100975813296,1.42390514384319
0.9100975813296,1.42390514384319
0.9100975813296,1.42390514384319
0.9100975813296,1.42390514384319
0.9100975813296,1.42390514384319
0.9100975813296,1.42390514384319
0.9100975813296,1.42390514384319
0.9100975813296,1.42390514384319
0.9100975813296,1.42390514384319
0.9100975813296,1.42390514384319
0.9100975813296,1.42390514384319
0.9100975813296,1.42390514384319
0.794116440375026,1.42390514384319
0.794116440375026,1.42390514384319
0.783274810754939,1.42390514384319
0.783274810754939,1.42390514384319
0.783274810754939,1.4278576288075
0.783274810754939,1.4278576288075
0.783274810754939,1.4278576288075
0.783274810754939,1.4278576288075
0.783274810754939,1.4278576288075
0.783274810754939,1.4278576288075
0.783274810754939,1.4278576288075
0.783274810754939,1.4278576288075
0.783274810754939,1.4278576288075
0.783274810754939,1.4278576288075
0.783274810754939,1.4278576288075
0.903552508682642,1.4278576288075
0.903552508682642,1.4278576288075
0.903552508682642,1.24269282022654
0.903552508682642,1.24269282022654
0.903552508682642,1.24269282022654
0.903552508682642,1.24269282022654
0.903552508682642,1.46137101017223
0.903552508682642,1.46137101017223
0.945023389834307,1.46137101017223
0.945023389834307,1.13645360439001
0.945023389834307,1.13645360439001
0.909656527812853,1.13645360439001
0.909656527812853,1.13645360439001
0.909656527812853,1.13645360439001
0.909656527812853,1.13645360439001
0.87880578175765,1.13645360439001
0.87880578175765,1.13645360439001
0.87880578175765,1.13645360439001
0.87880578175765,1.13645360439001
0.87880578175765,1.13645360439001
0.87880578175765,1.13645360439001
0.765399123238696,1.16291727908846
0.765399123238696,1.16291727908846
0.765399123238696,1.23945031504775
0.765399123238696,1.23945031504775
0.765399123238696,1.23945031504775
0.765399123238696,1.23945031504775
0.765399123238696,1.23945031504775
0.897166793183354,1.23945031504775
0.897166793183354,1.23945031504775
0.897166793183354,1.23945031504775
0.897166793183354,1.23945031504775
0.897166793183354,1.23945031504775
0.897166793183354,1.34131699494478
0.897166793183354,1.34131699494478
0.876949414202255,1.34131699494478
0.876949414202255,1.34131699494478
0.876949414202255,1.17415209752904
1.08357266346533,1.17415209752904
1.08357266346533,1.17415209752904
1.08357266346533,1.17415209752904
1.08357266346533,1.17415209752904
1.08357266346533,1.17415209752904
1.08357266346533,1.17415209752904
0.736999290975973,1.17415209752904
0.736999290975973,1.17415209752904
0.736999290975973,1.17415209752904
0.736999290975973,1.17415209752904
0.736999290975973,1.0133704025171
0.736999290975973,1.07099954908707
0.64920285643816,1.07099954908707
0.64920285643816,1.12011072942706
0.64920285643816,1.12011072942706
0.834732801460011,1.12011072942706
0.834732801460011,1.12011072942706
0.834732801460011,1.12011072942706
0.834732801460011,1.12011072942706
0.834732801460011,1.12011072942706
0.834732801460011,1.09809716438702
0.834732801460011,1.09809716438702
0.834732801460011,1.09809716438702
0.834732801460011,1.09809716438702
0.834732801460011,1.09809716438702
0.834732801460011,1.09809716438702
0.834732801460011,1.09809716438702
0.834732801460011,1.09809716438702
0.834732801460011,1.09809716438702
0.834732801460011,1.09809716438702
0.834732801460011,1.09809716438702
0.834732801460011,1.09809716438702
0.834732801460011,1.09809716438702
0.834732801460011,1.09809716438702
0.834732801460011,1.09809716438702
0.834732801460011,1.09809716438702
0.834732801460011,1.09809716438702
0.700333177397835,1.09809716438702
0.876154784219596,1.09809716438702
0.876154784219596,1.09809716438702
0.876154784219596,1.09809716438702
0.876154784219596,1.09809716438702
0.876154784219596,1.09809716438702
0.876154784219596,1.09809716438702
0.766674334370593,1.09809716438702
0.766674334370593,1.09809716438702
0.928937759495912,1.09809716438702
0.928937759495912,1.09809716438702
0.715680187205961,1.09809716438702
0.715680187205961,1.09809716438702
0.740128276696443,1.09809716438702
0.740128276696443,1.09809716438702
0.740128276696443,1.09809716438702
0.740128276696443,1.13028347101475
0.740128276696443,1.13028347101475
0.740128276696443,1.13028347101475
0.740128276696443,1.13028347101475
0.740128276696443,1.13028347101475
0.740128276696443,1.13028347101475
0.740128276696443,1.13028347101475
0.740128276696443,1.13028347101475
0.740128276696443,1.13028347101475
0.740128276696443,1.13028347101475
0.737536338082215,1.13028347101475
0.844356695087437,1.13028347101475
0.844356695087437,1.13028347101475
0.844356695087437,1.13028347101475
0.844356695087437,1.13028347101475
0.844356695087437,1.13028347101475
0.805570245587433,1.13028347101475
0.805570245587433,1.13028347101475
0.981997541463002,1.13028347101475
0.981997541463002,1.46261666813741
0.981997541463002,1.46261666813741
0.981997541463002,1.46261666813741
0.981997541463002,1.46261666813741
0.981997541463002,1.46261666813741
0.981997541463002,1.57653571209575
0.981997541463002,1.57653571209575
0.981997541463002,1.57653571209575
0.981997541463002,1.13721009286726
0.981997541463002,1.13721009286726
0.981997541463002,1.13721009286726
0.981997541463002,1.13721009286726
0.981997541463002,1.13721009286726
0.981997541463002,1.13721009286726
0.981997541463002,1.13721009286726
0.981997541463002,1.35041786413096
0.981997541463002,1.35041786413096
0.981997541463002,1.35041786413096
0.981997541463002,1.35041786413096
0.981997541463002,1.35041786413096
0.981997541463002,1.28296235047991
0.981997541463002,1.28296235047991
0.981997541463002,1.28296235047991
0.981997541463002,1.28296235047991
0.981997541463002,1.12466041057088
0.981997541463002,1.12466041057088
0.981997541463002,1.12466041057088
0.981997541463002,1.12466041057088
0.981997541463002,1.12466041057088
0.981997541463002,1.12466041057088
1.03943435546063,1.12466041057088
1.03943435546063,1.12466041057088
1.03943435546063,1.5123776931126
1.03943435546063,1.5123776931126
1.03943435546063,1.5123776931126
1.03943435546063,1.5123776931126
1.03943435546063,1.5123776931126
1.03943435546063,1.35924917820854
1.01836771601937,1.35924917820854
0.956227884839961,1.35924917820854
0.774362560192012,1.35924917820854
0.774362560192012,1.15604684715088
0.899994592899389,1.15604684715088
0.870014528383732,1.15604684715088
0.870014528383732,1.15604684715088
0.870014528383732,1.15604684715088
0.870014528383732,1.15604684715088
0.870014528383732,1.15604684715088
0.870014528383732,1.15604684715088
0.870014528383732,1.15604684715088
0.870014528383732,1.3214655232028
0.870014528383732,1.3214655232028
0.870014528383732,1.3214655232028
0.870014528383732,1.3214655232028
0.870014528383732,1.3214655232028
0.870014528383732,1.3214655232028
0.870014528383732,1.3214655232028
0.870014528383732,1.3214655232028
0.870014528383732,1.3214655232028
0.870014528383732,1.3214655232028
0.870014528383732,1.3214655232028
0.870014528383732,1.3214655232028
0.870014528383732,1.3214655232028
0.930596331772198,1.3214655232028
0.967501746462879,1.3214655232028
0.967501746462879,1.3214655232028
0.929353980025912,1.07093614921848
0.929353980025912,1.42537987813037
0.929353980025912,1.42537987813037
0.929353980025912,1.42537987813037
0.806460100258186,1.42537987813037
0.806460100258186,1.42537987813037
0.806460100258186,1.42537987813037
0.806460100258186,1.42537987813037
0.817947524075897,1.66580087793113
0.817947524075897,1.66580087793113
0.817947524075897,1.66580087793113
0.817947524075897,1.66580087793113
0.817947524075897,1.58838993726809
0.817947524075897,1.58838993726809
0.817947524075897,1.58838993726809
0.817947524075897,1.58838993726809
0.817947524075897,1.58838993726809
0.817947524075897,1.58838993726809
0.817947524075897,1.58838993726809
0.817947524075897,1.58838993726809
0.817947524075897,1.58838993726809
0.817947524075897,1.58838993726809
0.817947524075897,1.58838993726809
0.817947524075897,1.58838993726809
0.817947524075897,1.58838993726809
0.817947524075897,1.58838993726809
0.817947524075897,1.58838993726809
0.817947524075897,1.58838993726809
0.817947524075897,1.23840944513069
0.817947524075897,1.23840944513069
0.817947524075897,1.23840944513069
0.817947524075897,1.23840944513069
0.817947524075897,1.23840944513069
0.817947524075897,1.23840944513069
0.817947524075897,1.23840944513069
0.817947524075897,1.23840944513069
0.817947524075897,1.23840944513069
0.817947524075897,1.23840944513069
0.817947524075897,1.23840944513069
0.817947524075897,1.23840944513069
0.817947524075897,1.23840944513069
0.817947524075897,1.23840944513069
0.811870926473642,1.23840944513069
0.837444506396974,1.23840944513069
0.837444506396974,1.23840944513069
0.966736341633146,1.23840944513069
0.966736341633146,1.23840944513069
0.966736341633146,1.183783298645
0.966736341633146,1.183783298645
0.966736341633146,1.183783298645
0.966736341633146,1.183783298645
0.966736341633146,1.183783298645
0.966736341633146,1.183783298645
0.966736341633146,1.183783298645
0.966736341633146,1.183783298645
0.966736341633146,1.183783298645
0.966736341633146,1.183783298645
1.00423735835811,1.183783298645
1.00423735835811,1.183783298645
1.00423735835811,1.183783298645
1.00423735835811,1.183783298645
1.00423735835811,1.183783298645
1.00423735835811,1.183783298645
1.00423735835811,1.183783298645
0.911706144003494,1.183783298645
0.911706144003494,1.183783298645
0.911706144003494,1.183783298645
0.911706144003494,1.183783298645
0.911706144003494,1.183783298645
0.832533054974384,1.183783298645
0.832533054974384,1.183783298645
0.832533054974384,1.18823076673069
0.832533054974384,1.18823076673069
0.832533054974384,1.18823076673069
0.875484990233557,1.18823076673069
0.875484990233557,1.20952187769291
0.875484990233557,1.20952187769291
0.966557355396521,1.20952187769291
0.966557355396521,1.20952187769291
0.859968684645401,1.20952187769291
0.859968684645401,1.20952187769291
0.859968684645401,1.20952187769291
0.859968684645401,1.20952187769291
0.859968684645401,1.20952187769291
0.859968684645401,1.20952187769291
0.859968684645401,1.20952187769291
0.859968684645401,1.20952187769291
0.859968684645401,1.20952187769291
0.859968684645401,1.20952187769291
0.859968684645401,1.20952187769291
0.859968684645401,1.20952187769291
0.859968684645401,1.20952187769291
0.859968684645401,1.20952187769291
0.859968684645401,1.20952187769291
0.859968684645401,1.20952187769291
0.859968684645401,1.24761669940321
0.859968684645401,1.24761669940321
1.08723951991281,1.26932002832523
1.08723951991281,1.26932002832523
0.99304153677794,1.26932002832523
0.99304153677794,1.26932002832523
0.99304153677794,1.26932002832523
0.99304153677794,1.26932002832523
0.99304153677794,1.26932002832523
0.99304153677794,1.26932002832523
0.99304153677794,1.26932002832523
1.04549449849262,1.26932002832523
1.04549449849262,1.26932002832523
1.04549449849262,1.26932002832523
1.04549449849262,1.26932002832523
1.04549449849262,1.26932002832523
1.04549449849262,1.26932002832523
1.04549449849262,1.26932002832523
0.983418345890208,1.26932002832523
0.983418345890208,1.26932002832523
0.983418345890208,1.37425855670158
0.983418345890208,1.37425855670158
0.983418345890208,1.37425855670158
0.983418345890208,1.37425855670158
0.983418345890208,1.37425855670158
0.908423690398039,1.37425855670158
0.908423690398039,1.37425855670158
0.908423690398039,1.37425855670158
0.908423690398039,1.37425855670158
0.908423690398039,1.41662648905708
0.908423690398039,1.41662648905708
0.908423690398039,1.41662648905708
1.04875547347304,1.41662648905708
1.04875547347304,0.989025056402875
1.04875547347304,0.989025056402875
1.06199369141896,1.33749199584748
1.09131672911931,1.33749199584748
1.09131672911931,1.33749199584748
0.885473438982436,1.27144194374667
0.885473438982436,1.27144194374667
0.885473438982436,1.27144194374667
0.885473438982436,1.27144194374667
0.885473438982436,1.27144194374667
0.885473438982436,1.27144194374667
0.885473438982436,1.27144194374667
0.87599178767053,1.27144194374667
0.87599178767053,1.27144194374667
0.87599178767053,1.27144194374667
0.87599178767053,1.27144194374667
0.87599178767053,1.09958502209799
0.87599178767053,1.29778693142263
0.87599178767053,1.29778693142263
0.87599178767053,1.34114140616733
0.87599178767053,1.34114140616733
0.87599178767053,1.00593841969685
0.87599178767053,1.00593841969685
0.861624301208562,1.00593841969685
0.861624301208562,1.00593841969685
0.861624301208562,1.00593841969685
0.861624301208562,1.06623042803273
0.861624301208562,1.06623042803273
0.861624301208562,1.06623042803273
0.861624301208562,1.2314845686076
0.861624301208562,1.2314845686076
0.861624301208562,1.2314845686076
0.861624301208562,1.2314845686076
0.861624301208562,1.2314845686076
0.861624301208562,1.2314845686076
0.861624301208562,1.2314845686076
0.861624301208562,1.2314845686076
0.861624301208562,1.2314845686076
0.861624301208562,1.2314845686076
0.87073395327201,1.2314845686076
0.87073395327201,1.2314845686076
0.87073395327201,1.2314845686076
0.995131560606541,1.2314845686076
0.995131560606541,1.2314845686076
0.995131560606541,1.2314845686076
0.995131560606541,1.2314845686076
0.995131560606541,1.2314845686076
0.995131560606541,1.2314845686076
0.995131560606541,1.2314845686076
0.995131560606541,1.2314845686076
0.995131560606541,1.2314845686076
0.995131560606541,1.07941195938903
0.995131560606541,1.07941195938903
0.995131560606541,1.07941195938903
0.995131560606541,1.07941195938903
0.995131560606541,1.07941195938903
0.995131560606541,1.07941195938903
0.995131560606541,1.07941195938903
0.982644731904226,1.07941195938903
0.982644731904226,1.07941195938903
0.982644731904226,1.07941195938903
0.982644731904226,1.07941195938903
0.982644731904226,1.07941195938903
0.982644731904226,1.05638453782712
0.982644731904226,1.05638453782712
1.0483537851421,1.05638453782712
1.0483537851421,1.05638453782712
1.0483537851421,1.05638453782712
1.0483537851421,1.05638453782712
1.0483537851421,1.05638453782712
1.0483537851421,1.05638453782712
1.0483537851421,1.05638453782712
1.06638159320268,1.05638453782712
1.06638159320268,1.05638453782712
0.817892897018758,1.05638453782712
0.817892897018758,1.05638453782712
0.817892897018758,1.05638453782712
0.817892897018758,1.05638453782712
1.0224788670823,1.05638453782712
1.0224788670823,1.05638453782712
0.918487793464184,1.05638453782712
0.918487793464184,1.05638453782712
0.918487793464184,1.05638453782712
0.918487793464184,1.05638453782712
0.918487793464184,0.988872115977944
0.860554018363942,0.988872115977944
0.860554018363942,1.0255065031278
0.896082206992572,1.0255065031278
0.896082206992572,1.0255065031278
0.896082206992572,1.0255065031278
0.896082206992572,1.0255065031278
0.896082206992572,1.0255065031278
0.896082206992572,1.0255065031278
0.896082206992572,1.0255065031278
0.896082206992572,1.0255065031278
0.753228970643125,1.0255065031278
0.753228970643125,1.0255065031278
0.850038730655496,1.0255065031278
0.850038730655496,1.0255065031278
0.850038730655496,1.0255065031278
0.850038730655496,1.0255065031278
0.850038730655496,1.0255065031278
0.850038730655496,1.0255065031278
0.850038730655496,1.16288196818235
0.850038730655496,1.16288196818235
0.850038730655496,1.14713175359954
0.850038730655496,1.14713175359954
0.850038730655496,1.14713175359954
0.850038730655496,1.14713175359954
0.850038730655496,1.14713175359954
0.850038730655496,1.14713175359954
0.850038730655496,1.14713175359954
0.850038730655496,1.14713175359954
0.850038730655496,1.14713175359954
0.850038730655496,1.14713175359954
0.850038730655496,1.14713175359954
0.850038730655496,1.14713175359954
0.850038730655496,1.14713175359954
0.850038730655496,1.14713175359954
0.850038730655496,1.14713175359954
0.850038730655496,1.14713175359954
0.850038730655496,1.14713175359954
0.850038730655496,1.14713175359954
0.850038730655496,1.14713175359954
0.850038730655496,1.14713175359954
0.850038730655496,1.14713175359954
0.850038730655496,1.14713175359954
0.850038730655496,1.14713175359954
0.850038730655496,1.14713175359954
0.850038730655496,1.22326908462671
0.850038730655496,1.22326908462671
0.850038730655496,1.15509916672754
0.850038730655496,1.15509916672754
0.850038730655496,1.15509916672754
0.850038730655496,1.15509916672754
0.873322625744688,1.15509916672754
0.873322625744688,1.15509916672754
0.873322625744688,1.15509916672754
0.873322625744688,1.15509916672754
0.873322625744688,1.15509916672754
0.873322625744688,1.15509916672754
0.873322625744688,1.15509916672754
0.873322625744688,1.15288940181946
0.873322625744688,1.15288940181946
0.873322625744688,1.15288940181946
0.873322625744688,1.15288940181946
0.873322625744688,1.21906332060247
0.873322625744688,1.21906332060247
0.873322625744688,1.21906332060247
0.873322625744688,1.21906332060247
0.873322625744688,1.21906332060247
0.873322625744688,1.21906332060247
0.873322625744688,1.24746635699338
0.873322625744688,1.24746635699338
0.873322625744688,1.24746635699338
0.873322625744688,1.24746635699338
0.873322625744688,1.24746635699338
0.873322625744688,1.23987963022763
0.873322625744688,1.23987963022763
0.873322625744688,1.23987963022763
0.873322625744688,1.23987963022763
0.873322625744688,1.23987963022763
0.873322625744688,1.23987963022763
0.873322625744688,1.23987963022763
0.873322625744688,1.23987963022763
0.873322625744688,1.23987963022763
0.873322625744688,1.23987963022763
0.873322625744688,1.11085977806101
0.873322625744688,1.11085977806101
0.873322625744688,1.11085977806101
0.873322625744688,1.11085977806101
0.873322625744688,1.11085977806101
0.873322625744688,1.11085977806101
0.873322625744688,1.11085977806101
0.873322625744688,1.11085977806101
0.873322625744688,1.11085977806101
0.873322625744688,1.11085977806101
0.873322625744688,1.11085977806101
0.873322625744688,1.11085977806101
0.873322625744688,1.11085977806101
0.873322625744688,1.11085977806101
0.873322625744688,1.11085977806101
0.873322625744688,1.29638933862323
0.873322625744688,1.29638933862323
0.873322625744688,1.29638933862323
0.873322625744688,1.29638933862323
0.873322625744688,1.29638933862323
0.873322625744688,1.29638933862323
0.873322625744688,1.29638933862323
0.873322625744688,1.19680798394254
0.873322625744688,1.19680798394254
0.873322625744688,1.19680798394254
0.873322625744688,1.30187887093796
0.873322625744688,1.30187887093796
0.873322625744688,1.30187887093796
0.768777175531104,1.30187887093796
0.768777175531104,1.30187887093796
0.768777175531104,1.30187887093796
0.768777175531104,1.30187887093796
0.768777175531104,1.30187887093796
0.768777175531104,1.30187887093796
0.768777175531104,1.30187887093796
0.768777175531104,1.30187887093796
0.768777175531104,1.30187887093796
0.768777175531104,1.30187887093796
0.768777175531104,1.30187887093796
0.768777175531104,1.30187887093796
0.768777175531104,1.30187887093796
0.768777175531104,1.23412162583254
0.768777175531104,1.23412162583254
0.768777175531104,1.23412162583254
0.768777175531104,1.23412162583254
0.768777175531104,1.23412162583254
0.768777175531104,1.24032842129561
0.768777175531104,1.24032842129561
0.768777175531104,1.24032842129561
0.768777175531104,1.24032842129561
0.768777175531104,1.24032842129561
0.768777175531104,1.24032842129561
0.768777175531104,1.24032842129561
0.768777175531104,1.24032842129561
0.768777175531104,1.24032842129561
0.768777175531104,1.24032842129561
0.768777175531104,1.24032842129561
0.768777175531104,1.24032842129561
0.768777175531104,1.24032842129561
0.768777175531104,1.30225980651937
0.768777175531104,1.30225980651937
0.768777175531104,1.01695379035555
0.768777175531104,1.13454989694801
0.768777175531104,1.13454989694801
0.768777175531104,1.13454989694801
0.768777175531104,1.31210218739382
0.768777175531104,1.31210218739382
0.768777175531104,1.31210218739382
0.768777175531104,1.31210218739382
0.998988691286183,1.31210218739382
0.998988691286183,1.31210218739382
0.998988691286183,1.31210218739382
0.998988691286183,1.24125033552015
0.998988691286183,1.23463081424695
0.998988691286183,1.23463081424695
0.898360506091353,1.23463081424695
0.898360506091353,1.23463081424695
0.898360506091353,1.23463081424695
0.898360506091353,1.23463081424695
0.898360506091353,1.23463081424695
0.898360506091353,1.23463081424695
0.898360506091353,1.23463081424695
0.898360506091353,1.23463081424695
0.898360506091353,1.23463081424695
0.898360506091353,1.23463081424695
0.898360506091353,1.23463081424695
0.898360506091353,1.03951974752795
0.898360506091353,1.03572397799583
0.898360506091353,1.03572397799583
0.898360506091353,1.03572397799583
0.898360506091353,1.03572397799583
0.898360506091353,1.03572397799583
0.898360506091353,1.03572397799583
0.898360506091353,1.03572397799583
0.898360506091353,1.03572397799583
0.898360506091353,1.03572397799583
0.898360506091353,1.03572397799583
0.898360506091353,1.03572397799583
0.898360506091353,1.31566972516818
0.898360506091353,1.31566972516818
0.898360506091353,1.31566972516818
0.898360506091353,1.31566972516818
0.898360506091353,1.31566972516818
0.910582296952902,1.31566972516818
0.910582296952902,1.31566972516818
0.910582296952902,1.31566972516818
0.910582296952902,1.31566972516818
0.910582296952902,1.31566972516818
0.910582296952902,1.16746573097612
0.910582296952902,1.16746573097612
0.910582296952902,1.16746573097612
0.910582296952902,1.16746573097612
0.910582296952902,1.16746573097612
0.910582296952902,1.16381607907721
0.910582296952902,1.16381607907721
0.910582296952902,1.16381607907721
0.910582296952902,1.16381607907721
0.910582296952902,1.16381607907721
0.910582296952902,1.16381607907721
0.910582296952902,1.16381607907721
0.910582296952902,1.16381607907721
0.910582296952902,1.16381607907721
0.910582296952902,1.16381607907721
0.910582296952902,1.16381607907721
0.910582296952902,1.16381607907721
0.910582296952902,1.16381607907721
0.910582296952902,1.16381607907721
0.910582296952902,1.16381607907721
0.910582296952902,1.16381607907721
0.910582296952902,1.16381607907721
0.910582296952902,1.16381607907721
0.910582296952902,1.16381607907721
0.910582296952902,1.16381607907721
0.910582296952902,1.16381607907721
0.910582296952902,1.16381607907721
0.910582296952902,1.16381607907721
0.910582296952902,1.2870235798102
0.910582296952902,1.2870235798102
0.910582296952902,1.2870235798102
0.910582296952902,1.2870235798102
0.910582296952902,1.2870235798102
0.679615663869416,1.2870235798102
0.679615663869416,1.2870235798102
0.679615663869416,1.2870235798102
0.679615663869416,1.23346522653525
0.679615663869416,1.23346522653525
0.679615663869416,1.23346522653525
0.679615663869416,1.23346522653525
0.679615663869416,1.23346522653525
0.679615663869416,1.23346522653525
0.683634190159321,1.23346522653525
0.683634190159321,1.23346522653525
0.683634190159321,1.23346522653525
0.683634190159321,1.23346522653525
0.683634190159321,1.16637743075809
0.683634190159321,1.16637743075809
0.683634190159321,1.16637743075809
0.683634190159321,1.31467741964226
0.683634190159321,1.31467741964226
0.683634190159321,1.31467741964226
0.683634190159321,1.31467741964226
0.683634190159321,1.31467741964226
0.683634190159321,1.31467741964226
0.683634190159321,1.31467741964226
0.683634190159321,1.31467741964226
0.683634190159321,1.31467741964226
0.683634190159321,1.31467741964226
0.742692455432686,1.31467741964226
0.742692455432686,1.31467741964226
0.742692455432686,1.31467741964226
0.742692455432686,1.31467741964226
0.79087734510378,1.06430502404965
0.79087734510378,1.06430502404965
0.79087734510378,1.06430502404965
0.79087734510378,1.06430502404965
0.79087734510378,1.31903459735984
0.79087734510378,1.31903459735984
0.79087734510378,1.29745141043607
0.79087734510378,1.15026538759548
0.902193948382326,1.15026538759548
0.902193948382326,1.15026538759548
0.663958713393748,1.15026538759548
0.730079514759469,1.15026538759548
0.730079514759469,1.15026538759548
0.730079514759469,1.15026538759548
0.730079514759469,1.15026538759548
0.730079514759469,1.15026538759548
0.730079514759469,1.15026538759548
0.730079514759469,1.15026538759548
0.663226415312383,1.15026538759548
0.663226415312383,1.15026538759548
0.663226415312383,1.05468514697175
0.663226415312383,1.05468514697175
0.663226415312383,1.05468514697175
0.663226415312383,1.06634603673372
0.663226415312383,1.06634603673372
0.663226415312383,1.06634603673372
0.663226415312383,1.06634603673372
0.663226415312383,1.06634603673372
0.663226415312383,1.06634603673372
0.663226415312383,1.06634603673372
0.853666541622052,1.06634603673372
0.853666541622052,1.06634603673372
0.853666541622052,1.26744628530905
0.853666541622052,1.26744628530905
0.853666541622052,1.26744628530905
0.853666541622052,1.26744628530905
0.669728895370951,1.26558702190277
0.69292249729866,1.26558702190277
0.69292249729866,1.26558702190277
0.69292249729866,1.26558702190277
0.69292249729866,1.26558702190277
0.69292249729866,1.26558702190277
0.69292249729866,1.26558702190277
0.69292249729866,1.26558702190277
0.69292249729866,1.26558702190277
0.69292249729866,1.26558702190277
0.69292249729866,1.26558702190277
0.69292249729866,1.26558702190277
0.69292249729866,1.26558702190277
0.69292249729866,1.26558702190277
0.69292249729866,1.26558702190277
0.69292249729866,1.26558702190277
0.816955470572691,1.26558702190277
0.816955470572691,1.26558702190277
0.709610139007017,1.26558702190277
0.709610139007017,1.26558702190277
0.709610139007017,1.26558702190277
0.832917422224286,1.26558702190277
0.832917422224286,1.26558702190277
0.832917422224286,1.1316226603215
0.832917422224286,1.1316226603215
0.800840998172184,1.1316226603215
0.800840998172184,1.1316226603215
0.800840998172184,1.1316226603215
0.800840998172184,1.1316226603215
0.800840998172184,1.15235671153016
0.927507214177485,1.15235671153016
0.927507214177485,1.15235671153016
0.927507214177485,1.15235671153016
0.927507214177485,1.15235671153016
0.927507214177485,1.15235671153016
0.927507214177485,1.15235671153016
0.927507214177485,0.98324135963615
0.927507214177485,0.98324135963615
0.927507214177485,0.98324135963615
0.927507214177485,0.98324135963615
0.927507214177485,1.02686960427758
0.927507214177485,1.02686960427758
0.927507214177485,1.01435479842931
0.871893865733558,1.01435479842931
0.871893865733558,1.01435479842931
0.824659973886086,1.01435479842931
0.824659973886086,1.10748606161089
0.824659973886086,1.10748606161089
0.824659973886086,1.10748606161089
0.824659973886086,1.10748606161089
0.824659973886086,1.10748606161089
0.824659973886086,1.10748606161089
0.824659973886086,1.10748606161089
0.824659973886086,1.12239004006896
0.824659973886086,1.12239004006896
0.824659973886086,1.12239004006896
0.824659973886086,1.12239004006896
0.824659973886086,1.12239004006896
0.824659973886086,1.12239004006896
0.824659973886086,1.12239004006896
0.824659973886086,1.12239004006896
0.824659973886086,1.12239004006896
0.824659973886086,1.12239004006896
0.824659973886086,1.12239004006896
0.824659973886086,1.03327015723489
0.824659973886086,1.03327015723489
0.824659973886086,1.03327015723489
0.824659973886086,1.03327015723489
0.824659973886086,1.03327015723489
0.824659973886086,1.21577778626109
0.824659973886086,1.25208841100731
0.824659973886086,1.25208841100731
0.769342965298679,1.25208841100731
0.769342965298679,1.25208841100731
0.769342965298679,1.25208841100731
0.769342965298679,1.25208841100731
0.769342965298679,1.25208841100731
0.769342965298679,1.25208841100731
0.769342965298679,1.25208841100731
0.769342965298679,1.25208841100731
0.769342965298679,1.25208841100731
0.769342965298679,1.25208841100731
0.769342965298679,1.29829315198327
0.769342965298679,1.29829315198327
0.769342965298679,1.29829315198327
0.769342965298679,1.29829315198327
0.769342965298679,1.29829315198327
0.769342965298679,1.29829315198327
0.889187315345563,1.29829315198327
0.889187315345563,1.29829315198327
0.889187315345563,1.29829315198327
0.889187315345563,1.29829315198327
0.889187315345563,1.29829315198327
0.889187315345563,1.29829315198327
0.889187315345563,1.22524279228859
0.889187315345563,1.22524279228859
0.889187315345563,1.2161099606024
0.874949443831674,1.2161099606024
0.874949443831674,1.2161099606024
0.874949443831674,1.2161099606024
0.874949443831674,1.2161099606024
0.849969870459256,1.2161099606024
0.849969870459256,1.2161099606024
0.849969870459256,1.2161099606024
0.91708193233624,1.37462951416806
0.91708193233624,1.37462951416806
0.91708193233624,1.37462951416806
0.91708193233624,1.37462951416806
0.91708193233624,1.13478887032702
0.91708193233624,1.13652670875123
0.91708193233624,1.13652670875123
0.91708193233624,1.09192299035
0.91708193233624,1.09192299035
0.91708193233624,1.09192299035
0.91708193233624,1.09192299035
0.91708193233624,1.09192299035
0.91708193233624,1.09192299035
0.91708193233624,1.09192299035
0.91708193233624,1.09192299035
0.91708193233624,1.09192299035
0.91708193233624,1.09192299035
0.91708193233624,1.09192299035
0.91708193233624,1.09192299035
0.769746831377692,1.09192299035
0.942545161981561,1.09192299035
0.942545161981561,1.09192299035
0.942545161981561,1.09192299035
0.707095945547659,1.09192299035
0.707095945547659,1.09192299035
0.707095945547659,1.09192299035
0.707095945547659,1.09192299035
0.707095945547659,1.09192299035
0.707095945547659,1.09192299035
0.820288569019949,1.09192299035
0.820288569019949,1.09192299035
0.820288569019949,1.23572313808246
0.820288569019949,1.23572313808246
0.820288569019949,1.23572313808246
0.820288569019949,1.23572313808246
0.907117376062533,1.23572313808246
0.907117376062533,1.23572313808246
0.907117376062533,1.23572313808246
0.907117376062533,1.23572313808246
0.907117376062533,1.23572313808246
0.933747490198675,1.23572313808246
0.933747490198675,1.23572313808246
0.933747490198675,1.23572313808246
0.933747490198675,1.23572313808246
0.933747490198675,1.23572313808246
0.933747490198675,1.23572313808246
0.933747490198675,1.23572313808246
0.933747490198675,1.40217844751273
0.937023421243188,1.40217844751273
0.937023421243188,1.25495739977839
0.869408854081731,1.25495739977839
0.869408854081731,1.25495739977839
0.869408854081731,1.25495739977839
0.869408854081731,1.25495739977839
0.869408854081731,1.52906564563804
0.86213022687492,1.52906564563804
0.86213022687492,1.52906564563804
0.86213022687492,1.52906564563804
0.86213022687492,1.52906564563804
0.86213022687492,1.37066242029691
0.78696384097074,1.37066242029691
0.78696384097074,1.37066242029691
0.78696384097074,1.37066242029691
0.78696384097074,1.37066242029691
0.78696384097074,1.37066242029691
0.719421760566988,1.37066242029691
0.719421760566988,1.37066242029691
0.719421760566988,1.37066242029691
0.719421760566988,1.37066242029691
0.824615233909748,1.37066242029691
0.725243426895576,1.37066242029691
0.725243426895576,1.37066242029691
0.725243426895576,1.37066242029691
0.725243426895576,1.28037368621342
0.725243426895576,1.28037368621342
0.725243426895576,1.28037368621342
0.725243426895576,1.28037368621342
0.725243426895576,1.28037368621342
0.725243426895576,1.28037368621342
0.725243426895576,1.28037368621342
0.725243426895576,1.28037368621342
0.725243426895576,1.28037368621342
0.725243426895576,1.31157390700189
0.725243426895576,1.26546037822958
0.725243426895576,1.26546037822958
0.725243426895576,1.26546037822958
0.692693431464152,1.42236176542726
0.692693431464152,1.42236176542726
0.692693431464152,1.42236176542726
0.692693431464152,1.42236176542726
0.771414596466278,1.42443113580126
0.771414596466278,1.42443113580126
0.771414596466278,1.42443113580126
0.771414596466278,1.42443113580126
0.771414596466278,1.42443113580126
0.771414596466278,1.42443113580126
0.771414596466278,1.42443113580126
0.771414596466278,1.42443113580126
0.771414596466278,1.42443113580126
0.771414596466278,1.42443113580126
0.771414596466278,1.42443113580126
0.771414596466278,1.42443113580126
0.771414596466278,1.42443113580126
0.771414596466278,1.42443113580126
0.771414596466278,1.42443113580126
0.771414596466278,1.42443113580126
0.771414596466278,1.42443113580126
0.771414596466278,1.42443113580126
0.898502334069465,1.42443113580126
0.898502334069465,1.42443113580126
0.898502334069465,1.42443113580126
0.898502334069465,1.42443113580126
0.898502334069465,1.42443113580126
0.898502334069465,1.42443113580126
0.898502334069465,1.42443113580126
0.898502334069465,1.42443113580126
0.898502334069465,1.42443113580126
0.898502334069465,1.20513251798323
0.898502334069465,1.20513251798323
0.962189927223936,1.20513251798323
0.962189927223936,1.20513251798323
0.851003888901149,1.20513251798323
0.851003888901149,1.20513251798323
0.851003888901149,1.20513251798323
0.851003888901149,1.20513251798323
0.851003888901149,1.20513251798323
0.851003888901149,1.20513251798323
0.851003888901149,1.20513251798323
0.851003888901149,1.20513251798323
0.851003888901149,1.20513251798323
0.851003888901149,1.20513251798323
0.851003888901149,1.20513251798323
0.851003888901149,1.20513251798323
0.851003888901149,1.20513251798323
0.851003888901149,1.20513251798323
0.851003888901149,1.20513251798323
0.851003888901149,1.20513251798323
0.851003888901149,1.20513251798323
0.851003888901149,1.20513251798323
0.851003888901149,1.52494061553324
0.851003888901149,1.52494061553324
0.851003888901149,1.41382966536222
0.851003888901149,1.41382966536222
0.851003888901149,1.41382966536222
0.851003888901149,1.41382966536222
0.870728975553719,1.41382966536222
0.870728975553719,1.41382966536222
0.983589983268854,1.35334197890732
0.983589983268854,1.35334197890732
0.983589983268854,1.35334197890732
0.983589983268854,1.35334197890732
0.983589983268854,1.35334197890732
0.983589983268854,1.35334197890732
1.00604769741224,1.35334197890732
1.00604769741224,1.35334197890732
1.00604769741224,1.23797088028291
1.00604769741224,1.23797088028291
0.777777307793837,1.23797088028291
0.777777307793837,1.23797088028291
0.777777307793837,1.23797088028291
0.777777307793837,1.23797088028291
0.777777307793837,1.01205119855313
0.777777307793837,1.13234419871298
0.777777307793837,1.13234419871298
0.777777307793837,1.13234419871298
0.777777307793837,1.13234419871298
0.777777307793837,1.13234419871298
0.777777307793837,1.13234419871298
0.766244280337093,1.13234419871298
0.766244280337093,1.13234419871298
0.766244280337093,1.13234419871298
0.766244280337093,1.13234419871298
0.766244280337093,1.08187815435228
0.766244280337093,1.08187815435228
0.766244280337093,1.09255968305967
0.766244280337093,1.09255968305967
0.766244280337093,1.09255968305967
0.766244280337093,1.09255968305967
0.766244280337093,1.09255968305967
0.766244280337093,1.09255968305967
0.766244280337093,1.09255968305967
0.766244280337093,1.09255968305967
0.766244280337093,1.09255968305967
0.766244280337093,1.09255968305967
0.766244280337093,1.09255968305967
0.766244280337093,1.09255968305967
0.766244280337093,1.09255968305967
0.766244280337093,1.09255968305967
0.766244280337093,1.09255968305967
0.766244280337093,1.09255968305967
0.774098099230718,1.09255968305967
0.774098099230718,1.09255968305967
0.774098099230718,1.09255968305967
0.774098099230718,0.878728587688731
0.804120529947876,0.839866624217059
0.804120529947876,0.839866624217059
0.804120529947876,0.839866624217059
0.858802344274237,0.839866624217059
0.858802344274237,0.839866624217059
0.858802344274237,0.839866624217059
0.858802344274237,1.14439218116859
0.858802344274237,1.14439218116859
0.858802344274237,1.14439218116859
0.858802344274237,1.14439218116859
0.858802344274237,1.14439218116859
0.858802344274237,1.14439218116859
0.858802344274237,1.14439218116859
0.858802344274237,1.14439218116859
0.858802344274237,1.14439218116859
0.858802344274237,1.14439218116859
0.858802344274237,1.14439218116859
0.858802344274237,1.34532184617462
0.858802344274237,1.34532184617462
0.858802344274237,1.34532184617462
0.858802344274237,1.34532184617462
0.858802344274237,1.34532184617462
0.858802344274237,1.34532184617462
0.858802344274237,1.34532184617462
0.777829276670972,1.33555751609194
0.777829276670972,1.33555751609194
0.777829276670972,1.33555751609194
0.777829276670972,1.33555751609194
0.840625766704039,1.33555751609194
0.840625766704039,1.33555751609194
0.832052396682444,1.33555751609194
0.832052396682444,1.33555751609194
0.832052396682444,1.33555751609194
0.832052396682444,1.33555751609194
0.832052396682444,1.33555751609194
0.726224970346685,1.33555751609194
0.726224970346685,1.33555751609194
0.726224970346685,1.33555751609194
0.816372984410565,1.33555751609194
0.816372984410565,1.33555751609194
0.740990308380407,1.33555751609194
0.740990308380407,1.33555751609194
0.740990308380407,1.33555751609194
0.740990308380407,1.1168463476843
0.740990308380407,1.1168463476843
0.740990308380407,1.1168463476843
0.740990308380407,1.1168463476843
0.740990308380407,1.1168463476843
0.740990308380407,1.1168463476843
0.740990308380407,1.1168463476843
0.740990308380407,1.1168463476843
0.740990308380407,1.1168463476843
0.740990308380407,1.1168463476843
0.724324033402159,1.1168463476843
0.724324033402159,1.1168463476843
0.724324033402159,1.1168463476843
0.724324033402159,1.1168463476843
0.724324033402159,1.1168463476843
0.724324033402159,1.1168463476843
0.724324033402159,1.1168463476843
0.993711963751846,1.1168463476843
0.993711963751846,1.1168463476843
0.778623397761403,1.40481886900505
0.778623397761403,1.40481886900505
0.778623397761403,1.40481886900505
0.778623397761403,1.40481886900505
0.778623397761403,1.40481886900505
0.9656785494435,1.40481886900505
0.9656785494435,1.40481886900505
0.9656785494435,1.40481886900505
0.9656785494435,1.40481886900505
0.9656785494435,1.40481886900505
0.9656785494435,1.40481886900505
0.9656785494435,1.40481886900505
0.9656785494435,1.40481886900505
0.9656785494435,1.40481886900505
0.9656785494435,1.40481886900505
0.9656785494435,1.40481886900505
0.9656785494435,1.40481886900505
0.9656785494435,1.40481886900505
0.9656785494435,1.40481886900505
0.9656785494435,1.40481886900505
0.9656785494435,1.40481886900505
0.9656785494435,1.40481886900505
0.9656785494435,1.40481886900505
0.9656785494435,1.40481886900505
0.9656785494435,1.40481886900505
0.9656785494435,1.40481886900505
0.9656785494435,1.40481886900505
0.9656785494435,1.40481886900505
0.9656785494435,1.40481886900505
0.9656785494435,1.40481886900505
0.9656785494435,1.40481886900505
0.9656785494435,1.1777425576581
0.9656785494435,1.1777425576581
0.738355969580758,1.1777425576581
0.738355969580758,1.1777425576581
0.738355969580758,1.1777425576581
0.738355969580758,1.1777425576581
0.787769746675604,1.11592655498368
0.787769746675604,1.11592655498368
0.787769746675604,1.11592655498368
0.787769746675604,1.11592655498368
0.787769746675604,1.11592655498368
0.787769746675604,1.11592655498368
0.787769746675604,1.41542552724729
0.787769746675604,1.41542552724729
0.787769746675604,1.41542552724729
0.787769746675604,1.41542552724729
0.787769746675604,1.41542552724729
0.787769746675604,1.41542552724729
0.708909312784309,1.41542552724729
0.708909312784309,1.41542552724729
0.708909312784309,1.41542552724729
0.708909312784309,1.41542552724729
0.708909312784309,1.41542552724729
0.708909312784309,1.41542552724729
0.708909312784309,1.41542552724729
0.708909312784309,1.41542552724729
0.708909312784309,1.41542552724729
0.708909312784309,1.41542552724729
0.708909312784309,1.41542552724729
0.708909312784309,1.41542552724729
0.708909312784309,1.41542552724729
0.708909312784309,1.28147353469019
0.708909312784309,1.28147353469019
0.708909312784309,1.28147353469019
0.708909312784309,1.28147353469019
0.708909312784309,1.28147353469019
0.708909312784309,1.28147353469019
0.934726159139559,1.28147353469019
0.827329995370609,1.28147353469019
1.0091520058013,1.28147353469019
1.0091520058013,1.28147353469019
1.0091520058013,1.28147353469019
1.0091520058013,1.28147353469019
1.0091520058013,1.28147353469019
1.0091520058013,1.28147353469019
0.881002690579228,1.28147353469019
0.881002690579228,1.28147353469019
0.881002690579228,1.28147353469019
0.881002690579228,1.28147353469019
0.881002690579228,1.28147353469019
0.881002690579228,1.28147353469019
0.881002690579228,1.28147353469019
0.881002690579228,1.28147353469019
0.881002690579228,1.22213660542973
0.881002690579228,1.22213660542973
0.881002690579228,1.22213660542973
0.969573809439147,1.22213660542973
0.915386613937599,1.22213660542973
0.915386613937599,1.22213660542973
0.915386613937599,1.19594074296529
0.915386613937599,1.19594074296529
0.915386613937599,1.23870120056797
0.915386613937599,1.26186850403996
0.915386613937599,1.26186850403996
0.915386613937599,1.26186850403996
0.915386613937599,1.26186850403996
0.915386613937599,1.26186850403996
0.915386613937599,1.2327395119601
0.915386613937599,1.2327395119601
0.915386613937599,1.2327395119601
0.915386613937599,1.2327395119601
0.915386613937599,1.2327395119601
0.915386613937599,1.2327395119601
0.861218821134893,1.2327395119601
0.861218821134893,1.2327395119601
0.861218821134893,1.25628071407127
0.861218821134893,1.25628071407127
0.861218821134893,1.25628071407127
0.764540433796147,1.25628071407127
0.764540433796147,1.43444260455543
0.764540433796147,1.43444260455543
0.764540433796147,1.43444260455543
0.764540433796147,1.43444260455543
0.764540433796147,1.43444260455543
0.764540433796147,1.43444260455543
0.764540433796147,1.43444260455543
0.764540433796147,1.43444260455543
0.764540433796147,1.29308529070761
0.764540433796147,1.29308529070761
0.764540433796147,1.23307469074741
0.764540433796147,1.23307469074741
0.764540433796147,1.23307469074741
0.764540433796147,1.23307469074741
0.764540433796147,1.04821479647459
0.764540433796147,1.04821479647459
0.764540433796147,1.04821479647459
0.764540433796147,1.04821479647459
0.764540433796147,1.04130245678634
0.764540433796147,1.04130245678634
0.764540433796147,1.04130245678634
0.764540433796147,1.04130245678634
0.927286292518978,1.04130245678634
0.927286292518978,1.04130245678634
0.927286292518978,1.64484610808982
0.927286292518978,1.64484610808982
0.927286292518978,1.64484610808982
0.927286292518978,1.64484610808982
0.927286292518978,1.64484610808982
0.927286292518978,1.64484610808982
0.927286292518978,1.64484610808982
0.927286292518978,1.41691617979276
0.927286292518978,1.41691617979276
0.927286292518978,1.41691617979276
0.927286292518978,1.41691617979276
0.937553930099786,1.37177453420058
0.937553930099786,1.37177453420058
1.06589432571205,1.37177453420058
1.06589432571205,1.37177453420058
1.06589432571205,1.37177453420058
1.06589432571205,1.37177453420058
1.14882048840209,1.37177453420058
0.703501809939057,1.37177453420058
0.737622305390867,1.37177453420058
0.737622305390867,1.37177453420058
0.811397929195071,1.37177453420058
0.811397929195071,1.48611323812916
0.811397929195071,1.48611323812916
0.811397929195071,1.48611323812916
0.811397929195071,1.48611323812916
0.811397929195071,1.48611323812916
0.811397929195071,1.48611323812916
0.954159892727419,1.60056955853553
0.954159892727419,1.60056955853553
0.954159892727419,1.30337165533147
0.954159892727419,1.30337165533147
0.954159892727419,1.30337165533147
0.862333591423617,1.30337165533147
0.862333591423617,1.30337165533147
0.862333591423617,1.30337165533147
0.862333591423617,1.30337165533147
0.862333591423617,1.30337165533147
0.862333591423617,1.30337165533147
0.862333591423617,1.12901025994853
0.862333591423617,1.12901025994853
0.862333591423617,1.12901025994853
0.862333591423617,1.12901025994853
0.862333591423617,1.12901025994853
0.862333591423617,1.12901025994853
0.862333591423617,1.12901025994853
0.862333591423617,1.12901025994853
0.946036186666992,1.12901025994853
0.946036186666992,1.12901025994853
0.946036186666992,1.12901025994853
0.946036186666992,1.12901025994853
0.946036186666992,1.12901025994853
0.946036186666992,1.12901025994853
0.946036186666992,1.12901025994853
0.946036186666992,1.333782230379
0.946036186666992,1.333782230379
0.946036186666992,1.333782230379
0.946036186666992,1.333782230379
0.946036186666992,1.44178844616829
0.946036186666992,1.25504412485664
0.946036186666992,1.25504412485664
0.946036186666992,1.25504412485664
0.946036186666992,1.25504412485664
0.946036186666992,1.25504412485664
0.946036186666992,1.25504412485664
0.946036186666992,1.14239233842373
0.946036186666992,1.14239233842373
0.946036186666992,1.14239233842373
0.946036186666992,1.14239233842373
0.946036186666992,1.14239233842373
0.946036186666992,1.14239233842373
0.860635425486016,1.14239233842373
1.042336193592,1.14239233842373
1.042336193592,1.14239233842373
1.042336193592,1.14239233842373
1.042336193592,1.14239233842373
1.042336193592,1.14239233842373
1.042336193592,1.14239233842373
1.042336193592,1.14239233842373
1.042336193592,1.21244087385139
1.042336193592,1.21244087385139
0.920004074333958,1.02286092232023
0.987571074418571,1.02286092232023
0.987571074418571,1.02286092232023
0.987571074418571,1.02286092232023
0.987571074418571,1.02286092232023
0.987571074418571,1.02286092232023
0.987571074418571,1.02286092232023
0.987571074418571,1.02286092232023
0.987571074418571,1.35907150965459
0.987571074418571,1.35907150965459
0.987571074418571,1.39214957335046
0.987571074418571,1.20209571189203
0.987571074418571,1.20209571189203
0.987571074418571,1.20209571189203
0.987571074418571,1.20209571189203
0.987571074418571,1.20209571189203
0.987571074418571,1.20209571189203
0.987571074418571,1.20209571189203
0.987571074418571,1.20209571189203
0.987571074418571,1.20209571189203
0.987571074418571,1.20209571189203
0.987571074418571,1.20209571189203
0.987571074418571,1.09699119335964
0.987571074418571,1.09699119335964
0.987571074418571,1.09699119335964
0.987571074418571,1.09699119335964
0.987571074418571,1.09699119335964
0.905557575753823,1.26335698075628
0.905557575753823,1.26335698075628
0.905557575753823,1.26335698075628
0.905557575753823,1.26335698075628
0.905557575753823,1.26335698075628
0.905557575753823,1.26335698075628
0.905557575753823,1.26335698075628
0.905557575753823,1.1845163217375
0.905557575753823,1.1845163217375
0.905557575753823,1.1845163217375
0.905557575753823,1.25306470181682
0.928949893086587,1.25306470181682
0.928949893086587,1.25306470181682
0.787632516594467,1.25306470181682
0.787632516594467,1.12782947467272
0.787632516594467,1.36875900256949
0.787632516594467,1.42254578887366
0.787632516594467,1.42254578887366
0.787632516594467,1.42254578887366
0.787632516594467,1.49973318443068
0.787632516594467,1.52666234223259
0.787632516594467,1.52666234223259
0.787632516594467,1.52666234223259
0.787632516594467,1.52666234223259
0.787632516594467,1.52666234223259
0.787632516594467,1.52666234223259
0.787632516594467,1.21789097492448
0.787632516594467,1.21789097492448
0.787632516594467,1.21789097492448
0.787632516594467,1.60520441851854
0.787632516594467,1.60520441851854
0.787632516594467,1.60520441851854
0.787632516594467,1.60520441851854
0.787632516594467,1.60520441851854
0.787632516594467,1.60520441851854
0.787632516594467,1.60520441851854
0.99331492759249,1.60520441851854
0.99331492759249,1.60520441851854
0.99331492759249,1.60520441851854
0.99331492759249,1.22641663350373
0.99331492759249,1.22641663350373
0.99331492759249,1.22641663350373
0.946723407441146,1.22641663350373
0.946723407441146,1.22641663350373
0.946723407441146,1.22641663350373
0.946723407441146,1.22641663350373
0.946723407441146,1.22641663350373
0.946723407441146,1.39733457306241
0.946723407441146,1.42983551967311
0.946723407441146,1.42983551967311
0.946723407441146,1.42983551967311
0.946723407441146,1.42983551967311
0.946723407441146,1.42983551967311
0.946723407441146,1.42983551967311
0.946723407441146,1.42983551967311
0.946723407441146,1.42983551967311
0.87248019854497,1.42983551967311
0.908300093217347,1.42983551967311
0.908300093217347,1.42983551967311
0.908300093217347,1.42983551967311
0.878576728890723,1.42983551967311
0.849330325917365,1.43122996354016
0.849330325917365,1.43122996354016
0.849330325917365,1.43122996354016
0.849330325917365,1.43122996354016
0.849330325917365,1.43122996354016
0.849330325917365,1.43122996354016
0.771272832283891,1.43122996354016
0.771272832283891,1.43122996354016
0.771272832283891,1.43122996354016
0.771272832283891,1.43122996354016
0.82821966828934,1.43122996354016
0.82821966828934,1.43122996354016
0.82821966828934,1.43122996354016
0.82821966828934,1.43122996354016
0.82821966828934,1.44167447832484
0.82821966828934,1.29934341676315
0.825984065969385,1.29934341676315
0.825984065969385,1.29934341676315
0.825984065969385,1.31945903151998
0.825984065969385,1.31945903151998
0.825984065969385,1.31945903151998
0.910957710657813,1.31945903151998
0.910957710657813,1.31945903151998
0.918383850671426,1.31945903151998
0.918383850671426,1.31945903151998
0.918383850671426,1.31945903151998
0.918383850671426,1.31945903151998
0.918383850671426,1.31945903151998
0.918383850671426,1.31945903151998
0.918383850671426,1.31945903151998
0.962781245411635,1.31945903151998
0.962781245411635,1.31945903151998
0.962781245411635,1.31945903151998
0.962781245411635,1.31945903151998
0.962781245411635,1.31945903151998
0.962781245411635,1.31945903151998
0.962781245411635,1.31945903151998
0.962781245411635,1.31945903151998
0.962781245411635,1.31945903151998
0.930632252659439,1.31945903151998
0.930632252659439,1.31945903151998
0.930632252659439,1.31945903151998
0.930632252659439,1.31945903151998
0.932413033461648,1.31945903151998
0.932413033461648,1.31945903151998
0.793638102161495,1.31945903151998
0.793638102161495,1.31945903151998
0.793638102161495,1.06494394655908
0.728745517701091,1.06494394655908
0.717917544048742,1.06494394655908
0.717917544048742,1.06494394655908
0.717917544048742,1.06494394655908
0.717917544048742,1.06494394655908
0.966948665973093,1.06494394655908
0.966948665973093,1.06494394655908
0.966948665973093,1.06494394655908
0.966948665973093,1.06494394655908
0.966948665973093,1.06494394655908
0.966948665973093,1.64000072690912
0.966948665973093,1.64000072690912
0.966948665973093,1.64000072690912
0.966948665973093,1.64000072690912
0.966948665973093,1.64000072690912
0.966948665973093,1.64000072690912
0.966948665973093,1.64000072690912
0.966948665973093,1.64000072690912
0.966948665973093,1.33637938051273
0.966948665973093,1.33637938051273
0.966948665973093,1.42012673767256
1.0201862197881,1.42012673767256
1.0201862197881,1.42012673767256
1.0201862197881,1.42012673767256
0.750476100672075,1.42012673767256
0.750476100672075,1.42012673767256
0.750476100672075,1.42012673767256
0.750476100672075,1.42012673767256
0.750476100672075,1.42012673767256
0.750476100672075,1.42012673767256
0.750476100672075,1.42012673767256
0.750476100672075,1.42012673767256
0.750476100672075,1.42012673767256
0.750476100672075,1.51840885968278
0.750476100672075,1.51840885968278
0.955870321434809,1.51840885968278
0.955870321434809,1.51840885968278
0.955870321434809,1.51840885968278
0.955870321434809,1.51840885968278
0.955870321434809,1.51897748370586
0.955870321434809,1.51897748370586
0.955870321434809,1.51897748370586
0.955870321434809,1.51897748370586
0.955870321434809,1.31634283194559
0.955870321434809,1.31634283194559
0.955870321434809,1.31634283194559
0.955870321434809,1.31634283194559
0.955870321434809,1.31634283194559
0.955870321434809,1.31634283194559
0.955870321434809,1.31634283194559
0.955870321434809,1.61285298351685
0.955870321434809,1.61285298351685
0.955870321434809,1.61285298351685
0.955870321434809,1.61285298351685
0.955870321434809,1.29124412532644
0.783417271947673,1.29124412532644
0.893330664341195,1.29124412532644
0.893330664341195,1.29124412532644
0.893330664341195,1.29124412532644
0.893330664341195,1.49551969305729
0.893330664341195,1.67846755557072
0.893330664341195,1.46337445912216
0.893330664341195,1.46337445912216
0.893330664341195,1.46337445912216
0.893330664341195,1.46337445912216
0.893330664341195,1.46337445912216
0.953730586033545,1.46337445912216
0.953730586033545,1.46337445912216
0.937553802991298,1.46337445912216
0.923903251207198,1.46337445912216
0.923903251207198,1.46337445912216
0.923903251207198,1.46337445912216
0.923903251207198,1.46337445912216
0.923903251207198,1.46337445912216
0.923903251207198,1.46337445912216
0.923903251207198,1.46337445912216
0.923903251207198,1.46337445912216
0.923903251207198,1.46337445912216
0.78210358233842,1.46337445912216
0.78210358233842,1.46337445912216
0.78210358233842,1.46337445912216
0.78210358233842,1.46337445912216
0.78210358233842,1.46337445912216
0.78210358233842,1.46337445912216
0.78210358233842,1.46337445912216
0.78210358233842,1.46337445912216
0.78210358233842,1.46337445912216
0.78210358233842,1.46337445912216
0.78210358233842,1.43671906007173
0.78210358233842,1.43671906007173
0.78210358233842,1.43182812369761
0.78210358233842,1.43182812369761
0.78210358233842,1.43182812369761
0.78210358233842,1.43182812369761
0.78210358233842,1.43182812369761
0.78210358233842,1.43182812369761
0.78210358233842,1.43182812369761
0.878442708703965,1.43182812369761
0.878442708703965,1.43182812369761
0.878442708703965,1.43182812369761
0.878442708703965,1.43182812369761
0.878442708703965,1.43182812369761
0.878442708703965,1.43182812369761
0.878442708703965,1.43182812369761
0.878442708703965,1.43182812369761
0.878442708703965,1.43182812369761
0.878442708703965,1.43182812369761
0.878442708703965,1.24161521021674
0.878442708703965,1.24161521021674
0.871652270419819,1.39221842176742
0.871652270419819,1.55326912797765
0.893427795842026,1.55326912797765
0.893427795842026,1.55326912797765
0.893427795842026,1.55326912797765
0.893427795842026,1.55326912797765
1.11451047075876,1.55326912797765
1.11451047075876,1.55326912797765
1.11451047075876,1.06357303444454
1.11451047075876,1.13003366916227
1.11451047075876,1.13003366916227
0.786387303694532,1.13003366916227
0.786387303694532,1.13003366916227
0.786387303694532,1.13003366916227
1.00690599478471,1.13003366916227
1.00690599478471,1.13003366916227
1.00690599478471,1.13003366916227
1.00690599478471,1.13003366916227
1.00690599478471,1.13003366916227
1.00690599478471,1.13003366916227
1.00690599478471,1.80582144765902
1.00690599478471,1.66860890085817
0.877620859533205,1.66860890085817
0.946214235727568,1.66860890085817
0.946214235727568,1.66860890085817
0.946214235727568,1.41831353348383
0.84858258016586,1.41831353348383
0.84858258016586,1.41831353348383
0.84858258016586,1.41831353348383
0.84858258016586,1.41831353348383
0.84858258016586,1.41831353348383
0.84858258016586,1.41831353348383
0.817690452864432,1.5176316442367
0.817690452864432,1.5176316442367
0.817690452864432,1.5176316442367
1.02838838705633,1.5176316442367
1.02838838705633,1.5176316442367
1.02838838705633,1.5176316442367
1.02838838705633,1.5176316442367
1.02838838705633,1.5176316442367
1.02838838705633,1.5176316442367
1.02838838705633,1.17335054729964
1.02838838705633,1.85886101451278
1.02838838705633,1.85886101451278
1.02838838705633,1.2214177380915
1.02838838705633,1.2214177380915
1.02838838705633,1.2214177380915
1.02838838705633,1.35476342388813
0.913723846212652,1.35476342388813
0.913723846212652,1.35476342388813
0.913723846212652,1.35476342388813
0.913723846212652,1.35476342388813
0.913723846212652,1.35476342388813
0.913723846212652,1.35476342388813
0.913723846212652,1.35476342388813
0.913723846212652,1.35476342388813
0.913723846212652,1.35476342388813
0.957439971497049,1.35476342388813
0.957439971497049,1.35476342388813
0.957439971497049,1.32485284375859
0.957439971497049,1.32485284375859
0.957439971497049,1.32485284375859
0.957439971497049,1.32485284375859
0.957439971497049,1.25875725147809
0.957439971497049,1.25875725147809
0.957439971497049,1.25875725147809
0.957439971497049,1.25875725147809
0.957439971497049,1.25875725147809
0.957439971497049,1.25875725147809
0.957439971497049,1.25875725147809
0.957439971497049,1.25875725147809
0.957439971497049,1.41429737934721
0.957439971497049,1.41429737934721
0.754955171530985,1.41429737934721
0.755143930841472,1.54238096344133
0.755143930841472,1.54238096344133
0.755143930841472,1.54238096344133
0.755143930841472,1.58353462780693
0.755143930841472,1.58353462780693
0.755143930841472,1.58353462780693
0.755143930841472,1.55610111718019
0.755143930841472,1.55610111718019
0.755143930841472,1.55610111718019
0.755143930841472,1.65238257933999
0.755143930841472,1.65238257933999
0.755143930841472,1.65238257933999
0.887944898947278,1.3187394303826
0.917243235172565,1.3187394303826
0.917243235172565,1.34866809715804
0.917243235172565,1.34866809715804
0.917243235172565,1.34866809715804
0.917243235172565,1.34866809715804
0.917243235172565,1.34866809715804
0.917243235172565,1.34866809715804
0.917243235172565,1.34866809715804
0.917243235172565,1.34866809715804
0.917243235172565,1.34866809715804
0.917243235172565,1.34866809715804
0.917243235172565,1.34866809715804
0.917243235172565,1.34866809715804
0.917243235172565,1.34866809715804
0.917243235172565,1.54864220013522
0.917243235172565,1.54864220013522
0.917243235172565,1.47174599573151
0.917243235172565,1.47174599573151
0.917243235172565,1.47174599573151
0.917243235172565,1.47174599573151
0.917243235172565,1.47174599573151
1.11502720136205,1.47174599573151
1.11502720136205,1.47174599573151
1.11502720136205,1.47174599573151
0.70445755613137,1.47174599573151
0.70445755613137,1.47174599573151
0.70445755613137,1.47174599573151
0.894183250024432,1.47174599573151
0.894183250024432,1.47174599573151
0.81426292439809,1.47174599573151
0.784870525772438,1.2774294870674
0.784870525772438,1.57044773792297
0.784870525772438,1.57044773792297
0.784870525772438,1.57044773792297
0.784870525772438,1.57044773792297
0.784870525772438,1.57044773792297
0.784870525772438,1.57044773792297
0.784870525772438,1.429682792389
0.784870525772438,1.429682792389
0.784870525772438,1.429682792389
0.78043707752769,1.429682792389
0.78043707752769,1.429682792389
0.78043707752769,1.429682792389
0.78043707752769,1.429682792389
0.78043707752769,1.429682792389
0.78043707752769,1.429682792389
0.78043707752769,1.429682792389
0.78043707752769,1.429682792389
0.738388405902093,1.429682792389
0.738388405902093,1.429682792389
0.738388405902093,1.429682792389
0.738388405902093,1.429682792389
0.738388405902093,1.429682792389
0.738388405902093,1.429682792389
0.967425928747285,1.43069823636401
0.967425928747285,1.43069823636401
0.967425928747285,1.43069823636401
0.967425928747285,1.43069823636401
0.967425928747285,1.43069823636401
0.967425928747285,1.43069823636401
0.762939740330965,1.43069823636401
0.762939740330965,1.43069823636401
0.762939740330965,1.43069823636401
0.762939740330965,1.43069823636401
0.762939740330965,1.43069823636401
0.762939740330965,1.43069823636401
0.762939740330965,1.43069823636401
0.762939740330965,1.43069823636401
0.710225793238364,1.43069823636401
0.710225793238364,1.43069823636401
0.710225793238364,1.43069823636401
0.960796473573073,1.43069823636401
0.960796473573073,1.43069823636401
0.960796473573073,1.43069823636401
0.960796473573073,1.43069823636401
0.960796473573073,1.43069823636401
0.868887603544606,1.43069823636401
0.868887603544606,1.34789762066876
0.868887603544606,1.34789762066876
0.868887603544606,1.34789762066876
0.868887603544606,1.34789762066876
0.868887603544606,1.41516252136109
0.868887603544606,1.41516252136109
0.868887603544606,1.41516252136109
0.868887603544606,1.41516252136109
0.868887603544606,1.41516252136109
0.868887603544606,1.41516252136109
0.868887603544606,1.41516252136109
0.868887603544606,1.41516252136109
0.868887603544606,1.41516252136109
0.868887603544606,1.41516252136109
0.868887603544606,1.41516252136109
0.868887603544606,1.21202526858633
0.868887603544606,1.21202526858633
0.868887603544606,1.21202526858633
0.868887603544606,1.21202526858633
0.868887603544606,1.21202526858633
0.868887603544606,1.21202526858633
0.868887603544606,1.21202526858633
0.868887603544606,1.21202526858633
0.868887603544606,1.21202526858633
0.868887603544606,1.21202526858633
0.868887603544606,1.21202526858633
0.868887603544606,1.21202526858633
0.868887603544606,1.21600823121793
0.868887603544606,1.21600823121793
0.868887603544606,1.73743973438165
0.977728431223062,1.76081127217605
0.977728431223062,1.10378530747684
0.977728431223062,1.10378530747684
0.977728431223062,1.10378530747684
0.823029592661171,1.10378530747684
0.940309449268598,1.10378530747684
0.940309449268598,1.10378530747684
0.940309449268598,1.10378530747684
0.940309449268598,1.10378530747684
0.940309449268598,1.10378530747684
0.940309449268598,1.10378530747684
0.940309449268598,1.10378530747684
0.837473555429039,1.10378530747684
0.758505807784524,1.10378530747684
0.758505807784524,1.44151278349284
0.758505807784524,1.44151278349284
0.758505807784524,1.44151278349284
0.758505807784524,1.23684487199463
0.758505807784524,1.23684487199463
0.758505807784524,1.23684487199463
0.895962635166747,1.23684487199463
0.895962635166747,1.23684487199463
0.835642705874945,1.23684487199463
0.835642705874945,1.23684487199463
0.835642705874945,1.23684487199463
0.91184691881578,1.23684487199463
0.91184691881578,1.23684487199463
0.91184691881578,1.23684487199463
0.91184691881578,1.38491890355651
0.91184691881578,1.38491890355651
0.91184691881578,1.38491890355651
0.91184691881578,1.14050600160468
0.91184691881578,1.14050600160468
0.91184691881578,1.14050600160468
0.91184691881578,1.14050600160468
0.91184691881578,1.14050600160468
0.91184691881578,1.03446813767814
0.91184691881578,1.03446813767814
0.91184691881578,1.03446813767814
0.91184691881578,1.44908013317838
0.91184691881578,1.44908013317838
0.91184691881578,1.44908013317838
0.91184691881578,1.44908013317838
0.91184691881578,1.44908013317838
0.91184691881578,1.44908013317838
0.91184691881578,1.44908013317838
0.91184691881578,1.44908013317838
0.91184691881578,1.48372241689877
0.91184691881578,1.48372241689877
0.792805155972653,1.48372241689877
0.792805155972653,1.48372241689877
0.792805155972653,1.48372241689877
0.792805155972653,1.48372241689877
0.792805155972653,1.48372241689877
0.792805155972653,1.48372241689877
0.792805155972653,1.48372241689877
0.792805155972653,1.50775713537338
0.792805155972653,1.50775713537338
0.792805155972653,1.50775713537338
0.852521611885756,1.50775713537338
0.852521611885756,1.50775713537338
0.852521611885756,1.50775713537338
0.852521611885756,1.50775713537338
1.09523616253542,1.50775713537338
1.09523616253542,1.50775713537338
1.09523616253542,1.50775713537338
1.09523616253542,1.50775713537338
1.09523616253542,1.50775713537338
1.09523616253542,1.50775713537338
1.09523616253542,1.50775713537338
1.09523616253542,1.31034221516847
1.09523616253542,1.29606471510875
1.09523616253542,1.29606471510875
1.09523616253542,1.29606471510875
1.09523616253542,1.28771470102823
1.09523616253542,1.28771470102823
1.09523616253542,1.28771470102823
1.09523616253542,1.28771470102823
1.23181206084264,1.28771470102823
1.23181206084264,1.28771470102823
1.23181206084264,1.28771470102823
1.23181206084264,1.28771470102823
1.23181206084264,1.28771470102823
1.23181206084264,1.28771470102823
1.23181206084264,1.33903504339616
1.23181206084264,1.33903504339616
1.23181206084264,1.33903504339616
0.933720138925731,1.33903504339616
0.933720138925731,1.33903504339616
0.933720138925731,1.33903504339616
0.933720138925731,1.33903504339616
0.933720138925731,1.33903504339616
0.933720138925731,1.33903504339616
0.933720138925731,1.33903504339616
0.933720138925731,1.33903504339616
0.933720138925731,1.29091206214611
0.933720138925731,1.36853786107856
0.933720138925731,1.36853786107856
0.933720138925731,1.36853786107856
0.933720138925731,1.36853786107856
0.933720138925731,1.36853786107856
0.933720138925731,1.36853786107856
0.954485534429931,1.36853786107856
0.954485534429931,1.36853786107856
0.954485534429931,1.36853786107856
0.954485534429931,1.36853786107856
0.954485534429931,1.24262236703335
0.954485534429931,1.24262236703335
0.954485534429931,1.24262236703335
0.921491863692238,1.24262236703335
0.921491863692238,1.24262236703335
0.921491863692238,1.24262236703335
0.921491863692238,1.24262236703335
0.921491863692238,1.24262236703335
0.921491863692238,1.24262236703335
0.921491863692238,1.24262236703335
0.921491863692238,1.24262236703335
0.921491863692238,1.24262236703335
0.921491863692238,1.24262236703335
0.921491863692238,1.24262236703335
0.921491863692238,1.24262236703335
0.921491863692238,1.24262236703335
0.921491863692238,1.24262236703335
0.921491863692238,1.24262236703335
0.921491863692238,1.09549865976919
0.860660490104906,1.09549865976919
0.860660490104906,1.09549865976919
0.860660490104906,1.09549865976919
0.860660490104906,1.34380786601247
0.860660490104906,1.34380786601247
0.860660490104906,1.34380786601247
0.860660490104906,1.34380786601247
0.860660490104906,1.34380786601247
0.860660490104906,1.34380786601247
0.860660490104906,1.34380786601247
0.860660490104906,1.29435425688285
0.860660490104906,1.29435425688285
0.860660490104906,1.29435425688285
0.860660490104906,1.29435425688285
0.844901327311272,1.29435425688285
0.844901327311272,1.29435425688285
0.844901327311272,1.29435425688285
0.844901327311272,1.29435425688285
0.844901327311272,1.29435425688285
0.844901327311272,1.29435425688285
0.844901327311272,1.29435425688285
0.844901327311272,1.29435425688285
0.844901327311272,1.29435425688285
0.844901327311272,1.50636901615712
0.844901327311272,1.50636901615712
0.955907375799264,1.50636901615712
0.955907375799264,1.50636901615712
0.955907375799264,1.50636901615712
0.955907375799264,1.50636901615712
0.955907375799264,1.4148907055425
0.955907375799264,1.4148907055425
0.955907375799264,1.4148907055425
0.955907375799264,1.51743399989868
0.955907375799264,1.51743399989868
0.955907375799264,1.51743399989868
0.955907375799264,1.51743399989868
0.955907375799264,1.51743399989868
0.955907375799264,1.51743399989868
0.955907375799264,1.51743399989868
0.955907375799264,1.51743399989868
0.955907375799264,1.51743399989868
0.964411414553123,1.51743399989868
0.964411414553123,1.51743399989868
0.964411414553123,1.51743399989868
0.964411414553123,1.51743399989868
0.964411414553123,1.51743399989868
0.964411414553123,1.50035120316234
0.964411414553123,1.50035120316234
0.964411414553123,1.50035120316234
0.964411414553123,1.50035120316234
0.964411414553123,1.50035120316234
0.964411414553123,1.50035120316234
0.964411414553123,1.35453779270442
0.964411414553123,1.35453779270442
0.964411414553123,1.35453779270442
0.964411414553123,1.35453779270442
0.964411414553123,1.35453779270442
0.851956936151396,1.35453779270442
0.851956936151396,1.35453779270442
0.851956936151396,1.35453779270442
0.851956936151396,1.35453779270442
0.851956936151396,1.35453779270442
0.851956936151396,1.35453779270442
0.851956936151396,1.35453779270442
0.851956936151396,1.35453779270442
0.851956936151396,1.35453779270442
0.851956936151396,1.35453779270442
0.960754731938656,1.35453779270442
0.893223611718432,1.35453779270442
0.893223611718432,1.35453779270442
0.893223611718432,1.35453779270442
0.893223611718432,1.35453779270442
0.893223611718432,1.35453779270442
0.893223611718432,1.35453779270442
0.893223611718432,1.35453779270442
0.893223611718432,1.35453779270442
0.893223611718432,1.35453779270442
1.1563073174074,1.35453779270442
1.1563073174074,1.35453779270442
1.1563073174074,1.35453779270442
1.1563073174074,1.35453779270442
1.1563073174074,1.35453779270442
1.1563073174074,1.35453779270442
1.1563073174074,1.35453779270442
1.1563073174074,1.35453779270442
1.03201605124861,1.35453779270442
1.03201605124861,1.35453779270442
1.03201605124861,1.35453779270442
1.03201605124861,1.35453779270442
1.03201605124861,1.35453779270442
1.03201605124861,1.35453779270442
0.870238282033931,1.35453779270442
0.870238282033931,1.35453779270442
0.975031764666323,1.35453779270442
0.975031764666323,1.35453779270442
0.975031764666323,1.35453779270442
0.975031764666323,1.35453779270442
0.975031764666323,1.35453779270442
0.975031764666323,1.35453779270442
0.975031764666323,1.35453779270442
0.975031764666323,1.35453779270442
0.975031764666323,1.35453779270442
0.975031764666323,1.35453779270442
0.975031764666323,1.4889750590119
0.975031764666323,1.4889750590119
0.975031764666323,1.4889750590119
0.975031764666323,1.4889750590119
0.975031764666323,1.24995683700507
1.1755132013429,1.2255934535085
1.1755132013429,1.2255934535085
1.1755132013429,1.2255934535085
1.22109687508233,1.2255934535085
1.22109687508233,1.2255934535085
1.22109687508233,1.2255934535085
1.22109687508233,1.2255934535085
1.22109687508233,1.2255934535085
0.976836318998602,1.2255934535085
0.976836318998602,1.2255934535085
0.976836318998602,1.2255934535085
0.976836318998602,1.65818129563362
0.976836318998602,1.65818129563362
0.976836318998602,1.65818129563362
0.976836318998602,1.65818129563362
0.976836318998602,1.65818129563362
0.976836318998602,1.65818129563362
0.976836318998602,1.71054559228129
0.976836318998602,1.71054559228129
0.976836318998602,1.71054559228129
0.841133903104148,1.30407069947901
0.821482970842395,1.30407069947901
0.821482970842395,1.39567393739068
0.821482970842395,1.39567393739068
0.821482970842395,1.39567393739068
0.79704979252405,1.39567393739068
0.79704979252405,1.39567393739068
0.79704979252405,1.39567393739068
0.79704979252405,1.39567393739068
0.79704979252405,1.39567393739068
1.26285818570902,1.39567393739068
1.26285818570902,1.39567393739068
1.26285818570902,1.39567393739068
1.00324537647839,1.39567393739068
1.00324537647839,1.39567393739068
1.00324537647839,1.39567393739068
1.00324537647839,1.39567393739068
1.00324537647839,1.39567393739068
1.00324537647839,1.39567393739068
1.00324537647839,1.39567393739068
1.00324537647839,1.39567393739068
1.00324537647839,1.39567393739068
1.00324537647839,1.39567393739068
1.00324537647839,1.39567393739068
1.00324537647839,1.39567393739068
0.939226237347543,1.39567393739068
0.830708562449022,1.39567393739068
0.830708562449022,1.39567393739068
0.830708562449022,1.51708180050474
0.830708562449022,1.51708180050474
0.830708562449022,1.51708180050474
0.830708562449022,1.51708180050474
1.07583943421401,1.51708180050474
1.07583943421401,1.40490469706523
1.07583943421401,1.40490469706523
1.07583943421401,1.40490469706523
1.07583943421401,1.40490469706523
1.07583943421401,1.40490469706523
1.07583943421401,1.40490469706523
1.07583943421401,1.40490469706523
1.07583943421401,1.40490469706523
1.07583943421401,1.40490469706523
1.07583943421401,1.40490469706523
1.07583943421401,1.40490469706523
1.07583943421401,1.40490469706523
1.07583943421401,1.40490469706523
1.07583943421401,1.40490469706523
1.07583943421401,1.40490469706523
1.07583943421401,1.40490469706523
1.07583943421401,1.40490469706523
1.07583943421401,1.40490469706523
1.07583943421401,1.40490469706523
1.07583943421401,1.40490469706523
1.07583943421401,1.40490469706523
1.07583943421401,1.40490469706523
1.00749883870877,1.50240077912475
1.00749883870877,1.50240077912475
1.00749883870877,1.50240077912475
1.00749883870877,1.50240077912475
1.00749883870877,1.50240077912475
0.890720755087592,1.50240077912475
0.890720755087592,1.50240077912475
0.890720755087592,1.50240077912475
0.890720755087592,1.50240077912475
0.890720755087592,1.50240077912475
0.890720755087592,1.50240077912475
0.890720755087592,1.50240077912475
0.890720755087592,1.50240077912475
0.890720755087592,1.50240077912475
0.890720755087592,1.50240077912475
0.890720755087592,1.50240077912475
0.890720755087592,1.50240077912475
0.890720755087592,1.50240077912475
0.935334745878958,1.4895056430935
0.935334745878958,1.4895056430935
0.935334745878958,1.4895056430935
0.935334745878958,1.4895056430935
0.935334745878958,1.4895056430935
0.935334745878958,1.4895056430935
0.935334745878958,1.4895056430935
0.935334745878958,1.4895056430935
0.935334745878958,1.4895056430935
0.935334745878958,1.4895056430935
0.935334745878958,1.4895056430935
0.931059695665303,1.4895056430935
0.931059695665303,1.4895056430935
0.938896159084356,1.4895056430935
0.830656186915292,1.4895056430935
0.830656186915292,1.4895056430935
0.830656186915292,1.4895056430935
0.830656186915292,1.4895056430935
0.830656186915292,1.4895056430935
0.823251521025451,1.4895056430935
0.823251521025451,1.4895056430935
0.823251521025451,1.4895056430935
0.823251521025451,1.4895056430935
0.823251521025451,1.60853830848733
0.823251521025451,1.60853830848733
0.823251521025451,1.60853830848733
0.823251521025451,1.60853830848733
0.823251521025451,1.60853830848733
0.823251521025451,1.60853830848733
0.855902190336686,1.60853830848733
0.855902190336686,1.60853830848733
0.855902190336686,1.60853830848733
0.855902190336686,1.60853830848733
0.855902190336686,1.60853830848733
0.855902190336686,1.60853830848733
0.855902190336686,1.60853830848733
0.855902190336686,1.35024359101049
0.855902190336686,1.35024359101049
0.855902190336686,1.35024359101049
0.855902190336686,1.35024359101049
0.855902190336686,1.35024359101049
0.855902190336686,1.35024359101049
0.855902190336686,1.35024359101049
0.855902190336686,1.35024359101049
0.855902190336686,1.35024359101049
0.855902190336686,1.35024359101049
0.855902190336686,1.35024359101049
0.855902190336686,1.35024359101049
0.855902190336686,1.35024359101049
0.855902190336686,1.35024359101049
0.855902190336686,1.35024359101049
0.855902190336686,1.35024359101049
0.855902190336686,1.35024359101049
0.855902190336686,1.35024359101049
0.855902190336686,1.50223057144256
0.855902190336686,1.38672284817105
0.970446487542561,1.38672284817105
0.970446487542561,1.38672284817105
0.970446487542561,1.49581616211688
0.705431026132955,1.49581616211688
0.944590624776786,1.49581616211688
0.944590624776786,1.49581616211688
0.944590624776786,1.49581616211688
0.944590624776786,1.49581616211688
0.944590624776786,1.49581616211688
0.944590624776786,1.49581616211688
0.944590624776786,1.49581616211688
0.944590624776786,1.49581616211688
0.963367982727413,1.49581616211688
0.963367982727413,1.49581616211688
0.963367982727413,1.49581616211688
0.963367982727413,1.49581616211688
0.963367982727413,1.27811296589926
0.963367982727413,1.27811296589926
0.963367982727413,1.27811296589926
0.963367982727413,1.27811296589926
0.963367982727413,1.27811296589926
0.963367982727413,1.27811296589926
0.963367982727413,1.48056208315608
0.963367982727413,1.48056208315608
0.963367982727413,1.48056208315608
0.963367982727413,1.48056208315608
0.963367982727413,1.48056208315608
0.963367982727413,1.48056208315608
0.963367982727413,1.48056208315608
0.963367982727413,1.48056208315608
0.963367982727413,1.48056208315608
0.963367982727413,1.48056208315608
0.963367982727413,1.48056208315608
0.963367982727413,1.48056208315608
0.993707945026442,1.48056208315608
0.993707945026442,1.48056208315608
0.993707945026442,1.48056208315608
0.841243718216661,1.48056208315608
0.841243718216661,1.48056208315608
0.861083213411801,1.14845617938627
0.861083213411801,1.14845617938627
0.861083213411801,1.14845617938627
0.861083213411801,1.14845617938627
0.861083213411801,1.14845617938627
0.861083213411801,1.14845617938627
0.861083213411801,1.2086003975821
0.966834563892727,1.2086003975821
0.966834563892727,1.2086003975821
0.966834563892727,1.2086003975821
0.966834563892727,1.2086003975821
0.966834563892727,1.2086003975821
0.966834563892727,1.2086003975821
0.966834563892727,1.24431947541741
0.966834563892727,1.24431947541741
0.966834563892727,1.24431947541741
0.966834563892727,1.24431947541741
0.966834563892727,1.38029080946942
0.966834563892727,1.38029080946942
0.816418787791448,1.38029080946942
0.816418787791448,1.38029080946942
0.816418787791448,1.38029080946942
0.816418787791448,1.38029080946942
0.816418787791448,1.38029080946942
0.816418787791448,1.2539134127237
0.816418787791448,1.2539134127237
0.816418787791448,1.2539134127237
0.816418787791448,1.2539134127237
0.816418787791448,1.2539134127237
0.816418787791448,1.2539134127237
0.816418787791448,1.2539134127237
0.936387311315233,1.2539134127237
0.936387311315233,1.2539134127237
0.936387311315233,1.2539134127237
0.946127660523807,1.2539134127237
0.946127660523807,1.2539134127237
0.946127660523807,1.2539134127237
0.946127660523807,1.2539134127237
0.946127660523807,1.46816987175265
0.946127660523807,1.46816987175265
0.946127660523807,1.46816987175265
0.946127660523807,1.46816987175265
0.946127660523807,1.46816987175265
0.946127660523807,1.46816987175265
0.886165217676812,1.55327060337028
0.886165217676812,1.55327060337028
0.886165217676812,1.55327060337028
0.856681109722735,1.35383292064288
0.856681109722735,1.35383292064288
0.856681109722735,1.35383292064288
0.856681109722735,1.35383292064288
0.856681109722735,1.35383292064288
0.856681109722735,1.35383292064288
0.856681109722735,1.35383292064288
0.856681109722735,1.35383292064288
0.856681109722735,1.35383292064288
0.856681109722735,1.35383292064288
0.856681109722735,1.35383292064288
0.856681109722735,1.35383292064288
0.856681109722735,1.35383292064288
0.806948600586044,1.35383292064288
0.806948600586044,1.35383292064288
0.806948600586044,1.35383292064288
0.806948600586044,1.35383292064288
0.806948600586044,1.35383292064288
0.806948600586044,1.35383292064288
0.806948600586044,1.35383292064288
0.806948600586044,1.35383292064288
0.883229940788136,1.35383292064288
0.883229940788136,1.35383292064288
0.883229940788136,1.35383292064288
0.883229940788136,1.35383292064288
0.883229940788136,1.39742328655674
0.883229940788136,1.39742328655674
0.883229940788136,1.39742328655674
0.883229940788136,1.39742328655674
0.883229940788136,1.39742328655674
0.883229940788136,1.39742328655674
0.883229940788136,1.39742328655674
0.883229940788136,1.39742328655674
0.883229940788136,1.39742328655674
0.883229940788136,1.39742328655674
0.883229940788136,1.39742328655674
0.883229940788136,1.39742328655674
0.883229940788136,1.39742328655674
0.883229940788136,1.39742328655674
0.883229940788136,1.39742328655674
0.883229940788136,1.39742328655674
0.933999340095558,1.39742328655674
0.933999340095558,1.39742328655674
0.933999340095558,1.39742328655674
0.933999340095558,1.39742328655674
0.933999340095558,1.39742328655674
0.933999340095558,1.39742328655674
0.933999340095558,1.39742328655674
0.933999340095558,1.39742328655674
1.01155510765674,1.39742328655674
1.01155510765674,1.39742328655674
1.01155510765674,1.48034150018627
1.01155510765674,1.48034150018627
0.74977559194892,1.48034150018627
0.897102133336208,1.48034150018627
0.897102133336208,1.48034150018627
0.897102133336208,1.48034150018627
0.897102133336208,1.48034150018627
0.897102133336208,1.48034150018627
1.02283602544274,1.48034150018627
1.02283602544274,1.48034150018627
0.709658047598068,1.48034150018627
0.709658047598068,1.48034150018627
0.709658047598068,1.48034150018627
0.709658047598068,1.48034150018627
0.709658047598068,1.48034150018627
0.709658047598068,1.48034150018627
0.709658047598068,1.48034150018627
1.06664255567686,1.48034150018627
0.760701265007769,1.48034150018627
0.760701265007769,1.48034150018627
0.760701265007769,1.48034150018627
0.760701265007769,1.48034150018627
0.760701265007769,1.48034150018627
0.760701265007769,1.48034150018627
0.760701265007769,1.29745735654913
0.760701265007769,1.29745735654913
0.760701265007769,1.29745735654913
0.760701265007769,1.34980385995172
0.760701265007769,1.49587691551505
0.760701265007769,1.49587691551505
0.760701265007769,1.49587691551505
0.760701265007769,1.49587691551505
0.785193395239233,1.49587691551505
0.785193395239233,1.49587691551505
0.785193395239233,1.49587691551505
0.785193395239233,1.49587691551505
0.785193395239233,1.49587691551505
0.785193395239233,1.49587691551505
0.785193395239233,1.49587691551505
0.785193395239233,1.56103214774948
0.766502923960159,1.56103214774948
0.766502923960159,1.56103214774948
0.766502923960159,1.56103214774948
0.766502923960159,1.56103214774948
0.766502923960159,1.56103214774948
0.766502923960159,1.31917233431452
0.766502923960159,1.40156809807656
0.766502923960159,1.40156809807656
0.766502923960159,1.40156809807656
0.766502923960159,1.40156809807656
0.766502923960159,1.40156809807656
0.818696318215508,1.40156809807656
0.818696318215508,1.40156809807656
0.818696318215508,1.40156809807656
0.818696318215508,1.40156809807656
0.818696318215508,1.40156809807656
0.818696318215508,1.40156809807656
0.934853480969131,1.40156809807656
0.934853480969131,1.40156809807656
0.909600317430583,1.40156809807656
0.909600317430583,1.40156809807656
0.909600317430583,1.32522921696554
0.909600317430583,1.32522921696554
0.909600317430583,1.32522921696554
0.909600317430583,1.32522921696554
0.753791626515191,1.32522921696554
0.753791626515191,1.32522921696554
0.753791626515191,1.32522921696554
1.04864892832472,1.32522921696554
0.755160356693691,1.32522921696554
0.755160356693691,1.32522921696554
0.755160356693691,1.32522921696554
0.755160356693691,1.32522921696554
0.755160356693691,1.32134956681291
0.755160356693691,1.32134956681291
0.755160356693691,1.32134956681291
0.755160356693691,1.32134956681291
0.755160356693691,1.32134956681291
0.755160356693691,1.32134956681291
0.755160356693691,1.32134956681291
0.755160356693691,1.32134956681291
0.755160356693691,1.32134956681291
0.755160356693691,1.32134956681291
0.755160356693691,1.32134956681291
0.755160356693691,1.32134956681291
0.755160356693691,1.32134956681291
0.755160356693691,1.32134956681291
0.755160356693691,1.32134956681291
0.755160356693691,1.32134956681291
0.755160356693691,1.32134956681291
0.755160356693691,1.32134956681291
0.755160356693691,1.32134956681291
0.755160356693691,1.32134956681291
0.755160356693691,1.32134956681291
0.755160356693691,1.32134956681291
0.755160356693691,1.32134956681291
0.755160356693691,1.32134956681291
0.916524380364175,1.32134956681291
0.916524380364175,1.32134956681291
0.916524380364175,1.32134956681291
0.905076268273174,1.32134956681291
0.729010409544942,1.32134956681291
0.72209730783498,1.32134956681291
0.72209730783498,1.32134956681291
0.72209730783498,1.49778516001906
0.72209730783498,1.49778516001906
0.72209730783498,1.49778516001906
0.72209730783498,1.49778516001906
0.72209730783498,1.49778516001906
0.72209730783498,1.49778516001906
1.00078205137103,1.49778516001906
1.00078205137103,1.49778516001906
1.00078205137103,1.49778516001906
0.784593162270856,1.49778516001906
0.784593162270856,1.65009033504159
0.784593162270856,1.65009033504159
0.784593162270856,1.65009033504159
0.784593162270856,1.65009033504159
0.784593162270856,1.65009033504159
0.784593162270856,1.65009033504159
0.784593162270856,1.40836250600379
0.784593162270856,1.40836250600379
0.784593162270856,1.40836250600379
0.784593162270856,1.40836250600379
0.784593162270856,1.40836250600379
0.784593162270856,1.40836250600379
0.784593162270856,1.40836250600379
0.784593162270856,1.40836250600379
0.784593162270856,1.34369496156926
0.784593162270856,1.46872905591989
0.784593162270856,1.46872905591989
0.746336369462175,1.40863955831748
0.746336369462175,1.40863955831748
0.746336369462175,1.40863955831748
0.87653022405892,1.40863955831748
0.87653022405892,1.40863955831748
0.87653022405892,1.40863955831748
0.87653022405892,1.40863955831748
0.87653022405892,1.40863955831748
0.87653022405892,1.40863955831748
0.735547691938801,1.40863955831748
0.735547691938801,1.40863955831748
0.735547691938801,1.40863955831748
0.735547691938801,1.40863955831748
0.735547691938801,1.28868715066686
0.735547691938801,1.28868715066686
0.735547691938801,1.28868715066686
0.866707534036512,1.28868715066686
0.866707534036512,1.39615883525618
0.866707534036512,1.39615883525618
0.866707534036512,1.39615883525618
0.866707534036512,1.39615883525618
0.866707534036512,1.39615883525618
0.866707534036512,1.39615883525618
0.866707534036512,1.39615883525618
0.866707534036512,1.39615883525618
0.866707534036512,1.39615883525618
0.866707534036512,1.39615883525618
0.866707534036512,1.39615883525618
0.866707534036512,1.39615883525618
0.866707534036512,1.34630395886569
0.866707534036512,1.34630395886569
0.866707534036512,1.34630395886569
0.866707534036512,1.34630395886569
0.866707534036512,1.34630395886569
0.866707534036512,1.34630395886569
0.866707534036512,1.34630395886569
0.866707534036512,1.34630395886569
0.866707534036512,1.34630395886569
0.866707534036512,1.34630395886569
0.866707534036512,1.34630395886569
0.866707534036512,1.34630395886569
0.866707534036512,1.34630395886569
0.866707534036512,1.34630395886569
0.866707534036512,1.34630395886569
0.910737660218339,1.34630395886569
0.910737660218339,1.34630395886569
0.910737660218339,1.34630395886569
0.910737660218339,1.13316968506611
0.910737660218339,1.13316968506611
0.910737660218339,1.13316968506611
0.910737660218339,1.49447410091241
0.910737660218339,1.49447410091241
0.910737660218339,1.67202693514104
0.910737660218339,1.67202693514104
0.910737660218339,1.67202693514104
0.910737660218339,1.67202693514104
0.910737660218339,1.67202693514104
0.910737660218339,1.67202693514104
0.910737660218339,1.67202693514104
0.910737660218339,1.67202693514104
0.910737660218339,1.67202693514104
0.910737660218339,1.67202693514104
0.753199235334876,1.67202693514104
0.753199235334876,1.67202693514104
0.753199235334876,1.67202693514104
0.753199235334876,1.67202693514104
0.753199235334876,1.67202693514104
0.753199235334876,1.67202693514104
0.753199235334876,1.67202693514104
0.753199235334876,1.67190635315729
0.753199235334876,1.67190635315729
0.753199235334876,1.67190635315729
0.753199235334876,1.67190635315729
0.753199235334876,1.67190635315729
0.753199235334876,1.67190635315729
0.753199235334876,1.67190635315729
0.759996959005442,1.67190635315729
0.759996959005442,1.66372004162067
0.759996959005442,1.66372004162067
0.794613476546156,1.66372004162067
0.794613476546156,1.66372004162067
0.927083908881896,1.66372004162067
0.927083908881896,1.66372004162067
0.927083908881896,1.66372004162067
0.927083908881896,1.66372004162067
0.927083908881896,1.83479026283235
0.927083908881896,1.83479026283235
0.927083908881896,1.83479026283235
0.927083908881896,1.83479026283235
0.927083908881896,1.83479026283235
0.927083908881896,1.83479026283235
0.927083908881896,1.83479026283235
0.909115322441319,1.83479026283235
0.909115322441319,1.83479026283235
0.909115322441319,1.83479026283235
0.909115322441319,1.56821474143995
0.909115322441319,1.56821474143995
0.909115322441319,1.56821474143995
0.808408231927294,1.56821474143995
0.808408231927294,1.56821474143995
0.808408231927294,1.56821474143995
0.808408231927294,1.56821474143995
0.808408231927294,1.56821474143995
0.833204707010028,1.56821474143995
0.833204707010028,1.56821474143995
0.833204707010028,1.56821474143995
0.833204707010028,1.56821474143995
0.833204707010028,1.56821474143995
0.833204707010028,1.56821474143995
0.833204707010028,1.56821474143995
0.833204707010028,1.56821474143995
0.833204707010028,1.11553162546682
0.833204707010028,1.11553162546682
0.833204707010028,1.11553162546682
0.833204707010028,1.11553162546682
0.833204707010028,1.11553162546682
0.833204707010028,1.58041739706986
0.77957113636613,1.2484746717738
0.77957113636613,1.2484746717738
0.77957113636613,1.2484746717738
0.77957113636613,1.2484746717738
0.77957113636613,1.2484746717738
0.77957113636613,1.2484746717738
0.77957113636613,1.2484746717738
0.77957113636613,1.23290822317632
0.77957113636613,1.23290822317632
0.77957113636613,1.23290822317632
0.77957113636613,1.23290822317632
0.77957113636613,1.23290822317632
0.77957113636613,1.23290822317632
0.77957113636613,1.23290822317632
0.77957113636613,1.42632343812645
0.77957113636613,1.42632343812645
0.77957113636613,1.42632343812645
0.77957113636613,1.42632343812645
0.77957113636613,1.42632343812645
0.77957113636613,1.42632343812645
0.77957113636613,1.42632343812645
0.77957113636613,1.42632343812645
0.77957113636613,1.42632343812645
0.942530102948453,1.42632343812645
0.942530102948453,1.42632343812645
0.72439270231615,1.42632343812645
0.72439270231615,1.42632343812645
0.72439270231615,1.37762441207779
0.72439270231615,1.37762441207779
0.72439270231615,1.37762441207779
0.72439270231615,1.37762441207779
0.72439270231615,1.28681168836539
0.72439270231615,1.28681168836539
0.72439270231615,1.28681168836539
0.72439270231615,1.28681168836539
0.72439270231615,1.28681168836539
0.72439270231615,1.38261549909923
0.72439270231615,1.30413802123435
0.72439270231615,1.30413802123435
0.72439270231615,1.26205892967402
0.752387940533664,1.26205892967402
0.752387940533664,1.26205892967402
0.752387940533664,1.26205892967402
0.752387940533664,1.26205892967402
0.752387940533664,1.26205892967402
0.752387940533664,1.26205892967402
0.819728884213894,1.26205892967402
0.819728884213894,1.26205892967402
0.819728884213894,1.34044729190614
0.819728884213894,1.34044729190614
0.819728884213894,1.45278696158852
0.819728884213894,1.45278696158852
0.819728884213894,1.45278696158852
0.819728884213894,1.45278696158852
0.819728884213894,1.45278696158852
0.819728884213894,1.45278696158852
0.819728884213894,1.45278696158852
0.819728884213894,1.45278696158852
0.819728884213894,1.45278696158852
0.819728884213894,1.45278696158852
0.819728884213894,1.45278696158852
0.819728884213894,1.45278696158852
0.819728884213894,1.45278696158852
0.819728884213894,1.36327371168626
0.819728884213894,1.36327371168626
0.819728884213894,1.36327371168626
0.819728884213894,1.36327371168626
0.770646278040683,1.36327371168626
0.770646278040683,1.36327371168626
0.770646278040683,1.36327371168626
0.770646278040683,1.41946610313957
0.770646278040683,1.41946610313957
0.770646278040683,1.41946610313957
0.770646278040683,1.14570304563385
0.770646278040683,1.14570304563385
0.770646278040683,1.14570304563385
0.770646278040683,1.36562539411495
0.770646278040683,1.36562539411495
0.770646278040683,1.36562539411495
0.770646278040683,1.36562539411495
0.873438505292151,1.36562539411495
0.871668188682839,1.36562539411495
0.871668188682839,1.36562539411495
0.871668188682839,1.36562539411495
0.871668188682839,1.36562539411495
0.871668188682839,1.36562539411495
0.871668188682839,1.36562539411495
0.871668188682839,1.36562539411495
0.871668188682839,1.36562539411495
0.871668188682839,1.36562539411495
0.871668188682839,1.36562539411495
0.871668188682839,1.38229453210904
0.871668188682839,1.38229453210904
0.871668188682839,1.38229453210904
0.871668188682839,1.38229453210904
0.871668188682839,1.38229453210904
0.871668188682839,1.48859932867593
0.871668188682839,1.48859932867593
0.871668188682839,1.48859932867593
0.871668188682839,1.48859932867593
0.871668188682839,1.48859932867593
0.871668188682839,1.48859932867593
0.871668188682839,1.48859932867593
0.871668188682839,1.48859932867593
0.871668188682839,1.48859932867593
0.871668188682839,1.55802745790751
0.871668188682839,1.62197398111479
0.871668188682839,1.30803544314304
0.871668188682839,1.43679473122552
0.871668188682839,1.43679473122552
0.871668188682839,1.43759233471317
0.960465083251131,1.43759233471317
0.929422031573132,1.43759233471317
0.929422031573132,1.43759233471317
0.929422031573132,1.43759233471317
0.929422031573132,1.43759233471317
0.929422031573132,1.43759233471317
0.929422031573132,1.43759233471317
0.929422031573132,1.21681000037531
0.929422031573132,1.21681000037531
0.929422031573132,1.68066962687972
0.929422031573132,1.68066962687972
0.929422031573132,1.68066962687972
0.929422031573132,1.68066962687972
0.929422031573132,1.68066962687972
0.823869607030501,1.68066962687972
0.823869607030501,1.37129962713205
0.823869607030501,1.37129962713205
0.823869607030501,1.37129962713205
0.940747001886686,1.37129962713205
0.940747001886686,1.37129962713205
0.940747001886686,1.37129962713205
0.940747001886686,1.37129962713205
0.933996996172372,1.37129962713205
0.933996996172372,1.37129962713205
0.933996996172372,1.37129962713205
0.933996996172372,1.37129962713205
0.933996996172372,1.37129962713205
0.933996996172372,1.37129962713205
0.933996996172372,1.37129962713205
1.06451072213613,1.37129962713205
1.06451072213613,1.37129962713205
1.06451072213613,1.37129962713205
1.06451072213613,1.37129962713205
1.06451072213613,1.37129962713205
1.01408050239678,1.37129962713205
1.01408050239678,1.37129962713205
1.01408050239678,1.37129962713205
1.01408050239678,1.37129962713205
1.01408050239678,1.37129962713205
1.01408050239678,1.37129962713205
1.01408050239678,1.37129962713205
1.01408050239678,1.37129962713205
1.01408050239678,1.18085306254192
1.01408050239678,1.18085306254192
1.01408050239678,1.18085306254192
1.01408050239678,1.18085306254192
0.840804966908539,1.18085306254192
0.840804966908539,1.18085306254192
0.840804966908539,1.18085306254192
0.840804966908539,1.18085306254192
0.941334324847451,1.18085306254192
0.941334324847451,1.18085306254192
0.941334324847451,1.18085306254192
0.941334324847451,1.18085306254192
0.941334324847451,1.18085306254192
0.859985968008811,1.18085306254192
0.859985968008811,1.18085306254192
0.859985968008811,1.18085306254192
0.859985968008811,1.18085306254192
0.859985968008811,1.18085306254192
0.859985968008811,1.18085306254192
0.859985968008811,1.18085306254192
0.859985968008811,1.18085306254192
0.859985968008811,1.18085306254192
0.898543227091602,1.67072558719452
0.898543227091602,1.15721329919725
0.934315466092117,1.15721329919725
0.934315466092117,1.15721329919725
0.934315466092117,1.0228324034161
0.934315466092117,1.0228324034161
0.831991138739216,1.0228324034161
0.831991138739216,1.59448393619815
0.831991138739216,1.59448393619815
0.848793334294918,1.59448393619815
0.848793334294918,1.57282030882824
0.848793334294918,1.57282030882824
0.848793334294918,1.57282030882824
0.848793334294918,1.57282030882824
0.848793334294918,1.57282030882824
0.848793334294918,1.25543664518376
0.848793334294918,1.25543664518376
0.848793334294918,1.25543664518376
0.848793334294918,1.25543664518376
0.848793334294918,1.25543664518376
0.848793334294918,1.25543664518376
0.848793334294918,1.25543664518376
0.915080352303854,1.60281784084397
0.915080352303854,1.47593677342534
0.915080352303854,1.47593677342534
0.915080352303854,1.47593677342534
0.915080352303854,1.47593677342534
0.915080352303854,1.47593677342534
0.915080352303854,1.47593677342534
0.915080352303854,1.47593677342534
0.915080352303854,1.47593677342534
0.915080352303854,1.47593677342534
0.915080352303854,1.47593677342534
0.885061649632712,1.16741102343781
0.885061649632712,1.16741102343781
0.885061649632712,1.16741102343781
0.885061649632712,1.16741102343781
0.885061649632712,1.16741102343781
0.885061649632712,1.16741102343781
0.885061649632712,1.16741102343781
0.885061649632712,1.16741102343781
0.885061649632712,1.16741102343781
0.885061649632712,1.16741102343781
0.885061649632712,1.51517348698414
0.885061649632712,1.51517348698414
0.885061649632712,1.51517348698414
0.885061649632712,1.51517348698414
0.885766957206769,1.51517348698414
0.885766957206769,1.51517348698414
0.885766957206769,1.51517348698414
0.885766957206769,1.51517348698414
0.885766957206769,1.51517348698414
0.885766957206769,1.51517348698414
0.885766957206769,1.51517348698414
0.885766957206769,1.51517348698414
0.885766957206769,1.22553064266353
0.885766957206769,1.22553064266353
0.885766957206769,1.22553064266353
0.885766957206769,1.22553064266353
0.885766957206769,1.28477904268362
0.885766957206769,1.29850078445817
0.885766957206769,1.29850078445817
0.885766957206769,1.29850078445817
0.885766957206769,1.29850078445817
0.885766957206769,1.29850078445817
0.885766957206769,1.29850078445817
0.885766957206769,1.29850078445817
0.885766957206769,1.27828508677618
0.885766957206769,1.58287489000316
0.885766957206769,1.58287489000316
0.885766957206769,1.58287489000316
0.885766957206769,1.58287489000316
0.788839584726167,1.58287489000316
0.788839584726167,1.58287489000316
0.788839584726167,1.58287489000316
0.788839584726167,1.58287489000316
0.788839584726167,1.58287489000316
0.788839584726167,1.34305456703259
0.788839584726167,1.34305456703259
0.788839584726167,1.34305456703259
0.788839584726167,1.34305456703259
0.788839584726167,1.34305456703259
0.788839584726167,1.34305456703259
0.788839584726167,1.34305456703259
0.788839584726167,1.34305456703259
0.788839584726167,1.34305456703259
0.788839584726167,1.34305456703259
0.788839584726167,1.34305456703259
0.788839584726167,1.34305456703259
0.788839584726167,1.34305456703259
0.788839584726167,1.34305456703259
0.788839584726167,1.34305456703259
0.788839584726167,1.34305456703259
0.788839584726167,1.34305456703259
0.788839584726167,1.34305456703259
0.788839584726167,1.34305456703259
0.788839584726167,1.42390751635055
0.788839584726167,1.42390751635055
0.788839584726167,1.42390751635055
0.834091352636173,1.42390751635055
0.838289898744098,1.42390751635055
0.838289898744098,1.42390751635055
0.838289898744098,1.54264117049262
0.838289898744098,1.54264117049262
0.838289898744098,1.54264117049262
0.838289898744098,1.54264117049262
0.838289898744098,1.54264117049262
0.838289898744098,1.54264117049262
0.838289898744098,1.54264117049262
0.838289898744098,1.54264117049262
0.838289898744098,1.54264117049262
0.838289898744098,1.54264117049262
0.838289898744098,1.54264117049262
0.838289898744098,1.54264117049262
0.838289898744098,1.54264117049262
0.838289898744098,1.54264117049262
0.838289898744098,1.54264117049262
0.838289898744098,1.54264117049262
0.762263414704017,1.54264117049262
0.762263414704017,1.54264117049262
0.762263414704017,1.54264117049262
0.762263414704017,1.60555347463179
0.750303555730034,1.60555347463179
0.750303555730034,1.577452935571
0.750303555730034,1.577452935571
0.750303555730034,1.577452935571
0.750303555730034,1.32564715866165
0.822094904646216,1.32564715866165
0.822094904646216,1.32564715866165
0.822094904646216,1.53748349684425
0.822094904646216,1.53748349684425
0.822094904646216,1.53748349684425
0.822094904646216,1.53748349684425
0.822094904646216,1.53748349684425
0.822094904646216,1.53748349684425
0.849717469337948,1.53748349684425
0.849717469337948,1.59291166431719
0.849717469337948,1.59291166431719
0.849717469337948,1.59291166431719
0.849717469337948,1.59291166431719
0.849717469337948,1.59291166431719
0.849717469337948,1.59291166431719
0.849717469337948,1.59291166431719
0.849717469337948,1.59291166431719
0.849717469337948,1.59291166431719
0.849717469337948,1.59291166431719
0.849717469337948,1.59291166431719
0.849717469337948,1.59291166431719
0.849717469337948,1.59291166431719
0.849717469337948,1.59291166431719
0.849717469337948,1.59291166431719
0.849717469337948,1.27721705589533
0.849717469337948,1.27721705589533
0.849717469337948,1.27721705589533
0.849717469337948,1.27721705589533
0.849717469337948,1.27721705589533
0.849717469337948,1.27721705589533
0.832041125720222,1.27721705589533
0.832041125720222,1.27721705589533
0.832041125720222,1.27721705589533
0.832041125720222,1.27721705589533
0.832041125720222,1.27721705589533
0.832041125720222,1.27721705589533
0.880568447425604,1.27721705589533
0.880568447425604,1.46449570895
0.880568447425604,1.46449570895
0.819164626512428,1.43787429925444
0.819164626512428,1.35016015605826
0.819164626512428,1.35016015605826
0.819164626512428,1.35016015605826
0.819164626512428,1.35016015605826
0.819164626512428,1.35016015605826
0.819164626512428,1.35016015605826
0.79232239732351,1.35016015605826
0.85696382403386,1.35016015605826
0.85696382403386,1.35016015605826
0.85696382403386,1.35016015605826
0.826772895726625,1.35016015605826
0.826772895726625,1.35016015605826
0.740427363245925,1.35016015605826
0.873127235338309,1.56902400151452
0.873127235338309,1.56902400151452
0.873127235338309,1.40027602275874
0.873127235338309,1.40027602275874
0.670602336582843,1.40027602275874
0.670602336582843,1.40027602275874
0.670602336582843,1.40027602275874
0.670602336582843,1.40027602275874
0.670602336582843,1.40027602275874
0.743729384662839,1.40027602275874
0.743729384662839,1.40027602275874
0.743729384662839,1.40027602275874
0.743729384662839,1.40027602275874
0.743729384662839,1.40027602275874
0.743729384662839,1.40027602275874
0.743729384662839,1.40027602275874
0.743729384662839,1.40027602275874
0.743729384662839,1.40027602275874
0.743729384662839,1.40027602275874
0.743729384662839,1.40027602275874
0.743729384662839,1.40027602275874
0.743729384662839,1.40027602275874
0.743729384662839,1.40027602275874
0.743729384662839,1.40027602275874
0.743729384662839,1.40027602275874
0.743729384662839,1.40027602275874
0.743729384662839,1.40027602275874
0.743729384662839,1.40027602275874
0.743729384662839,1.40027602275874
0.743729384662839,1.40027602275874
0.743729384662839,1.40027602275874
0.743729384662839,1.40027602275874
0.743729384662839,1.40027602275874
0.743729384662839,1.40027602275874
0.743729384662839,1.40027602275874
0.854181268234546,1.40027602275874
0.900271137772107,1.40027602275874
0.900271137772107,1.40027602275874
0.900271137772107,1.40027602275874
0.900271137772107,1.47806791306734
0.900271137772107,1.47806791306734
0.900271137772107,1.47806791306734
0.900271137772107,1.47806791306734
0.900271137772107,1.47806791306734
0.900271137772107,1.47806791306734
0.900271137772107,1.47806791306734
0.900271137772107,1.33281556775629
0.900271137772107,1.33281556775629
0.900271137772107,1.33281556775629
0.900271137772107,1.33281556775629
0.900271137772107,1.28474040506026
0.900271137772107,1.28474040506026
0.900271137772107,1.28474040506026
0.900271137772107,1.28474040506026
0.912942326345528,1.28474040506026
0.912942326345528,1.28474040506026
0.912942326345528,1.28474040506026
0.912942326345528,1.28474040506026
0.912942326345528,1.28474040506026
0.912942326345528,1.31198279140118
0.912942326345528,1.31198279140118
0.912942326345528,1.31198279140118
0.912942326345528,1.31198279140118
0.912942326345528,1.31198279140118
0.912942326345528,1.31198279140118
0.912942326345528,1.49694308669706
0.912942326345528,1.49694308669706
0.912942326345528,1.49694308669706
0.912942326345528,1.49694308669706
0.912942326345528,1.49694308669706
0.912942326345528,1.49694308669706
0.912942326345528,1.49694308669706
0.912942326345528,1.12253346354479
0.912942326345528,1.12253346354479
0.912942326345528,1.12253346354479
0.912942326345528,1.12253346354479
0.912942326345528,1.12253346354479
0.912942326345528,1.12253346354479
0.901324671003555,1.12253346354479
0.901324671003555,1.12253346354479
0.901324671003555,1.25741501270253
0.901324671003555,1.25741501270253
0.892938333890701,1.25741501270253
0.892938333890701,1.25741501270253
0.892938333890701,1.25741501270253
0.892938333890701,1.25741501270253
0.892938333890701,1.25741501270253
0.74710507149332,1.25741501270253
0.74710507149332,1.25741501270253
0.74710507149332,1.25741501270253
0.764922088053377,1.25741501270253
0.934833049320503,1.25741501270253
0.934833049320503,1.25741501270253
0.843885237783599,1.25741501270253
0.843885237783599,1.25741501270253
0.843885237783599,1.25741501270253
0.843885237783599,1.29885818971434
0.843885237783599,1.29885818971434
0.843885237783599,1.29885818971434
0.843885237783599,1.29885818971434
0.843885237783599,1.29885818971434
0.843885237783599,1.29885818971434
0.843885237783599,1.29885818971434
0.843885237783599,1.29885818971434
0.843885237783599,1.29885818971434
0.843885237783599,1.29885818971434
0.869788406147029,1.29885818971434
0.869788406147029,1.29885818971434
0.869788406147029,1.29885818971434
0.869788406147029,1.29885818971434
0.869788406147029,1.29885818971434
0.869788406147029,1.36124145174566
0.869788406147029,1.36124145174566
0.869788406147029,1.36124145174566
0.789797555659659,1.36124145174566
0.789797555659659,1.36124145174566
0.789797555659659,1.36124145174566
0.789797555659659,1.36124145174566
0.789797555659659,1.36124145174566
0.789797555659659,1.36124145174566
0.789797555659659,1.36124145174566
0.789797555659659,1.29432491076534
0.789797555659659,1.35233295462093
0.789797555659659,1.35233295462093
0.789797555659659,1.35233295462093
0.789797555659659,1.35233295462093
0.789797555659659,1.35233295462093
0.789797555659659,1.35233295462093
0.789797555659659,1.32571022227593
0.789797555659659,1.32571022227593
0.789797555659659,1.32571022227593
0.789797555659659,1.27721402975044
0.854330044970707,1.27721402975044
0.854330044970707,1.27721402975044
0.801705780773791,1.27721402975044
0.801705780773791,1.27721402975044
0.801705780773791,1.27721402975044
0.801705780773791,1.27721402975044
0.801705780773791,1.27721402975044
0.801705780773791,1.27721402975044
0.801705780773791,1.27721402975044
0.801705780773791,1.27721402975044
0.804259771840185,1.27721402975044
0.804259771840185,1.27721402975044
0.804259771840185,1.27721402975044
0.804259771840185,1.27721402975044
0.804259771840185,1.32833388243013
0.804259771840185,1.32833388243013
0.804259771840185,1.32833388243013
0.804259771840185,1.32833388243013
0.804259771840185,1.32833388243013
0.804259771840185,1.32833388243013
0.804259771840185,1.32833388243013
0.817548047587157,1.32833388243013
0.817548047587157,1.32833388243013
0.817548047587157,1.32833388243013
0.817548047587157,1.32833388243013
0.817548047587157,1.32833388243013
0.817548047587157,1.32833388243013
0.817548047587157,1.32833388243013
0.846306742809031,1.32833388243013
0.830169042214589,1.32833388243013
0.830169042214589,1.32833388243013
0.830169042214589,1.32833388243013
0.830169042214589,1.32833388243013
0.830169042214589,1.32833388243013
0.830169042214589,1.32833388243013
0.830169042214589,1.32833388243013
0.830169042214589,1.32833388243013
0.830169042214589,1.32833388243013
0.830169042214589,1.32833388243013
0.830169042214589,1.32833388243013
0.830169042214589,1.32833388243013
0.830169042214589,1.32833388243013
0.830169042214589,1.32833388243013
0.830169042214589,1.32833388243013
0.830169042214589,1.26806479506653
0.830169042214589,1.26806479506653
0.830169042214589,1.26806479506653
0.830169042214589,1.26806479506653
0.830169042214589,1.26806479506653
0.830169042214589,1.26806479506653
0.830169042214589,1.26806479506653
0.830169042214589,1.26806479506653
0.830169042214589,1.26806479506653
0.838433198919703,1.2909545882903
0.838433198919703,1.2909545882903
0.838433198919703,1.56918565436789
0.838433198919703,1.56918565436789
0.838433198919703,1.61926563445549
0.879179485923043,1.61926563445549
0.879179485923043,1.61926563445549
0.879179485923043,1.61926563445549
0.879179485923043,1.61926563445549
0.879179485923043,1.61926563445549
0.879179485923043,1.61926563445549
0.879179485923043,1.61926563445549
0.879179485923043,1.61926563445549
0.879179485923043,1.76328960731729
0.705531522502848,1.42592291372373
0.705531522502848,1.42592291372373
0.705531522502848,1.42592291372373
0.705531522502848,1.42592291372373
0.705531522502848,1.42592291372373
0.705531522502848,1.42592291372373
0.770895224620149,1.42592291372373
0.770895224620149,1.42592291372373
0.770895224620149,1.42592291372373
0.770895224620149,1.42592291372373
0.770895224620149,1.42592291372373
0.770895224620149,1.42592291372373
0.770895224620149,1.42592291372373
0.770895224620149,1.42592291372373
0.770895224620149,1.42592291372373
0.804610861983457,1.42592291372373
0.804610861983457,1.42592291372373
0.804610861983457,1.42592291372373
0.804610861983457,1.42592291372373
0.804610861983457,1.42592291372373
0.804610861983457,1.42592291372373
0.804610861983457,1.42592291372373
0.804610861983457,1.42592291372373
0.804610861983457,1.42592291372373
0.804610861983457,1.7758306988994
0.804610861983457,1.55178976179485
0.804610861983457,1.55178976179485
0.804610861983457,1.55178976179485
0.804610861983457,1.55178976179485
0.804610861983457,1.55178976179485
0.804610861983457,1.55178976179485
0.804610861983457,1.55178976179485
0.804610861983457,1.55178976179485
0.823825765662001,1.55178976179485
0.823825765662001,1.55178976179485
0.823825765662001,1.55178976179485
0.823825765662001,1.55178976179485
0.823825765662001,1.55178976179485
0.823825765662001,1.21478895292456
0.823825765662001,1.21478895292456
0.823825765662001,1.21478895292456
0.823825765662001,1.21478895292456
0.823825765662001,1.21478895292456
0.823825765662001,1.21478895292456
0.823825765662001,1.21478895292456
0.823825765662001,1.21478895292456
0.823825765662001,1.21478895292456
0.809488925409019,1.21478895292456
0.809488925409019,1.21478895292456
0.809488925409019,1.21478895292456
0.809488925409019,1.21478895292456
0.809488925409019,1.21478895292456
0.809488925409019,1.21478895292456
0.809488925409019,1.21478895292456
0.809488925409019,1.21478895292456
0.802957037576263,1.21478895292456
0.688956198973512,1.21478895292456
0.688956198973512,1.21478895292456
0.688956198973512,1.21478895292456
0.688956198973512,1.21478895292456
0.688956198973512,1.21478895292456
0.688956198973512,1.21478895292456
0.688956198973512,1.21478895292456
0.688956198973512,1.21478895292456
0.688956198973512,1.21478895292456
0.688956198973512,1.21478895292456
0.758178202604468,1.21478895292456
0.758178202604468,1.21478895292456
0.758178202604468,1.21478895292456
0.758178202604468,1.21478895292456
0.758178202604468,1.21478895292456
0.762204132154665,1.21478895292456
0.762204132154665,1.21478895292456
0.762204132154665,1.4626754140464
0.762204132154665,1.4626754140464
0.762204132154665,1.3376025302325
0.762204132154665,1.3376025302325
0.762204132154665,1.3376025302325
0.762204132154665,1.3376025302325
0.762204132154665,1.3376025302325
0.762204132154665,1.3376025302325
0.622710739267131,1.3376025302325
0.622710739267131,1.3376025302325
0.622710739267131,1.3376025302325
0.622710739267131,1.3376025302325
0.622710739267131,1.3376025302325
1.06373442074276,1.3376025302325
1.06373442074276,1.3376025302325
1.06373442074276,1.3376025302325
1.06373442074276,1.3376025302325
0.702126242343164,1.3376025302325
0.702126242343164,1.3376025302325
0.702126242343164,1.3376025302325
0.702126242343164,1.3376025302325
0.869920034953975,1.3376025302325
0.869920034953975,1.3376025302325
0.869920034953975,1.3376025302325
0.869920034953975,1.3376025302325
0.869920034953975,1.3376025302325
0.869920034953975,1.3376025302325
0.869920034953975,1.3376025302325
0.869920034953975,1.3376025302325
0.869920034953975,1.3376025302325
0.848345943969548,1.3376025302325
0.848345943969548,1.3376025302325
0.848345943969548,1.3376025302325
0.680204571054905,1.3376025302325
0.680204571054905,1.3376025302325
0.680204571054905,1.3376025302325
0.680204571054905,1.3376025302325
0.680204571054905,1.4701743936836
0.680204571054905,1.4701743936836
0.687283190273588,1.4701743936836
0.687283190273588,1.4701743936836
0.687283190273588,1.4701743936836
0.859292023164185,1.4701743936836
0.859292023164185,1.4701743936836
0.859292023164185,1.4701743936836
0.859292023164185,1.4701743936836
0.859292023164185,1.4701743936836
0.859292023164185,1.4701743936836
0.859292023164185,1.4701743936836
0.859292023164185,1.4701743936836
0.859292023164185,1.4701743936836
0.781331698088694,1.4701743936836
0.781331698088694,1.4701743936836
0.781331698088694,1.4701743936836
0.781331698088694,1.4701743936836
0.781331698088694,1.4701743936836
0.781331698088694,1.4701743936836
0.781331698088694,1.45552084839042
0.781331698088694,1.45552084839042
0.781331698088694,1.45552084839042
0.781331698088694,1.45552084839042
0.781331698088694,1.45552084839042
0.781331698088694,1.45552084839042
0.781331698088694,1.45552084839042
0.781331698088694,1.45552084839042
0.781331698088694,1.56213571271292
0.781331698088694,1.56213571271292
0.781331698088694,1.56213571271292
0.781331698088694,1.56213571271292
0.781331698088694,1.56213571271292
0.781331698088694,1.56213571271292
0.781331698088694,1.46310076009774
0.781331698088694,1.46310076009774
0.781331698088694,1.46310076009774
0.81686167595012,1.46310076009774
0.81686167595012,1.46310076009774
0.81686167595012,1.46310076009774
0.81686167595012,1.46310076009774
0.81686167595012,1.46310076009774
0.81686167595012,1.46310076009774
0.81686167595012,1.46310076009774
0.81686167595012,1.46310076009774
0.81686167595012,1.46310076009774
0.81686167595012,1.46310076009774
0.81686167595012,1.46310076009774
0.81686167595012,1.46310076009774
0.81686167595012,1.46310076009774
0.831081230655008,1.46310076009774
0.831081230655008,1.46310076009774
0.831081230655008,1.46310076009774
0.831081230655008,1.46310076009774
0.831081230655008,1.46310076009774
0.831081230655008,1.46310076009774
0.648564108655478,1.46310076009774
0.648564108655478,1.46310076009774
0.648564108655478,1.46310076009774
0.648564108655478,1.46310076009774
0.829384656086235,1.46310076009774
0.637929723695799,1.46310076009774
0.826009254147063,1.46310076009774
0.826009254147063,1.46310076009774
0.769031162734862,1.46310076009774
0.769031162734862,1.46310076009774
0.769031162734862,1.46310076009774
0.769031162734862,1.46310076009774
0.769031162734862,1.46310076009774
0.735643317685155,1.46310076009774
0.735643317685155,1.63188600555474
0.735643317685155,1.63188600555474
0.735643317685155,1.63188600555474
0.735643317685155,1.63188600555474
0.735643317685155,1.63188600555474
0.735643317685155,1.63188600555474
0.85250250911523,1.63188600555474
0.85250250911523,1.6541334000575
0.85250250911523,1.6541334000575
0.85250250911523,1.6541334000575
0.85250250911523,1.3082029570161
0.85250250911523,1.3082029570161
0.85250250911523,1.3082029570161
0.85250250911523,1.3082029570161
0.85250250911523,1.3082029570161
0.826550502097099,1.3082029570161
0.826550502097099,1.3082029570161
0.826550502097099,1.3082029570161
0.826550502097099,1.3082029570161
0.826550502097099,1.3082029570161
0.826550502097099,1.3082029570161
0.826550502097099,1.3082029570161
0.707701296374634,1.3082029570161
0.707701296374634,1.3082029570161
0.707701296374634,1.3082029570161
0.707701296374634,1.3082029570161
0.707701296374634,1.3082029570161
0.707701296374634,1.3082029570161
0.707701296374634,1.3082029570161
0.707701296374634,1.3082029570161
0.707701296374634,1.3082029570161
0.744444163533205,1.42912679949652
0.924607098634077,1.42912679949652
0.924607098634077,1.42912679949652
0.924607098634077,1.42912679949652
0.924607098634077,1.42912679949652
0.924607098634077,1.42912679949652
0.924607098634077,1.42912679949652
0.924607098634077,1.42912679949652
0.924607098634077,1.42912679949652
0.924607098634077,1.42912679949652
0.924607098634077,1.42912679949652
0.924607098634077,1.42912679949652
0.924607098634077,1.42912679949652
0.924607098634077,1.42912679949652
0.878100494634996,1.42912679949652
0.878100494634996,1.42912679949652
0.878100494634996,1.56479099357905
0.878100494634996,1.56479099357905
0.878100494634996,1.56479099357905
0.878100494634996,1.56479099357905
0.878100494634996,1.56479099357905
0.878100494634996,1.56479099357905
0.878100494634996,1.56479099357905
0.878100494634996,1.56479099357905
0.878100494634996,1.56479099357905
0.878100494634996,1.56479099357905
0.878100494634996,1.56479099357905
0.878100494634996,1.56479099357905
0.878100494634996,1.56479099357905
0.878100494634996,1.56479099357905
0.878100494634996,1.56479099357905
0.878100494634996,1.56479099357905
0.878100494634996,1.56479099357905
0.831245126671093,1.56479099357905
0.831245126671093,1.56479099357905
0.831245126671093,1.56479099357905
0.831245126671093,1.56479099357905
0.735434857350595,1.56479099357905
0.735434857350595,1.56479099357905
0.735434857350595,1.56479099357905
0.735434857350595,1.56479099357905
0.735434857350595,1.56479099357905
0.735434857350595,1.56479099357905
0.735434857350595,1.56479099357905
0.793327190090992,1.56479099357905
0.793327190090992,1.56479099357905
0.793327190090992,1.61078426997588
0.793327190090992,1.61078426997588
0.793327190090992,1.61078426997588
0.793327190090992,1.61078426997588
0.793327190090992,1.61078426997588
0.793327190090992,1.61078426997588
0.751325081442455,1.61078426997588
0.751325081442455,1.61078426997588
0.751325081442455,1.61078426997588
0.751325081442455,1.61078426997588
0.751325081442455,1.61078426997588
0.751325081442455,1.61078426997588
0.751325081442455,1.61078426997588
0.751325081442455,1.61078426997588
0.805655605097296,1.61078426997588
0.805655605097296,1.61078426997588
0.805655605097296,1.61078426997588
0.805655605097296,1.61078426997588
0.805655605097296,1.61078426997588
0.805655605097296,1.61078426997588
0.805655605097296,1.61078426997588
0.805655605097296,1.61078426997588
0.805655605097296,1.61078426997588
0.805655605097296,1.61078426997588
0.805655605097296,1.61078426997588
0.805655605097296,1.61078426997588
0.805655605097296,1.61078426997588
0.805655605097296,1.61078426997588
0.805655605097296,1.61078426997588
0.805655605097296,1.61078426997588
0.805655605097296,1.61078426997588
0.805655605097296,1.61078426997588
0.805655605097296,1.61078426997588
0.734318649313198,1.61078426997588
0.734318649313198,1.61078426997588
0.734318649313198,1.61078426997588
0.734318649313198,1.64520317994561
0.734318649313198,1.64520317994561
0.734318649313198,1.64520317994561
0.734318649313198,1.64520317994561
0.734318649313198,1.60427949687757
1.0301481437364,1.60427949687757
1.0301481437364,1.60427949687757
1.05527424576404,1.60427949687757
1.05527424576404,1.60427949687757
1.05527424576404,1.60427949687757
0.751853230333398,1.60427949687757
0.751853230333398,1.55847963335109
0.751853230333398,1.3387695119174
0.751853230333398,1.3387695119174
0.751853230333398,1.47998011248354
0.751853230333398,1.47998011248354
0.751853230333398,1.47998011248354
0.855789238941161,1.47998011248354
0.855789238941161,1.47998011248354
0.855789238941161,1.47998011248354
0.855789238941161,1.47998011248354
0.855789238941161,1.47998011248354
0.855789238941161,1.47998011248354
0.855789238941161,1.47998011248354
0.855789238941161,1.47998011248354
0.855789238941161,1.47998011248354
0.855789238941161,1.41901643348986
0.855789238941161,1.34528672132992
0.855789238941161,1.34528672132992
0.855789238941161,1.34528672132992
0.855789238941161,1.34528672132992
0.855789238941161,1.53142298988926
0.855789238941161,1.53142298988926
0.855789238941161,1.53142298988926
0.855789238941161,1.53142298988926
0.855789238941161,1.53142298988926
0.855789238941161,1.53142298988926
0.855789238941161,1.53142298988926
0.765654747247535,1.53142298988926
0.765654747247535,1.53142298988926
0.765654747247535,1.53142298988926
0.765654747247535,1.14261165139269
0.765654747247535,1.14261165139269
0.765654747247535,1.14261165139269
0.765654747247535,1.14261165139269
0.765654747247535,1.14261165139269
0.765654747247535,1.14261165139269
0.765654747247535,1.46135635589044
0.765654747247535,1.46135635589044
0.765654747247535,1.46135635589044
0.765654747247535,1.42940373593079
0.765654747247535,1.42940373593079
0.765654747247535,1.42940373593079
0.765654747247535,1.42940373593079
0.765654747247535,1.42940373593079
0.765654747247535,1.42940373593079
0.78887172540243,1.42940373593079
0.78887172540243,1.42940373593079
0.78887172540243,1.42940373593079
0.78887172540243,1.42940373593079
0.78887172540243,1.42940373593079
0.78887172540243,1.42940373593079
0.78887172540243,1.42940373593079
0.78887172540243,1.42940373593079
0.78887172540243,1.42940373593079
0.78887172540243,1.42940373593079
0.930329931443618,1.42940373593079
0.930329931443618,1.42940373593079
1.01141840346452,1.42940373593079
0.886335076368785,1.42940373593079
0.886335076368785,1.42940373593079
0.886335076368785,1.42940373593079
0.886335076368785,1.42940373593079
0.886335076368785,1.42940373593079
0.886335076368785,1.42940373593079
0.886335076368785,1.42940373593079
0.886335076368785,1.42940373593079
0.886335076368785,1.42940373593079
0.886335076368785,1.42940373593079
0.886335076368785,1.42940373593079
0.886335076368785,1.42940373593079
0.886335076368785,1.42940373593079
0.886335076368785,1.42940373593079
0.886335076368785,1.42940373593079
0.886335076368785,1.42940373593079
0.886335076368785,1.42940373593079
0.886335076368785,1.42940373593079
0.886335076368785,1.42940373593079
0.886335076368785,1.42940373593079
0.886335076368785,1.42940373593079
0.886335076368785,1.42940373593079
0.840632053337503,1.42940373593079
0.840632053337503,1.42940373593079
0.840632053337503,1.28328062174957
0.840632053337503,1.28328062174957
0.840632053337503,1.28328062174957
0.840632053337503,1.28328062174957
0.840632053337503,1.28328062174957
0.840632053337503,1.28328062174957
0.780984526951259,1.28328062174957
0.780984526951259,1.41270676494721
0.780984526951259,1.41270676494721
0.780984526951259,1.41270676494721
0.7594650581976,1.41270676494721
0.7594650581976,1.41270676494721
0.7594650581976,1.41270676494721
0.7594650581976,1.41270676494721
0.7594650581976,1.41270676494721
0.7594650581976,1.41270676494721
0.7594650581976,1.41270676494721
0.7594650581976,1.41270676494721
0.7594650581976,1.41270676494721
0.928418048586449,1.41270676494721
0.928418048586449,1.41270676494721
0.928418048586449,1.41270676494721
0.928418048586449,1.41270676494721
0.928418048586449,1.41270676494721
0.928418048586449,1.41270676494721
0.928418048586449,1.41270676494721
0.928418048586449,1.41270676494721
0.928418048586449,1.52281704025717
0.928418048586449,1.52281704025717
0.928418048586449,1.52281704025717
0.928418048586449,1.52281704025717
0.928418048586449,1.52281704025717
0.928418048586449,1.52281704025717
0.928418048586449,1.52281704025717
0.928418048586449,1.52281704025717
0.928418048586449,1.52281704025717
0.928418048586449,1.52281704025717
0.928418048586449,1.52281704025717
0.928418048586449,1.76579001904482
0.928418048586449,1.76579001904482
0.928418048586449,1.76579001904482
0.928418048586449,1.31049354670158
0.928418048586449,1.31049354670158
0.928418048586449,1.31049354670158
0.928418048586449,1.31049354670158
0.928418048586449,1.31049354670158
0.928418048586449,1.31049354670158
0.928418048586449,1.31049354670158
0.928418048586449,1.31049354670158
0.928418048586449,1.31049354670158
0.928418048586449,1.31049354670158
0.928418048586449,1.31049354670158
0.928418048586449,1.31049354670158
0.928418048586449,1.31049354670158
1.10961790060423,1.31049354670158
1.10961790060423,1.31049354670158
1.10961790060423,1.31049354670158
1.10961790060423,1.31049354670158
1.10961790060423,1.31049354670158
1.10961790060423,1.94733511866632
1.10961790060423,1.94733511866632
1.13314947914759,1.94733511866632
1.13314947914759,1.94733511866632
1.13314947914759,1.74907616791599
1.13314947914759,1.74907616791599
1.13314947914759,1.74907616791599
1.13314947914759,1.74907616791599
1.13314947914759,1.74907616791599
1.13314947914759,1.74907616791599
1.13314947914759,1.74907616791599
1.13314947914759,1.74907616791599
1.13314947914759,1.74907616791599
1.13314947914759,1.74907616791599
1.13314947914759,1.74907616791599
1.13314947914759,1.74907616791599
1.13314947914759,1.34110241856567
1.13314947914759,1.34110241856567
1.13314947914759,1.34110241856567
1.13314947914759,1.34110241856567
1.13314947914759,1.34110241856567
1.13314947914759,1.34110241856567
1.13314947914759,1.34110241856567
1.13314947914759,1.34110241856567
1.13314947914759,1.34110241856567
0.981110392672494,1.46356812304167
0.981110392672494,1.46356812304167
0.981110392672494,1.46356812304167
0.981110392672494,1.46356812304167
0.981110392672494,1.46356812304167
0.981110392672494,1.46356812304167
0.981110392672494,1.46356812304167
0.981110392672494,1.46356812304167
0.981110392672494,1.46356812304167
0.961378806699751,1.46356812304167
0.961378806699751,1.46356812304167
0.961378806699751,1.46356812304167
0.961378806699751,1.46356812304167
0.961378806699751,1.46356812304167
0.961378806699751,1.46356812304167
0.961378806699751,1.513711218196
0.961378806699751,1.513711218196
0.961378806699751,1.513711218196
0.961378806699751,1.513711218196
0.961378806699751,1.513711218196
0.961378806699751,1.513711218196
0.816825590904363,1.513711218196
0.816825590904363,1.513711218196
0.816825590904363,1.513711218196
0.816825590904363,1.513711218196
0.816825590904363,1.513711218196
0.816825590904363,1.513711218196
0.816825590904363,1.513711218196
0.816825590904363,1.513711218196
0.816825590904363,1.513711218196
0.816825590904363,1.513711218196
0.816825590904363,1.513711218196
0.816825590904363,1.513711218196
0.864020535255749,1.513711218196
0.864020535255749,1.513711218196
0.864020535255749,1.513711218196
0.864020535255749,1.513711218196
0.864020535255749,1.513711218196
0.864020535255749,1.57348176951058
0.864020535255749,1.35841549779763
0.864020535255749,1.35841549779763
0.864020535255749,1.35841549779763
0.864020535255749,1.35841549779763
0.864020535255749,1.35841549779763
0.965571577210272,1.35841549779763
0.788754877821411,1.35841549779763
0.788754877821411,1.35841549779763
0.788754877821411,1.35841549779763
0.788754877821411,1.35841549779763
0.875759732749789,1.95894281410581
0.968458594346293,1.95894281410581
0.968458594346293,1.93834163602551
0.913672409045905,1.82905599630091
0.913672409045905,1.25220061545223
0.913672409045905,1.25220061545223
0.913672409045905,1.25220061545223
0.913672409045905,1.25220061545223
0.913672409045905,1.25220061545223
0.913672409045905,1.7799193525731
0.913672409045905,1.7799193525731
0.690901353484737,1.7799193525731
0.690901353484737,1.72988886013293
0.690901353484737,1.72988886013293
0.897498965438081,1.72988886013293
0.897498965438081,1.72988886013293
0.897498965438081,1.72988886013293
0.897498965438081,1.74310440739962
0.897498965438081,1.74310440739962
0.897498965438081,1.74310440739962
0.897498965438081,1.74310440739962
0.986339154247501,1.74310440739962
0.986339154247501,1.74310440739962
0.986339154247501,1.74310440739962
0.986339154247501,1.74310440739962
0.986339154247501,1.74310440739962
0.986339154247501,1.47267673586716
0.986339154247501,1.47267673586716
0.986339154247501,1.47267673586716
0.986339154247501,1.47267673586716
0.986339154247501,1.47267673586716
0.986339154247501,1.47267673586716
0.986339154247501,1.47267673586716
0.986339154247501,1.50579941694582
0.986339154247501,1.50579941694582
0.986339154247501,1.50579941694582
0.986339154247501,1.50579941694582
0.986339154247501,1.50691261832972
0.986339154247501,1.67330704435243
0.986339154247501,1.25354063349169
0.986339154247501,1.25354063349169
0.986339154247501,1.25354063349169
0.986339154247501,1.25354063349169
0.986339154247501,1.25354063349169
0.986339154247501,1.25354063349169
0.986339154247501,1.25354063349169
0.986339154247501,1.25354063349169
0.986339154247501,1.25354063349169
0.986339154247501,1.25354063349169
0.986339154247501,1.25354063349169
0.986339154247501,1.25354063349169
1.06932481612333,1.25354063349169
1.06932481612333,1.25354063349169
1.03050124598378,1.25354063349169
0.801964300226188,1.25354063349169
0.801964300226188,1.25354063349169
0.801964300226188,1.25354063349169
0.801964300226188,1.25354063349169
0.801964300226188,1.25354063349169
0.801964300226188,1.25354063349169
0.801964300226188,1.25354063349169
1.03568477197006,1.25354063349169
1.03568477197006,1.25354063349169
1.03568477197006,1.25354063349169
1.03568477197006,1.25354063349169
1.03568477197006,1.25354063349169
1.03568477197006,1.25354063349169
1.03568477197006,1.25354063349169
1.03568477197006,1.25354063349169
0.728616991698907,1.25354063349169
0.728616991698907,1.25354063349169
0.728616991698907,1.25354063349169
0.728616991698907,1.25354063349169
0.728616991698907,1.25354063349169
0.728616991698907,1.48084662165433
0.728616991698907,1.48084662165433
0.728616991698907,1.48084662165433
0.728616991698907,1.48084662165433
0.755000461882313,1.48084662165433
0.755000461882313,1.48084662165433
0.755000461882313,1.48084662165433
0.755000461882313,1.48084662165433
0.755000461882313,1.48084662165433
0.755000461882313,1.68345154251964
0.755000461882313,1.50794448031112
0.755000461882313,1.50794448031112
0.755000461882313,1.50794448031112
0.755000461882313,1.50794448031112
0.755000461882313,1.50794448031112
0.755000461882313,1.75451636983735
0.755000461882313,1.75451636983735
0.755000461882313,1.75451636983735
0.755000461882313,1.75451636983735
0.85358369598363,1.75451636983735
0.942185059371674,1.75451636983735
0.942185059371674,1.75451636983735
0.942185059371674,1.75451636983735
0.942185059371674,1.75451636983735
0.942185059371674,1.75451636983735
0.942185059371674,1.75451636983735
0.967495549433079,1.75451636983735
0.967495549433079,1.75451636983735
0.967495549433079,1.75451636983735
0.967495549433079,1.75451636983735
0.967495549433079,1.75451636983735
0.967495549433079,1.52306298262771
0.955985016207985,1.52306298262771
0.955985016207985,1.52306298262771
0.955985016207985,1.52306298262771
0.955985016207985,1.52306298262771
0.955985016207985,1.52306298262771
0.955985016207985,1.52306298262771
0.955985016207985,1.52306298262771
0.955985016207985,1.52306298262771
0.870165316902226,1.52306298262771
0.870165316902226,1.52306298262771
0.870165316902226,1.52306298262771
0.850192713086506,1.52306298262771
0.850192713086506,1.55213285766789
0.850192713086506,1.55213285766789
0.850192713086506,1.55213285766789
0.850192713086506,1.55213285766789
0.850192713086506,1.55213285766789
0.850192713086506,1.55213285766789
0.850192713086506,1.55213285766789
0.850192713086506,1.35061386663216
0.850192713086506,1.35061386663216
0.850192713086506,1.35061386663216
0.850192713086506,1.35061386663216
0.922630182872321,1.59723006241904
0.922630182872321,1.59723006241904
0.922630182872321,1.59723006241904
0.922630182872321,1.59723006241904
0.922630182872321,1.62828326369684
0.922630182872321,1.62828326369684
0.922630182872321,1.62828326369684
0.922630182872321,1.62828326369684
0.922630182872321,1.4780980337662
0.922630182872321,1.4780980337662
0.922630182872321,1.64807775203772
0.922630182872321,1.64807775203772
0.937816701078434,1.64807775203772
0.937816701078434,1.64807775203772
0.937816701078434,1.64807775203772
0.937816701078434,1.64807775203772
0.937816701078434,1.64807775203772
0.937816701078434,1.64807775203772
0.937816701078434,1.64807775203772
0.937816701078434,1.64807775203772
1.0604945307142,1.64807775203772
1.0604945307142,1.64807775203772
1.0604945307142,1.64807775203772
1.0604945307142,1.64807775203772
1.0067471346144,1.64807775203772
1.0067471346144,1.64807775203772
1.0067471346144,1.64807775203772
0.903093093103965,1.64807775203772
0.903093093103965,1.64807775203772
0.903093093103965,1.64807775203772
0.903093093103965,1.66802315152954
0.903093093103965,1.66802315152954
0.903093093103965,1.66802315152954
0.903093093103965,1.66802315152954
0.903093093103965,1.66802315152954
0.903093093103965,1.66802315152954
0.903093093103965,1.66802315152954
0.875904537012868,1.66802315152954
0.875904537012868,1.66802315152954
0.875904537012868,1.66802315152954
0.875904537012868,1.66802315152954
0.875904537012868,1.66802315152954
0.810323383821558,1.66802315152954
0.810323383821558,1.66802315152954
0.810323383821558,1.66802315152954
0.810323383821558,1.66802315152954
0.810323383821558,1.66802315152954
0.810323383821558,1.66802315152954
0.810323383821558,1.66802315152954
0.810323383821558,1.66802315152954
0.810323383821558,1.66802315152954
0.810323383821558,1.66802315152954
0.810323383821558,1.66802315152954
0.810323383821558,1.66802315152954
0.883662110025241,1.46950427855003
0.883662110025241,1.46950427855003
0.883662110025241,1.46950427855003
0.883662110025241,1.46950427855003
0.883662110025241,1.43907150127998
0.883662110025241,1.43907150127998
0.883662110025241,1.43907150127998
0.883662110025241,1.43907150127998
0.883662110025241,1.43907150127998
0.883662110025241,1.43907150127998
0.883662110025241,1.31289521676499
0.883662110025241,1.31289521676499
0.883662110025241,1.31289521676499
0.883662110025241,1.31289521676499
0.883662110025241,1.31289521676499
0.883662110025241,1.31289521676499
0.883662110025241,1.31289521676499
0.883662110025241,1.31289521676499
0.883662110025241,1.31289521676499
0.883662110025241,1.31289521676499
0.942100821734865,1.31289521676499
0.942100821734865,1.31289521676499
0.721242475947453,1.31289521676499
0.721242475947453,1.31289521676499
0.897438016680328,1.31289521676499
0.897438016680328,1.31289521676499
0.897438016680328,1.31289521676499
0.841726756798823,1.31289521676499
0.841726756798823,1.31289521676499
0.841726756798823,1.31635822960074
0.841726756798823,1.31635822960074
0.841726756798823,1.31635822960074
0.841726756798823,1.31635822960074
0.841726756798823,1.31635822960074
0.841726756798823,1.31635822960074
0.841726756798823,1.31635822960074
0.841726756798823,1.31635822960074
0.841726756798823,1.31635822960074
0.841726756798823,1.31635822960074
0.841726756798823,1.31635822960074
0.841726756798823,1.31635822960074
0.841726756798823,1.31635822960074
0.841726756798823,1.31635822960074
0.841726756798823,1.31635822960074
0.841726756798823,1.31635822960074
0.841726756798823,1.31635822960074
0.841726756798823,1.60067521065198
0.841726756798823,1.60067521065198
0.841726756798823,1.60067521065198
0.841726756798823,1.60067521065198
0.841726756798823,1.60067521065198
0.841726756798823,1.60067521065198
0.841726756798823,1.60067521065198
0.841726756798823,1.60067521065198
0.841726756798823,1.60067521065198
0.903798841453528,1.60067521065198
0.903798841453528,1.60067521065198
0.903798841453528,1.60067521065198
0.903798841453528,1.60067521065198
0.903798841453528,1.60067521065198
0.903798841453528,1.60067521065198
0.903798841453528,1.60067521065198
0.903798841453528,1.60067521065198
0.841908052359545,1.60067521065198
0.841908052359545,1.60067521065198
0.841908052359545,1.60067521065198
0.807908849364403,1.60067521065198
0.807908849364403,1.60067521065198
0.807908849364403,1.60067521065198
0.720799073845406,1.60067521065198
0.720799073845406,1.60067521065198
0.720799073845406,1.60067521065198
0.720799073845406,1.60067521065198
0.720799073845406,1.60067521065198
0.717005898494133,1.60067521065198
0.717005898494133,1.34176484418957
0.717005898494133,1.34176484418957
0.717005898494133,1.34176484418957
0.717005898494133,1.34176484418957
0.717005898494133,1.34176484418957
0.717005898494133,1.34176484418957
0.717005898494133,1.71835235762958
0.717005898494133,1.71835235762958
0.717005898494133,1.71835235762958
0.717005898494133,1.71835235762958
0.717005898494133,1.71835235762958
0.717005898494133,1.71835235762958
0.717005898494133,1.71835235762958
0.717005898494133,1.71835235762958
0.717005898494133,1.71835235762958
0.717005898494133,1.71835235762958
0.717005898494133,1.71835235762958
0.717005898494133,1.71835235762958
0.717005898494133,1.71835235762958
0.717005898494133,1.71835235762958
0.717005898494133,1.71835235762958
0.717005898494133,1.27808724223779
0.717005898494133,1.27808724223779
0.84866287660009,1.27808724223779
0.84866287660009,1.27808724223779
0.84866287660009,1.76157204552987
0.794057891818501,1.71688696278962
0.794057891818501,1.71688696278962
0.794057891818501,1.39677569066971
0.794057891818501,1.39677569066971
0.794057891818501,1.39677569066971
0.794057891818501,1.39677569066971
0.793442563154527,1.39677569066971
0.793442563154527,1.39677569066971
0.793442563154527,1.358032050113
0.793442563154527,1.358032050113
0.793442563154527,1.358032050113
0.793442563154527,1.358032050113
0.793442563154527,1.28119478792617
0.793442563154527,1.28248134229723
0.793442563154527,1.28248134229723
0.793442563154527,1.28248134229723
0.793442563154527,1.28248134229723
0.793442563154527,1.28248134229723
0.701332965059388,1.28248134229723
0.701332965059388,1.24311218638149
0.701332965059388,1.24311218638149
0.866367300605119,1.24311218638149
0.866367300605119,1.24311218638149
0.866367300605119,1.24311218638149
0.866367300605119,1.68137299611523
0.866367300605119,1.68137299611523
0.866367300605119,1.68137299611523
0.866367300605119,1.68137299611523
0.866367300605119,1.68137299611523
0.866367300605119,1.68137299611523
0.866367300605119,1.68137299611523
0.866367300605119,1.68137299611523
0.866367300605119,1.68137299611523
0.866367300605119,1.68137299611523
0.866367300605119,1.68137299611523
0.866367300605119,1.51495760527829
0.866367300605119,1.51495760527829
0.866367300605119,1.51495760527829
0.866367300605119,1.51495760527829
0.775118346681843,1.237295072235
0.775118346681843,1.237295072235
0.775118346681843,1.14061672433289
0.775118346681843,1.14061672433289
0.775118346681843,1.14061672433289
0.842151351463752,1.14061672433289
0.836090252377809,1.27968192054996
0.836090252377809,1.19893683832538
0.836090252377809,1.19893683832538
0.836090252377809,1.19893683832538
0.836090252377809,1.19893683832538
0.836090252377809,1.19893683832538
0.836090252377809,1.19893683832538
0.81429774982339,1.19893683832538
0.81429774982339,1.19893683832538
0.81429774982339,1.19893683832538
0.81429774982339,1.19893683832538
0.81429774982339,1.19893683832538
0.81429774982339,1.19893683832538
0.81429774982339,1.19893683832538
0.81429774982339,1.19893683832538
0.923042411928478,1.19893683832538
0.923042411928478,1.19893683832538
0.923042411928478,1.12573980251088
0.923042411928478,1.12573980251088
0.923042411928478,1.88996298753034
0.923042411928478,1.88996298753034
0.933222988743956,1.88996298753034
0.933222988743956,1.88996298753034
0.933222988743956,1.88996298753034
0.933222988743956,1.88996298753034
0.933222988743956,1.74057027279748
0.933222988743956,1.74057027279748
0.933222988743956,1.50736367302014
0.738557149899548,1.50736367302014
0.738557149899548,1.50736367302014
0.738557149899548,1.50736367302014
0.738557149899548,1.50736367302014
0.738557149899548,1.50736367302014
0.738557149899548,1.50736367302014
0.738557149899548,1.50736367302014
0.738557149899548,1.50736367302014
0.738557149899548,1.50736367302014
0.738557149899548,1.50736367302014
0.765608717094687,1.50736367302014
0.765608717094687,1.57660275286672
0.725295673684911,1.57660275286672
0.725295673684911,1.57660275286672
0.725295673684911,1.57660275286672
0.725295673684911,1.57660275286672
0.725295673684911,1.57660275286672
0.725295673684911,1.57660275286672
0.725295673684911,1.57660275286672
0.725295673684911,1.57660275286672
0.725295673684911,1.57660275286672
0.725295673684911,1.57660275286672
0.725295673684911,1.57660275286672
0.679518073150954,1.40135970667112
0.679518073150954,1.40135970667112
0.679518073150954,1.40135970667112
0.679518073150954,1.40135970667112
0.679518073150954,1.8338167699598
0.679518073150954,1.8338167699598
0.679518073150954,1.8338167699598
0.679518073150954,1.8338167699598
0.679518073150954,1.7989267560582
0.679518073150954,1.7989267560582
0.679518073150954,1.7989267560582
0.679518073150954,1.7989267560582
0.679518073150954,1.7989267560582
0.679518073150954,1.7989267560582
0.679518073150954,1.7989267560582
0.679518073150954,1.7989267560582
0.679518073150954,1.7989267560582
0.679518073150954,1.7989267560582
0.679518073150954,1.7989267560582
0.679518073150954,1.7989267560582
0.679518073150954,1.7989267560582
0.679518073150954,1.7989267560582
0.679518073150954,1.7989267560582
0.679518073150954,1.7989267560582
0.679518073150954,1.7989267560582
0.679518073150954,1.7989267560582
0.679518073150954,1.86435945417175
0.679518073150954,1.86435945417175
0.679518073150954,1.86435945417175
0.679518073150954,1.86435945417175
0.679518073150954,1.86435945417175
0.679518073150954,1.86435945417175
0.679518073150954,1.86435945417175
0.750408479272464,1.86435945417175
0.750408479272464,1.86435945417175
0.750408479272464,1.86435945417175
0.750408479272464,1.86435945417175
0.750408479272464,1.86435945417175
0.750408479272464,1.86435945417175
0.750408479272464,1.86435945417175
0.750408479272464,1.86435945417175
0.750408479272464,1.86435945417175
0.750408479272464,1.86435945417175
0.750408479272464,1.58559278943601
0.750408479272464,1.58559278943601
0.750408479272464,1.58559278943601
0.750408479272464,1.58559278943601
0.750408479272464,1.58559278943601
0.750408479272464,1.58559278943601
0.750408479272464,1.58559278943601
0.750408479272464,1.58559278943601
0.750408479272464,1.58559278943601
0.750408479272464,1.58559278943601
0.750408479272464,1.58559278943601
0.750408479272464,1.58559278943601
0.750408479272464,1.58559278943601
0.750408479272464,1.61692035654708
0.750408479272464,1.61692035654708
0.750408479272464,1.61692035654708
0.750408479272464,1.61692035654708
0.750408479272464,1.61692035654708
0.949098325350739,1.61692035654708
0.703586637560209,1.61692035654708
0.703586637560209,1.61692035654708
0.703586637560209,1.61692035654708
0.703586637560209,1.61692035654708
0.703586637560209,1.63743298091303
0.703586637560209,1.63743298091303
0.703586637560209,1.63743298091303
0.703586637560209,1.63743298091303
0.812566580561398,1.63743298091303
0.812566580561398,1.63743298091303
0.812566580561398,1.63743298091303
0.812566580561398,1.63743298091303
0.812566580561398,1.63743298091303
0.812566580561398,1.72492488913915
0.812566580561398,1.72492488913915
0.812566580561398,1.72492488913915
0.812566580561398,1.72492488913915
0.812566580561398,1.72492488913915
0.812566580561398,1.72492488913915
0.812566580561398,1.72492488913915
0.812566580561398,1.72492488913915
0.812566580561398,1.72492488913915
0.812566580561398,1.72492488913915
0.812566580561398,1.72492488913915
0.812566580561398,2.00921812712554
0.812566580561398,2.00921812712554
0.812566580561398,1.74428592214116
0.812566580561398,1.74428592214116
0.812566580561398,1.74428592214116
0.812566580561398,1.88849108013188
0.812566580561398,1.88849108013188
0.812566580561398,1.88849108013188
0.812566580561398,1.62178053317443
0.812566580561398,1.62178053317443
0.812566580561398,1.62178053317443
0.812566580561398,1.62178053317443
0.812566580561398,1.62178053317443
0.812566580561398,1.66068539305859
0.812566580561398,1.66068539305859
0.812566580561398,1.66068539305859
0.812566580561398,1.66068539305859
0.725134741648745,1.66068539305859
0.730239384462745,1.66068539305859
0.730239384462745,1.66068539305859
0.730239384462745,1.66068539305859
0.730239384462745,1.66068539305859
0.730239384462745,1.66068539305859
0.823141199275643,1.66068539305859
0.823141199275643,1.66068539305859
0.823141199275643,1.66068539305859
0.823141199275643,1.66068539305859
0.823141199275643,1.66068539305859
0.823141199275643,1.66068539305859
0.823141199275643,1.66068539305859
0.823141199275643,1.66068539305859
0.823141199275643,1.66068539305859
0.823141199275643,1.66068539305859
0.823141199275643,1.66068539305859
0.823141199275643,1.66068539305859
0.823141199275643,1.66068539305859
0.823141199275643,1.66068539305859
0.823141199275643,1.66068539305859
0.685533148438365,1.66068539305859
0.685533148438365,1.66068539305859
0.685533148438365,1.66068539305859
0.685533148438365,1.66068539305859
0.685533148438365,1.5436489538306
0.660726189104004,1.82906362952114
0.701104607520156,1.82906362952114
0.701104607520156,1.82906362952114
0.819197363013171,1.82906362952114
0.819197363013171,1.82906362952114
0.819197363013171,1.82906362952114
0.815256203597595,1.82906362952114
0.815256203597595,1.82906362952114
0.815256203597595,1.82906362952114
0.815256203597595,1.86210022888906
0.815256203597595,1.86210022888906
0.815256203597595,1.86210022888906
0.815256203597595,1.86210022888906
0.815256203597595,1.86210022888906
0.862941701737972,1.86210022888906
0.862941701737972,1.86210022888906
0.862941701737972,1.86210022888906
0.862941701737972,1.86210022888906
0.862941701737972,1.81432698492146
0.824941187631213,1.81432698492146
0.824941187631213,1.81432698492146
0.824941187631213,1.81432698492146
0.824941187631213,1.81432698492146
0.824941187631213,1.81432698492146
0.824941187631213,1.81432698492146
0.824941187631213,1.81432698492146
0.824941187631213,1.81432698492146
0.824941187631213,1.81432698492146
0.824941187631213,1.81432698492146
0.824941187631213,1.81432698492146
0.824941187631213,1.81432698492146
0.824941187631213,1.81432698492146
0.824941187631213,1.81432698492146
0.824941187631213,1.67738373090327
0.824941187631213,1.67738373090327
0.824941187631213,1.67738373090327
0.824941187631213,1.53648761453324
0.731441952121889,1.53648761453324
0.731441952121889,1.53648761453324
0.731441952121889,1.39143102059313
0.731441952121889,1.39143102059313
0.731441952121889,1.39143102059313
0.731441952121889,1.39143102059313
0.731441952121889,1.39143102059313
0.731441952121889,1.39143102059313
0.731441952121889,1.39143102059313
0.731441952121889,1.39143102059313
0.804658800783535,1.39143102059313
0.804658800783535,1.39143102059313
0.804658800783535,1.39143102059313
0.804658800783535,1.39143102059313
0.804658800783535,1.39143102059313
0.804658800783535,1.39143102059313
0.794004118440223,1.39143102059313
0.785452268263547,1.39143102059313
0.785452268263547,1.53852951568227
0.785452268263547,1.53852951568227
0.785452268263547,1.53852951568227
0.785452268263547,1.53852951568227
0.785452268263547,1.53852951568227
0.785452268263547,1.53852951568227
0.785452268263547,1.53852951568227
0.785452268263547,1.53852951568227
0.773977930097354,1.53852951568227
0.773977930097354,1.53852951568227
0.773977930097354,1.53852951568227
0.773977930097354,1.53852951568227
0.773977930097354,1.53852951568227
0.773977930097354,1.53852951568227
0.773977930097354,1.53852951568227
0.773977930097354,1.53852951568227
0.773977930097354,1.48337993991047
0.773977930097354,1.48337993991047
0.773977930097354,1.48337993991047
0.773977930097354,1.48337993991047
0.773977930097354,1.48337993991047
0.773977930097354,1.48337993991047
0.773977930097354,1.48337993991047
0.773977930097354,1.48337993991047
0.813172519617577,1.48337993991047
0.813172519617577,1.48337993991047
0.813172519617577,1.48337993991047
0.813172519617577,1.48337993991047
0.663549424012281,1.48337993991047
0.663549424012281,1.48337993991047
0.870952489169768,1.48337993991047
0.870952489169768,1.48337993991047
0.870952489169768,1.48337993991047
0.870952489169768,1.48337993991047
0.870952489169768,1.48337993991047
0.870952489169768,1.51981125487584
0.870952489169768,1.61076704203223
0.870952489169768,1.61076704203223
0.870952489169768,1.61076704203223
0.870952489169768,1.61076704203223
0.870952489169768,1.61076704203223
0.870952489169768,1.65448225690884
0.870952489169768,1.65448225690884
0.870952489169768,1.65448225690884
0.870952489169768,1.65448225690884
0.870952489169768,1.65448225690884
0.870952489169768,1.65448225690884
0.86586297724715,1.65448225690884
0.74277853766147,1.65448225690884
0.74277853766147,1.65448225690884
0.74277853766147,1.65448225690884
0.74277853766147,1.65448225690884
0.74277853766147,1.65448225690884
0.74277853766147,1.65448225690884
0.74277853766147,1.65448225690884
0.74277853766147,1.61791004850454
0.74277853766147,1.61791004850454
0.74277853766147,1.61791004850454
0.74277853766147,1.61791004850454
0.74277853766147,1.61791004850454
0.74277853766147,1.61791004850454
0.74277853766147,1.61791004850454
0.723837953159857,1.61791004850454
0.723837953159857,1.61791004850454
0.723837953159857,1.61791004850454
0.723837953159857,1.61791004850454
0.723837953159857,1.61791004850454
0.723837953159857,1.61791004850454
0.723837953159857,1.61791004850454
0.723837953159857,1.61791004850454
0.723837953159857,1.61791004850454
0.723837953159857,1.61791004850454
0.723837953159857,1.61791004850454
0.723837953159857,1.61791004850454
0.723837953159857,1.61791004850454
0.723837953159857,1.61791004850454
0.723837953159857,1.61791004850454
0.739976607880991,1.61791004850454
0.739976607880991,1.61791004850454
0.739976607880991,1.61791004850454
0.77713000457138,1.61791004850454
0.77713000457138,1.4677889921502
0.77713000457138,1.4677889921502
0.77713000457138,1.4677889921502
0.77713000457138,1.4677889921502
0.77713000457138,1.4677889921502
0.77713000457138,1.4677889921502
0.77713000457138,1.47423376047428
0.77713000457138,1.47423376047428
0.77713000457138,1.47423376047428
0.852003590005195,1.47423376047428
1.05446138695117,1.47423376047428
1.05446138695117,1.47423376047428
1.05446138695117,1.47423376047428
0.883785366178753,1.47423376047428
0.883785366178753,1.47423376047428
0.883785366178753,1.47423376047428
0.883785366178753,1.47423376047428
0.883785366178753,1.47423376047428
0.883785366178753,1.47423376047428
0.883785366178753,1.37767797290401
0.883785366178753,1.37767797290401
0.883785366178753,1.37767797290401
0.883785366178753,1.37767797290401
0.883785366178753,1.37767797290401
1.11461188814297,1.37767797290401
1.11461188814297,1.37767797290401
0.99995617274311,1.37767797290401
0.99995617274311,1.39989307795476
0.99995617274311,1.39989307795476
0.85876198970453,1.39989307795476
0.85876198970453,1.39989307795476
0.85876198970453,1.39989307795476
0.85876198970453,2.08522600243516
0.85876198970453,2.08522600243516
0.85876198970453,1.38462452059728
0.85876198970453,1.27093661030129
0.85876198970453,1.27093661030129
0.85876198970453,1.27093661030129
0.7622829013511,1.27093661030129
0.7622829013511,1.27093661030129
0.7622829013511,1.27093661030129
0.7622829013511,1.27093661030129
0.7622829013511,1.67967315805108
0.7622829013511,1.67967315805108
0.7622829013511,1.67967315805108
0.7622829013511,1.67967315805108
0.7622829013511,1.67967315805108
0.7622829013511,1.67967315805108
0.7622829013511,1.67967315805108
0.7622829013511,1.67967315805108
0.7622829013511,1.67967315805108
0.7622829013511,1.67967315805108
0.7622829013511,1.67452948447432
0.7622829013511,1.67452948447432
0.7622829013511,1.67452948447432
0.7622829013511,1.67452948447432
0.7622829013511,1.67452948447432
0.7622829013511,1.67452948447432
0.7622829013511,1.67452948447432
1.04815257121843,1.67452948447432
1.04815257121843,1.67452948447432
1.04815257121843,1.67452948447432
1.04815257121843,1.67452948447432
1.04815257121843,1.67452948447432
0.943754365942018,1.67452948447432
0.943754365942018,1.67452948447432
0.943754365942018,1.67452948447432
0.943754365942018,1.67452948447432
0.943754365942018,1.67452948447432
0.943754365942018,1.67452948447432
0.943754365942018,1.67452948447432
0.943754365942018,1.67452948447432
0.943754365942018,1.67452948447432
0.943754365942018,1.67452948447432
0.943754365942018,1.67452948447432
0.943754365942018,1.6775612232849
0.943754365942018,1.6775612232849
0.943754365942018,1.6775612232849
0.943754365942018,1.6775612232849
0.943754365942018,1.6775612232849
0.943754365942018,1.6775612232849
0.943754365942018,1.6775612232849
0.943754365942018,1.6775612232849
0.943754365942018,1.6775612232849
0.943754365942018,1.6775612232849
0.943754365942018,1.6775612232849
0.943754365942018,1.7794793178346
0.817150383438598,1.7794793178346
0.817150383438598,1.63661308925022
0.817150383438598,1.63661308925022
0.817150383438598,1.63661308925022
0.817150383438598,1.63661308925022
0.817150383438598,1.34261262381437
0.817150383438598,1.30476223314682
0.817150383438598,1.30476223314682
0.817150383438598,1.30476223314682
0.817150383438598,1.30476223314682
0.817150383438598,1.30476223314682
0.800466448935882,1.30476223314682
0.800466448935882,1.30476223314682
0.800466448935882,1.30476223314682
0.800466448935882,1.30476223314682
0.800466448935882,1.30476223314682
0.800466448935882,1.30476223314682
0.800466448935882,1.2854072249361
0.800466448935882,1.2854072249361
0.800466448935882,1.2854072249361
0.936521997345402,1.2854072249361
0.936521997345402,1.2854072249361
0.936521997345402,1.2854072249361
0.840903454483082,1.2854072249361
0.840903454483082,1.2854072249361
0.840903454483082,1.2854072249361
0.840903454483082,1.2854072249361
0.840903454483082,1.2854072249361
0.840903454483082,1.2854072249361
0.840903454483082,1.2854072249361
0.840903454483082,1.2854072249361
0.840903454483082,1.2854072249361
0.840903454483082,1.2854072249361
0.840903454483082,1.34003213573054
0.840903454483082,1.34003213573054
0.840903454483082,1.34003213573054
0.840903454483082,1.34003213573054
0.840903454483082,1.34003213573054
0.840903454483082,1.34003213573054
0.840903454483082,1.34003213573054
0.840903454483082,1.34003213573054
0.840903454483082,1.34003213573054
0.840903454483082,1.34003213573054
0.840903454483082,1.34003213573054
0.840903454483082,1.34003213573054
0.840903454483082,1.34003213573054
0.802132183191804,1.34003213573054
0.802132183191804,1.34003213573054
0.802132183191804,1.34003213573054
0.802132183191804,1.34003213573054
0.802132183191804,1.34003213573054
0.802132183191804,1.34003213573054
0.802132183191804,1.34003213573054
0.802132183191804,1.34003213573054
0.802132183191804,1.34003213573054
0.802132183191804,1.34003213573054
0.802132183191804,1.34003213573054
0.802132183191804,1.34003213573054
0.802132183191804,1.34003213573054
0.802132183191804,1.34003213573054
0.802132183191804,1.34003213573054
0.802132183191804,1.34003213573054
0.780741786788784,1.34003213573054
0.780741786788784,1.34003213573054
0.780741786788784,1.34003213573054
0.780741786788784,1.34003213573054
0.780741786788784,1.34003213573054
0.780741786788784,1.34003213573054
0.780741786788784,1.34003213573054
0.780741786788784,1.34003213573054
0.780741786788784,1.34003213573054
0.780741786788784,1.34003213573054
0.780741786788784,1.34003213573054
0.780741786788784,1.34003213573054
0.780741786788784,1.34003213573054
0.780741786788784,1.34003213573054
0.780741786788784,1.34003213573054
0.780741786788784,1.34003213573054
0.780741786788784,1.34003213573054
0.780741786788784,1.34003213573054
0.780741786788784,1.34003213573054
0.780741786788784,1.34003213573054
0.780741786788784,1.34003213573054
0.780741786788784,1.34003213573054
0.780741786788784,1.34003213573054
0.780741786788784,1.34003213573054
0.780741786788784,1.34003213573054
0.780741786788784,1.34003213573054
0.780741786788784,1.34003213573054
0.780741786788784,1.34003213573054
0.780741786788784,1.34003213573054
0.780741786788784,1.34003213573054
0.780741786788784,1.34003213573054
0.780741786788784,1.34003213573054
0.780741786788784,1.34003213573054
0.780741786788784,1.34003213573054
0.780741786788784,1.34003213573054
0.875204445722972,1.34003213573054
0.875204445722972,1.34003213573054
0.875204445722972,1.34003213573054
0.875204445722972,1.34003213573054
0.875204445722972,1.34003213573054
0.875204445722972,1.34003213573054
0.875204445722972,1.54154099029648
0.875204445722972,1.57576399915984
0.875204445722972,1.33138785891545
0.875204445722972,1.33138785891545
0.875204445722972,1.33138785891545
0.875204445722972,1.33138785891545
0.875204445722972,1.33138785891545
0.875204445722972,1.33138785891545
0.875204445722972,1.33138785891545
0.875204445722972,1.33138785891545
0.875204445722972,1.48837501074773
0.875204445722972,1.48837501074773
0.875204445722972,1.48420570851364
0.875204445722972,1.48420570851364
0.875204445722972,1.48420570851364
0.875204445722972,1.48420570851364
0.875204445722972,1.48420570851364
0.875204445722972,1.54540656481983
0.875204445722972,1.54540656481983
0.875204445722972,1.54540656481983
0.875204445722972,1.54540656481983
0.832468022384505,1.54540656481983
0.832468022384505,1.54540656481983
0.832468022384505,1.54540656481983
0.832468022384505,1.54540656481983
0.806778199904009,1.54540656481983
0.723989844385053,1.54540656481983
0.723989844385053,1.54540656481983
0.723989844385053,1.54540656481983
0.723989844385053,1.54540656481983
0.723989844385053,1.54540656481983
0.723989844385053,1.54540656481983
0.723989844385053,1.54540656481983
0.723989844385053,1.54540656481983
0.723989844385053,1.54540656481983
0.807443620207621,1.54540656481983
0.807443620207621,1.54540656481983
0.807443620207621,1.43538826239694
0.807443620207621,1.43538826239694
0.807443620207621,1.43538826239694
0.753221485520755,1.43538826239694
0.753221485520755,1.47864454124711
0.753221485520755,1.47864454124711
0.753221485520755,1.53423013809462
0.753221485520755,1.53423013809462
0.753221485520755,1.53423013809462
0.753221485520755,1.53423013809462
0.753221485520755,1.53423013809462
0.753221485520755,1.53423013809462
0.753221485520755,1.53423013809462
0.753221485520755,1.71458510887346
0.753221485520755,1.71458510887346
0.753221485520755,1.71458510887346
0.753221485520755,1.71458510887346
0.753221485520755,1.71458510887346
0.753221485520755,1.71458510887346
0.753221485520755,1.71458510887346
0.753221485520755,1.71458510887346
0.753221485520755,1.71458510887346
0.753221485520755,1.71458510887346
0.753221485520755,1.47571978251271
0.753221485520755,1.47571978251271
0.773558544643142,1.47571978251271
0.773558544643142,1.47571978251271
0.773558544643142,1.47571978251271
0.773558544643142,1.47571978251271
0.773558544643142,1.55342936043153
0.773558544643142,1.55342936043153
0.773558544643142,1.55342936043153
0.773558544643142,1.55342936043153
0.773558544643142,1.55342936043153
0.773558544643142,1.55342936043153
0.773558544643142,1.55342936043153
0.773558544643142,1.56810318161953
0.773558544643142,1.56810318161953
0.773558544643142,1.56810318161953
0.773558544643142,1.56810318161953
0.773558544643142,1.56810318161953
0.773558544643142,1.56810318161953
0.773558544643142,1.56810318161953
0.773558544643142,1.56810318161953
0.961101084721719,1.56810318161953
0.961101084721719,1.56810318161953
0.961101084721719,1.56810318161953
0.961101084721719,1.56810318161953
0.961101084721719,1.56810318161953
0.961101084721719,1.56810318161953
0.961101084721719,1.56810318161953
0.873420088164926,1.56810318161953
0.784204870651166,2.01108953356236
0.934230489541439,2.01108953356236
0.934230489541439,2.01108953356236
0.934230489541439,2.01108953356236
0.934230489541439,2.01108953356236
0.934230489541439,2.01108953356236
0.777258529087279,2.01108953356236
0.777258529087279,2.01108953356236
0.968334109951954,2.01108953356236
0.968334109951954,2.01108953356236
0.968334109951954,2.01108953356236
0.968334109951954,2.01108953356236
0.832369522779049,1.70936712540629
0.887010007844865,1.70936712540629
0.887010007844865,1.70936712540629
0.887010007844865,1.70936712540629
0.887010007844865,1.49576011635377
0.887010007844865,1.49576011635377
0.887010007844865,1.49576011635377
0.887010007844865,1.49576011635377
0.887010007844865,1.49576011635377
0.887010007844865,1.49576011635377
0.704529598877781,1.49576011635377
0.704529598877781,1.49576011635377
0.704529598877781,1.55213611131659
0.814762099321755,1.55213611131659
0.814762099321755,1.55213611131659
0.814762099321755,1.55213611131659
0.814762099321755,1.55213611131659
0.814762099321755,1.55213611131659
0.898179887741791,1.55213611131659
0.898179887741791,1.55213611131659
0.885890822017088,1.55213611131659
0.885890822017088,1.73336273364737
0.885890822017088,1.73336273364737
0.885890822017088,1.73336273364737
0.885890822017088,1.73336273364737
0.885890822017088,1.73336273364737
0.885890822017088,1.73336273364737
0.885890822017088,1.73336273364737
0.885890822017088,1.73336273364737
0.979044540174081,1.73336273364737
0.979044540174081,1.73336273364737
0.624072332756085,1.73336273364737
0.624072332756085,1.73336273364737
0.624072332756085,1.73336273364737
0.624072332756085,1.73336273364737
0.624072332756085,1.73336273364737
0.624072332756085,1.73336273364737
0.624072332756085,1.73336273364737
0.624072332756085,1.73336273364737
0.624072332756085,1.73336273364737
0.624072332756085,1.73336273364737
0.624072332756085,1.73336273364737
0.624072332756085,1.73336273364737
0.624072332756085,1.73336273364737
0.624072332756085,1.73336273364737
0.624072332756085,1.58418365898192
0.961869502551231,1.58418365898192
0.961869502551231,1.58418365898192
0.961869502551231,1.58418365898192
0.961869502551231,1.58418365898192
0.961869502551231,1.58418365898192
0.989538676993399,1.58418365898192
0.886994009797664,1.58418365898192
0.886994009797664,1.58418365898192
0.886994009797664,1.58418365898192
0.886994009797664,1.58418365898192
0.886994009797664,1.58418365898192
0.886994009797664,1.58418365898192
0.886994009797664,1.58418365898192
0.886994009797664,1.58418365898192
0.886994009797664,1.58418365898192
0.886994009797664,1.58418365898192
0.886994009797664,1.58418365898192
0.886994009797664,1.58418365898192
0.886994009797664,1.58418365898192
0.886994009797664,1.58418365898192
0.886994009797664,1.58418365898192
0.886994009797664,1.58418365898192
0.886994009797664,1.58418365898192
0.886994009797664,1.53293623850038
0.886994009797664,1.53293623850038
0.886994009797664,1.53293623850038
0.886994009797664,1.53293623850038
0.886994009797664,1.53293623850038
0.886994009797664,1.53293623850038
0.886994009797664,1.53293623850038
0.886994009797664,1.53293623850038
0.886994009797664,1.53293623850038
0.835683611140781,1.53293623850038
0.835683611140781,1.53293623850038
0.835683611140781,1.53293623850038
0.835683611140781,1.53293623850038
0.744721083924825,1.53293623850038
0.744721083924825,1.53293623850038
0.744721083924825,1.53293623850038
0.744721083924825,1.53293623850038
0.744721083924825,1.53293623850038
0.744721083924825,1.53293623850038
0.744721083924825,1.53293623850038
0.744721083924825,1.52668302496232
0.744721083924825,1.52668302496232
0.744721083924825,1.52668302496232
0.870880021669436,1.52668302496232
0.870880021669436,1.52668302496232
0.870880021669436,1.52668302496232
0.870880021669436,1.52668302496232
0.870880021669436,1.52668302496232
0.870880021669436,1.52668302496232
0.870880021669436,1.52668302496232
0.870880021669436,1.52668302496232
0.870880021669436,1.52668302496232
0.870880021669436,1.52668302496232
0.870880021669436,1.52668302496232
0.870880021669436,1.52668302496232
0.870880021669436,1.52668302496232
0.870880021669436,1.52668302496232
0.870880021669436,1.27014897063856
0.870880021669436,1.72682543922593
0.870880021669436,1.72682543922593
0.870880021669436,1.72682543922593
0.870880021669436,1.72682543922593
0.870880021669436,1.72682543922593
0.870880021669436,2.06852508575702
0.870880021669436,2.06852508575702
0.870880021669436,2.06852508575702
0.870880021669436,2.06852508575702
0.870880021669436,1.88119377602746
0.870880021669436,1.88119377602746
0.870880021669436,1.88119377602746
0.870880021669436,1.88119377602746
0.870880021669436,1.88119377602746
0.870880021669436,1.88119377602746
0.870880021669436,1.88119377602746
0.844219475707665,1.79586356449403
0.844219475707665,1.79586356449403
0.844219475707665,1.79586356449403
0.844219475707665,1.79586356449403
0.844219475707665,1.79586356449403
0.844219475707665,1.79586356449403
0.824119830265814,1.79586356449403
0.824119830265814,1.79586356449403
0.824119830265814,1.79586356449403
0.824119830265814,1.79586356449403
0.824119830265814,1.79586356449403
0.76374630709606,1.79586356449403
0.76374630709606,1.79586356449403
0.76374630709606,1.79586356449403
0.76374630709606,1.79586356449403
0.76374630709606,1.79586356449403
0.76374630709606,1.79586356449403
0.852586816552873,1.3599118667181
0.852586816552873,1.3599118667181
0.852586816552873,1.3599118667181
0.852586816552873,1.2761641366402
0.852586816552873,1.2761641366402
0.852586816552873,1.2761641366402
0.852586816552873,1.2761641366402
0.852586816552873,1.2761641366402
0.852586816552873,1.2761641366402
0.743714895461448,1.2761641366402
0.743714895461448,1.92524954312621
0.743714895461448,1.92524954312621
0.743714895461448,1.92524954312621
0.743714895461448,1.92524954312621
0.743714895461448,1.92524954312621
0.743714895461448,1.92524954312621
0.743714895461448,1.92524954312621
0.743714895461448,1.92524954312621
0.743714895461448,1.55238874244967
0.743714895461448,1.55238874244967
0.743714895461448,1.8085769063846
0.825323435211502,1.8085769063846
0.825323435211502,1.8085769063846
0.825323435211502,1.8085769063846
0.825323435211502,1.8085769063846
0.825323435211502,1.8085769063846
0.825323435211502,1.84666452452742
0.825323435211502,1.84666452452742
0.711116402515343,1.84666452452742
0.711116402515343,1.84666452452742
0.711116402515343,1.84666452452742
0.711116402515343,1.84666452452742
0.711116402515343,1.84666452452742
0.711116402515343,1.61892684136562
0.711116402515343,1.61892684136562
0.711116402515343,1.61892684136562
0.711116402515343,1.61892684136562
0.711116402515343,1.61892684136562
0.711116402515343,1.61892684136562
0.764682738973464,1.61892684136562
0.764682738973464,1.61892684136562
0.764682738973464,1.61892684136562
0.764682738973464,1.61892684136562
0.764682738973464,1.61892684136562
0.764682738973464,1.61892684136562
0.764682738973464,1.61892684136562
0.764682738973464,1.61892684136562
0.764682738973464,1.61892684136562
0.764682738973464,1.61892684136562
0.764682738973464,1.61892684136562
0.764682738973464,1.61892684136562
0.764682738973464,1.4614042889226
0.764682738973464,1.4614042889226
0.764682738973464,1.4614042889226
0.764682738973464,1.4614042889226
0.764682738973464,1.4614042889226
0.764682738973464,1.4614042889226
0.764682738973464,1.4614042889226
0.764682738973464,1.4614042889226
0.764682738973464,1.4614042889226
0.764682738973464,1.4614042889226
0.764682738973464,1.4614042889226
0.764682738973464,1.4614042889226
0.703480567351196,1.4614042889226
0.78123296234477,1.4614042889226
0.803622615578637,1.4614042889226
0.803622615578637,1.4614042889226
0.803622615578637,1.4614042889226
0.897711842880177,1.4614042889226
0.897711842880177,1.4614042889226
0.897711842880177,1.4614042889226
0.897711842880177,1.4614042889226
0.897711842880177,1.4614042889226
0.897711842880177,1.4614042889226
0.897711842880177,1.4614042889226
0.833816442611376,1.4614042889226
0.833816442611376,1.4614042889226
0.833816442611376,1.4614042889226
0.833816442611376,1.4614042889226
0.833816442611376,1.4614042889226
0.833816442611376,1.4614042889226
0.833816442611376,1.4614042889226
0.833816442611376,1.4614042889226
0.833816442611376,1.4614042889226
0.833816442611376,1.4614042889226
0.833816442611376,1.4614042889226
0.739418719564121,1.4614042889226
0.739418719564121,1.71587032297743
0.739418719564121,1.71587032297743
0.739418719564121,1.38774100324307
0.739418719564121,1.35650758439109
0.739418719564121,1.35650758439109
0.739418719564121,1.35650758439109
0.739418719564121,1.35650758439109
0.739418719564121,1.35650758439109
0.739418719564121,1.41480340160219
0.739418719564121,1.41480340160219
0.739418719564121,1.41480340160219
0.739418719564121,1.41480340160219
0.739418719564121,1.41480340160219
0.739418719564121,1.41480340160219
0.739418719564121,1.41480340160219
0.739418719564121,1.41480340160219
0.739418719564121,1.41480340160219
0.739418719564121,1.41480340160219
0.739418719564121,1.41480340160219
0.739418719564121,1.41480340160219
0.903343602993157,1.41480340160219
0.903343602993157,1.41480340160219
0.952812183673623,1.41480340160219
0.952812183673623,1.41480340160219
0.952812183673623,1.41480340160219
0.952812183673623,1.41480340160219
0.910913672969459,1.41480340160219
0.910913672969459,1.41480340160219
0.910913672969459,1.41480340160219
0.910913672969459,1.41480340160219
0.910913672969459,1.41480340160219
0.910913672969459,1.41480340160219
0.910913672969459,1.41480340160219
0.821905991353938,1.41480340160219
0.821905991353938,1.41480340160219
0.725430451645761,1.41480340160219
0.725430451645761,1.41480340160219
0.725430451645761,1.41480340160219
0.725430451645761,1.41480340160219
0.725430451645761,1.41480340160219
0.725430451645761,1.41480340160219
0.725430451645761,1.41480340160219
0.725430451645761,1.51362571022266
0.725430451645761,1.51362571022266
0.725430451645761,1.51362571022266
0.725430451645761,1.51362571022266
0.725430451645761,1.51362571022266
0.725430451645761,1.51362571022266
0.725430451645761,1.51362571022266
0.725430451645761,1.51362571022266
0.725430451645761,1.51362571022266
0.725430451645761,1.56781669966132
0.725430451645761,1.56781669966132
0.725430451645761,1.56781669966132
0.725430451645761,1.56781669966132
0.725430451645761,1.50759979884173
0.725430451645761,1.50759979884173
0.944921610355504,1.50759979884173
0.944921610355504,1.50759979884173
0.944921610355504,1.50759979884173
0.944921610355504,1.50759979884173
0.944921610355504,1.51208338299108
0.944921610355504,1.51208338299108
0.944921610355504,1.51208338299108
0.944921610355504,1.51208338299108
0.944921610355504,1.51208338299108
0.944921610355504,1.51208338299108
0.944921610355504,1.51208338299108
0.840074659258132,1.55150880043515
0.840074659258132,1.55150880043515
0.840074659258132,1.55150880043515
0.851242158480285,1.55150880043515
0.851242158480285,1.55150880043515
0.781217670526323,1.55150880043515
0.781217670526323,1.55150880043515
0.781217670526323,1.55150880043515
0.781217670526323,1.41083740565807
0.781217670526323,1.62669448381425
0.781217670526323,1.33164757642913
0.966652676571736,1.58660807682566
0.966652676571736,1.58660807682566
0.733445251445608,1.58660807682566
0.733445251445608,1.58660807682566
0.733445251445608,1.58660807682566
0.733445251445608,1.58660807682566
0.733445251445608,1.58660807682566
0.733445251445608,1.58660807682566
0.733445251445608,1.58660807682566
0.733445251445608,1.58660807682566
0.733445251445608,1.58660807682566
0.733445251445608,1.58660807682566
0.733445251445608,1.58660807682566
0.733445251445608,1.58660807682566
0.733445251445608,1.58660807682566
0.791889716680643,1.58660807682566
0.791889716680643,1.58660807682566
0.791889716680643,1.58660807682566
0.791889716680643,1.58660807682566
0.791889716680643,1.58660807682566
0.791889716680643,1.58660807682566
0.791889716680643,1.58660807682566
0.868324948480872,1.58660807682566
0.868324948480872,1.58660807682566
0.868324948480872,1.58660807682566
0.868324948480872,1.70707236459375
0.868324948480872,1.70707236459375
0.868324948480872,1.70707236459375
0.868324948480872,1.55570992663678
0.868324948480872,1.55570992663678
0.868324948480872,1.55570992663678
0.868324948480872,1.55570992663678
0.868324948480872,1.55570992663678
0.868324948480872,1.55570992663678
0.868324948480872,1.55570992663678
0.868324948480872,1.55570992663678
0.868324948480872,1.55570992663678
0.868324948480872,1.55570992663678
0.868324948480872,1.55570992663678
0.868324948480872,1.50637866419727
0.868324948480872,1.50637866419727
0.868324948480872,1.50637866419727
0.868324948480872,1.50637866419727
0.868324948480872,1.50637866419727
0.868324948480872,1.50637866419727
0.868324948480872,1.50637866419727
0.868324948480872,1.50637866419727
0.868324948480872,1.50637866419727
0.868324948480872,1.50637866419727
0.868324948480872,1.50637866419727
0.863357709348469,1.50637866419727
0.863357709348469,1.50637866419727
0.863357709348469,1.50637866419727
0.863357709348469,1.50637866419727
0.863357709348469,1.50637866419727
0.863357709348469,1.50637866419727
0.863357709348469,1.50637866419727
0.996937003849935,1.50637866419727
0.996937003849935,1.50637866419727
0.996937003849935,1.50637866419727
0.996937003849935,1.50637866419727
0.996937003849935,1.50637866419727
0.996937003849935,1.50637866419727
0.996937003849935,1.50637866419727
0.996937003849935,1.45451613010279
0.842840121759737,1.45451613010279
0.842840121759737,1.45451613010279
0.842840121759737,1.45451613010279
0.842840121759737,1.45451613010279
0.842840121759737,1.45451613010279
0.951361125992108,1.45451613010279
0.951361125992108,1.45451613010279
0.951361125992108,1.45451613010279
0.951361125992108,1.66477047470562
0.951361125992108,1.66477047470562
0.951361125992108,1.66477047470562
0.951361125992108,1.66477047470562
0.951361125992108,1.66477047470562
0.951361125992108,1.66477047470562
0.951361125992108,1.66477047470562
0.951361125992108,1.66477047470562
0.804381998461785,1.66477047470562
0.804381998461785,1.66477047470562
0.840365007301426,1.66477047470562
0.840365007301426,1.66477047470562
1.11510002333054,1.66477047470562
0.964553624188474,1.37098072840554
0.964553624188474,1.37098072840554
0.964553624188474,1.80434970745403
1.03639303982171,1.80434970745403
1.03639303982171,1.80434970745403
1.03639303982171,1.80434970745403
1.03639303982171,1.80434970745403
1.03639303982171,1.80434970745403
1.03639303982171,1.80434970745403
1.03639303982171,1.80434970745403
1.03639303982171,1.80434970745403
1.03639303982171,1.80434970745403
1.03639303982171,1.80434970745403
0.913929444276804,1.80434970745403
0.913929444276804,1.80434970745403
0.913929444276804,1.80434970745403
0.871575196275692,1.50762613990683
0.871575196275692,1.67290294683996
0.871575196275692,1.67290294683996
0.871575196275692,1.67290294683996
0.871575196275692,1.51467962591729
0.871575196275692,1.51467962591729
0.871575196275692,1.51467962591729
0.871575196275692,1.51467962591729
0.871575196275692,1.51467962591729
0.871575196275692,1.51467962591729
0.871575196275692,1.51467962591729
0.965534307396564,1.51467962591729
0.965534307396564,1.51467962591729
0.965534307396564,1.51467962591729
0.965534307396564,1.51467962591729
0.88715608405916,1.51467962591729
0.88715608405916,1.46964464314328
0.88715608405916,1.46964464314328
0.883736148255275,1.46964464314328
0.883736148255275,1.46964464314328
0.883736148255275,1.46964464314328
0.812218571368891,1.46964464314328
0.812218571368891,1.46964464314328
0.812218571368891,1.45651602613107
0.988710580649444,1.45651602613107
0.988710580649444,1.45651602613107
0.988710580649444,1.45651602613107
0.988710580649444,1.45651602613107
0.988710580649444,1.45651602613107
0.988710580649444,1.45651602613107
0.988710580649444,1.45651602613107
0.988710580649444,1.45651602613107
0.988710580649444,1.47936450253896
0.988710580649444,1.47936450253896
0.988710580649444,1.47936450253896
0.896967894122345,1.47936450253896
0.896967894122345,1.47936450253896
0.896967894122345,1.47936450253896
0.896967894122345,1.47936450253896
0.896967894122345,1.47936450253896
0.896967894122345,1.47936450253896
0.896967894122345,1.47936450253896
0.819740935618777,1.47936450253896
0.843590268842337,1.47936450253896
0.843590268842337,1.23201858631348
0.843590268842337,1.23201858631348
0.843590268842337,1.23201858631348
0.810628969997133,1.23201858631348
0.810628969997133,1.23201858631348
0.810628969997133,1.23201858631348
0.91473933624137,1.14929287878372
0.91473933624137,1.14929287878372
0.91473933624137,1.14929287878372
0.91473933624137,1.14929287878372
0.91473933624137,1.14929287878372
0.91473933624137,1.14929287878372
0.8775684711299,1.14929287878372
0.8775684711299,1.14929287878372
0.8775684711299,1.14929287878372
0.8775684711299,1.14929287878372
0.8775684711299,1.14929287878372
0.8775684711299,1.14929287878372
0.8775684711299,1.14929287878372
0.8775684711299,1.14929287878372
0.8775684711299,1.14929287878372
0.8775684711299,1.14929287878372
0.8775684711299,1.16777983305262
0.82837947576471,1.16777983305262
0.960359045544573,1.16777983305262
0.960359045544573,1.16777983305262
0.960359045544573,1.16777983305262
0.960359045544573,1.16777983305262
0.960359045544573,1.16777983305262
0.960359045544573,1.16777983305262
0.960359045544573,1.16777983305262
0.960359045544573,1.16777983305262
0.960359045544573,1.16777983305262
0.960359045544573,1.16777983305262
0.960359045544573,1.16777983305262
0.889750473488379,1.16777983305262
0.889750473488379,1.16777983305262
0.889750473488379,1.16777983305262
0.889750473488379,1.16777983305262
0.889750473488379,1.51371037669326
0.889750473488379,1.51371037669326
0.889750473488379,1.51371037669326
0.889750473488379,1.51371037669326
0.889750473488379,1.51371037669326
0.889750473488379,1.51371037669326
0.889750473488379,1.51371037669326
0.889750473488379,1.51371037669326
0.889750473488379,1.51371037669326
0.889750473488379,1.51371037669326
0.889750473488379,1.51371037669326
0.889750473488379,1.51371037669326
0.889750473488379,1.51371037669326
0.889750473488379,1.51371037669326
0.889750473488379,1.51371037669326
0.889750473488379,1.51371037669326
0.889750473488379,1.51371037669326
0.889750473488379,1.51371037669326
0.889750473488379,1.51371037669326
0.889750473488379,1.23804039171975
0.889750473488379,1.23804039171975
0.889750473488379,1.23804039171975
0.889750473488379,1.23804039171975
0.889750473488379,1.23804039171975
0.889750473488379,1.23804039171975
0.880705178506774,1.23804039171975
0.880705178506774,1.23804039171975
0.880705178506774,1.23804039171975
0.880705178506774,1.23804039171975
0.880705178506774,1.23804039171975
0.880705178506774,1.23804039171975
0.880705178506774,1.23804039171975
0.880705178506774,1.23804039171975
0.880705178506774,1.23804039171975
1.01777934192688,1.23804039171975
1.01777934192688,1.23804039171975
0.898219022177994,1.23804039171975
0.898219022177994,1.23804039171975
0.898219022177994,1.23804039171975
0.898219022177994,1.23804039171975
0.898219022177994,1.23804039171975
0.898219022177994,1.23804039171975
0.898219022177994,1.23804039171975
0.898219022177994,1.23804039171975
0.898219022177994,1.23804039171975
0.898219022177994,1.23804039171975
0.898219022177994,1.23804039171975
1.0315072028591,1.25972394088501
1.0315072028591,1.25066756470331
0.965156850776897,1.25066756470331
0.965156850776897,1.25066756470331
0.965156850776897,1.25066756470331
0.965156850776897,1.25066756470331
0.965156850776897,1.25066756470331
0.965156850776897,1.25066756470331
0.965156850776897,1.53357799486356
0.965156850776897,1.53357799486356
0.965156850776897,1.53357799486356
0.965156850776897,1.53357799486356
0.965156850776897,1.09234070101347
0.965156850776897,1.09234070101347
0.965156850776897,1.09234070101347
0.965156850776897,1.09234070101347
0.965156850776897,1.09234070101347
0.965156850776897,1.12652962938354
0.965156850776897,1.12652962938354
0.965156850776897,1.12652962938354
0.965156850776897,1.12652962938354
0.965156850776897,1.12652962938354
0.965156850776897,1.12652962938354
0.965156850776897,1.32126259550187
0.965156850776897,1.32126259550187
0.965156850776897,1.32126259550187
0.965156850776897,1.32126259550187
0.965156850776897,1.2898757472841
0.965156850776897,1.2898757472841
0.965156850776897,1.62722605278168
0.965156850776897,1.62722605278168
0.965156850776897,1.62722605278168
0.965156850776897,1.62722605278168
0.965156850776897,1.62722605278168
0.965156850776897,1.60763150392719
0.965156850776897,1.60763150392719
0.965156850776897,1.60763150392719
0.965156850776897,1.60763150392719
0.965156850776897,1.40422313660041
0.965156850776897,1.40422313660041
0.965156850776897,1.40422313660041
0.965156850776897,1.40422313660041
1.11433778530767,1.40422313660041
1.11433778530767,1.40422313660041
1.11433778530767,1.40422313660041
1.11433778530767,1.40422313660041
1.10484331433914,1.40422313660041
1.10484331433914,1.40422313660041
0.869856201322387,1.40422313660041
0.869856201322387,1.40422313660041
0.869856201322387,1.40422313660041
0.817676563531621,1.52146220368017
0.817676563531621,1.52146220368017
0.817676563531621,1.52146220368017
0.817676563531621,1.66094554227016
0.817676563531621,1.60311898670837
0.817676563531621,1.60311898670837
0.817676563531621,1.60311898670837
0.817676563531621,1.60311898670837
0.817676563531621,1.60311898670837
0.817676563531621,1.60311898670837
0.817676563531621,1.60311898670837
0.817676563531621,1.60311898670837
1.19804657280841,1.60311898670837
1.19804657280841,1.60311898670837
1.00672992014004,1.67098435318012
1.00672992014004,1.53573169766284
1.00672992014004,1.53573169766284
1.00672992014004,1.53573169766284
1.01008952110706,1.53573169766284
1.01008952110706,1.53573169766284
1.01008952110706,1.53573169766284
1.01008952110706,1.53573169766284
1.01008952110706,1.53573169766284
1.01008952110706,1.53573169766284
1.01008952110706,1.53573169766284
1.01008952110706,1.53573169766284
1.01008952110706,1.53573169766284
1.01008952110706,1.53573169766284
1.01008952110706,1.53573169766284
0.901882333820226,1.53573169766284
0.901882333820226,1.53573169766284
0.901882333820226,1.31761154666614
0.901882333820226,1.31761154666614
0.901882333820226,1.31761154666614
0.901882333820226,1.66792743663769
0.901882333820226,1.39460702072441
0.901882333820226,1.39460702072441
0.901882333820226,1.39460702072441
0.901882333820226,1.39460702072441
0.901882333820226,1.39460702072441
0.901882333820226,1.39460702072441
0.901882333820226,1.57891986518565
0.901882333820226,1.57891986518565
0.901882333820226,1.57891986518565
0.901882333820226,1.18030269662605
0.901882333820226,1.30304432203731
0.901882333820226,1.30304432203731
0.901882333820226,1.30304432203731
0.901882333820226,1.30304432203731
0.901882333820226,1.30304432203731
0.901882333820226,1.30304432203731
0.901882333820226,1.30304432203731
0.901882333820226,1.30304432203731
0.901882333820226,1.30304432203731
0.901882333820226,1.36498526722344
0.901882333820226,1.36498526722344
0.901882333820226,1.36498526722344
0.901882333820226,1.36498526722344
0.901882333820226,1.35474627762061
0.901882333820226,1.35474627762061
0.901882333820226,1.35474627762061
0.901882333820226,1.35474627762061
0.901882333820226,1.35474627762061
0.901882333820226,1.35474627762061
0.901882333820226,1.35474627762061
0.901882333820226,1.30336736254385
0.901882333820226,1.30336736254385
0.901882333820226,1.30336736254385
0.901882333820226,1.30336736254385
0.901882333820226,1.30336736254385
0.901882333820226,1.30336736254385
0.901882333820226,1.30336736254385
0.901882333820226,1.30336736254385
0.901882333820226,1.30336736254385
0.901882333820226,1.15088100767866
0.881514219635872,1.15088100767866
0.881514219635872,1.15088100767866
0.921374588238763,1.15088100767866
0.921374588238763,1.15088100767866
0.921374588238763,1.15088100767866
0.921374588238763,1.15088100767866
0.921374588238763,1.15088100767866
0.921374588238763,1.15088100767866
0.93673250043812,1.16065426857207
0.93673250043812,1.16065426857207
0.93673250043812,1.16065426857207
0.93673250043812,1.16065426857207
0.93673250043812,1.16065426857207
0.93673250043812,1.16065426857207
0.93673250043812,1.16065426857207
0.93673250043812,1.16065426857207
0.93673250043812,1.16065426857207
0.93673250043812,1.16065426857207
0.93673250043812,1.16065426857207
0.93673250043812,1.16065426857207
0.908226039715645,1.16065426857207
0.908226039715645,1.16065426857207
0.908226039715645,1.16065426857207
0.908226039715645,1.24191241212595
1.14220200958898,1.16643941159842
1.14220200958898,1.16643941159842
1.14220200958898,1.16643941159842
1.14220200958898,1.16643941159842
1.14220200958898,1.16643941159842
1.14220200958898,1.16643941159842
1.14220200958898,1.16643941159842
1.14220200958898,1.16643941159842
1.14220200958898,1.16643941159842
1.14220200958898,1.16643941159842
1.14220200958898,1.16643941159842
1.14220200958898,1.48357480842265
1.14220200958898,1.48357480842265
1.07563481374003,1.48357480842265
1.07563481374003,1.18672221430797
1.07563481374003,1.18672221430797
1.07563481374003,1.18672221430797
1.09360600984309,1.18672221430797
1.09360600984309,1.18672221430797
1.09360600984309,1.18672221430797
1.09360600984309,1.18672221430797
1.09360600984309,1.18672221430797
1.09360600984309,1.18672221430797
1.09360600984309,1.18672221430797
1.09360600984309,1.18672221430797
1.09360600984309,1.18672221430797
1.09360600984309,1.18672221430797
1.09360600984309,1.18672221430797
1.09360600984309,1.18672221430797
1.09360600984309,1.18672221430797
1.09360600984309,1.18672221430797
1.09360600984309,1.18672221430797
1.09360600984309,1.18672221430797
1.09360600984309,1.18672221430797
1.09360600984309,1.18672221430797
1.09360600984309,1.18672221430797
1.09360600984309,1.18672221430797
1.09360600984309,1.18672221430797
1.09360600984309,1.18672221430797
1.09360600984309,1.18672221430797
1.09360600984309,1.18672221430797
1.11843752107824,1.18672221430797
1.11843752107824,1.45255299428002
1.11843752107824,1.45255299428002
1.11843752107824,1.45255299428002
1.11843752107824,1.45255299428002
1.11843752107824,1.21274630255927
1.11843752107824,1.21274630255927
1.11843752107824,1.18687600080551
0.965672606256573,1.18687600080551
0.965672606256573,1.18687600080551
0.965672606256573,1.18687600080551
0.965672606256573,1.18687600080551
0.965672606256573,1.18687600080551
0.965672606256573,1.18687600080551
0.965672606256573,1.18687600080551
0.965672606256573,1.18687600080551
0.965672606256573,1.40178089023052
0.965672606256573,1.34280787596743
0.965672606256573,1.34280787596743
0.965672606256573,1.34280787596743
0.965672606256573,1.34280787596743
0.965672606256573,1.34280787596743
0.965672606256573,1.34280787596743
0.965672606256573,1.34280787596743
0.965672606256573,1.34280787596743
0.965672606256573,1.38448365090842
0.973283774594473,1.38448365090842
0.973283774594473,1.38448365090842
0.973283774594473,1.38448365090842
0.973283774594473,1.38448365090842
0.973283774594473,1.38448365090842
0.973283774594473,1.38448365090842
0.905637705689749,1.38448365090842
0.905637705689749,1.38448365090842
0.905637705689749,1.38448365090842
0.913853369098749,1.38448365090842
0.913853369098749,1.38448365090842
0.913853369098749,1.38448365090842
0.913853369098749,1.38448365090842
0.913853369098749,1.38448365090842
0.913853369098749,1.38448365090842
0.913853369098749,1.38448365090842
0.913853369098749,1.38448365090842
0.913853369098749,1.38448365090842
0.913853369098749,1.38448365090842
0.913853369098749,1.38448365090842
0.913853369098749,1.38448365090842
0.913853369098749,1.38448365090842
0.913853369098749,1.38448365090842
0.913853369098749,1.38448365090842
0.913853369098749,1.38448365090842
0.913853369098749,1.19059595861587
0.913853369098749,1.19059595861587
0.913853369098749,1.19059595861587
0.913853369098749,1.19059595861587
1.02362174737798,1.19059595861587
1.02362174737798,1.19059595861587
1.02362174737798,1.19059595861587
1.02362174737798,1.19059595861587
1.02362174737798,1.19059595861587
1.02362174737798,1.19059595861587
1.02362174737798,1.19059595861587
1.02362174737798,1.19059595861587
1.02362174737798,1.19059595861587
1.02362174737798,1.19059595861587
1.02362174737798,1.19059595861587
1.02362174737798,1.19059595861587
1.02362174737798,1.19059595861587
1.02362174737798,1.19059595861587
1.02362174737798,1.19059595861587
1.02362174737798,1.19059595861587
1.02362174737798,1.19059595861587
1.02362174737798,1.19059595861587
1.02362174737798,1.19059595861587
1.02362174737798,1.19059595861587
1.02362174737798,1.19059595861587
1.02362174737798,1.19059595861587
1.14361338592721,1.19059595861587
0.955769648046246,1.19059595861587
0.955769648046246,1.19059595861587
0.955769648046246,1.16443739977649
0.852479772738109,1.16443739977649
0.852479772738109,1.16443739977649
0.886231883012491,1.16443739977649
0.886231883012491,1.16443739977649
0.886231883012491,1.16443739977649
0.886231883012491,1.16443739977649
0.904944519971785,1.1589586608606
0.904944519971785,1.1589586608606
0.904944519971785,1.1589586608606
0.904944519971785,1.50919796158709
0.904944519971785,1.50919796158709
1.06034253539955,1.50919796158709
1.06034253539955,1.50919796158709
1.06034253539955,1.50919796158709
1.06034253539955,1.03068685991225
1.06034253539955,1.03068685991225
0.987764687371949,1.03068685991225
0.987764687371949,1.01163359237189
0.987764687371949,1.04097277373117
0.987764687371949,1.04097277373117
0.987764687371949,1.04097277373117
0.987764687371949,1.11907364899772
0.987764687371949,1.28872306317718
0.987764687371949,1.28872306317718
0.987764687371949,1.28872306317718
0.987764687371949,1.17025674337541
0.974109695331234,1.17025674337541
0.974109695331234,1.17025674337541
0.974109695331234,1.17025674337541
0.974109695331234,1.17025674337541
0.974109695331234,1.17025674337541
0.864802188238625,1.17025674337541
0.905716762340278,1.17025674337541
0.905716762340278,1.17025674337541
0.905716762340278,1.17025674337541
0.905716762340278,1.17025674337541
0.905716762340278,1.24450927649912
0.905716762340278,1.24450927649912
0.905716762340278,1.23340388515483
0.905716762340278,1.23340388515483
0.905716762340278,1.23340388515483
0.905716762340278,1.23340388515483
0.905716762340278,1.02298077343649
0.905716762340278,1.02298077343649
0.905716762340278,1.02298077343649
0.905716762340278,1.02298077343649
0.905716762340278,1.02298077343649
0.905716762340278,1.02298077343649
0.905716762340278,1.02298077343649
0.905716762340278,1.02298077343649
0.905716762340278,1.02298077343649
0.905716762340278,1.02298077343649
0.905716762340278,1.02298077343649
0.905716762340278,1.02298077343649
0.905716762340278,1.20713764735678
0.905716762340278,1.20713764735678
0.905716762340278,1.20713764735678
0.905716762340278,1.20713764735678
1.04795543977199,1.20713764735678
1.04795543977199,1.20713764735678
1.04795543977199,1.20713764735678
0.911257553837727,1.20713764735678
0.911257553837727,1.20713764735678
0.911257553837727,1.20713764735678
0.911257553837727,1.20713764735678
0.911257553837727,1.20713764735678
0.911257553837727,1.20713764735678
0.911257553837727,1.20713764735678
0.911257553837727,1.20713764735678
0.911257553837727,1.20713764735678
1.07848823393627,1.20713764735678
1.07848823393627,1.20713764735678
1.07848823393627,1.20713764735678
1.07848823393627,1.20713764735678
1.07848823393627,1.20713764735678
1.07848823393627,1.20713764735678
1.07848823393627,1.23534955382072
1.05742939302432,1.23534955382072
1.05742939302432,1.23534955382072
0.840128655469242,1.1965808696262
0.840128655469242,1.09878705785562
0.840128655469242,1.09878705785562
0.840128655469242,1.73944953847198
0.840128655469242,1.73944953847198
0.819583352674795,1.73944953847198
0.819583352674795,1.73944953847198
0.819583352674795,1.73944953847198
0.819583352674795,1.73944953847198
0.819583352674795,1.39525796814341
0.819583352674795,1.39525796814341
0.819583352674795,1.39525796814341
0.819583352674795,1.4834244274235
0.968779059196839,1.4834244274235
0.968779059196839,1.4834244274235
0.968779059196839,1.54943952259865
0.968779059196839,1.54943952259865
0.968779059196839,1.54943952259865
0.968779059196839,1.54943952259865
0.968779059196839,1.54943952259865
0.968779059196839,1.54943952259865
0.968779059196839,1.54943952259865
0.968779059196839,1.54943952259865
0.968779059196839,1.54943952259865
0.968779059196839,1.32982538260852
0.968779059196839,1.32982538260852
0.968779059196839,1.32982538260852
0.957565590445547,1.32982538260852
0.957565590445547,1.32982538260852
0.957565590445547,1.32982538260852
0.957565590445547,1.35891525258722
0.957565590445547,1.35891525258722
0.957565590445547,1.35891525258722
0.957565590445547,1.35891525258722
1.09141510599875,1.36150442887626
1.09141510599875,1.36150442887626
1.09141510599875,1.36150442887626
1.09141510599875,1.36150442887626
0.98905318822823,1.36150442887626
0.98905318822823,1.36150442887626
0.98905318822823,1.36150442887626
0.98905318822823,1.36150442887626
0.98905318822823,1.36150442887626
0.98905318822823,1.36150442887626
0.98905318822823,1.36150442887626
0.98905318822823,1.36150442887626
0.963415250430785,1.36150442887626
0.963415250430785,1.36150442887626
1.04503474731959,1.36150442887626
1.02016444237625,1.36150442887626
1.13801766392227,1.69080165199265
1.00722078507975,1.69080165199265
1.00722078507975,1.69080165199265
1.00722078507975,1.69080165199265
0.965019926947722,1.22118961021401
0.965019926947722,1.22118961021401
0.965019926947722,1.22118961021401
0.965019926947722,1.22118961021401
0.965019926947722,1.22118961021401
0.965019926947722,1.22118961021401
1.05743816099008,1.22118961021401
1.05743816099008,1.22118961021401
1.05743816099008,1.22118961021401
1.05743816099008,1.22118961021401
