"V1","V2","V3","V4"
1,2.98039989850586,1.24933309627487,1.28035495862447
3.32651873643764,2.98039989850586,1.58573580370495,2.21145989041806
3.32651873643764,2.98039989850586,1.58573580370495,2.5062220718239
2.84491592701802,2.98039989850586,1.95816455475828,2.5062220718239
2.84491592701802,2.98039989850586,1.95816455475828,2.85832149878945
2.84491592701802,2.98039989850586,1.38630436886059,2.85832149878945
2.38298074498334,2.21984240376702,1.35620222878016,2.85832149878945
2.38298074498334,2.0892607622989,1.35620222878016,2.85832149878945
2.38298074498334,2.0892607622989,1.35620222878016,1.69020486089663
2.38298074498334,1.99024550412643,1.35620222878016,1.69020486089663
2.03220283354504,1.99024550412643,1.35620222878016,1.69020486089663
2.03220283354504,1.75265977851274,0.606055008665859,1.69020486089663
2.03220283354504,1.34525710073698,0.606055008665859,1.69020486089663
2.03220283354504,1.34525710073698,0.755867512791045,1.69020486089663
1.16764470127889,1.34525710073698,0.755867512791045,1.31438291797708
1.16764470127889,1.34525710073698,0.755867512791045,1.31438291797708
1.16764470127889,1.34525710073698,0.755867512791045,1.31438291797708
1.16764470127889,1.34525710073698,0.755867512791045,1.31438291797708
0.784321125013847,1.34525710073698,0.755867512791045,1.31438291797708
0.784321125013847,1.34525710073698,0.755867512791045,1.09856045704464
0.784321125013847,1.34525710073698,0.755867512791045,1.09856045704464
0.784321125013847,1.34525710073698,0.755867512791045,1.09856045704464
0.784321125013847,1.34525710073698,0.755867512791045,1.09856045704464
0.784321125013847,1.34525710073698,0.755867512791045,1.09856045704464
0.756185421704826,1.34525710073698,0.755867512791045,1.09856045704464
0.756185421704826,1.35768967355538,0.755867512791045,1.09856045704464
0.756185421704826,1.35768967355538,0.755867512791045,1.09856045704464
0.756185421704826,1.35768967355538,0.755867512791045,1.09856045704464
0.756185421704826,1.2184762848261,0.755867512791045,1.09856045704464
0.756185421704826,0.858959067300422,0.755867512791045,1.09856045704464
0.756185421704826,0.858959067300422,0.755867512791045,0.651206448807677
0.756185421704826,0.858959067300422,0.755867512791045,0.651206448807677
0.756185421704826,0.858959067300422,0.755867512791045,0.651206448807677
0.756185421704826,0.858959067300422,0.755867512791045,0.651206448807677
0.756185421704826,0.858959067300422,0.755867512791045,0.651206448807677
0.756185421704826,0.858959067300422,0.755867512791045,0.651206448807677
0.756185421704826,0.858959067300422,0.755867512791045,0.651206448807677
0.756185421704826,0.858959067300422,0.755867512791045,0.651206448807677
0.756185421704826,0.858959067300422,0.692843884194638,0.587252717822261
0.756185421704826,0.858959067300422,0.692843884194638,0.587252717822261
0.756185421704826,0.858959067300422,0.692843884194638,0.587252717822261
0.756185421704826,0.858959067300422,0.692843884194638,0.587252717822261
0.756185421704826,0.858959067300422,0.692843884194638,0.587252717822261
0.756185421704826,0.858959067300422,0.623069101786637,0.587252717822261
0.756185421704826,0.858959067300422,0.623069101786637,0.587252717822261
0.756185421704826,0.626274454020273,0.623069101786637,0.587252717822261
0.756185421704826,0.626274454020273,0.623069101786637,0.587252717822261
0.756185421704826,0.626274454020273,0.623069101786637,0.587252717822261
0.756185421704826,0.626274454020273,0.623069101786637,0.587252717822261
0.722207235790126,0.626274454020273,0.623069101786637,0.587252717822261
0.722207235790126,0.6000388634266,0.623069101786637,0.587252717822261
0.722207235790126,0.6000388634266,0.623069101786637,0.587252717822261
0.722207235790126,0.6000388634266,0.623069101786637,0.587252717822261
0.722207235790126,0.612414075713968,0.512130453950267,0.587252717822261
0.722207235790126,0.612414075713968,0.512130453950267,0.551318840945907
0.659684835898546,0.612414075713968,0.512130453950267,0.551318840945907
0.659684835898546,0.612414075713968,0.512130453950267,0.551318840945907
0.659684835898546,0.612414075713968,0.401108657806754,0.551318840945907
0.659684835898546,0.612414075713968,0.401108657806754,0.551318840945907
0.659684835898546,0.612414075713968,0.401108657806754,0.551318840945907
0.659684835898546,0.612414075713968,0.401108657806754,0.552649390816395
0.648344799752529,0.612414075713968,0.401108657806754,0.552649390816395
0.648344799752529,0.612414075713968,0.332126213219098,0.552649390816395
0.648344799752529,0.612414075713968,0.332126213219098,0.552649390816395
0.648344799752529,0.612414075713968,0.332126213219098,0.552649390816395
0.648344799752529,0.612414075713968,0.332126213219098,0.552649390816395
0.648344799752529,0.612414075713968,0.332126213219098,0.552649390816395
0.648344799752529,0.612414075713968,0.332126213219098,0.552649390816395
0.648344799752529,0.612414075713968,0.332126213219098,0.552649390816395
0.648344799752529,0.612414075713968,0.332126213219098,0.552649390816395
0.648344799752529,0.612414075713968,0.332126213219098,0.552649390816395
0.648344799752529,0.335003734051341,0.332126213219098,0.552649390816395
0.648344799752529,0.361343072093606,0.332126213219098,0.552649390816395
0.648344799752529,0.361343072093606,0.332126213219098,0.552649390816395
0.522906354406925,0.361343072093606,0.306310073841746,0.552649390816395
0.522906354406925,0.338326527982674,0.306310073841746,0.552649390816395
0.522906354406925,0.338326527982674,0.306310073841746,0.552649390816395
0.512517920738384,0.338326527982674,0.306310073841746,0.552649390816395
0.512517920738384,0.338326527982674,0.306310073841746,0.552649390816395
0.512517920738384,0.338326527982674,0.306310073841746,0.552649390816395
0.512517920738384,0.338326527982674,0.306310073841746,0.552649390816395
0.512517920738384,0.338326527982674,0.306310073841746,0.552649390816395
0.512517920738384,0.338326527982674,0.306310073841746,0.552649390816395
0.512517920738384,0.338326527982674,0.306310073841746,0.552649390816395
0.432724412143778,0.338326527982674,0.306310073841746,0.552649390816395
0.432724412143778,0.338326527982674,0.306310073841746,0.552649390816395
0.432724412143778,0.338326527982674,0.306310073841746,0.552649390816395
0.432724412143778,0.338326527982674,0.306310073841746,0.552649390816395
0.432724412143778,0.338326527982674,0.306310073841746,0.552649390816395
0.432724412143778,0.338326527982674,0.306310073841746,0.552649390816395
0.432724412143778,0.338326527982674,0.306310073841746,0.552649390816395
0.432724412143778,0.338326527982674,0.306310073841746,0.566770819268825
0.432724412143778,0.338326527982674,0.306310073841746,0.566770819268825
0.432724412143778,0.338326527982674,0.306310073841746,0.566770819268825
0.432724412143778,0.277683824454797,0.306310073841746,0.566770819268825
0.432724412143778,0.277683824454797,0.306310073841746,0.566770819268825
0.432724412143778,0.277683824454797,0.306310073841746,0.566770819268825
0.423155387779818,0.277683824454797,0.306310073841746,0.566770819268825
0.423155387779818,0.277683824454797,0.306310073841746,0.566770819268825
0.423155387779818,0.277683824454797,0.306310073841746,0.566770819268825
0.423155387779818,0.277683824454797,0.306310073841746,0.566770819268825
0.423155387779818,0.277683824454797,0.288266787741995,0.566770819268825
0.423155387779818,0.277683824454797,0.288266787741995,0.566770819268825
0.423155387779818,0.277683824454797,0.288266787741995,0.566770819268825
0.350111230127952,0.277683824454797,0.288266787741995,0.566770819268825
0.350111230127952,0.329640804240726,0.288266787741995,0.566770819268825
0.350111230127952,0.329640804240726,0.288266787741995,0.566770819268825
0.350111230127952,0.329640804240726,0.288266787741995,0.566770819268825
0.350111230127952,0.329640804240726,0.288266787741995,0.566770819268825
0.350111230127952,0.329640804240726,0.288266787741995,0.566770819268825
0.350111230127952,0.329640804240726,0.288266787741995,0.566770819268825
0.350111230127952,0.329640804240726,0.288266787741995,0.566770819268825
0.350111230127952,0.329640804240726,0.288266787741995,0.566770819268825
0.350111230127952,0.329640804240726,0.288266787741995,0.482349649205281
0.350111230127952,0.329640804240726,0.288266787741995,0.482349649205281
0.362857991873941,0.329640804240726,0.288266787741995,0.482349649205281
0.362857991873941,0.329640804240726,0.288266787741995,0.482349649205281
0.362857991873941,0.329640804240726,0.288266787741995,0.482349649205281
0.362857991873941,0.329640804240726,0.288266787741995,0.482349649205281
0.362857991873941,0.329640804240726,0.2595826417295,0.482349649205281
0.362857991873941,0.329640804240726,0.2595826417295,0.482349649205281
0.362857991873941,0.329640804240726,0.2595826417295,0.482349649205281
0.362857991873941,0.329640804240726,0.2595826417295,0.482349649205281
0.362857991873941,0.329640804240726,0.2595826417295,0.482349649205281
0.362857991873941,0.329640804240726,0.2595826417295,0.482349649205281
0.362857991873941,0.329640804240726,0.2595826417295,0.482349649205281
0.362857991873941,0.329640804240726,0.2595826417295,0.482349649205281
0.362857991873941,0.272142389423698,0.2595826417295,0.482349649205281
0.363452491642857,0.272142389423698,0.2595826417295,0.482349649205281
0.363452491642857,0.272142389423698,0.2595826417295,0.482349649205281
0.259832231175206,0.272142389423698,0.2595826417295,0.482349649205281
0.259832231175206,0.272142389423698,0.2595826417295,0.482349649205281
0.259832231175206,0.272142389423698,0.2595826417295,0.482349649205281
0.259832231175206,0.272142389423698,0.2595826417295,0.482349649205281
0.259832231175206,0.272142389423698,0.2595826417295,0.482349649205281
0.259832231175206,0.272142389423698,0.2595826417295,0.482349649205281
0.259832231175206,0.272142389423698,0.2595826417295,0.482349649205281
0.259832231175206,0.272142389423698,0.2595826417295,0.403152733225405
0.259832231175206,0.272142389423698,0.2595826417295,0.403152733225405
0.259832231175206,0.272142389423698,0.2595826417295,0.403152733225405
0.259832231175206,0.272142389423698,0.2595826417295,0.403152733225405
0.259832231175206,0.236959601299611,0.2595826417295,0.403152733225405
0.259832231175206,0.236959601299611,0.2595826417295,0.403152733225405
0.259832231175206,0.251665238453048,0.2595826417295,0.403152733225405
0.259832231175206,0.251665238453048,0.227401122606132,0.403152733225405
0.259832231175206,0.251665238453048,0.227401122606132,0.403152733225405
0.259832231175206,0.251665238453048,0.227401122606132,0.403152733225405
0.259832231175206,0.251665238453048,0.227401122606132,0.403152733225405
0.259832231175206,0.251665238453048,0.227401122606132,0.403152733225405
0.259832231175206,0.251665238453048,0.227401122606132,0.403152733225405
0.259832231175206,0.251665238453048,0.227401122606132,0.403152733225405
0.263968550622985,0.20640746645051,0.227401122606132,0.403152733225405
0.263968550622985,0.20640746645051,0.227401122606132,0.403152733225405
0.263968550622985,0.20640746645051,0.227401122606132,0.403152733225405
0.263968550622985,0.20640746645051,0.227401122606132,0.323619036423306
0.263968550622985,0.20640746645051,0.227401122606132,0.323619036423306
0.263968550622985,0.20640746645051,0.227401122606132,0.323619036423306
0.263968550622985,0.20640746645051,0.227401122606132,0.323619036423306
0.263968550622985,0.20640746645051,0.227401122606132,0.323619036423306
0.263968550622985,0.20640746645051,0.227401122606132,0.323619036423306
0.263968550622985,0.20640746645051,0.227401122606132,0.323619036423306
0.263968550622985,0.20640746645051,0.227401122606132,0.323619036423306
0.263968550622985,0.20640746645051,0.227401122606132,0.323619036423306
0.263968550622985,0.20640746645051,0.227401122606132,0.323619036423306
0.263968550622985,0.20640746645051,0.227401122606132,0.323619036423306
0.263968550622985,0.20640746645051,0.227401122606132,0.323619036423306
0.263968550622985,0.20640746645051,0.227401122606132,0.323619036423306
0.263968550622985,0.20640746645051,0.227401122606132,0.323619036423306
0.263968550622985,0.20640746645051,0.227401122606132,0.323619036423306
0.263968550622985,0.20640746645051,0.227401122606132,0.323619036423306
0.263968550622985,0.191481291204716,0.227401122606132,0.323619036423306
0.263968550622985,0.191481291204716,0.227401122606132,0.323619036423306
0.263968550622985,0.191481291204716,0.227401122606132,0.323619036423306
0.263968550622985,0.191481291204716,0.227401122606132,0.323619036423306
0.263968550622985,0.191481291204716,0.200168649727265,0.323619036423306
0.263968550622985,0.18595649728875,0.200168649727265,0.323619036423306
0.263968550622985,0.18595649728875,0.200168649727265,0.323619036423306
0.25757806154624,0.18595649728875,0.200168649727265,0.323619036423306
0.25757806154624,0.18595649728875,0.184831152757914,0.323619036423306
0.25757806154624,0.18595649728875,0.184831152757914,0.323619036423306
0.25757806154624,0.18595649728875,0.184831152757914,0.323619036423306
0.25757806154624,0.18595649728875,0.184831152757914,0.323619036423306
0.25757806154624,0.18595649728875,0.184831152757914,0.323619036423306
0.25757806154624,0.18595649728875,0.184831152757914,0.323619036423306
0.25757806154624,0.162446702391684,0.184831152757914,0.323619036423306
0.25757806154624,0.162446702391684,0.184831152757914,0.323619036423306
0.25757806154624,0.162446702391684,0.184831152757914,0.323619036423306
0.25757806154624,0.162446702391684,0.184831152757914,0.323619036423306
0.25757806154624,0.162446702391684,0.184831152757914,0.323619036423306
0.25757806154624,0.162446702391684,0.184831152757914,0.26762059779907
0.25757806154624,0.160972792578997,0.184831152757914,0.26762059779907
0.25757806154624,0.160972792578997,0.184831152757914,0.26762059779907
0.25757806154624,0.160972792578997,0.184831152757914,0.26762059779907
0.25757806154624,0.160972792578997,0.184831152757914,0.26762059779907
0.25757806154624,0.160972792578997,0.184831152757914,0.26762059779907
0.25757806154624,0.160972792578997,0.184831152757914,0.26762059779907
0.25757806154624,0.160972792578997,0.184831152757914,0.26762059779907
0.25757806154624,0.160972792578997,0.184831152757914,0.26762059779907
0.25757806154624,0.160972792578997,0.184831152757914,0.26762059779907
0.25757806154624,0.160972792578997,0.184831152757914,0.26762059779907
0.25757806154624,0.160972792578997,0.184831152757914,0.26762059779907
0.25757806154624,0.160972792578997,0.184831152757914,0.26762059779907
0.25757806154624,0.160972792578997,0.184831152757914,0.26762059779907
0.25757806154624,0.160972792578997,0.184831152757914,0.26762059779907
0.25757806154624,0.148630910379795,0.184831152757914,0.26762059779907
0.25757806154624,0.148630910379795,0.184831152757914,0.26762059779907
0.246197576920855,0.148630910379795,0.184831152757914,0.26762059779907
0.246197576920855,0.148630910379795,0.184831152757914,0.26762059779907
0.246197576920855,0.148630910379795,0.184831152757914,0.238072388214125
0.246197576920855,0.148630910379795,0.184831152757914,0.238072388214125
0.246197576920855,0.148630910379795,0.184831152757914,0.238072388214125
0.246197576920855,0.148630910379795,0.184831152757914,0.238072388214125
0.246197576920855,0.148630910379795,0.184831152757914,0.238072388214125
0.246197576920855,0.148630910379795,0.165442466433237,0.238072388214125
0.246197576920855,0.148630910379795,0.165442466433237,0.223518732061974
0.246197576920855,0.148630910379795,0.165442466433237,0.223518732061974
0.246197576920855,0.148630910379795,0.165442466433237,0.223518732061974
0.246197576920855,0.148630910379795,0.165442466433237,0.223518732061974
0.246197576920855,0.148630910379795,0.165442466433237,0.223518732061974
0.246197576920855,0.148630910379795,0.165442466433237,0.223518732061974
0.246197576920855,0.148630910379795,0.165442466433237,0.223518732061974
0.246197576920855,0.148630910379795,0.165442466433237,0.223518732061974
0.246197576920855,0.148630910379795,0.165442466433237,0.223518732061974
0.246197576920855,0.148630910379795,0.165442466433237,0.223518732061974
0.246197576920855,0.148630910379795,0.165442466433237,0.223518732061974
0.246197576920855,0.148630910379795,0.165442466433237,0.223518732061974
0.246197576920855,0.148630910379795,0.165442466433237,0.223518732061974
0.246197576920855,0.148630910379795,0.165442466433237,0.223518732061974
0.246197576920855,0.148630910379795,0.165442466433237,0.223518732061974
0.246197576920855,0.148630910379795,0.165442466433237,0.223518732061974
0.246197576920855,0.148630910379795,0.165442466433237,0.223518732061974
0.246197576920855,0.148630910379795,0.144445440346287,0.223518732061974
0.246197576920855,0.148630910379795,0.144445440346287,0.223518732061974
0.246197576920855,0.148630910379795,0.144445440346287,0.223518732061974
0.246197576920855,0.148630910379795,0.144445440346287,0.223518732061974
0.246197576920855,0.148630910379795,0.144445440346287,0.223518732061974
0.246197576920855,0.111354618338039,0.144445440346287,0.223518732061974
0.246197576920855,0.111354618338039,0.144445440346287,0.223518732061974
0.233500864800614,0.111354618338039,0.144445440346287,0.236060058118848
0.233500864800614,0.111354618338039,0.144445440346287,0.236060058118848
0.249337880050138,0.111354618338039,0.153408943132964,0.236060058118848
0.249337880050138,0.111354618338039,0.153408943132964,0.236060058118848
0.249337880050138,0.111354618338039,0.153408943132964,0.236060058118848
0.249337880050138,0.111354618338039,0.153408943132964,0.236060058118848
0.249337880050138,0.111354618338039,0.153408943132964,0.239853495855938
0.249337880050138,0.111354618338039,0.153408943132964,0.239853495855938
0.249337880050138,0.111354618338039,0.153408943132964,0.239853495855938
0.249337880050138,0.111354618338039,0.153408943132964,0.239853495855938
0.249337880050138,0.111354618338039,0.153408943132964,0.239853495855938
0.249337880050138,0.111354618338039,0.153408943132964,0.239853495855938
0.249337880050138,0.111354618338039,0.153408943132964,0.183279381393004
0.249337880050138,0.111354618338039,0.153408943132964,0.183279381393004
0.213136640518075,0.111354618338039,0.153408943132964,0.183279381393004
0.213136640518075,0.111354618338039,0.153408943132964,0.183279381393004
0.213136640518075,0.111354618338039,0.153408943132964,0.183279381393004
0.213136640518075,0.111354618338039,0.153408943132964,0.183279381393004
0.213136640518075,0.111354618338039,0.153408943132964,0.183279381393004
0.213136640518075,0.111354618338039,0.153408943132964,0.183279381393004
0.217444341680243,0.111354618338039,0.169984257373961,0.183279381393004
0.217444341680243,0.111354618338039,0.169984257373961,0.183279381393004
0.217444341680243,0.111354618338039,0.169984257373961,0.183279381393004
0.217444341680243,0.111354618338039,0.169984257373961,0.183279381393004
0.217444341680243,0.111354618338039,0.169984257373961,0.183279381393004
0.217444341680243,0.111354618338039,0.169984257373961,0.183279381393004
0.217444341680243,0.111354618338039,0.169984257373961,0.183279381393004
0.217444341680243,0.147007747996143,0.169984257373961,0.183279381393004
0.217444341680243,0.147007747996143,0.169984257373961,0.183279381393004
0.217444341680243,0.147007747996143,0.169984257373961,0.183279381393004
0.217444341680243,0.147007747996143,0.169984257373961,0.183279381393004
0.217444341680243,0.147007747996143,0.169984257373961,0.183279381393004
0.217444341680243,0.147007747996143,0.169984257373961,0.183279381393004
0.217444341680243,0.147007747996143,0.169984257373961,0.165515530722218
0.217444341680243,0.147007747996143,0.169984257373961,0.165515530722218
0.203393636177973,0.147007747996143,0.169984257373961,0.165515530722218
0.203393636177973,0.147007747996143,0.169984257373961,0.165515530722218
0.203393636177973,0.147007747996143,0.169984257373961,0.165515530722218
0.203393636177973,0.147007747996143,0.169984257373961,0.165515530722218
0.203393636177973,0.147007747996143,0.169984257373961,0.165515530722218
0.203393636177973,0.147007747996143,0.169984257373961,0.115817593992941
0.187782002302524,0.147007747996143,0.169984257373961,0.115817593992941
0.187782002302524,0.147007747996143,0.169984257373961,0.115817593992941
0.187782002302524,0.147007747996143,0.169984257373961,0.115817593992941
0.187782002302524,0.147007747996143,0.169984257373961,0.115817593992941
0.187782002302524,0.147007747996143,0.169984257373961,0.115817593992941
0.187782002302524,0.147007747996143,0.169984257373961,0.115817593992941
0.187782002302524,0.137931568767735,0.169984257373961,0.115817593992941
0.187782002302524,0.137931568767735,0.169984257373961,0.115817593992941
0.187782002302524,0.137931568767735,0.169984257373961,0.115817593992941
0.187782002302524,0.137931568767735,0.169984257373961,0.115817593992941
0.187782002302524,0.137931568767735,0.169984257373961,0.115817593992941
0.187782002302524,0.137931568767735,0.169984257373961,0.115817593992941
0.187782002302524,0.142177970346685,0.169600945100458,0.115817593992941
0.187782002302524,0.142177970346685,0.169600945100458,0.115817593992941
0.187782002302524,0.142177970346685,0.169600945100458,0.115817593992941
0.187782002302524,0.142177970346685,0.169600945100458,0.115817593992941
0.187782002302524,0.142177970346685,0.165560089373578,0.115817593992941
0.187782002302524,0.142177970346685,0.165560089373578,0.115817593992941
0.187782002302524,0.142177970346685,0.165560089373578,0.115817593992941
0.187782002302524,0.142177970346685,0.165560089373578,0.115817593992941
0.187782002302524,0.140058975799741,0.165560089373578,0.115817593992941
0.187782002302524,0.140058975799741,0.165560089373578,0.115817593992941
0.187782002302524,0.140058975799741,0.165560089373578,0.115817593992941
0.187782002302524,0.140058975799741,0.165560089373578,0.136206237128172
0.187782002302524,0.140058975799741,0.165560089373578,0.136206237128172
0.187782002302524,0.140058975799741,0.165560089373578,0.136206237128172
0.187782002302524,0.140058975799741,0.17089803599002,0.136206237128172
0.187782002302524,0.140058975799741,0.17089803599002,0.136206237128172
0.187782002302524,0.140058975799741,0.17089803599002,0.136206237128172
0.187782002302524,0.140058975799741,0.17089803599002,0.136206237128172
0.187782002302524,0.140058975799741,0.17089803599002,0.136206237128172
0.187782002302524,0.093799195045243,0.17089803599002,0.136206237128172
0.187782002302524,0.093799195045243,0.17089803599002,0.136206237128172
0.187782002302524,0.093799195045243,0.17089803599002,0.136206237128172
0.187782002302524,0.093799195045243,0.17089803599002,0.136206237128172
0.187782002302524,0.093799195045243,0.149773976918517,0.136206237128172
0.187782002302524,0.093799195045243,0.143583763171466,0.127091006079772
0.187782002302524,0.093799195045243,0.143583763171466,0.127091006079772
0.187782002302524,0.093799195045243,0.143583763171466,0.127091006079772
0.187782002302524,0.093799195045243,0.143583763171466,0.127091006079772
0.187782002302524,0.093799195045243,0.143583763171466,0.127091006079772
0.187782002302524,0.093799195045243,0.143583763171466,0.127091006079772
0.187782002302524,0.093799195045243,0.143583763171466,0.127091006079772
0.187782002302524,0.093799195045243,0.130132069467425,0.127091006079772
0.187782002302524,0.093799195045243,0.130132069467425,0.127091006079772
0.190215688112079,0.093799195045243,0.130132069467425,0.127091006079772
0.190215688112079,0.093799195045243,0.130132069467425,0.127091006079772
0.190215688112079,0.093799195045243,0.130132069467425,0.127091006079772
0.190215688112079,0.093799195045243,0.130132069467425,0.127091006079772
0.190215688112079,0.093799195045243,0.130132069467425,0.127091006079772
0.190215688112079,0.093799195045243,0.130132069467425,0.127091006079772
0.190215688112079,0.093799195045243,0.130132069467425,0.127091006079772
0.190215688112079,0.093799195045243,0.130132069467425,0.127091006079772
0.190215688112079,0.093799195045243,0.130132069467425,0.127091006079772
0.190215688112079,0.093799195045243,0.130132069467425,0.127091006079772
0.190215688112079,0.093799195045243,0.130132069467425,0.127091006079772
0.180598196559417,0.093799195045243,0.130132069467425,0.127091006079772
0.180598196559417,0.093799195045243,0.12225682343941,0.127091006079772
0.180598196559417,0.093799195045243,0.118392247577558,0.127091006079772
0.180598196559417,0.093799195045243,0.118392247577558,0.127091006079772
0.180598196559417,0.093799195045243,0.118392247577558,0.127091006079772
0.180598196559417,0.093799195045243,0.118392247577558,0.127091006079772
0.180598196559417,0.093799195045243,0.118392247577558,0.127091006079772
0.180598196559417,0.093799195045243,0.118392247577558,0.127091006079772
0.180598196559417,0.093799195045243,0.118392247577558,0.127091006079772
0.180598196559417,0.093799195045243,0.118392247577558,0.127091006079772
0.180598196559417,0.093799195045243,0.118392247577558,0.127091006079772
0.180598196559417,0.093799195045243,0.118392247577558,0.101856663697853
0.180598196559417,0.093799195045243,0.118392247577558,0.101856663697853
0.180598196559417,0.093799195045243,0.118392247577558,0.101856663697853
0.180598196559417,0.093799195045243,0.118392247577558,0.101856663697853
0.180598196559417,0.093799195045243,0.118392247577558,0.101856663697853
0.180598196559417,0.093799195045243,0.118392247577558,0.0909891777384198
0.180598196559417,0.093799195045243,0.118392247577558,0.0909891777384198
0.180598196559417,0.093799195045243,0.118392247577558,0.0909891777384198
0.184649335310551,0.093799195045243,0.118392247577558,0.0909891777384198
0.184649335310551,0.093799195045243,0.118392247577558,0.0909891777384198
0.184649335310551,0.093799195045243,0.118392247577558,0.0909891777384198
0.163615459238454,0.093799195045243,0.118392247577558,0.0909891777384198
0.163615459238454,0.093799195045243,0.118392247577558,0.0909891777384198
0.163615459238454,0.120717310972232,0.118392247577558,0.0909891777384198
0.163615459238454,0.120717310972232,0.118392247577558,0.0909891777384198
0.163615459238454,0.120717310972232,0.118392247577558,0.0909891777384198
0.163615459238454,0.120717310972232,0.118392247577558,0.0909891777384198
0.163615459238454,0.120717310972232,0.118392247577558,0.0909891777384198
0.163615459238454,0.120717310972232,0.118392247577558,0.0909891777384198
0.163615459238454,0.120717310972232,0.118392247577558,0.0909891777384198
0.163615459238454,0.120717310972232,0.113816518413144,0.0965675926159639
0.163615459238454,0.120717310972232,0.113816518413144,0.0965675926159639
0.163615459238454,0.120717310972232,0.113816518413144,0.0965675926159639
0.163615459238454,0.120717310972232,0.113816518413144,0.0965675926159639
0.163615459238454,0.120717310972232,0.113816518413144,0.0965675926159639
0.151896197089354,0.120717310972232,0.113816518413144,0.0965675926159639
0.151896197089354,0.120717310972232,0.113816518413144,0.0965675926159639
0.151896197089354,0.120717310972232,0.113816518413144,0.0965675926159639
0.151896197089354,0.120717310972232,0.09784942004179,0.0965675926159639
0.151896197089354,0.120717310972232,0.09784942004179,0.0965675926159639
0.151896197089354,0.120717310972232,0.09784942004179,0.0965675926159639
0.151896197089354,0.120717310972232,0.09784942004179,0.0965675926159639
0.151896197089354,0.120717310972232,0.09784942004179,0.0965675926159639
0.151896197089354,0.120717310972232,0.106421606267942,0.0965675926159639
0.151896197089354,0.120717310972232,0.106421606267942,0.0965675926159639
0.151896197089354,0.120717310972232,0.106421606267942,0.0965675926159639
0.151896197089354,0.120717310972232,0.106421606267942,0.0965675926159639
0.151896197089354,0.120717310972232,0.106421606267942,0.0965675926159639
0.151896197089354,0.120717310972232,0.106421606267942,0.0965675926159639
0.151896197089354,0.120717310972232,0.106421606267942,0.0965675926159639
0.151896197089354,0.120717310972232,0.106421606267942,0.0965675926159639
0.151896197089354,0.120717310972232,0.106421606267942,0.0965675926159639
0.151896197089354,0.120717310972232,0.106421606267942,0.0965675926159639
0.151896197089354,0.120717310972232,0.106421606267942,0.0965675926159639
0.151896197089354,0.120717310972232,0.106421606267942,0.0965675926159639
0.151896197089354,0.120717310972232,0.106421606267942,0.0965675926159639
0.151896197089354,0.120717310972232,0.106421606267942,0.0965675926159639
0.142299064688748,0.118130979880378,0.106421606267942,0.0965675926159639
0.142299064688748,0.118130979880378,0.106421606267942,0.0965675926159639
0.142299064688748,0.118130979880378,0.106421606267942,0.0965675926159639
0.142299064688748,0.118130979880378,0.106421606267942,0.0965675926159639
0.142299064688748,0.118130979880378,0.106421606267942,0.0965675926159639
0.142299064688748,0.118130979880378,0.106421606267942,0.0965675926159639
0.142299064688748,0.118130979880378,0.106070592407934,0.0965675926159639
0.142299064688748,0.118130979880378,0.106070592407934,0.0965675926159639
0.142299064688748,0.118130979880378,0.106070592407934,0.0965675926159639
0.142299064688748,0.118130979880378,0.106070592407934,0.0965675926159639
0.142299064688748,0.118130979880378,0.106070592407934,0.0965675926159639
0.142299064688748,0.118130979880378,0.106070592407934,0.0965675926159639
0.142299064688748,0.118130979880378,0.106070592407934,0.0965675926159639
0.142299064688748,0.118130979880378,0.106070592407934,0.0965675926159639
0.142299064688748,0.118130979880378,0.106070592407934,0.0965675926159639
0.142299064688748,0.118130979880378,0.106070592407934,0.0965675926159639
0.142299064688748,0.118130979880378,0.106070592407934,0.0965675926159639
0.142299064688748,0.118130979880378,0.106070592407934,0.0965675926159639
0.142299064688748,0.113562655608715,0.106070592407934,0.0965675926159639
0.142299064688748,0.113562655608715,0.106070592407934,0.0965675926159639
0.142299064688748,0.113562655608715,0.0998677071828165,0.0965675926159639
0.142299064688748,0.113562655608715,0.0998677071828165,0.0965675926159639
0.142299064688748,0.113562655608715,0.0998677071828165,0.0965675926159639
0.142299064688748,0.113562655608715,0.0998677071828165,0.0965675926159639
0.142299064688748,0.113562655608715,0.0998677071828165,0.0796047868166904
0.142299064688748,0.113562655608715,0.0998677071828165,0.0796047868166904
0.142299064688748,0.113562655608715,0.0998677071828165,0.0796047868166904
0.136989821065827,0.113562655608715,0.0998677071828165,0.0796047868166904
0.136989821065827,0.0961249034881897,0.0998677071828165,0.0796047868166904
0.136989821065827,0.0961249034881897,0.0998677071828165,0.0796047868166904
0.136989821065827,0.0961249034881897,0.0998677071828165,0.0796047868166904
0.136989821065827,0.0961249034881897,0.0998677071828165,0.0796047868166904
0.136989821065827,0.0961249034881897,0.0998677071828165,0.0796047868166904
0.136989821065827,0.0961249034881897,0.0998677071828165,0.0796047868166904
0.136989821065827,0.0961249034881897,0.0998677071828165,0.0796047868166904
0.136989821065827,0.0961249034881897,0.0998677071828165,0.0796047868166904
0.136989821065827,0.0961249034881897,0.0998677071828165,0.0796047868166904
0.136989821065827,0.0961249034881897,0.0998677071828165,0.0796047868166904
0.128157682841854,0.0961249034881897,0.0998677071828165,0.0796047868166904
0.128157682841854,0.0961249034881897,0.0998677071828165,0.0796047868166904
0.128157682841854,0.0961249034881897,0.0998677071828165,0.0796047868166904
0.128157682841854,0.0961249034881897,0.0998677071828165,0.0796047868166904
0.128157682841854,0.0961249034881897,0.0998677071828165,0.0796047868166904
0.128157682841854,0.0961249034881897,0.0998677071828165,0.0695379120609128
0.128157682841854,0.0961249034881897,0.0998677071828165,0.0695379120609128
0.128157682841854,0.0961249034881897,0.0998677071828165,0.0695379120609128
0.128157682841854,0.0961249034881897,0.0998677071828165,0.0695379120609128
0.128157682841854,0.0961249034881897,0.0998677071828165,0.0695379120609128
0.128157682841854,0.0961249034881897,0.0998677071828165,0.0695379120609128
0.128157682841854,0.0961249034881897,0.0998677071828165,0.0695379120609128
0.128157682841854,0.0961249034881897,0.0998677071828165,0.0695379120609128
0.128157682841854,0.0961249034881897,0.0998677071828165,0.0695379120609128
0.128157682841854,0.0961249034881897,0.0998677071828165,0.0695379120609128
0.128157682841854,0.0961249034881897,0.0998677071828165,0.0695379120609128
0.128157682841854,0.0961249034881897,0.0998677071828165,0.0695379120609128
0.128157682841854,0.0961249034881897,0.0998677071828165,0.0695379120609128
0.129042652989913,0.0961249034881897,0.0998677071828165,0.0695379120609128
0.129042652989913,0.0961249034881897,0.0998677071828165,0.0695379120609128
0.129042652989913,0.090067713485811,0.0998677071828165,0.0695379120609128
0.129042652989913,0.090067713485811,0.0998677071828165,0.0695379120609128
0.129042652989913,0.090067713485811,0.0998677071828165,0.0695379120609128
0.129042652989913,0.090067713485811,0.0998677071828165,0.0695379120609128
0.129042652989913,0.090067713485811,0.0998677071828165,0.0695379120609128
0.129042652989913,0.090067713485811,0.0998677071828165,0.0695379120609128
0.129042652989913,0.090067713485811,0.0998677071828165,0.0695379120609128
0.129042652989913,0.090067713485811,0.0998677071828165,0.0695379120609128
0.129042652989913,0.090067713485811,0.0998677071828165,0.0695379120609128
0.129042652989913,0.090067713485811,0.0998677071828165,0.0676821151951496
0.129042652989913,0.090067713485811,0.0998677071828165,0.0676821151951496
0.129042652989913,0.090067713485811,0.0998677071828165,0.0676821151951496
0.129042652989913,0.090067713485811,0.0998677071828165,0.0676821151951496
0.129042652989913,0.090067713485811,0.0998677071828165,0.0676821151951496
0.129042652989913,0.090067713485811,0.0998677071828165,0.0676821151951496
0.129042652989913,0.090067713485811,0.0998677071828165,0.0676821151951496
0.129042652989913,0.090067713485811,0.0998677071828165,0.0676821151951496
0.129042652989913,0.090067713485811,0.0998677071828165,0.0676821151951496
0.129042652989913,0.090067713485811,0.0998677071828165,0.0676821151951496
0.129042652989913,0.0829812455109113,0.0998677071828165,0.0676821151951496
0.129042652989913,0.0810400869943912,0.0998677071828165,0.0676821151951496
0.129042652989913,0.0810400869943912,0.0998677071828165,0.0676821151951496
0.129042652989913,0.0810400869943912,0.0998677071828165,0.0676821151951496
0.129042652989913,0.0810400869943912,0.0998677071828165,0.0676821151951496
0.129042652989913,0.0810400869943912,0.0998677071828165,0.0676821151951496
0.129042652989913,0.0944553064049109,0.0998677071828165,0.0676821151951496
0.129042652989913,0.0944553064049109,0.0998677071828165,0.0676821151951496
0.129042652989913,0.0944553064049109,0.0998677071828165,0.0676821151951496
0.129042652989913,0.0944553064049109,0.0998677071828165,0.0676821151951496
0.129042652989913,0.0944553064049109,0.0998677071828165,0.0676821151951496
0.129042652989913,0.0944553064049109,0.0998677071828165,0.0676821151951496
0.121816979623099,0.0944553064049109,0.0998677071828165,0.0676821151951496
0.121816979623099,0.0944553064049109,0.0998677071828165,0.0820203922203908
0.121816979623099,0.0944553064049109,0.0998677071828165,0.0820203922203908
0.121816979623099,0.0944553064049109,0.0998677071828165,0.0820203922203908
0.121816979623099,0.0944553064049109,0.0998677071828165,0.0820203922203908
0.121816979623099,0.0944553064049109,0.0998677071828165,0.0820203922203908
0.121816979623099,0.0944553064049109,0.0998677071828165,0.0820203922203908
0.121816979623099,0.0944553064049109,0.0998677071828165,0.0820203922203908
0.121816979623099,0.0944553064049109,0.0998677071828165,0.0820203922203908
0.121816979623099,0.0944553064049109,0.0998677071828165,0.0820203922203908
0.121816979623099,0.0944553064049109,0.0998677071828165,0.0820203922203908
0.121816979623099,0.0944553064049109,0.0998677071828165,0.0820203922203908
0.121816979623099,0.0944553064049109,0.0998677071828165,0.0820203922203908
0.121816979623099,0.0944553064049109,0.0998677071828165,0.0820203922203908
0.121816979623099,0.0944553064049109,0.0998677071828165,0.0820203922203908
0.121816979623099,0.0944553064049109,0.0998677071828165,0.0820203922203908
0.121816979623099,0.0944553064049109,0.0998677071828165,0.0820203922203908
0.121816979623099,0.0944553064049109,0.0998677071828165,0.0820203922203908
0.121816979623099,0.0944553064049109,0.0998677071828165,0.0820203922203908
0.121816979623099,0.0944553064049109,0.0998677071828165,0.0820203922203908
0.121816979623099,0.0935388251390927,0.0998677071828165,0.0820203922203908
0.121816979623099,0.0935388251390927,0.0978930091206458,0.0820203922203908
0.121816979623099,0.0935388251390927,0.0978930091206458,0.0846558650433151
0.121816979623099,0.0935388251390927,0.0978930091206458,0.0989862791081094
0.121816979623099,0.0935388251390927,0.0978930091206458,0.0989862791081094
0.121816979623099,0.0935388251390927,0.0961340123549101,0.0989862791081094
0.121816979623099,0.0935388251390927,0.0961340123549101,0.0989862791081094
0.121816979623099,0.0935388251390927,0.0961340123549101,0.0989862791081094
0.121816979623099,0.0935388251390927,0.0961340123549101,0.0989862791081094
0.121816979623099,0.0935388251390927,0.0961340123549101,0.0989862791081094
0.121816979623099,0.0935388251390927,0.0961340123549101,0.0989862791081094
0.121816979623099,0.0935388251390927,0.0961340123549101,0.0989862791081094
0.121816979623099,0.0935388251390927,0.0961340123549101,0.0989862791081094
0.121816979623099,0.0935388251390927,0.0961340123549101,0.0989862791081094
0.121816979623099,0.0935388251390927,0.0961340123549101,0.08986332601353
0.121816979623099,0.0935388251390927,0.0783846596145535,0.08986332601353
0.121816979623099,0.0935388251390927,0.0783846596145535,0.08986332601353
0.121816979623099,0.0935388251390927,0.0783846596145535,0.08986332601353
0.120804455624546,0.0935388251390927,0.0783846596145535,0.08986332601353
0.120804455624546,0.102593787941136,0.0783846596145535,0.08986332601353
0.120804455624546,0.102593787941136,0.0783846596145535,0.08986332601353
0.120804455624546,0.102593787941136,0.0783846596145535,0.08986332601353
0.120804455624546,0.102593787941136,0.0783846596145535,0.08986332601353
0.120804455624546,0.102593787941136,0.0783846596145535,0.08986332601353
0.120804455624546,0.102593787941136,0.0783846596145535,0.08986332601353
0.120804455624546,0.102593787941136,0.0783846596145535,0.08986332601353
0.120804455624546,0.102593787941136,0.0783846596145535,0.08986332601353
0.120804455624546,0.102593787941136,0.0783846596145535,0.08986332601353
0.117765454040374,0.102593787941136,0.0783846596145535,0.08986332601353
0.117765454040374,0.102593787941136,0.0706077715018948,0.08986332601353
0.117765454040374,0.102593787941136,0.0706077715018948,0.08986332601353
0.117765454040374,0.102593787941136,0.0706077715018948,0.08986332601353
0.117765454040374,0.102593787941136,0.0706077715018948,0.08986332601353
0.117765454040374,0.102593787941136,0.0706077715018948,0.08986332601353
0.117765454040374,0.102593787941136,0.0706077715018948,0.08986332601353
0.117765454040374,0.102593787941136,0.0706077715018948,0.0905797137556116
0.117765454040374,0.102593787941136,0.0706077715018948,0.0905797137556116
0.117765454040374,0.102593787941136,0.0706077715018948,0.0905797137556116
0.117765454040374,0.102593787941136,0.0706077715018948,0.0905797137556116
0.117765454040374,0.102593787941136,0.0706077715018948,0.0905797137556116
0.117765454040374,0.102593787941136,0.0706077715018948,0.0825495506294296
0.117765454040374,0.0931767858140429,0.0706077715018948,0.0825495506294296
0.117765454040374,0.0931767858140429,0.0706077715018948,0.0825495506294296
0.117765454040374,0.106482702114481,0.0706077715018948,0.0825495506294296
0.117765454040374,0.0941928589916749,0.0706077715018948,0.0825495506294296
0.117765454040374,0.0941928589916749,0.0706077715018948,0.0825495506294296
0.117765454040374,0.0941928589916749,0.0706077715018948,0.0825495506294296
0.117765454040374,0.0941928589916749,0.0706077715018948,0.0825495506294296
0.117765454040374,0.0941928589916749,0.0706077715018948,0.0825495506294296
0.117765454040374,0.0941928589916749,0.0706077715018948,0.0825495506294296
0.115013319573672,0.0941928589916749,0.0706077715018948,0.0825495506294296
0.115013319573672,0.0941928589916749,0.0706077715018948,0.0825495506294296
0.115013319573672,0.0941928589916749,0.0706077715018948,0.0825495506294296
0.115013319573672,0.0941928589916749,0.0706077715018948,0.0825495506294296
0.115013319573672,0.0941928589916749,0.0706077715018948,0.0825495506294296
0.115013319573672,0.0941928589916749,0.0706077715018948,0.0825495506294296
0.115013319573672,0.0941928589916749,0.0788636540618052,0.0825495506294296
0.115013319573672,0.0941928589916749,0.0788636540618052,0.0825495506294296
0.115013319573672,0.0941928589916749,0.0788636540618052,0.0825495506294296
0.115013319573672,0.0941928589916749,0.0788636540618052,0.0825495506294296
0.115013319573672,0.0941928589916749,0.0788636540618052,0.0825495506294296
0.115013319573672,0.0941928589916749,0.0788636540618052,0.0825495506294296
0.0931938810863239,0.0941928589916749,0.0788636540618052,0.0825495506294296
0.0931938810863239,0.0941928589916749,0.0788636540618052,0.0825495506294296
0.0931938810863239,0.0941928589916749,0.0788636540618052,0.0825495506294296
0.0931938810863239,0.0810197556124685,0.0788636540618052,0.0825495506294296
0.0931938810863239,0.0810197556124685,0.0788636540618052,0.0825495506294296
0.0931938810863239,0.0810197556124685,0.0788636540618052,0.0825495506294296
0.0931938810863239,0.0810197556124685,0.0788636540618052,0.0825495506294296
0.0931938810863239,0.0810197556124685,0.0788636540618052,0.0825495506294296
0.0931938810863239,0.0810197556124685,0.0788636540618052,0.0825495506294296
0.0931938810863239,0.0810197556124685,0.0788636540618052,0.0825495506294296
0.0931938810863239,0.0810197556124685,0.0788636540618052,0.0825495506294296
0.0931938810863239,0.0810197556124685,0.0787133388226643,0.0825495506294296
0.0931938810863239,0.0810197556124685,0.0787133388226643,0.0825495506294296
0.0931938810863239,0.0810197556124685,0.0787133388226643,0.0825495506294296
0.0931938810863239,0.0810197556124685,0.0787133388226643,0.0825495506294296
0.0931938810863239,0.0810197556124685,0.0787133388226643,0.0825495506294296
0.0931938810863239,0.0810197556124685,0.0787133388226643,0.0825495506294296
0.0931938810863239,0.0810197556124685,0.0787133388226643,0.0825495506294296
0.0931938810863239,0.0810197556124685,0.0784161455436871,0.0825495506294296
0.0931938810863239,0.0810197556124685,0.0784161455436871,0.0825495506294296
0.0931938810863239,0.0810197556124685,0.0784161455436871,0.0825495506294296
0.0931938810863239,0.0810197556124685,0.0784161455436871,0.0825495506294296
0.0931938810863239,0.0810197556124685,0.0784161455436871,0.0825495506294296
0.0931938810863239,0.0810197556124685,0.0784161455436871,0.0825495506294296
0.0931938810863239,0.0810197556124685,0.0784161455436871,0.0825495506294296
0.0931938810863239,0.0810197556124685,0.0784161455436871,0.0825495506294296
0.0931938810863239,0.0810197556124685,0.0784161455436871,0.0825495506294296
0.0931938810863239,0.0810197556124685,0.0784161455436871,0.0825495506294296
0.0931938810863239,0.0810197556124685,0.0784161455436871,0.0825495506294296
0.0931938810863239,0.0810197556124685,0.0784161455436871,0.0825495506294296
0.0931938810863239,0.0810197556124685,0.0784161455436871,0.0825495506294296
0.0931938810863239,0.0810197556124685,0.0784161455436871,0.0825495506294296
0.0931938810863239,0.0810197556124685,0.0784161455436871,0.0825495506294296
0.0931938810863239,0.0810197556124685,0.0784161455436871,0.0825495506294296
0.0931938810863239,0.0810197556124685,0.0714749675938825,0.0825495506294296
0.0931938810863239,0.0810197556124685,0.0714749675938825,0.0825495506294296
0.0931938810863239,0.0810197556124685,0.0783743006514234,0.0825495506294296
0.0931938810863239,0.0810197556124685,0.0783743006514234,0.0825495506294296
0.0931938810863239,0.0810197556124685,0.0783743006514234,0.0825495506294296
0.0931938810863239,0.0810197556124685,0.0783743006514234,0.0825495506294296
0.0931938810863239,0.0810197556124685,0.0783743006514234,0.0825495506294296
0.0931938810863239,0.0810197556124685,0.0783743006514234,0.0825495506294296
0.0931938810863239,0.0810197556124685,0.0783743006514234,0.0825495506294296
0.0808249973931308,0.0810197556124685,0.0783743006514234,0.0825495506294296
0.0808249973931308,0.0810197556124685,0.0783743006514234,0.0825495506294296
0.0808249973931308,0.0810197556124685,0.0783743006514234,0.0825495506294296
0.0808249973931308,0.0810197556124685,0.0783743006514234,0.0825495506294296
0.0808249973931308,0.0810197556124685,0.0783743006514234,0.0825495506294296
0.0808249973931308,0.0810197556124685,0.0783743006514234,0.0825495506294296
0.0808249973931308,0.0810197556124685,0.0783743006514234,0.0825495506294296
0.0808249973931308,0.0810197556124685,0.0783743006514234,0.0825495506294296
0.0808249973931308,0.0810197556124685,0.0783743006514234,0.0825495506294296
0.0808249973931308,0.0810197556124685,0.0783743006514234,0.0825495506294296
0.0808249973931308,0.0810197556124685,0.0783743006514234,0.0825495506294296
0.0808249973931308,0.0810197556124685,0.0783743006514234,0.0825495506294296
0.0808249973931308,0.0810197556124685,0.0783743006514234,0.0825495506294296
0.0808249973931308,0.0810197556124685,0.0783743006514234,0.0825495506294296
0.0808249973931308,0.0810197556124685,0.0783743006514234,0.0825495506294296
0.0808249973931308,0.0810197556124685,0.0783743006514234,0.0825495506294296
0.0808249973931308,0.0810197556124685,0.0783743006514234,0.0825495506294296
0.0808249973931308,0.0810197556124685,0.0783743006514234,0.0825495506294296
0.0722990562414503,0.0810197556124685,0.0783743006514234,0.0825495506294296
0.0722990562414503,0.0810197556124685,0.0783743006514234,0.0825495506294296
0.0722990562414503,0.0810197556124685,0.0783743006514234,0.0825495506294296
0.0722990562414503,0.0810197556124685,0.0783743006514234,0.0825495506294296
0.0722990562414503,0.0810197556124685,0.0783743006514234,0.0825495506294296
0.0722990562414503,0.0810197556124685,0.0783743006514234,0.0825495506294296
0.0722990562414503,0.0810197556124685,0.0783743006514234,0.0825495506294296
0.0722990562414503,0.0810197556124685,0.0783743006514234,0.0825495506294296
0.0722990562414503,0.0810197556124685,0.0783743006514234,0.0825495506294296
0.0722990562414503,0.0810197556124685,0.0783743006514234,0.0825495506294296
0.0722990562414503,0.0810197556124685,0.0783743006514234,0.0825495506294296
0.0722990562414503,0.0810197556124685,0.0783743006514234,0.0825495506294296
0.0722990562414503,0.0810197556124685,0.0783743006514234,0.0825495506294296
0.0722990562414503,0.0810197556124685,0.0783743006514234,0.0825495506294296
0.0722990562414503,0.0810197556124685,0.0783743006514234,0.0825495506294296
0.0722990562414503,0.0810197556124685,0.0783743006514234,0.0825495506294296
0.0722990562414503,0.0810197556124685,0.0783743006514234,0.0786935862758058
0.0722990562414503,0.0810197556124685,0.0782187335315868,0.0786935862758058
0.0722990562414503,0.0810197556124685,0.0778889522974164,0.0786935862758058
0.0722990562414503,0.0810197556124685,0.0778889522974164,0.0786935862758058
0.0722990562414503,0.0810197556124685,0.0778889522974164,0.0786935862758058
0.0722990562414503,0.0810197556124685,0.0778889522974164,0.0786935862758058
0.0722990562414503,0.0810197556124685,0.0778889522974164,0.0786935862758058
0.0722990562414503,0.0810197556124685,0.0778889522974164,0.0786935862758058
0.0722990562414503,0.0810197556124685,0.0778889522974164,0.0786935862758058
0.0722990562414503,0.0810197556124685,0.0778889522974164,0.0786935862758058
0.0722990562414503,0.0810197556124685,0.0778889522974164,0.0786935862758058
0.0722990562414503,0.0810197556124685,0.0778889522974164,0.0786935862758058
0.0722990562414503,0.0810197556124685,0.0778889522974164,0.0786935862758058
0.0722990562414503,0.0810197556124685,0.0778889522974164,0.0786935862758058
0.0722990562414503,0.0810197556124685,0.0832753664028252,0.0786935862758058
0.0722990562414503,0.0810197556124685,0.0832753664028252,0.0786935862758058
0.0722990562414503,0.0810197556124685,0.0832753664028252,0.0786935862758058
0.0722990562414503,0.0810197556124685,0.0832753664028252,0.0786935862758058
0.0722990562414503,0.0810197556124685,0.0832753664028252,0.0786935862758058
0.0722990562414503,0.0810197556124685,0.0832753664028252,0.0786935862758058
0.0722990562414503,0.0810197556124685,0.0832753664028252,0.0786935862758058
0.0722990562414503,0.0810197556124685,0.0832753664028252,0.0786935862758058
0.0722990562414503,0.0810197556124685,0.0832753664028252,0.0786935862758058
0.0722990562414503,0.0810197556124685,0.0832753664028252,0.0786935862758058
0.0722990562414503,0.0810197556124685,0.0832753664028252,0.0786935862758058
0.0722990562414503,0.0810197556124685,0.0832753664028252,0.0667382378261579
0.0722990562414503,0.0810197556124685,0.0832753664028252,0.0667382378261579
0.0722990562414503,0.0810197556124685,0.0832753664028252,0.0650642692931268
0.0722990562414503,0.0683075394950863,0.0832753664028252,0.0650642692931268
0.0722990562414503,0.0875666107444352,0.0832753664028252,0.0650642692931268
0.0722990562414503,0.0875666107444352,0.0832753664028252,0.0650642692931268
0.0722990562414503,0.0875666107444352,0.0832753664028252,0.0650642692931268
0.0722990562414503,0.0875666107444352,0.0832753664028252,0.0650642692931268
0.0722990562414503,0.0875666107444352,0.0832753664028252,0.0650642692931268
0.0722990562414503,0.0875666107444352,0.0832753664028252,0.0650642692931268
0.0722990562414503,0.0875666107444352,0.0832753664028252,0.0650642692931268
0.0722990562414503,0.0875666107444352,0.0832753664028252,0.0650642692931268
0.0722990562414503,0.0875666107444352,0.0832753664028252,0.0650642692931268
0.0722990562414503,0.0875666107444352,0.0832753664028252,0.0650642692931268
0.0722990562414503,0.0875666107444352,0.0832753664028252,0.0650642692931268
0.0722990562414503,0.0875666107444352,0.0832753664028252,0.0650642692931268
0.0722990562414503,0.0875666107444352,0.0832753664028252,0.0650642692931268
0.0722990562414503,0.0875666107444352,0.0832753664028252,0.0650642692931268
0.0722990562414503,0.0875666107444352,0.0832753664028252,0.0650642692931268
0.0722990562414503,0.0875666107444352,0.0832753664028252,0.0650642692931268
0.0722990562414503,0.0875666107444352,0.0832753664028252,0.0695281700310349
0.0722990562414503,0.0785829450401112,0.0832753664028252,0.0695281700310349
0.0722990562414503,0.0785829450401112,0.0832753664028252,0.0695281700310349
0.0722990562414503,0.0785829450401112,0.0832753664028252,0.0695281700310349
0.06935944491183,0.0785829450401112,0.0832753664028252,0.0695281700310349
0.06935944491183,0.0785829450401112,0.0832753664028252,0.0695281700310349
0.06935944491183,0.0785829450401112,0.0832753664028252,0.0695281700310349
0.06935944491183,0.0785829450401112,0.0832753664028252,0.0695281700310349
0.06935944491183,0.0785829450401112,0.0832753664028252,0.0695281700310349
0.06935944491183,0.0785829450401112,0.0832753664028252,0.0695281700310349
0.06935944491183,0.0785829450401112,0.0832753664028252,0.0695281700310349
0.06935944491183,0.0785829450401112,0.0832753664028252,0.0695281700310349
0.06935944491183,0.0785829450401112,0.0832753664028252,0.0695281700310349
0.06935944491183,0.0785829450401112,0.0689119876324668,0.0695281700310349
0.06935944491183,0.0785829450401112,0.0689119876324668,0.0695281700310349
0.06935944491183,0.0785829450401112,0.0689119876324668,0.0695281700310349
0.06935944491183,0.0785829450401112,0.0689119876324668,0.0695281700310349
0.06935944491183,0.0785829450401112,0.0689119876324668,0.0695281700310349
0.06935944491183,0.0770551914429501,0.0689119876324668,0.0695281700310349
0.06935944491183,0.0770551914429501,0.0689119876324668,0.0695281700310349
0.06935944491183,0.0770551914429501,0.0704369827881375,0.0695281700310349
0.06935944491183,0.0770551914429501,0.0704369827881375,0.0695281700310349
0.06935944491183,0.0770551914429501,0.0704369827881375,0.0695281700310349
0.06935944491183,0.0770551914429501,0.0704369827881375,0.0695281700310349
0.06935944491183,0.0770551914429501,0.0704369827881375,0.0695281700310349
0.06935944491183,0.0770551914429501,0.0704369827881375,0.0695281700310349
0.0701317482979697,0.0770551914429501,0.0704369827881375,0.0695281700310349
0.0701317482979697,0.0770551914429501,0.0704369827881375,0.0695281700310349
0.0701317482979697,0.0770551914429501,0.0704369827881375,0.0695281700310349
0.0701317482979697,0.0770551914429501,0.0704369827881375,0.0695281700310349
0.0701317482979697,0.0770551914429501,0.0704369827881375,0.0695281700310349
0.0701317482979697,0.0770551914429501,0.0704369827881375,0.0695281700310349
0.0701317482979697,0.0770551914429501,0.0704369827881375,0.0695281700310349
0.0701317482979697,0.0770551914429501,0.0704369827881375,0.0695281700310349
0.0701317482979697,0.0770551914429501,0.0704369827881375,0.0695281700310349
0.0701317482979697,0.0770551914429501,0.0704369827881375,0.0695281700310349
0.0701317482979697,0.0770551914429501,0.0704369827881375,0.0695281700310349
0.0701317482979697,0.0770551914429501,0.0704369827881375,0.0695281700310349
0.0701317482979697,0.0770551914429501,0.0704369827881375,0.0695281700310349
0.0701317482979697,0.0770551914429501,0.0704369827881375,0.0695281700310349
0.0701317482979697,0.0770551914429501,0.0704369827881375,0.0695281700310349
0.0701317482979697,0.0770551914429501,0.0704369827881375,0.0695281700310349
0.0701317482979697,0.0770551914429501,0.0704369827881375,0.0695281700310349
0.0701317482979697,0.0770551914429501,0.0704369827881375,0.0695281700310349
0.0701317482979697,0.0770551914429501,0.0704369827881375,0.0695281700310349
0.0701317482979697,0.0770551914429501,0.0704369827881375,0.0695281700310349
0.0745663503916852,0.0770551914429501,0.0704369827881375,0.0695281700310349
0.0745663503916852,0.0770551914429501,0.0704369827881375,0.0695281700310349
0.0745663503916852,0.0770551914429501,0.0704369827881375,0.0695281700310349
0.0745663503916852,0.0770551914429501,0.0704369827881375,0.0695281700310349
0.0745663503916852,0.0770551914429501,0.0704369827881375,0.0695281700310349
0.0745663503916852,0.0770551914429501,0.0704369827881375,0.0732995468161493
0.0745663503916852,0.0770551914429501,0.0704369827881375,0.0732995468161493
0.0745663503916852,0.0770551914429501,0.0704369827881375,0.0732995468161493
0.0745663503916852,0.0770551914429501,0.0704369827881375,0.0732995468161493
0.0745663503916852,0.0770551914429501,0.0704369827881375,0.0732995468161493
0.0745663503916852,0.0770551914429501,0.0704369827881375,0.0732995468161493
0.0745663503916852,0.0770551914429501,0.0704369827881375,0.0732995468161493
0.0745663503916852,0.0770551914429501,0.0704369827881375,0.0732995468161493
0.0745663503916852,0.0770551914429501,0.0704369827881375,0.0732995468161493
0.0745663503916852,0.0770551914429501,0.0704369827881375,0.0732995468161493
0.0745663503916852,0.0770551914429501,0.0704369827881375,0.0732995468161493
0.0745663503916852,0.0770551914429501,0.0704369827881375,0.0641765823879215
0.0745663503916852,0.0770551914429501,0.0704369827881375,0.0641765823879215
0.0745663503916852,0.0770551914429501,0.0704369827881375,0.0641765823879215
0.0745663503916852,0.0663145016837065,0.0704369827881375,0.0641765823879215
0.0745663503916852,0.0663145016837065,0.0704369827881375,0.0641765823879215
0.0745663503916852,0.0663145016837065,0.0704369827881375,0.0641765823879215
0.0745663503916852,0.0663145016837065,0.0704369827881375,0.0641765823879215
0.0745663503916852,0.0663145016837065,0.0704369827881375,0.0641765823879215
0.0745663503916852,0.0663145016837065,0.0704369827881375,0.0641765823879215
0.0745663503916852,0.0663145016837065,0.0704369827881375,0.0641765823879215
0.0745663503916852,0.0663145016837065,0.0704369827881375,0.0641765823879215
0.0745663503916852,0.0663145016837065,0.0704369827881375,0.0641765823879215
0.0745663503916852,0.0663145016837065,0.0704369827881375,0.0641765823879215
0.0745663503916852,0.0663145016837065,0.0704369827881375,0.0641765823879215
0.0745663503916852,0.0663145016837065,0.0704369827881375,0.0641765823879215
0.0745663503916852,0.0663145016837065,0.0704369827881375,0.058436529296861
0.0745663503916852,0.0663145016837065,0.0704369827881375,0.058436529296861
0.0745663503916852,0.0663145016837065,0.0704369827881375,0.058436529296861
0.0745663503916852,0.0663145016837065,0.0704369827881375,0.058436529296861
0.0745663503916852,0.0663145016837065,0.0704369827881375,0.058436529296861
0.0745663503916852,0.0663145016837065,0.0704369827881375,0.058436529296861
0.0745663503916852,0.0663145016837065,0.0704369827881375,0.058436529296861
0.0745663503916852,0.0663145016837065,0.0704369827881375,0.058436529296861
0.0745663503916852,0.0663145016837065,0.0704369827881375,0.058436529296861
0.0745663503916852,0.0663145016837065,0.0704369827881375,0.058436529296861
0.0745663503916852,0.0663145016837065,0.0704369827881375,0.058436529296861
0.0745663503916852,0.0663145016837065,0.0704369827881375,0.058436529296861
0.0745663503916852,0.0663145016837065,0.0704369827881375,0.058436529296861
0.0745663503916852,0.0663145016837065,0.0704369827881375,0.058436529296861
0.0745663503916852,0.0663145016837065,0.0704369827881375,0.058436529296861
0.0745663503916852,0.0663145016837065,0.0704369827881375,0.058436529296861
0.0748665239269562,0.0663145016837065,0.0704369827881375,0.0603773759081318
0.0748665239269562,0.0663145016837065,0.0704369827881375,0.0603773759081318
0.0748665239269562,0.0663145016837065,0.0704369827881375,0.0603773759081318
0.0748665239269562,0.0663145016837065,0.0704369827881375,0.0603773759081318
0.0748665239269562,0.0663145016837065,0.0704369827881375,0.0499766261310821
0.0748665239269562,0.0663145016837065,0.0704369827881375,0.0499766261310821
0.0748665239269562,0.0663145016837065,0.0704369827881375,0.0499766261310821
0.0748665239269562,0.0663145016837065,0.0704369827881375,0.0499766261310821
0.0748665239269562,0.0663145016837065,0.0704369827881375,0.0499766261310821
0.0748665239269562,0.0663145016837065,0.0704369827881375,0.0499766261310821
0.0748665239269562,0.0663145016837065,0.0704369827881375,0.0499766261310821
0.0748665239269562,0.0663145016837065,0.0704369827881375,0.0499766261310821
0.0748665239269562,0.0663145016837065,0.0704369827881375,0.0499766261310821
0.0748665239269562,0.0663145016837065,0.0704369827881375,0.0499766261310821
0.0748665239269562,0.0663145016837065,0.0704369827881375,0.0499766261310821
0.0748665239269562,0.0663145016837065,0.0704369827881375,0.0499766261310821
0.0748665239269562,0.0663145016837065,0.0704369827881375,0.0499766261310821
0.0748665239269562,0.0663145016837065,0.0704369827881375,0.0499766261310821
0.0748665239269562,0.0663145016837065,0.0704369827881375,0.0499766261310821
0.0748665239269562,0.0663145016837065,0.0704369827881375,0.0499766261310821
0.0748665239269562,0.0663145016837065,0.0704369827881375,0.0499766261310821
0.0748665239269562,0.0663145016837065,0.0704369827881375,0.0499766261310821
0.0748665239269562,0.0663145016837065,0.0704369827881375,0.0499766261310821
0.0748665239269562,0.0663145016837065,0.0704369827881375,0.0499766261310821
0.0748665239269562,0.0663145016837065,0.0704369827881375,0.0499766261310821
0.0748665239269562,0.0663145016837065,0.0704369827881375,0.0499766261310821
0.0748665239269562,0.0663145016837065,0.0704369827881375,0.0499766261310821
0.0748665239269562,0.0663145016837065,0.0704369827881375,0.0499766261310821
0.0748665239269562,0.0663145016837065,0.0704369827881375,0.0499766261310821
0.0748665239269562,0.0663145016837065,0.0704369827881375,0.0499766261310821
0.0748665239269562,0.0663145016837065,0.0673622021931931,0.0499766261310821
0.0748665239269562,0.0663145016837065,0.0673622021931931,0.0499766261310821
0.0748665239269562,0.0663145016837065,0.0673622021931931,0.0499766261310821
0.0748665239269562,0.0663145016837065,0.0673622021931931,0.0499766261310821
0.0748665239269562,0.0663145016837065,0.0669363601749753,0.0499766261310821
0.0748665239269562,0.0663145016837065,0.0669363601749753,0.0499766261310821
0.0748665239269562,0.0663145016837065,0.0669363601749753,0.0499766261310821
0.0748665239269562,0.0663145016837065,0.065284779451954,0.0499766261310821
0.0748665239269562,0.0663145016837065,0.065284779451954,0.0499766261310821
0.0748665239269562,0.0663145016837065,0.065284779451954,0.0551886837637469
0.0748665239269562,0.0663145016837065,0.065284779451954,0.0551886837637469
0.0748665239269562,0.0663145016837065,0.065284779451954,0.0551886837637469
0.0748665239269562,0.0663145016837065,0.065284779451954,0.0551886837637469
0.0748665239269562,0.0663145016837065,0.065284779451954,0.0551886837637469
0.0748665239269562,0.0663145016837065,0.065284779451954,0.0551886837637469
0.0748665239269562,0.0663145016837065,0.065284779451954,0.061246161993462
0.0748665239269562,0.0663145016837065,0.065284779451954,0.061246161993462
0.0748665239269562,0.0663145016837065,0.065284779451954,0.061246161993462
0.0748665239269562,0.0663145016837065,0.065284779451954,0.061246161993462
0.0748665239269562,0.0663145016837065,0.065284779451954,0.061246161993462
0.0748665239269562,0.0663145016837065,0.065284779451954,0.061246161993462
0.0748665239269562,0.0663145016837065,0.065284779451954,0.061246161993462
0.0748665239269562,0.0663145016837065,0.065284779451954,0.061246161993462
0.0748665239269562,0.0663145016837065,0.065284779451954,0.061246161993462
0.0748665239269562,0.0663145016837065,0.065284779451954,0.061246161993462
0.0748665239269562,0.0663145016837065,0.065284779451954,0.061246161993462
0.0748665239269562,0.0663145016837065,0.0623133581506754,0.061246161993462
0.0748665239269562,0.0663145016837065,0.0623133581506754,0.061246161993462
0.0748665239269562,0.0663145016837065,0.0623133581506754,0.061246161993462
0.0748665239269562,0.0663145016837065,0.0623133581506754,0.061246161993462
0.0748665239269562,0.0663145016837065,0.0623133581506754,0.061246161993462
0.0748665239269562,0.0663145016837065,0.0623133581506754,0.061246161993462
0.0748665239269562,0.0663145016837065,0.0623133581506754,0.061246161993462
0.0748665239269562,0.0663145016837065,0.0623133581506754,0.061246161993462
0.0748665239269562,0.0663145016837065,0.0623133581506754,0.061246161993462
0.0748665239269562,0.0663145016837065,0.0623133581506754,0.061246161993462
0.0748665239269562,0.0663145016837065,0.0623133581506754,0.061246161993462
0.0748665239269562,0.0663145016837065,0.0623133581506754,0.061246161993462
0.0748665239269562,0.0663145016837065,0.0623133581506754,0.061246161993462
0.0748665239269562,0.0663145016837065,0.0623133581506754,0.061246161993462
0.0748665239269562,0.0663145016837065,0.0623133581506754,0.061246161993462
0.0748665239269562,0.0663145016837065,0.0623133581506754,0.061246161993462
0.0748665239269562,0.0663145016837065,0.0623133581506754,0.061246161993462
0.0748665239269562,0.0663145016837065,0.0623133581506754,0.061246161993462
0.0748665239269562,0.0663145016837065,0.0623133581506754,0.061246161993462
0.0748665239269562,0.0663145016837065,0.0623133581506754,0.061246161993462
0.0748665239269562,0.0663145016837065,0.0623133581506754,0.0727309632258215
0.0748665239269562,0.0663145016837065,0.0623133581506754,0.0727309632258215
0.0748665239269562,0.0663145016837065,0.0623133581506754,0.0620751766499045
0.0748665239269562,0.0663145016837065,0.0623133581506754,0.0620751766499045
0.0748665239269562,0.0663145016837065,0.0623133581506754,0.0728317152174876
0.0748665239269562,0.0663145016837065,0.0623133581506754,0.0728317152174876
0.0748665239269562,0.0663145016837065,0.0623133581506754,0.0728317152174876
0.0748665239269562,0.0663145016837065,0.0623133581506754,0.0728317152174876
0.0748665239269562,0.0663145016837065,0.0623133581506754,0.0728317152174876
0.0748665239269562,0.0663145016837065,0.0623133581506754,0.0735191217647241
0.0748665239269562,0.0663145016837065,0.0623133581506754,0.0735191217647241
0.0748665239269562,0.0613555840617585,0.0623133581506754,0.0735191217647241
0.0748665239269562,0.0613555840617585,0.0623133581506754,0.0735191217647241
0.0748665239269562,0.0613555840617585,0.0623133581506754,0.0735191217647241
0.0748665239269562,0.0613555840617585,0.0623133581506754,0.0735191217647241
0.0748665239269562,0.0613555840617585,0.0623133581506754,0.0735191217647241
0.0748665239269562,0.0613555840617585,0.0623133581506754,0.0735191217647241
0.0748665239269562,0.0707467802995787,0.0623133581506754,0.0735191217647241
0.0748665239269562,0.0707467802995787,0.0623133581506754,0.0735191217647241
0.0748665239269562,0.0707467802995787,0.0623133581506754,0.0735191217647241
0.0748665239269562,0.0707467802995787,0.0623133581506754,0.0735191217647241
0.0748665239269562,0.0731007226734066,0.0623133581506754,0.0735191217647241
0.0748665239269562,0.0731007226734066,0.0514665977105104,0.0735191217647241
0.0748665239269562,0.0731007226734066,0.0514665977105104,0.0735191217647241
0.0748665239269562,0.0731007226734066,0.0514665977105104,0.0735191217647241
0.0748665239269562,0.0759688335219911,0.0514665977105104,0.0735191217647241
0.0748665239269562,0.0759688335219911,0.0514665977105104,0.0735191217647241
0.0748665239269562,0.0759688335219911,0.0514665977105104,0.0735191217647241
0.0748665239269562,0.0759688335219911,0.0514665977105104,0.0735191217647241
0.0748665239269562,0.0759688335219911,0.0514665977105104,0.0735191217647241
0.0748665239269562,0.0759688335219911,0.0494233439876361,0.0735191217647241
0.0748665239269562,0.0759688335219911,0.0494233439876361,0.0735191217647241
0.0748665239269562,0.0759688335219911,0.0494233439876361,0.0735191217647241
0.0748665239269562,0.0759688335219911,0.0494233439876361,0.0735191217647241
0.0748665239269562,0.0759688335219911,0.0494233439876361,0.0735191217647241
0.0748665239269562,0.071230150032243,0.0494233439876361,0.0735191217647241
0.0748665239269562,0.071230150032243,0.0494233439876361,0.0735191217647241
0.0748665239269562,0.071230150032243,0.0494233439876361,0.0735191217647241
0.0748665239269562,0.071230150032243,0.0494233439876361,0.0735191217647241
0.0748665239269562,0.071230150032243,0.0494233439876361,0.0735191217647241
0.0748665239269562,0.071230150032243,0.0494233439876361,0.0735191217647241
0.0748665239269562,0.071230150032243,0.0494233439876361,0.0735191217647241
0.0748665239269562,0.071230150032243,0.0494233439876361,0.0735191217647241
0.0748665239269562,0.071230150032243,0.0494233439876361,0.0735191217647241
0.0748665239269562,0.071230150032243,0.0494233439876361,0.0735191217647241
0.0748665239269562,0.071230150032243,0.0494233439876361,0.0735191217647241
0.0748665239269562,0.071230150032243,0.0494233439876361,0.0735191217647241
0.0748665239269562,0.071230150032243,0.0494233439876361,0.0735191217647241
0.0748665239269562,0.071230150032243,0.0494233439876361,0.0735191217647241
0.0748665239269562,0.071230150032243,0.0494233439876361,0.0735191217647241
0.0748665239269562,0.071230150032243,0.0494233439876361,0.0735191217647241
0.0748665239269562,0.071230150032243,0.0494233439876361,0.0667900217605239
0.0748665239269562,0.071230150032243,0.0494233439876361,0.0667900217605239
0.0748665239269562,0.071230150032243,0.0494233439876361,0.0667900217605239
0.0748665239269562,0.071230150032243,0.0494233439876361,0.0667900217605239
0.0748665239269562,0.071230150032243,0.0494233439876361,0.0667900217605239
0.0748665239269562,0.071230150032243,0.0494233439876361,0.0674814083674861
0.0748665239269562,0.071230150032243,0.0494233439876361,0.0674814083674861
0.0748665239269562,0.071230150032243,0.0494233439876361,0.0674814083674861
0.0748665239269562,0.071230150032243,0.0494233439876361,0.0674814083674861
0.0748665239269562,0.071230150032243,0.0494233439876361,0.0674814083674861
0.0748665239269562,0.071230150032243,0.0494233439876361,0.0674814083674861
0.0748665239269562,0.071230150032243,0.0494233439876361,0.0674814083674861
0.0748665239269562,0.071230150032243,0.0494233439876361,0.0674814083674861
0.0748665239269562,0.071230150032243,0.0494233439876361,0.0721140640182706
0.0748665239269562,0.071230150032243,0.0551193797196565,0.0721140640182706
0.0748665239269562,0.071230150032243,0.0551193797196565,0.0721140640182706
0.0748665239269562,0.071230150032243,0.0551193797196565,0.0721140640182706
0.0748665239269562,0.071230150032243,0.0551193797196565,0.0721140640182706
0.0748665239269562,0.071230150032243,0.0551193797196565,0.0721140640182706
0.0748665239269562,0.071230150032243,0.0551193797196565,0.0721140640182706
0.0748665239269562,0.071230150032243,0.0560717759190605,0.0721140640182706
0.0748665239269562,0.071230150032243,0.0560717759190605,0.0721140640182706
0.0748665239269562,0.071230150032243,0.0560717759190605,0.0721140640182706
0.0748665239269562,0.0658735664512928,0.0560717759190605,0.0721140640182706
0.0748665239269562,0.0658735664512928,0.0560717759190605,0.0721140640182706
0.0748665239269562,0.0658735664512928,0.0560717759190605,0.0721140640182706
0.0748665239269562,0.0658735664512928,0.0560717759190605,0.0721140640182706
0.0748665239269562,0.0793765827741062,0.0560717759190605,0.0721140640182706
0.0748665239269562,0.0793765827741062,0.0560717759190605,0.0721140640182706
0.0748665239269562,0.0793765827741062,0.0560717759190605,0.0721140640182706
0.0748665239269562,0.0793765827741062,0.0560717759190605,0.0721140640182706
0.0748665239269562,0.0793765827741062,0.0560717759190605,0.0721140640182706
0.0748665239269562,0.0793765827741062,0.0560717759190605,0.0721140640182706
0.0748665239269562,0.0793765827741062,0.0560717759190605,0.0721140640182706
0.0748665239269562,0.0793765827741062,0.0560717759190605,0.0721140640182706
0.0748665239269562,0.0800083649816966,0.0560717759190605,0.0721140640182706
0.0748665239269562,0.0674464896866345,0.0603605341778764,0.0721140640182706
0.0748665239269562,0.0674464896866345,0.0603605341778764,0.0721140640182706
0.0748665239269562,0.0674464896866345,0.0603605341778764,0.0721140640182706
0.0748665239269562,0.0674464896866345,0.0603605341778764,0.0721140640182706
0.0748665239269562,0.0674464896866345,0.0603605341778764,0.0721140640182706
0.0748665239269562,0.0674464896866345,0.0603605341778764,0.0721140640182706
0.0748665239269562,0.0674464896866345,0.0603605341778764,0.0721140640182706
0.0748665239269562,0.0674464896866345,0.0603605341778764,0.0721140640182706
0.0748665239269562,0.0674464896866345,0.0603605341778764,0.0721140640182706
0.0748665239269562,0.0674464896866345,0.0603605341778764,0.0721140640182706
0.0748665239269562,0.0748347948880483,0.0603605341778764,0.0721140640182706
0.0748665239269562,0.0748347948880483,0.0603605341778764,0.0721140640182706
0.0748665239269562,0.0748347948880483,0.0603605341778764,0.0721140640182706
0.0748665239269562,0.0748347948880483,0.0603605341778764,0.0721140640182706
0.0748665239269562,0.0748347948880483,0.0603605341778764,0.0721140640182706
0.0748665239269562,0.0748347948880483,0.0603605341778764,0.0721140640182706
0.0748665239269562,0.0748347948880483,0.0603605341778764,0.0721140640182706
0.0748665239269562,0.0748347948880483,0.0603605341778764,0.0721140640182706
0.0748665239269562,0.0748347948880483,0.0603605341778764,0.0721140640182706
0.0748665239269562,0.0748347948880483,0.0603605341778764,0.0721140640182706
0.0748665239269562,0.0748347948880483,0.0582873506796926,0.0721140640182706
0.0748665239269562,0.0748347948880483,0.0582873506796926,0.0721140640182706
0.0748665239269562,0.0748347948880483,0.0582873506796926,0.0721140640182706
0.0748665239269562,0.0748347948880483,0.0605307492379574,0.0721140640182706
0.0748665239269562,0.0748347948880483,0.0605307492379574,0.0721140640182706
0.0748665239269562,0.0748347948880483,0.0562294111725168,0.0721140640182706
0.0748665239269562,0.0748347948880483,0.0562294111725168,0.0721140640182706
0.0748665239269562,0.0748347948880483,0.0562294111725168,0.0721140640182706
0.0748665239269562,0.0748347948880483,0.0562294111725168,0.0721140640182706
0.0748665239269562,0.0748347948880483,0.0562294111725168,0.0721140640182706
0.0748665239269562,0.0748347948880483,0.0562294111725168,0.0721140640182706
0.0748665239269562,0.0748347948880483,0.0562294111725168,0.0721140640182706
0.0748665239269562,0.0748347948880483,0.0562294111725168,0.0721140640182706
0.0748665239269562,0.0748347948880483,0.0562294111725168,0.0721140640182706
0.0748665239269562,0.0748347948880483,0.0562294111725168,0.0721140640182706
0.071097435246592,0.0748347948880483,0.0562294111725168,0.0721140640182706
0.071097435246592,0.0748347948880483,0.0562294111725168,0.0721140640182706
0.071097435246592,0.0748347948880483,0.0562294111725168,0.0721140640182706
0.071097435246592,0.0748347948880483,0.0562294111725168,0.066028986067534
0.071097435246592,0.0748347948880483,0.0562294111725168,0.066028986067534
0.071097435246592,0.0748347948880483,0.0562294111725168,0.0755040243902093
0.071097435246592,0.0748347948880483,0.0562294111725168,0.0755040243902093
0.071097435246592,0.0649506599187221,0.0562294111725168,0.0755040243902093
0.071097435246592,0.0649506599187221,0.0553949401613011,0.0755040243902093
0.0684000306058437,0.0649506599187221,0.0553949401613011,0.0755040243902093
0.0684000306058437,0.0649506599187221,0.0553949401613011,0.0755040243902093
0.0684000306058437,0.0649506599187221,0.0553949401613011,0.0755040243902093
0.0684000306058437,0.0649506599187221,0.0553949401613011,0.0680184608368641
0.0684000306058437,0.0710687607245312,0.0553949401613011,0.0680184608368641
0.0684000306058437,0.0710687607245312,0.0553949401613011,0.0680184608368641
0.0684000306058437,0.0710687607245312,0.0553949401613011,0.0680184608368641
0.0684000306058437,0.0710687607245312,0.0553949401613011,0.0680184608368641
0.0684000306058437,0.0710687607245312,0.0553949401613011,0.0680184608368641
0.0684000306058437,0.0710687607245312,0.0553949401613011,0.0680184608368641
0.0684000306058437,0.0710687607245312,0.0553949401613011,0.0680184608368641
0.0684000306058437,0.0710687607245312,0.0553949401613011,0.0680184608368641
0.0684000306058437,0.0710687607245312,0.0553949401613011,0.0633363555832911
0.0684000306058437,0.0710687607245312,0.0553949401613011,0.0633363555832911
0.0684000306058437,0.0710687607245312,0.0553949401613011,0.0633363555832911
0.0684000306058437,0.0710687607245312,0.0553949401613011,0.0713959795837035
0.0684000306058437,0.0710687607245312,0.0553949401613011,0.0713959795837035
0.0684000306058437,0.0710687607245312,0.0553949401613011,0.0713959795837035
0.0684000306058437,0.0710687607245312,0.0553949401613011,0.0713959795837035
0.0684000306058437,0.0710687607245312,0.0553949401613011,0.0713959795837035
0.0714123193635326,0.0710687607245312,0.0553949401613011,0.0713959795837035
0.0714123193635326,0.0710687607245312,0.0553949401613011,0.0713959795837035
0.0714123193635326,0.0710687607245312,0.0553949401613011,0.0713959795837035
0.0714123193635326,0.0710687607245312,0.0553949401613011,0.0713959795837035
0.0714123193635326,0.0710687607245312,0.0553949401613011,0.0713959795837035
0.0714123193635326,0.0710687607245312,0.0553949401613011,0.0713959795837035
0.0714123193635326,0.0710687607245312,0.0553949401613011,0.0713959795837035
0.0714123193635326,0.0710687607245312,0.0553949401613011,0.0713959795837035
0.0714123193635326,0.0710687607245312,0.0553949401613011,0.0713959795837035
0.0714123193635326,0.0710687607245312,0.0553949401613011,0.0713959795837035
0.0714123193635326,0.0710687607245312,0.0553949401613011,0.0713959795837035
0.0714123193635326,0.0710687607245312,0.0553949401613011,0.0713959795837035
0.0714123193635326,0.0710687607245312,0.0553949401613011,0.0713959795837035
0.0714123193635326,0.0710687607245312,0.0553949401613011,0.0713959795837035
0.0714123193635326,0.0710687607245312,0.0553949401613011,0.0713959795837035
0.0714123193635326,0.0710687607245312,0.0553949401613011,0.0713959795837035
0.0714123193635326,0.0710687607245312,0.0553949401613011,0.0713959795837035
0.0714123193635326,0.0710687607245312,0.0553949401613011,0.0713959795837035
0.0714123193635326,0.0710687607245312,0.0553949401613011,0.0713959795837035
0.0714123193635326,0.0710687607245312,0.0553949401613011,0.0713959795837035
0.0714123193635326,0.0710687607245312,0.0553949401613011,0.0713959795837035
0.07156604599583,0.0710687607245312,0.0553949401613011,0.0713959795837035
0.07156604599583,0.0710687607245312,0.0553949401613011,0.0713959795837035
0.07156604599583,0.0710687607245312,0.0553949401613011,0.0713959795837035
0.07156604599583,0.0710687607245312,0.0553949401613011,0.0713959795837035
0.07156604599583,0.0710687607245312,0.0553949401613011,0.0660497103709718
0.07156604599583,0.0710687607245312,0.0553949401613011,0.0660497103709718
0.07156604599583,0.0710687607245312,0.0553949401613011,0.0660497103709718
0.07156604599583,0.0710687607245312,0.0553949401613011,0.0660497103709718
0.07156604599583,0.0710687607245312,0.0553949401613011,0.0660497103709718
0.07156604599583,0.0710687607245312,0.0553949401613011,0.0660497103709718
0.0667792596055387,0.0710687607245312,0.0553949401613011,0.0660497103709718
0.0667792596055387,0.0710687607245312,0.0553949401613011,0.0660497103709718
0.0667792596055387,0.0710687607245312,0.0553949401613011,0.0660497103709718
0.0667792596055387,0.0710687607245312,0.0553949401613011,0.0660497103709718
0.0667792596055387,0.0710687607245312,0.0553949401613011,0.0660497103709718
0.0667792596055387,0.0710687607245312,0.0553949401613011,0.0660497103709718
0.0667792596055387,0.0710687607245312,0.0553949401613011,0.0660497103709718
0.0667792596055387,0.0710687607245312,0.0553949401613011,0.0660497103709718
0.0667792596055387,0.0710687607245312,0.0553949401613011,0.0660497103709718
0.0667792596055387,0.0710687607245312,0.0553949401613011,0.0660497103709718
0.0667792596055387,0.0710687607245312,0.0553949401613011,0.0660497103709718
0.0667792596055387,0.0710687607245312,0.0553949401613011,0.0660497103709718
0.0667792596055387,0.0710687607245312,0.0553949401613011,0.0660497103709718
0.0667792596055387,0.0710687607245312,0.0553949401613011,0.0660497103709718
0.0667792596055387,0.0710687607245312,0.0553949401613011,0.0660497103709718
0.0667792596055387,0.0710687607245312,0.0553949401613011,0.0660497103709718
0.0667792596055387,0.0710687607245312,0.0553949401613011,0.0660497103709718
0.0667792596055387,0.0710687607245312,0.0553949401613011,0.0660497103709718
0.0667792596055387,0.0710687607245312,0.0553949401613011,0.0660497103709718
0.0667792596055387,0.0710687607245312,0.0553949401613011,0.0660497103709718
0.0667792596055387,0.0710687607245312,0.0553949401613011,0.0660497103709718
0.0667792596055387,0.0710687607245312,0.0553949401613011,0.0660497103709718
0.0667792596055387,0.0708393632174644,0.0553949401613011,0.0660497103709718
0.0667792596055387,0.0708393632174644,0.0553949401613011,0.0660497103709718
0.0667792596055387,0.0708393632174644,0.0553949401613011,0.0660497103709718
0.0667792596055387,0.0708393632174644,0.0553949401613011,0.0660497103709718
0.0667792596055387,0.0708393632174644,0.0553949401613011,0.0660497103709718
0.0667792596055387,0.0708393632174644,0.0553949401613011,0.0660497103709718
0.0667792596055387,0.0708393632174644,0.0553949401613011,0.0660497103709718
0.0667792596055387,0.0708393632174644,0.0553949401613011,0.0660497103709718
0.0667792596055387,0.0708393632174644,0.0553949401613011,0.0660497103709718
0.0667792596055387,0.0708393632174644,0.0553949401613011,0.0660497103709718
0.0667792596055387,0.0708393632174644,0.0553949401613011,0.0660497103709718
0.0667792596055387,0.0708393632174644,0.0553949401613011,0.0660497103709718
0.0667792596055387,0.0708393632174644,0.0553949401613011,0.0682253657034409
0.0667792596055387,0.0708393632174644,0.0553949401613011,0.0682253657034409
0.0667792596055387,0.0708393632174644,0.0553949401613011,0.0682253657034409
0.0667792596055387,0.0708393632174644,0.0553949401613011,0.0682253657034409
0.0667792596055387,0.0708393632174644,0.0553949401613011,0.0682253657034409
0.0669115843945141,0.0708393632174644,0.0553949401613011,0.0682253657034409
0.0669115843945141,0.0708393632174644,0.0553949401613011,0.0682253657034409
0.0669115843945141,0.0708393632174644,0.0553949401613011,0.0682253657034409
0.0669115843945141,0.0708393632174644,0.0553949401613011,0.0682253657034409
0.0669115843945141,0.0708393632174644,0.0553949401613011,0.0682253657034409
0.0640603571838972,0.0708393632174644,0.0553949401613011,0.0682253657034409
0.0640603571838972,0.0708393632174644,0.0553949401613011,0.0682253657034409
0.0640603571838972,0.0708393632174644,0.0553949401613011,0.0612473840926619
0.0640603571838972,0.0708393632174644,0.0553949401613011,0.0612473840926619
0.0640603571838972,0.0708393632174644,0.0553949401613011,0.0612473840926619
0.0640603571838972,0.0708393632174644,0.0553949401613011,0.0612473840926619
0.0640603571838972,0.0708393632174644,0.0553949401613011,0.0612473840926619
0.0640603571838972,0.0708393632174644,0.0553949401613011,0.0752272596449838
0.0640603571838972,0.0708393632174644,0.0553949401613011,0.0752272596449838
0.0640603571838972,0.0708393632174644,0.0553949401613011,0.0752272596449838
0.0640603571838972,0.0708393632174644,0.0553949401613011,0.0752272596449838
0.0640603571838972,0.0708130507113728,0.0553949401613011,0.0752272596449838
0.0640603571838972,0.0580914057436951,0.0553949401613011,0.0752272596449838
0.0640603571838972,0.0580914057436951,0.0553949401613011,0.0752272596449838
0.0640603571838972,0.0580914057436951,0.0553949401613011,0.0752272596449838
0.0640603571838972,0.0580914057436951,0.0553949401613011,0.0752272596449838
0.0640603571838972,0.0580914057436951,0.0553949401613011,0.0752272596449838
0.0640603571838972,0.0580914057436951,0.0503617887847031,0.0752272596449838
0.0640603571838972,0.0580914057436951,0.0503617887847031,0.0752272596449838
0.0581737986034542,0.0580914057436951,0.0559750437405104,0.0752272596449838
0.0581737986034542,0.0580914057436951,0.0559750437405104,0.0752272596449838
0.0581737986034542,0.0580914057436951,0.0559750437405104,0.0752272596449838
0.0581737986034542,0.0580914057436951,0.0559750437405104,0.0752272596449838
0.0581737986034542,0.0580914057436951,0.0559750437405104,0.0752272596449838
0.0581737986034542,0.0580914057436951,0.0559750437405104,0.0752272596449838
0.0581737986034542,0.0580914057436951,0.0559750437405104,0.0752272596449838
0.0581737986034542,0.0580914057436951,0.0559750437405104,0.0752272596449838
0.0581737986034542,0.0580914057436951,0.0559750437405104,0.0752272596449838
0.0581737986034542,0.0580914057436951,0.0559750437405104,0.0752272596449838
0.0581737986034542,0.0580914057436951,0.0559750437405104,0.0752272596449838
0.0581737986034542,0.0580914057436951,0.0559750437405104,0.0752272596449838
0.0581737986034542,0.0580914057436951,0.0559750437405104,0.0752272596449838
0.0581737986034542,0.0580914057436951,0.0559750437405104,0.0752272596449838
0.0581737986034542,0.0580914057436951,0.0559750437405104,0.0752272596449838
0.0581737986034542,0.0580914057436951,0.0559750437405104,0.0752272596449838
0.0581737986034542,0.0580914057436951,0.0559750437405104,0.0752272596449838
0.0581737986034542,0.0580914057436951,0.0559750437405104,0.0752272596449838
0.0581737986034542,0.0580914057436951,0.0559750437405104,0.0752272596449838
0.0581737986034542,0.0580914057436951,0.0559750437405104,0.0752272596449838
0.0581737986034542,0.0580914057436951,0.0559750437405104,0.0752272596449838
0.0590106674402885,0.0580914057436951,0.0559750437405104,0.0752272596449838
0.0590106674402885,0.0580914057436951,0.0559750437405104,0.0752272596449838
0.0590106674402885,0.0580914057436951,0.0559750437405104,0.0752272596449838
0.0590106674402885,0.0580914057436951,0.0559750437405104,0.0752272596449838
0.0590106674402885,0.0580914057436951,0.0559750437405104,0.0752272596449838
0.0590106674402885,0.0580914057436951,0.0559750437405104,0.0752272596449838
0.0590106674402885,0.0580914057436951,0.0559750437405104,0.0752272596449838
0.0590106674402885,0.0591664689927497,0.0559750437405104,0.0752272596449838
0.0590106674402885,0.056669848550324,0.0559750437405104,0.0698566006903595
0.0590106674402885,0.056669848550324,0.0559750437405104,0.0698566006903595
0.0590106674402885,0.056669848550324,0.0559750437405104,0.0698566006903595
0.0563430728588043,0.056669848550324,0.0559750437405104,0.0698566006903595
0.0544698611339194,0.056669848550324,0.0559750437405104,0.0698566006903595
0.0544698611339194,0.056669848550324,0.0559750437405104,0.0698566006903595
0.0544698611339194,0.056669848550324,0.0559750437405104,0.0698566006903595
0.0544698611339194,0.056669848550324,0.0559750437405104,0.0698566006903595
0.0544698611339194,0.056669848550324,0.0559750437405104,0.0698566006903595
0.0544698611339194,0.056669848550324,0.0559750437405104,0.0698566006903595
0.0544698611339194,0.056669848550324,0.0559750437405104,0.0698566006903595
0.0544698611339194,0.056669848550324,0.0559750437405104,0.0698566006903595
0.0544698611339194,0.056669848550324,0.0559750437405104,0.0698566006903595
0.0544698611339194,0.056669848550324,0.0559750437405104,0.0698566006903595
0.0544698611339194,0.056669848550324,0.0559750437405104,0.0698566006903595
0.0544698611339194,0.056669848550324,0.0559750437405104,0.0698566006903595
0.0532893034932598,0.056669848550324,0.0559750437405104,0.0698566006903595
0.0541078647495491,0.056669848550324,0.0559750437405104,0.0698566006903595
0.0541078647495491,0.056669848550324,0.0559750437405104,0.0698566006903595
0.0541078647495491,0.056669848550324,0.0559750437405104,0.0698566006903595
0.0541078647495491,0.056669848550324,0.0559750437405104,0.0698566006903595
0.0541078647495491,0.056669848550324,0.0559750437405104,0.0669419258606988
0.0541078647495491,0.056669848550324,0.0559750437405104,0.0669419258606988
0.0541078647495491,0.056669848550324,0.0559750437405104,0.0669419258606988
0.0541078647495491,0.056669848550324,0.0559750437405104,0.0669419258606988
0.0541078647495491,0.056669848550324,0.0559750437405104,0.0669419258606988
0.0541078647495491,0.056669848550324,0.0559750437405104,0.0669419258606988
0.0541078647495491,0.056669848550324,0.0559750437405104,0.0669419258606988
0.0541078647495491,0.056669848550324,0.0559750437405104,0.0669419258606988
0.0541078647495491,0.056669848550324,0.0559750437405104,0.0669419258606988
0.0541078647495491,0.0518445400254745,0.0559750437405104,0.0669419258606988
0.0541078647495491,0.0518445400254745,0.0559750437405104,0.0669419258606988
0.0541078647495491,0.0518445400254745,0.0559750437405104,0.0669419258606988
0.0541078647495491,0.0518445400254745,0.0559750437405104,0.0669419258606988
0.0541078647495491,0.0518445400254745,0.0559750437405104,0.0669419258606988
0.0541078647495491,0.0518445400254745,0.0559750437405104,0.0564509981881523
0.0541078647495491,0.0518445400254745,0.0559750437405104,0.0564509981881523
0.0541078647495491,0.0518445400254745,0.0559750437405104,0.0564509981881523
0.0541078647495491,0.0518445400254745,0.0559750437405104,0.0564509981881523
0.0541078647495491,0.0518445400254745,0.0559750437405104,0.0564509981881523
0.0541078647495491,0.0518445400254745,0.0559750437405104,0.0564509981881523
0.0541078647495491,0.0518445400254745,0.0559750437405104,0.0564509981881523
0.0541078647495491,0.0518445400254745,0.0559750437405104,0.0564509981881523
0.0541078647495491,0.0518445400254745,0.0559750437405104,0.0564509981881523
0.0541078647495491,0.0518445400254745,0.0559750437405104,0.0564509981881523
0.0541078647495491,0.0518445400254745,0.0559750437405104,0.0564509981881523
0.0541078647495491,0.0518445400254745,0.0559750437405104,0.0564509981881523
0.0541078647495491,0.0518445400254745,0.0559750437405104,0.0564509981881523
0.0541078647495491,0.0518445400254745,0.0559750437405104,0.0564509981881523
0.0541078647495491,0.0518445400254745,0.0559750437405104,0.0564509981881523
0.0541078647495491,0.0518445400254745,0.0559750437405104,0.0564509981881523
0.0541078647495491,0.0518445400254745,0.0559750437405104,0.0564509981881523
0.0541078647495491,0.0518445400254745,0.0559750437405104,0.0564509981881523
0.0541078647495491,0.0518445400254745,0.0559750437405104,0.0564509981881523
0.0541078647495491,0.0518445400254745,0.0559750437405104,0.0564509981881523
0.0541078647495491,0.0518445400254745,0.0559750437405104,0.0564509981881523
0.0541078647495491,0.0518445400254745,0.0559750437405104,0.0564509981881523
0.0541078647495491,0.0518445400254745,0.0559750437405104,0.0564509981881523
0.0541078647495491,0.0518445400254745,0.0559750437405104,0.0564509981881523
0.0541078647495491,0.0518445400254745,0.0559750437405104,0.0564509981881523
0.0541078647495491,0.0518445400254745,0.0559750437405104,0.0564509981881523
0.0541078647495491,0.0518445400254745,0.0559750437405104,0.0564509981881523
0.0541078647495491,0.0518445400254745,0.0559750437405104,0.0564509981881523
0.0541078647495491,0.0518445400254745,0.0559750437405104,0.0564509981881523
0.0541078647495491,0.0518445400254745,0.0559750437405104,0.0564509981881523
0.0541078647495491,0.0518445400254745,0.0559750437405104,0.0564509981881523
0.0541078647495491,0.0518445400254745,0.0559750437405104,0.0564509981881523
0.0541078647495491,0.0518445400254745,0.0559750437405104,0.0564509981881523
0.0541078647495491,0.0585155843113272,0.0559750437405104,0.0564509981881523
0.0541078647495491,0.0585155843113272,0.0559750437405104,0.0564509981881523
0.0541078647495491,0.0585155843113272,0.0559750437405104,0.0564509981881523
0.0541078647495491,0.0585155843113272,0.0559750437405104,0.0613909558281258
0.0541078647495491,0.0585155843113272,0.0559750437405104,0.0613909558281258
0.0541078647495491,0.0585155843113272,0.0559750437405104,0.0613909558281258
0.0541078647495491,0.0585155843113272,0.0559750437405104,0.0613909558281258
0.0541078647495491,0.0585155843113272,0.0559750437405104,0.0613909558281258
0.0541078647495491,0.0585155843113272,0.0559750437405104,0.0585832768535068
0.0590904329509832,0.0585155843113272,0.0559750437405104,0.0585832768535068
0.0590904329509832,0.0585155843113272,0.0559750437405104,0.0585832768535068
0.0590904329509832,0.0585155843113272,0.0559750437405104,0.0585832768535068
0.0590904329509832,0.0585155843113272,0.0559750437405104,0.0585832768535068
0.0590904329509832,0.0585155843113272,0.0559750437405104,0.0585832768535068
0.0590904329509832,0.0585155843113272,0.0559750437405104,0.0585832768535068
0.0590904329509832,0.0585155843113272,0.0559750437405104,0.0585832768535068
0.0590904329509832,0.0585155843113272,0.0559750437405104,0.0585832768535068
0.0590904329509832,0.0585155843113272,0.0559750437405104,0.0585832768535068
0.0590904329509832,0.0585155843113272,0.0559750437405104,0.0585832768535068
0.0590904329509832,0.0585155843113272,0.0559750437405104,0.0585832768535068
0.0590904329509832,0.0585155843113272,0.0559750437405104,0.0585832768535068
0.0590904329509832,0.0585155843113272,0.0559750437405104,0.0585832768535068
0.0590904329509832,0.0523666176334541,0.0559750437405104,0.0585832768535068
0.0590904329509832,0.0523666176334541,0.0559750437405104,0.0585832768535068
0.0590904329509832,0.0523666176334541,0.0559750437405104,0.0585832768535068
0.0590904329509832,0.0523666176334541,0.0559750437405104,0.0585832768535068
0.0590904329509832,0.0523666176334541,0.0559750437405104,0.0585832768535068
0.0590904329509832,0.0523666176334541,0.0559750437405104,0.0585832768535068
0.0590904329509832,0.0523666176334541,0.0559750437405104,0.0585832768535068
0.0590904329509832,0.0523666176334541,0.0559750437405104,0.0585832768535068
0.0590904329509832,0.0523666176334541,0.0559750437405104,0.0585832768535068
0.0590904329509832,0.0523666176334541,0.0559750437405104,0.0585832768535068
0.0590904329509832,0.0523666176334541,0.0559750437405104,0.0585832768535068
0.0590904329509832,0.0523666176334541,0.0559750437405104,0.0585832768535068
0.0590904329509832,0.0523666176334541,0.0559750437405104,0.0585832768535068
0.0590904329509832,0.0523666176334541,0.0559750437405104,0.0585832768535068
0.0590904329509832,0.0491909166571689,0.0559750437405104,0.0585832768535068
0.0590904329509832,0.0491909166571689,0.0559750437405104,0.0585832768535068
0.0590904329509832,0.0491909166571689,0.0559750437405104,0.0585832768535068
0.0590904329509832,0.0491909166571689,0.0559750437405104,0.0585832768535068
0.0590904329509832,0.0491909166571689,0.0559750437405104,0.0585832768535068
0.0590904329509832,0.0491909166571689,0.0559750437405104,0.0585832768535068
0.0590904329509832,0.0491909166571689,0.0559750437405104,0.0585832768535068
0.0590904329509832,0.0491909166571689,0.0559750437405104,0.0585832768535068
0.0590904329509832,0.0491909166571689,0.0559750437405104,0.0585832768535068
0.0590904329509832,0.0491909166571689,0.0559750437405104,0.0585832768535068
0.0590904329509832,0.0491909166571689,0.0559750437405104,0.0585832768535068
0.0590904329509832,0.0491909166571689,0.0559750437405104,0.0585832768535068
0.0617027164358032,0.0491909166571689,0.0559750437405104,0.0585832768535068
0.0617027164358032,0.0491909166571689,0.0559750437405104,0.0585832768535068
0.0617027164358032,0.0491909166571689,0.0559750437405104,0.0585832768535068
0.0617027164358032,0.0491909166571689,0.0559750437405104,0.0585832768535068
0.0649001324142711,0.0491909166571689,0.0588365531327448,0.0585832768535068
0.0649001324142711,0.0491909166571689,0.0588365531327448,0.0585832768535068
0.0649001324142711,0.0515069307872243,0.0588365531327448,0.0450374666911761
0.0649001324142711,0.0515069307872243,0.0588365531327448,0.0450374666911761
0.0649001324142711,0.0515069307872243,0.0588365531327448,0.0450374666911761
0.0649001324142711,0.0515069307872243,0.0588365531327448,0.0494192299349426
0.0649001324142711,0.0515069307872243,0.0588365531327448,0.0555222632597145
0.0649001324142711,0.0515069307872243,0.0588365531327448,0.0555222632597145
0.0649001324142711,0.0515069307872243,0.0588365531327448,0.0555222632597145
0.0649001324142711,0.0515069307872243,0.0588365531327448,0.0555222632597145
0.0649001324142711,0.0515069307872243,0.0588365531327448,0.0555222632597145
0.0649001324142711,0.0515069307872243,0.0588365531327448,0.0555222632597145
0.0649001324142711,0.0515069307872243,0.0588365531327448,0.0555222632597145
0.0649001324142711,0.0515069307872243,0.0588365531327448,0.0555222632597145
0.0649001324142711,0.0515069307872243,0.0588365531327448,0.0555222632597145
0.0649001324142711,0.0515069307872243,0.0588365531327448,0.0555222632597145
0.0649001324142711,0.0515069307872243,0.0588365531327448,0.0555222632597145
0.0649001324142711,0.0515069307872243,0.0588365531327448,0.0555222632597145
0.0649001324142711,0.0515069307872243,0.0588365531327448,0.0555222632597145
0.0649001324142711,0.0515069307872243,0.0588365531327448,0.0555222632597145
0.0649001324142711,0.0454281766910464,0.0507955690957255,0.0555222632597145
0.0649001324142711,0.0454281766910464,0.0507955690957255,0.0555222632597145
0.0649001324142711,0.0454281766910464,0.0507955690957255,0.0555222632597145
0.0649001324142711,0.0454281766910464,0.0577710481996497,0.0555222632597145
0.0649001324142711,0.0454281766910464,0.0577710481996497,0.0555222632597145
0.0649001324142711,0.0454281766910464,0.0577710481996497,0.0555222632597145
0.0649001324142711,0.0454281766910464,0.0577710481996497,0.0555222632597145
0.0649001324142711,0.0454281766910464,0.0577710481996497,0.0555222632597145
0.0649001324142711,0.0454281766910464,0.0577710481996497,0.0555222632597145
0.0649001324142711,0.0454281766910464,0.0577710481996497,0.0555222632597145
0.0683174260295484,0.0454281766910464,0.0577710481996497,0.0555222632597145
0.0683174260295484,0.0454281766910464,0.0577710481996497,0.0555222632597145
0.0683174260295484,0.0454281766910464,0.0577710481996497,0.0555222632597145
0.0683174260295484,0.0454281766910464,0.0577710481996497,0.0593719849349871
0.0683174260295484,0.0454281766910464,0.0577710481996497,0.0593719849349871
0.0683174260295484,0.0454281766910464,0.0577710481996497,0.0593719849349871
0.0683174260295484,0.0454281766910464,0.0577710481996497,0.0593719849349871
0.0683174260295484,0.0454281766910464,0.0577710481996497,0.0593719849349871
0.0683174260295484,0.0454281766910464,0.0577710481996497,0.0593719849349871
0.0683174260295484,0.0454281766910464,0.0577710481996497,0.0593719849349871
0.0683174260295484,0.0454281766910464,0.0577710481996497,0.0593719849349871
0.0683174260295484,0.0454281766910464,0.0577710481996497,0.0593719849349871
0.0683174260295484,0.0454281766910464,0.0577710481996497,0.0593719849349871
0.0683174260295484,0.0454281766910464,0.0577710481996497,0.0593719849349871
0.0683174260295484,0.0454281766910464,0.0577710481996497,0.0593719849349871
0.0683174260295484,0.0454281766910464,0.0577710481996497,0.0593719849349871
0.0683174260295484,0.0454281766910464,0.0577710481996497,0.0593719849349871
0.0683174260295484,0.0479546870603964,0.0577710481996497,0.0593719849349871
0.0683174260295484,0.0479546870603964,0.0577710481996497,0.0593719849349871
0.0683174260295484,0.0479546870603964,0.0577710481996497,0.0593719849349871
0.0683174260295484,0.0479546870603964,0.0577710481996497,0.0593719849349871
0.0683174260295484,0.0479546870603964,0.0577710481996497,0.0593719849349871
0.0683174260295484,0.0479546870603964,0.0577710481996497,0.0593719849349871
0.0683174260295484,0.0479546870603964,0.0577710481996497,0.0593719849349871
0.0683174260295484,0.0479546870603964,0.0577710481996497,0.0593719849349871
0.0683174260295484,0.0479546870603964,0.0577710481996497,0.0593719849349871
0.0683174260295484,0.0479546870603964,0.0577710481996497,0.0593719849349871
0.0683174260295484,0.0479546870603964,0.0577710481996497,0.0593719849349871
0.0683174260295484,0.0479546870603964,0.0577710481996497,0.0593719849349871
0.0683174260295484,0.0479546870603964,0.0577710481996497,0.0593719849349871
0.0683174260295484,0.0479546870603964,0.0592239207146116,0.0593719849349871
0.0683174260295484,0.0479546870603964,0.0592239207146116,0.0593719849349871
0.0683174260295484,0.0479546870603964,0.0592239207146116,0.0593719849349871
0.0683174260295484,0.0479546870603964,0.0592239207146116,0.0593719849349871
0.0683174260295484,0.0479546870603964,0.0592239207146116,0.0593719849349871
0.0683174260295484,0.0479546870603964,0.0592239207146116,0.0593719849349871
0.0683174260295484,0.0479546870603964,0.0592239207146116,0.0593719849349871
0.0683174260295484,0.0479546870603964,0.0592239207146116,0.0593719849349871
0.0683174260295484,0.0479546870603964,0.0592239207146116,0.0593719849349871
0.0683174260295484,0.0479546870603964,0.0592239207146116,0.0593719849349871
0.0683174260295484,0.0479546870603964,0.0592239207146116,0.0593719849349871
0.0683174260295484,0.0479546870603964,0.0592239207146116,0.0520662202231985
0.0683174260295484,0.0479546870603964,0.0592239207146116,0.0520662202231985
0.0683174260295484,0.0479546870603964,0.0592239207146116,0.0521096794637378
0.0683174260295484,0.0479546870603964,0.0592239207146116,0.0521096794637378
0.0683174260295484,0.0479546870603964,0.0592239207146116,0.0521096794637378
0.0683174260295484,0.0479546870603964,0.0592239207146116,0.0521096794637378
0.0683174260295484,0.0479546870603964,0.0592239207146116,0.0521096794637378
0.0683174260295484,0.0479546870603964,0.0592239207146116,0.0521096794637378
0.0683174260295484,0.0479546870603964,0.0592239207146116,0.0559966086103466
0.0683174260295484,0.0479546870603964,0.0592239207146116,0.0559966086103466
0.0683174260295484,0.0479546870603964,0.0592239207146116,0.0559966086103466
0.0683174260295484,0.0479546870603964,0.0592239207146116,0.0559966086103466
0.0683174260295484,0.0479546870603964,0.0592239207146116,0.0559966086103466
0.0683174260295484,0.0479546870603964,0.0592239207146116,0.0559966086103466
0.0683174260295484,0.0479546870603964,0.0592239207146116,0.0559966086103466
0.0683174260295484,0.0479546870603964,0.0592239207146116,0.0559966086103466
0.0683174260295484,0.0479546870603964,0.0592239207146116,0.0559966086103466
0.0683174260295484,0.0479546870603964,0.0592239207146116,0.0559966086103466
0.0683174260295484,0.0479546870603964,0.0592239207146116,0.0522484035723282
0.0683174260295484,0.0479546870603964,0.0592239207146116,0.0522484035723282
0.0683174260295484,0.0479546870603964,0.0592239207146116,0.0522484035723282
0.0683174260295484,0.0479546870603964,0.0592239207146116,0.0642794764955865
0.0683174260295484,0.0479546870603964,0.0592239207146116,0.0642794764955865
0.0683174260295484,0.0479546870603964,0.0592239207146116,0.0642794764955865
0.0683174260295484,0.0479546870603964,0.0592239207146116,0.0642794764955865
0.0646259347503954,0.0479546870603964,0.0592239207146116,0.0642794764955865
0.0646259347503954,0.0479546870603964,0.0592239207146116,0.0642794764955865
0.0646259347503954,0.0479546870603964,0.0592239207146116,0.0642794764955865
0.0646259347503954,0.0479546870603964,0.0592239207146116,0.0642794764955865
0.0646259347503954,0.0479546870603964,0.0592239207146116,0.0642794764955865
0.0646259347503954,0.0479546870603964,0.0592239207146116,0.0642794764955865
0.0646259347503954,0.0479546870603964,0.0592239207146116,0.0639573034636098
0.0646259347503954,0.0479546870603964,0.0592239207146116,0.0639573034636098
0.0646259347503954,0.0479546870603964,0.0592239207146116,0.0639573034636098
0.0646259347503954,0.0479546870603964,0.0592239207146116,0.0587493730405412
0.0646259347503954,0.0479546870603964,0.0592239207146116,0.0587493730405412
0.0646259347503954,0.0479546870603964,0.0592239207146116,0.0587493730405412
0.0646259347503954,0.0479546870603964,0.0592239207146116,0.0587493730405412
0.0646259347503954,0.0479546870603964,0.0592239207146116,0.0587493730405412
0.0646259347503954,0.0479546870603964,0.0592239207146116,0.0587493730405412
0.0646259347503954,0.0479546870603964,0.0592239207146116,0.0587493730405412
0.0646259347503954,0.0479546870603964,0.0592239207146116,0.0587493730405412
0.0646259347503954,0.0479546870603964,0.0592239207146116,0.0587493730405412
0.0646259347503954,0.0479546870603964,0.0592239207146116,0.0587493730405412
0.0646259347503954,0.0479546870603964,0.0592239207146116,0.0587493730405412
0.0646259347503954,0.0479546870603964,0.0592239207146116,0.0587493730405412
0.0646259347503954,0.0479546870603964,0.0592239207146116,0.0587493730405412
0.0646259347503954,0.0479546870603964,0.0592239207146116,0.0587493730405412
0.0646259347503954,0.0479546870603964,0.0592239207146116,0.0699641945138361
0.0646259347503954,0.0479546870603964,0.0592239207146116,0.0699641945138361
0.0646259347503954,0.0479546870603964,0.0592239207146116,0.0585512740146517
0.0646259347503954,0.0479546870603964,0.0592239207146116,0.0585512740146517
0.0646259347503954,0.0479546870603964,0.0592239207146116,0.0585512740146517
0.0646259347503954,0.0479546870603964,0.0592239207146116,0.0585512740146517
0.0646259347503954,0.0479546870603964,0.0592239207146116,0.0585512740146517
0.0646259347503954,0.0479546870603964,0.0592239207146116,0.0585512740146517
0.0646259347503954,0.0479546870603964,0.0592239207146116,0.0585512740146517
0.0646259347503954,0.0479546870603964,0.0592239207146116,0.0585512740146517
0.0646259347503954,0.0479546870603964,0.0592239207146116,0.0585512740146517
0.0646259347503954,0.0479546870603964,0.0592239207146116,0.0585512740146517
0.0646259347503954,0.0479546870603964,0.0592239207146116,0.0585512740146517
0.0644986063830844,0.0479546870603964,0.0592239207146116,0.0585512740146517
0.0644986063830844,0.0479546870603964,0.0592239207146116,0.0585512740146517
0.0644986063830844,0.0479546870603964,0.0592239207146116,0.0585512740146517
0.0644986063830844,0.0479546870603964,0.0592239207146116,0.0585512740146517
0.0644986063830844,0.0479546870603964,0.0592239207146116,0.0585512740146517
0.0644986063830844,0.0479546870603964,0.0592239207146116,0.0585512740146517
0.0644986063830844,0.0479546870603964,0.0592239207146116,0.0585512740146517
0.0644986063830844,0.0479546870603964,0.0592239207146116,0.0585512740146517
0.0644986063830844,0.0479546870603964,0.0592239207146116,0.0585512740146517
0.0644986063830844,0.0479546870603964,0.0592239207146116,0.0585512740146517
0.0644986063830844,0.0479546870603964,0.0592239207146116,0.0585512740146517
0.0644986063830844,0.0479546870603964,0.0592239207146116,0.0585512740146517
0.0644986063830844,0.0479546870603964,0.0592239207146116,0.0585512740146517
0.0644986063830844,0.0479546870603964,0.0592239207146116,0.0585512740146517
0.0644986063830844,0.0510605559836655,0.0592239207146116,0.0585512740146517
0.0644986063830844,0.0510605559836655,0.0592239207146116,0.0585512740146517
0.0644986063830844,0.0510605559836655,0.0592239207146116,0.0585512740146517
0.0644986063830844,0.0510605559836655,0.0592239207146116,0.0585512740146517
0.0644986063830844,0.0510605559836655,0.0592239207146116,0.0585512740146517
0.0644986063830844,0.0510605559836655,0.0592239207146116,0.0585512740146517
0.0644986063830844,0.0510605559836655,0.0592239207146116,0.0585512740146517
0.0644986063830844,0.0510605559836655,0.0592239207146116,0.0585512740146517
0.0644986063830844,0.0510605559836655,0.0592239207146116,0.0585512740146517
0.0644986063830844,0.0510605559836655,0.0592239207146116,0.0585512740146517
0.0644986063830844,0.0510605559836655,0.0592239207146116,0.0585512740146517
0.0644986063830844,0.0510605559836655,0.0592239207146116,0.0585512740146517
0.0644986063830844,0.0510605559836655,0.0592239207146116,0.0585512740146517
0.0644986063830844,0.0510605559836655,0.0592239207146116,0.0585512740146517
0.0644986063830844,0.0510605559836655,0.0568484443923397,0.0585512740146517
0.0644986063830844,0.0510605559836655,0.0568484443923397,0.0585512740146517
0.0644986063830844,0.0510605559836655,0.0568484443923397,0.0585512740146517
0.0644986063830844,0.0510605559836655,0.0568484443923397,0.0585512740146517
0.0644986063830844,0.0510605559836655,0.0568484443923397,0.0585512740146517
0.0644986063830844,0.0510605559836655,0.0568484443923397,0.0585512740146517
0.0644986063830844,0.0562786069010277,0.0568484443923397,0.0585512740146517
0.0644986063830844,0.0562786069010277,0.0568484443923397,0.0579761486600993
0.0644986063830844,0.0562786069010277,0.0568484443923397,0.0597340360087084
0.0644986063830844,0.0580837342210064,0.0568484443923397,0.0597340360087084
0.0644986063830844,0.0580837342210064,0.0568484443923397,0.0597340360087084
0.0644986063830844,0.0580837342210064,0.0568484443923397,0.0597340360087084
0.0644986063830844,0.0580837342210064,0.0568484443923397,0.0597340360087084
0.0644986063830844,0.0580837342210064,0.0568484443923397,0.0597340360087084
0.0644986063830844,0.0580837342210064,0.0568484443923397,0.0597340360087084
0.0644986063830844,0.0580837342210064,0.0568484443923397,0.0597340360087084
0.0644986063830844,0.0580837342210064,0.0568484443923397,0.0597340360087084
0.0644986063830844,0.0580837342210064,0.0568484443923397,0.0597340360087084
0.0644986063830844,0.0580837342210064,0.0568484443923397,0.0597340360087084
0.0644986063830844,0.0580837342210064,0.0568484443923397,0.0597340360087084
0.0644986063830844,0.0580837342210064,0.0568484443923397,0.0597340360087084
0.0644986063830844,0.0580837342210064,0.0568484443923397,0.0597340360087084
0.0644986063830844,0.0580837342210064,0.0568484443923397,0.0597340360087084
0.0644986063830844,0.0580837342210064,0.0568484443923397,0.0597340360087084
0.067154689849001,0.0580837342210064,0.0568484443923397,0.0597340360087084
0.067154689849001,0.0580837342210064,0.0568484443923397,0.0597340360087084
0.067154689849001,0.0528355599645002,0.0568484443923397,0.0597340360087084
0.067154689849001,0.0528355599645002,0.0568484443923397,0.0597340360087084
0.067154689849001,0.0528355599645002,0.0568484443923397,0.0597340360087084
0.067154689849001,0.0528355599645002,0.0568484443923397,0.0597340360087084
0.067154689849001,0.0528355599645002,0.0568484443923397,0.0597340360087084
0.067154689849001,0.0528355599645002,0.0568484443923397,0.0597340360087084
0.067154689849001,0.0528355599645002,0.0568484443923397,0.0597340360087084
0.067154689849001,0.0528355599645002,0.0568484443923397,0.0597340360087084
0.067154689849001,0.0528355599645002,0.0568484443923397,0.0597340360087084
0.0633646138149778,0.0528355599645002,0.0568484443923397,0.0597340360087084
0.0633646138149778,0.0528355599645002,0.0568484443923397,0.0597340360087084
0.0633646138149778,0.0528355599645002,0.0568484443923397,0.0597340360087084
0.0633646138149778,0.0528355599645002,0.0568484443923397,0.0562609455807866
0.0633646138149778,0.0528355599645002,0.0568484443923397,0.0562609455807866
0.0633646138149778,0.0528355599645002,0.0568484443923397,0.0562609455807866
0.0633646138149778,0.0528355599645002,0.0568484443923397,0.0562609455807866
0.0633646138149778,0.0528355599645002,0.0568484443923397,0.0562609455807866
0.0633646138149778,0.0528355599645002,0.0568484443923397,0.0562609455807866
0.0633646138149778,0.0528355599645002,0.0568484443923397,0.0562609455807866
0.0633646138149778,0.0528355599645002,0.0568484443923397,0.0562609455807866
0.0633646138149778,0.0528355599645002,0.0568484443923397,0.0562609455807866
0.0633646138149778,0.0528355599645002,0.0568484443923397,0.0562609455807866
0.0591066830379403,0.0528355599645002,0.0568484443923397,0.0562609455807866
0.0591066830379403,0.0528355599645002,0.055879145350014,0.0562609455807866
0.0591066830379403,0.0528355599645002,0.055879145350014,0.0562609455807866
0.0591066830379403,0.0528355599645002,0.055879145350014,0.0562609455807866
0.0591066830379403,0.0528355599645002,0.055879145350014,0.0562609455807866
0.0591066830379403,0.0528355599645002,0.055879145350014,0.0562609455807866
0.0591066830379403,0.0528355599645002,0.055879145350014,0.0562609455807866
0.0591066830379403,0.0528355599645002,0.055879145350014,0.0562609455807866
0.0591066830379403,0.0528355599645002,0.056189018583325,0.0562609455807866
0.0591066830379403,0.0500433633281151,0.056189018583325,0.0562609455807866
0.0591066830379403,0.0500433633281151,0.056189018583325,0.0562609455807866
0.0591066830379403,0.0500433633281151,0.056189018583325,0.0562609455807866
0.0591066830379403,0.0500433633281151,0.056189018583325,0.0562609455807866
0.0591066830379403,0.0500433633281151,0.056189018583325,0.0562609455807866
0.0591066830379403,0.0500433633281151,0.056189018583325,0.0562609455807866
0.0591066830379403,0.0500433633281151,0.056189018583325,0.0562609455807866
0.0591066830379403,0.0500433633281151,0.056189018583325,0.0562609455807866
0.0591066830379403,0.0500433633281151,0.056189018583325,0.0562609455807866
0.0591066830379403,0.0500433633281151,0.056189018583325,0.0562609455807866
0.0591066830379403,0.0500433633281151,0.056189018583325,0.0562609455807866
0.0591066830379403,0.0500433633281151,0.056189018583325,0.0562609455807866
0.0591066830379403,0.0500433633281151,0.056189018583325,0.0562609455807866
0.0591066830379403,0.0500433633281151,0.056189018583325,0.0562609455807866
0.0591066830379403,0.0500433633281151,0.056189018583325,0.0562609455807866
0.0591066830379403,0.0500433633281151,0.056189018583325,0.0562609455807866
0.0591066830379403,0.0500433633281151,0.056189018583325,0.0562609455807866
0.0591066830379403,0.0500433633281151,0.056189018583325,0.0562609455807866
0.0591066830379403,0.0500433633281151,0.056189018583325,0.0562609455807866
0.0591066830379403,0.0500433633281151,0.056189018583325,0.0562609455807866
0.0591066830379403,0.0500433633281151,0.056189018583325,0.0562609455807866
0.0591066830379403,0.0500433633281151,0.056189018583325,0.0562609455807866
0.0591066830379403,0.0500433633281151,0.056189018583325,0.0562609455807866
0.0591066830379403,0.0500433633281151,0.056189018583325,0.0562609455807866
0.0591066830379403,0.0500433633281151,0.056189018583325,0.0562609455807866
0.0591066830379403,0.0500433633281151,0.056189018583325,0.0562609455807866
0.0591066830379403,0.0500433633281151,0.056189018583325,0.0562609455807866
0.0591066830379403,0.0500433633281151,0.056189018583325,0.0562609455807866
0.059742684495707,0.0500433633281151,0.056189018583325,0.0562609455807866
0.059742684495707,0.0500433633281151,0.056189018583325,0.0562609455807866
0.059742684495707,0.0500433633281151,0.0601580099248818,0.0562609455807866
0.059742684495707,0.0500433633281151,0.0601580099248818,0.0562609455807866
0.059742684495707,0.0500433633281151,0.0601580099248818,0.0562609455807866
0.059742684495707,0.0500433633281151,0.0601580099248818,0.0562609455807866
0.059742684495707,0.0500433633281151,0.0601580099248818,0.0562609455807866
0.059742684495707,0.0500433633281151,0.0601580099248818,0.0562609455807866
0.059742684495707,0.0500433633281151,0.0601580099248818,0.0562609455807866
0.059742684495707,0.0500433633281151,0.0601580099248818,0.0562609455807866
0.059742684495707,0.0500433633281151,0.0601580099248818,0.0562609455807866
0.059742684495707,0.0465841022527991,0.0601580099248818,0.0562609455807866
0.059742684495707,0.0465841022527991,0.0601580099248818,0.0562609455807866
0.059742684495707,0.0465841022527991,0.0601580099248818,0.0562609455807866
0.059742684495707,0.0465841022527991,0.0601580099248818,0.0562609455807866
0.059742684495707,0.0465841022527991,0.0601580099248818,0.0529235870116521
0.059742684495707,0.0465841022527991,0.0601580099248818,0.0529235870116521
0.059742684495707,0.0615742296597036,0.0601580099248818,0.0529235870116521
0.059742684495707,0.0615742296597036,0.0601580099248818,0.0529235870116521
0.059742684495707,0.0615742296597036,0.0601580099248818,0.0529235870116521
0.059742684495707,0.0615742296597036,0.0601580099248818,0.0529235870116521
0.059742684495707,0.0615742296597036,0.0601580099248818,0.0529235870116521
0.059742684495707,0.0582010284184141,0.0601580099248818,0.0529235870116521
0.059742684495707,0.0582010284184141,0.0601580099248818,0.0529235870116521
0.059742684495707,0.0582010284184141,0.0601580099248818,0.0529235870116521
0.059742684495707,0.0582010284184141,0.0601580099248818,0.0529235870116521
0.059742684495707,0.0582010284184141,0.0601580099248818,0.0529235870116521
0.059742684495707,0.0582010284184141,0.0601580099248818,0.0529235870116521
0.059742684495707,0.0582010284184141,0.0601580099248818,0.0529235870116521
0.0591438393873372,0.0582010284184141,0.0601580099248818,0.0529235870116521
0.0591438393873372,0.0582010284184141,0.0601580099248818,0.0529235870116521
0.0591438393873372,0.0582010284184141,0.0601580099248818,0.0529235870116521
0.0591438393873372,0.0582010284184141,0.0601580099248818,0.0529235870116521
0.0591438393873372,0.0582010284184141,0.0601580099248818,0.0529235870116521
0.0591438393873372,0.0582010284184141,0.0601580099248818,0.0529235870116521
0.0591438393873372,0.0582010284184141,0.0601580099248818,0.0529235870116521
0.0591438393873372,0.0582010284184141,0.0601580099248818,0.0529235870116521
0.0591438393873372,0.0582010284184141,0.0601580099248818,0.0529235870116521
0.0605512754644317,0.0582010284184141,0.0601580099248818,0.0529235870116521
0.0605512754644317,0.0582010284184141,0.0601580099248818,0.0529235870116521
0.0605512754644317,0.0582010284184141,0.0601580099248818,0.0529235870116521
0.0605512754644317,0.0582010284184141,0.0601580099248818,0.0529235870116521
0.0605512754644317,0.0582010284184141,0.0601580099248818,0.0529235870116521
0.0605512754644317,0.0582010284184141,0.0601580099248818,0.0529235870116521
0.0605512754644317,0.0582010284184141,0.0601580099248818,0.0529235870116521
0.0605512754644317,0.0582010284184141,0.0601580099248818,0.0529235870116521
0.0605512754644317,0.0582010284184141,0.0601580099248818,0.0529235870116521
0.0605512754644317,0.0582010284184141,0.0601580099248818,0.0529235870116521
0.0605512754644317,0.0582010284184141,0.0601580099248818,0.0529235870116521
0.0605512754644317,0.0582010284184141,0.0601580099248818,0.0529235870116521
0.0582312041365762,0.0582010284184141,0.0601580099248818,0.0529235870116521
0.0582312041365762,0.0582010284184141,0.0601580099248818,0.0529235870116521
0.0582312041365762,0.0582010284184141,0.0601580099248818,0.0529235870116521
0.0582312041365762,0.0582010284184141,0.0601580099248818,0.0529235870116521
0.0582312041365762,0.0582010284184141,0.0601580099248818,0.0529235870116521
0.0582312041365762,0.0582010284184141,0.0601580099248818,0.0529235870116521
0.0582312041365762,0.0582010284184141,0.0601580099248818,0.0529235870116521
0.0582312041365762,0.0582010284184141,0.0601580099248818,0.0529235870116521
0.0582312041365762,0.0582010284184141,0.0601580099248818,0.0529235870116521
0.0582312041365762,0.0582010284184141,0.0601580099248818,0.0529235870116521
0.0582312041365762,0.0582010284184141,0.0601580099248818,0.0491578609511854
0.0582312041365762,0.0582010284184141,0.0601580099248818,0.0491578609511854
0.0582312041365762,0.0582010284184141,0.0601580099248818,0.0491578609511854
0.0582312041365762,0.0582010284184141,0.0601580099248818,0.0491578609511854
0.0582312041365762,0.0582010284184141,0.0601580099248818,0.0491578609511854
0.0582312041365762,0.0582010284184141,0.0575524886454009,0.0491578609511854
0.0582312041365762,0.0582010284184141,0.0575524886454009,0.0491578609511854
0.0582312041365762,0.0582010284184141,0.0575524886454009,0.0491578609511854
0.0582312041365762,0.0582010284184141,0.0575524886454009,0.0491578609511854
0.0582312041365762,0.0582010284184141,0.0575524886454009,0.0491578609511854
0.0582312041365762,0.0582010284184141,0.0575524886454009,0.0454716199050802
0.0582312041365762,0.0582010284184141,0.0575524886454009,0.0454716199050802
0.0582312041365762,0.0582010284184141,0.0575524886454009,0.0454716199050802
0.0582312041365762,0.0582010284184141,0.0528235975339841,0.0454716199050802
0.0582312041365762,0.0582010284184141,0.0528235975339841,0.0454716199050802
0.0582312041365762,0.0582010284184141,0.0528235975339841,0.0454716199050802
0.0582312041365762,0.0582010284184141,0.0528235975339841,0.0454716199050802
0.0582312041365762,0.0582010284184141,0.0528235975339841,0.0454716199050802
0.0582312041365762,0.0582010284184141,0.0528235975339841,0.0454716199050802
0.0582312041365762,0.0582010284184141,0.0528235975339841,0.0454716199050802
0.0582312041365762,0.0582010284184141,0.0528235975339841,0.0454716199050802
0.0582312041365762,0.0582010284184141,0.0528235975339841,0.0454716199050802
0.0582312041365762,0.0582010284184141,0.0528235975339841,0.0454716199050802
0.0582312041365762,0.0582010284184141,0.0528235975339841,0.0453704093722458
0.0582312041365762,0.0582010284184141,0.0528235975339841,0.0453704093722458
0.0582312041365762,0.0582010284184141,0.0528235975339841,0.0453704093722458
0.0582312041365762,0.0582010284184141,0.0528235975339841,0.0453704093722458
0.0582312041365762,0.0582010284184141,0.0528235975339841,0.0453704093722458
0.0582312041365762,0.0558617305798521,0.0528235975339841,0.0465644155411435
0.0582312041365762,0.0558617305798521,0.0528235975339841,0.0465644155411435
0.0582312041365762,0.0558617305798521,0.0528235975339841,0.0465644155411435
0.0582312041365762,0.0558617305798521,0.0528235975339841,0.0465644155411435
0.0582312041365762,0.0558617305798521,0.0528235975339841,0.0465644155411435
0.0582312041365762,0.0558617305798521,0.0528235975339841,0.0465644155411435
0.0582312041365762,0.0558617305798521,0.0528235975339841,0.0465644155411435
0.0582312041365762,0.0558617305798521,0.0572931911343651,0.0465644155411435
0.0582312041365762,0.0558617305798521,0.0572931911343651,0.0465644155411435
0.0582312041365762,0.0558617305798521,0.0572931911343651,0.0465644155411435
0.0582312041365762,0.0558617305798521,0.0572931911343651,0.0465644155411435
0.0582312041365762,0.0558617305798521,0.0572931911343651,0.0465644155411435
0.0582312041365762,0.0558617305798521,0.0572931911343651,0.0465644155411435
0.0582312041365762,0.0558617305798521,0.0633251894774744,0.0465644155411435
0.0582312041365762,0.0558617305798521,0.0633251894774744,0.0465644155411435
0.0582312041365762,0.0558617305798521,0.0633251894774744,0.0465644155411435
0.0582312041365762,0.0558617305798521,0.0633251894774744,0.0465644155411435
0.0582312041365762,0.0558617305798521,0.0633251894774744,0.0465644155411435
0.0582312041365762,0.0558617305798521,0.0633251894774744,0.0465644155411435
0.0582312041365762,0.0558617305798521,0.0633251894774744,0.0465644155411435
0.0582312041365762,0.0558617305798521,0.0633251894774744,0.0465644155411435
0.0582312041365762,0.0558617305798521,0.0597376272216606,0.0465644155411435
0.0582312041365762,0.0558617305798521,0.0597376272216606,0.0492132742734707
0.0582312041365762,0.0558617305798521,0.0597376272216606,0.0471213445231472
0.0582312041365762,0.0558617305798521,0.0597376272216606,0.0471213445231472
0.0582312041365762,0.0558617305798521,0.0597376272216606,0.0471213445231472
0.0582312041365762,0.0558617305798521,0.0597376272216606,0.0471213445231472
0.0582312041365762,0.0558617305798521,0.0597376272216606,0.0471213445231472
0.0582312041365762,0.0558617305798521,0.0597376272216606,0.0471213445231472
0.0582312041365762,0.0558617305798521,0.0597376272216606,0.0471213445231472
0.0582312041365762,0.0558617305798521,0.0597376272216606,0.0471213445231472
0.0582312041365762,0.0558617305798521,0.0597376272216606,0.0471213445231472
0.0582312041365762,0.0558617305798521,0.0597376272216606,0.0471213445231472
0.0582312041365762,0.0558617305798521,0.0597376272216606,0.0471213445231472
0.0582312041365762,0.0558617305798521,0.0597376272216606,0.0471213445231472
0.0582312041365762,0.0558617305798521,0.0597376272216606,0.0471213445231472
0.0582312041365762,0.0558617305798521,0.0597376272216606,0.0471213445231472
0.0582312041365762,0.0558617305798521,0.0597376272216606,0.0471213445231472
0.0582312041365762,0.0558617305798521,0.0567754178876646,0.0471213445231472
0.0582312041365762,0.0558617305798521,0.0567754178876646,0.0509204511642525
0.0582312041365762,0.0558617305798521,0.0567754178876646,0.0509204511642525
0.0582312041365762,0.0558617305798521,0.0567754178876646,0.0509204511642525
0.0582312041365762,0.0558617305798521,0.0567754178876646,0.0509204511642525
0.0582312041365762,0.0558617305798521,0.0567754178876646,0.0509204511642525
0.0582312041365762,0.0558617305798521,0.0567754178876646,0.0509204511642525
0.0582312041365762,0.0558617305798521,0.0567754178876646,0.0509204511642525
0.0582312041365762,0.0558617305798521,0.0567754178876646,0.0509204511642525
0.0582312041365762,0.0558617305798521,0.0567754178876646,0.0509204511642525
0.0582312041365762,0.0558617305798521,0.0567754178876646,0.0509204511642525
0.0582312041365762,0.0558617305798521,0.0567754178876646,0.0509204511642525
0.0582312041365762,0.0558617305798521,0.0567754178876646,0.0509204511642525
0.0582312041365762,0.0558617305798521,0.0567754178876646,0.0509204511642525
0.0582312041365762,0.0558617305798521,0.0567754178876646,0.0509204511642525
0.0582312041365762,0.0558617305798521,0.0567754178876646,0.0509204511642525
0.0582312041365762,0.0558617305798521,0.0567754178876646,0.0509204511642525
0.0582312041365762,0.0558617305798521,0.0567754178876646,0.0509204511642525
0.0582312041365762,0.0558617305798521,0.0567754178876646,0.0509204511642525
0.0582312041365762,0.0558617305798521,0.0567754178876646,0.0509204511642525
0.0582312041365762,0.0558617305798521,0.0567754178876646,0.0509204511642525
0.0582312041365762,0.0558617305798521,0.0567754178876646,0.0509204511642525
0.0582312041365762,0.0558617305798521,0.0567754178876646,0.0509204511642525
0.0582312041365762,0.0558617305798521,0.0567754178876646,0.0509204511642525
0.0582312041365762,0.0558617305798521,0.0567754178876646,0.0509204511642525
0.0582312041365762,0.0558617305798521,0.0567754178876646,0.0509204511642525
0.0582312041365762,0.0558617305798521,0.0567754178876646,0.0509204511642525
0.0582312041365762,0.0471170021892501,0.0567754178876646,0.0509204511642525
0.0582312041365762,0.0471170021892501,0.0567754178876646,0.0509204511642525
0.0582312041365762,0.0471170021892501,0.0567754178876646,0.0509204511642525
0.0582312041365762,0.0471170021892501,0.0567754178876646,0.0509204511642525
0.0582312041365762,0.0471170021892501,0.0567754178876646,0.0509204511642525
0.0582312041365762,0.0471170021892501,0.0567754178876646,0.0509204511642525
0.0582312041365762,0.0471170021892501,0.0567754178876646,0.0509204511642525
0.0582312041365762,0.0471170021892501,0.0567754178876646,0.0509204511642525
0.0582312041365762,0.0471170021892501,0.0567754178876646,0.0509204511642525
0.0582312041365762,0.0471170021892501,0.0567754178876646,0.0509204511642525
0.0582312041365762,0.0471170021892501,0.0567754178876646,0.0509204511642525
0.0582312041365762,0.0471170021892501,0.0567754178876646,0.0509204511642525
0.0582312041365762,0.0471170021892501,0.0567754178876646,0.0509204511642525
0.0582312041365762,0.0471170021892501,0.0567754178876646,0.0509204511642525
0.0582312041365762,0.048698438113213,0.0567754178876646,0.0509204511642525
0.0582312041365762,0.048698438113213,0.0567754178876646,0.0509204511642525
0.0582312041365762,0.048698438113213,0.0567754178876646,0.0509204511642525
0.0582312041365762,0.048698438113213,0.0567754178876646,0.0509204511642525
0.0582312041365762,0.048698438113213,0.0567754178876646,0.0509204511642525
0.0582312041365762,0.048698438113213,0.0567754178876646,0.0509204511642525
0.0582312041365762,0.048698438113213,0.0567754178876646,0.0509204511642525
0.0582312041365762,0.048698438113213,0.0567754178876646,0.0509204511642525
0.0582312041365762,0.048698438113213,0.0567754178876646,0.0509204511642525
0.0582312041365762,0.048698438113213,0.0567754178876646,0.0532630663539828
0.0582312041365762,0.048698438113213,0.0567754178876646,0.0532630663539828
0.0582312041365762,0.0527158072847157,0.0567754178876646,0.0532630663539828
0.0582312041365762,0.0527158072847157,0.0569680368955779,0.0532630663539828
0.0582312041365762,0.0527158072847157,0.0569680368955779,0.0532630663539828
0.0582312041365762,0.0527158072847157,0.0569680368955779,0.0532630663539828
0.0582312041365762,0.0527158072847157,0.0569680368955779,0.0532630663539828
0.0582312041365762,0.0527158072847157,0.0569680368955779,0.0532630663539828
0.0582312041365762,0.0527158072847157,0.0569680368955779,0.0532630663539828
0.0582312041365762,0.0527158072847157,0.0569680368955779,0.0532630663539828
0.0582312041365762,0.0527158072847157,0.0569680368955779,0.0532630663539828
0.0582312041365762,0.0527158072847157,0.0569680368955779,0.0532630663539828
0.0549632919381623,0.0527158072847157,0.0569680368955779,0.0532630663539828
0.0549632919381623,0.0527158072847157,0.0569680368955779,0.0532630663539828
0.0549632919381623,0.0527158072847157,0.0569680368955779,0.0532630663539828
0.0549632919381623,0.0527158072847157,0.0569680368955779,0.0532630663539828
0.0549632919381623,0.0553595224372716,0.0569680368955779,0.0532630663539828
0.0549632919381623,0.0553595224372716,0.0569680368955779,0.0532630663539828
0.0549632919381623,0.0553595224372716,0.0569680368955779,0.0532630663539828
0.0549632919381623,0.0553595224372716,0.0569680368955779,0.0532630663539828
0.0549632919381623,0.0553595224372716,0.0569680368955779,0.0532630663539828
0.0549632919381623,0.0614567048267037,0.0569680368955779,0.0532630663539828
0.0549632919381623,0.0616031630065257,0.0569680368955779,0.0532630663539828
0.0549632919381623,0.0616031630065257,0.0569680368955779,0.0532630663539828
0.0549632919381623,0.0616031630065257,0.0569680368955779,0.0532630663539828
0.0549632919381623,0.0616031630065257,0.0562900130010755,0.0532630663539828
0.0549632919381623,0.0616031630065257,0.0562900130010755,0.0532630663539828
0.0549632919381623,0.0616031630065257,0.0562900130010755,0.0532630663539828
0.0549632919381623,0.0616031630065257,0.0562900130010755,0.0532630663539828
0.0549632919381623,0.0616031630065257,0.0562900130010755,0.0566299599982909
0.0549632919381623,0.0616031630065257,0.0562900130010755,0.0566299599982909
0.0549632919381623,0.0616031630065257,0.0562900130010755,0.0566299599982909
0.0549632919381623,0.0616031630065257,0.0560197510382137,0.0566299599982909
0.0549632919381623,0.0616031630065257,0.0560197510382137,0.0566299599982909
0.0549632919381623,0.0616031630065257,0.0560197510382137,0.0566299599982909
0.0549632919381623,0.0616031630065257,0.0560197510382137,0.0566299599982909
0.0549632919381623,0.0616031630065257,0.0560197510382137,0.0566299599982909
0.0549632919381623,0.0616031630065257,0.0560197510382137,0.0566299599982909
0.0549632919381623,0.0616031630065257,0.0560197510382137,0.0566299599982909
0.0527316837067684,0.0616031630065257,0.0560197510382137,0.0566299599982909
0.0527316837067684,0.0616031630065257,0.0560197510382137,0.0566299599982909
0.0527316837067684,0.0616031630065257,0.0560197510382137,0.0566299599982909
0.0527316837067684,0.0616031630065257,0.0560197510382137,0.0566299599982909
0.0527316837067684,0.0616031630065257,0.0560197510382137,0.0566299599982909
0.0527316837067684,0.0616031630065257,0.0560197510382137,0.0566299599982909
0.0527316837067684,0.0518466714849984,0.0560197510382137,0.0566299599982909
0.0527316837067684,0.0518466714849984,0.0560197510382137,0.0566299599982909
0.0527316837067684,0.0518466714849984,0.0560197510382137,0.0566299599982909
0.0527316837067684,0.0518466714849984,0.0560197510382137,0.0575306558296662
0.0527316837067684,0.0518466714849984,0.0560197510382137,0.0575306558296662
0.0527316837067684,0.0518466714849984,0.0560197510382137,0.0575306558296662
0.0527316837067684,0.0518466714849984,0.0560197510382137,0.0575306558296662
0.0527316837067684,0.0510798039103191,0.0560197510382137,0.0575306558296662
0.0527316837067684,0.0510798039103191,0.0560197510382137,0.0575306558296662
0.0527316837067684,0.0510798039103191,0.0560197510382137,0.0575306558296662
0.0527316837067684,0.0497657258132573,0.0560197510382137,0.0575306558296662
0.0527316837067684,0.0497657258132573,0.0560197510382137,0.0575306558296662
0.05239493542508,0.0497657258132573,0.0560197510382137,0.0575306558296662
0.05239493542508,0.0497657258132573,0.0560197510382137,0.0575306558296662
0.05239493542508,0.0497657258132573,0.0560197510382137,0.0575306558296662
0.05239493542508,0.0497657258132573,0.0560197510382137,0.0575306558296662
0.05239493542508,0.0497657258132573,0.0560197510382137,0.0575306558296662
0.05239493542508,0.0497657258132573,0.0560197510382137,0.0574949937827124
0.05239493542508,0.0497657258132573,0.0560197510382137,0.0574949937827124
0.05239493542508,0.0497657258132573,0.0560197510382137,0.0574949937827124
0.05239493542508,0.0497657258132573,0.0560197510382137,0.0574949937827124
0.05239493542508,0.0497657258132573,0.0560197510382137,0.0574949937827124
0.05239493542508,0.0497657258132573,0.0560197510382137,0.0574949937827124
0.05239493542508,0.0497657258132573,0.0560197510382137,0.0603730014594979
0.05239493542508,0.0497657258132573,0.0560197510382137,0.0603730014594979
0.05239493542508,0.0497657258132573,0.0560197510382137,0.0603730014594979
0.05239493542508,0.0497657258132573,0.0560197510382137,0.0603730014594979
0.05239493542508,0.0497657258132573,0.0560197510382137,0.0603730014594979
0.05239493542508,0.0497657258132573,0.0560197510382137,0.0603730014594979
0.05239493542508,0.0497657258132573,0.0560197510382137,0.0603730014594979
0.05239493542508,0.0497657258132573,0.0560197510382137,0.0603730014594979
0.05239493542508,0.0497657258132573,0.0560197510382137,0.0603730014594979
0.05239493542508,0.0497657258132573,0.0560197510382137,0.0603730014594979
0.05239493542508,0.0497657258132573,0.0560197510382137,0.0603730014594979
0.05239493542508,0.0497657258132573,0.0560197510382137,0.0603730014594979
0.05239493542508,0.0497657258132573,0.0560197510382137,0.0603730014594979
0.05239493542508,0.0497657258132573,0.0560197510382137,0.0603730014594979
0.05239493542508,0.0497657258132573,0.0560197510382137,0.0603730014594979
0.05239493542508,0.0497657258132573,0.0560197510382137,0.0603730014594979
0.05239493542508,0.0497657258132573,0.0560197510382137,0.0603730014594979
0.05239493542508,0.0497657258132573,0.0560197510382137,0.0603730014594979
0.05239493542508,0.0497657258132573,0.0503496454960952,0.0603730014594979
0.05239493542508,0.0497657258132573,0.0503496454960952,0.0603730014594979
0.05239493542508,0.0497657258132573,0.0503496454960952,0.0603730014594979
0.05239493542508,0.0497657258132573,0.0503496454960952,0.0603730014594979
0.05239493542508,0.0497657258132573,0.0503496454960952,0.0603730014594979
0.05239493542508,0.0497657258132573,0.0503496454960952,0.0603730014594979
0.05239493542508,0.0497657258132573,0.0503496454960952,0.0603730014594979
0.05239493542508,0.0497657258132573,0.0503496454960952,0.0603730014594979
0.05239493542508,0.0497657258132573,0.0503496454960952,0.0603730014594979
0.05239493542508,0.0497657258132573,0.0503496454960952,0.0550820246999416
0.05239493542508,0.0497657258132573,0.0503496454960952,0.0550820246999416
0.05239493542508,0.0497657258132573,0.0503496454960952,0.0550820246999416
0.05239493542508,0.0497657258132573,0.0503496454960952,0.0550820246999416
0.05239493542508,0.0497657258132573,0.0503496454960952,0.0550820246999416
0.05239493542508,0.0497657258132573,0.0503496454960952,0.0550820246999416
0.05239493542508,0.0497657258132573,0.0503496454960952,0.0550820246999416
0.05239493542508,0.0497657258132573,0.0503496454960952,0.0550820246999416
0.05239493542508,0.0497657258132573,0.0503496454960952,0.0550820246999416
0.05239493542508,0.0497657258132573,0.0503496454960952,0.0550820246999416
0.047933631484724,0.0497657258132573,0.0503496454960952,0.0550820246999416
0.047933631484724,0.0497657258132573,0.0503496454960952,0.0550820246999416
0.047933631484724,0.0497657258132573,0.0503496454960952,0.0550820246999416
0.047933631484724,0.0497657258132573,0.0503496454960952,0.0550820246999416
0.047933631484724,0.0497657258132573,0.0503496454960952,0.0550820246999416
0.047933631484724,0.0497657258132573,0.0503496454960952,0.0550820246999416
0.047933631484724,0.0497657258132573,0.0503496454960952,0.0550820246999416
0.047933631484724,0.0573531864751442,0.0503496454960952,0.0550820246999416
0.047933631484724,0.0573531864751442,0.0503496454960952,0.0550820246999416
0.047933631484724,0.0573531864751442,0.0503496454960952,0.0550820246999416
0.047933631484724,0.057187222519932,0.0503496454960952,0.0550820246999416
0.047933631484724,0.057187222519932,0.0503496454960952,0.0550820246999416
0.047933631484724,0.057187222519932,0.0503496454960952,0.0550820246999416
0.047933631484724,0.057187222519932,0.0503496454960952,0.0550820246999416
0.047933631484724,0.057187222519932,0.0503496454960952,0.0550820246999416
0.047933631484724,0.057187222519932,0.0503496454960952,0.0550820246999416
0.047933631484724,0.057187222519932,0.0503496454960952,0.0550820246999416
0.047933631484724,0.057187222519932,0.0503496454960952,0.0550820246999416
0.047933631484724,0.057187222519932,0.0503496454960952,0.0550820246999416
0.047933631484724,0.057187222519932,0.0503496454960952,0.0550820246999416
0.047933631484724,0.057187222519932,0.0503496454960952,0.0550820246999416
0.047933631484724,0.057187222519932,0.0503496454960952,0.0550820246999416
0.047933631484724,0.057187222519932,0.0503496454960952,0.0550820246999416
0.047933631484724,0.057187222519932,0.0503496454960952,0.0550820246999416
0.047933631484724,0.057187222519932,0.0503496454960952,0.0550820246999416
0.047933631484724,0.057187222519932,0.0503496454960952,0.0550820246999416
0.047933631484724,0.057187222519932,0.0503496454960952,0.0550820246999416
0.047933631484724,0.057187222519932,0.0503496454960952,0.0550820246999416
0.04777215584632,0.057187222519932,0.0503496454960952,0.0550820246999416
0.04777215584632,0.057187222519932,0.0503496454960952,0.0550820246999416
0.04777215584632,0.057187222519932,0.0503496454960952,0.0550820246999416
0.04777215584632,0.057187222519932,0.0503496454960952,0.0550820246999416
0.04777215584632,0.057187222519932,0.0503496454960952,0.0550820246999416
0.04777215584632,0.057187222519932,0.0520706529548991,0.0550820246999416
0.04777215584632,0.057187222519932,0.0520706529548991,0.0550820246999416
0.04777215584632,0.057187222519932,0.0520706529548991,0.0550820246999416
0.04777215584632,0.057187222519932,0.0520706529548991,0.0550820246999416
0.04777215584632,0.057187222519932,0.0520706529548991,0.0550820246999416
0.04777215584632,0.057187222519932,0.0520706529548991,0.0550820246999416
0.04777215584632,0.057187222519932,0.0520706529548991,0.0575772096351386
0.04777215584632,0.057187222519932,0.0520706529548991,0.0575772096351386
0.04777215584632,0.057187222519932,0.0520706529548991,0.0575772096351386
0.04777215584632,0.057187222519932,0.0520706529548991,0.0575772096351386
0.04777215584632,0.057187222519932,0.0520706529548991,0.0575772096351386
0.04777215584632,0.057187222519932,0.0520706529548991,0.0575772096351386
0.04777215584632,0.0590959113223394,0.0520706529548991,0.0594448527923172
0.04777215584632,0.0590959113223394,0.0520706529548991,0.0594448527923172
0.04777215584632,0.0590959113223394,0.0520706529548991,0.0594448527923172
0.04777215584632,0.0590959113223394,0.0520706529548991,0.0594448527923172
0.04777215584632,0.0590959113223394,0.0520706529548991,0.0594448527923172
0.04777215584632,0.0590959113223394,0.0520706529548991,0.0594448527923172
0.04777215584632,0.0587706918405016,0.0520706529548991,0.0594448527923172
0.04777215584632,0.0587706918405016,0.0520706529548991,0.0594448527923172
0.04777215584632,0.0587706918405016,0.0520706529548991,0.0594448527923172
0.0523633964983007,0.0587706918405016,0.0520706529548991,0.0594448527923172
0.0523633964983007,0.0587706918405016,0.0520706529548991,0.0594448527923172
0.0523633964983007,0.0587706918405016,0.0520706529548991,0.0594448527923172
0.0523633964983007,0.0587706918405016,0.0520706529548991,0.0594448527923172
0.0523633964983007,0.0587706918405016,0.0520706529548991,0.0594448527923172
0.0523633964983007,0.0587706918405016,0.0520706529548991,0.0594448527923172
0.0523633964983007,0.0587706918405016,0.0520706529548991,0.0594448527923172
0.0523633964983007,0.0587706918405016,0.0520706529548991,0.0594448527923172
0.0523633964983007,0.0587706918405016,0.0520706529548991,0.0594448527923172
0.0523633964983007,0.0587706918405016,0.0529079740509743,0.0594448527923172
0.0523633964983007,0.0587706918405016,0.0529079740509743,0.0594448527923172
0.0523633964983007,0.0587706918405016,0.0529079740509743,0.0594448527923172
0.0523633964983007,0.0587706918405016,0.0529079740509743,0.0594448527923172
0.0523633964983007,0.0535587140280099,0.0529079740509743,0.0594448527923172
0.0523633964983007,0.0535587140280099,0.0529079740509743,0.0594448527923172
0.0523633964983007,0.0535587140280099,0.0529079740509743,0.0594448527923172
0.0523633964983007,0.0535587140280099,0.0529079740509743,0.0594448527923172
0.0523633964983007,0.0535587140280099,0.0529079740509743,0.0594448527923172
0.0523633964983007,0.0535587140280099,0.0529079740509743,0.0594448527923172
0.0523633964983007,0.0535587140280099,0.0529079740509743,0.0594448527923172
0.0523633964983007,0.0535587140280099,0.0529079740509743,0.0594448527923172
0.0523633964983007,0.0535587140280099,0.0529079740509743,0.0594448527923172
0.0523633964983007,0.0535587140280099,0.0529079740509743,0.0594448527923172
0.0523633964983007,0.0535587140280099,0.0529079740509743,0.0594448527923172
0.0523633964983007,0.0535587140280099,0.0529079740509743,0.0594448527923172
0.0523633964983007,0.0535587140280099,0.0529079740509743,0.0594448527923172
0.0523633964983007,0.0535587140280099,0.0529079740509743,0.0594448527923172
0.0523633964983007,0.0535587140280099,0.0529079740509743,0.0594448527923172
0.0523633964983007,0.0604429105168011,0.0529079740509743,0.0594448527923172
0.0523633964983007,0.0604429105168011,0.0529079740509743,0.0594448527923172
0.0523633964983007,0.0604429105168011,0.0529079740509743,0.0594448527923172
0.0523633964983007,0.0604429105168011,0.0529079740509743,0.0594448527923172
0.0523633964983007,0.0604429105168011,0.0529079740509743,0.0594448527923172
0.0523633964983007,0.0604429105168011,0.0546997008132129,0.0594448527923172
0.0547821859439054,0.0604429105168011,0.0546997008132129,0.0594448527923172
0.0547821859439054,0.0604429105168011,0.0546997008132129,0.0594448527923172
0.0547821859439054,0.0604429105168011,0.0546997008132129,0.0594448527923172
0.0547821859439054,0.0604429105168011,0.0546997008132129,0.0594448527923172
0.0547821859439054,0.0604429105168011,0.0546997008132129,0.0594448527923172
0.0547821859439054,0.0604429105168011,0.0546997008132129,0.0594448527923172
0.0547821859439054,0.0604429105168011,0.0546997008132129,0.0594448527923172
0.0547821859439054,0.0604429105168011,0.0546997008132129,0.0594448527923172
0.0547821859439054,0.0604429105168011,0.0546997008132129,0.0594448527923172
0.0547821859439054,0.0604429105168011,0.0546997008132129,0.0594448527923172
0.0547821859439054,0.0604429105168011,0.0546997008132129,0.0594448527923172
0.0547821859439054,0.0604429105168011,0.0546997008132129,0.0594448527923172
0.0547821859439054,0.0604429105168011,0.0546997008132129,0.0594448527923172
0.0547821859439054,0.0604429105168011,0.0546997008132129,0.0594448527923172
0.0547821859439054,0.0604429105168011,0.0546997008132129,0.0594448527923172
0.0547821859439054,0.0604429105168011,0.0546997008132129,0.0594448527923172
0.0547821859439054,0.0604429105168011,0.0546997008132129,0.0594448527923172
0.0547821859439054,0.0604429105168011,0.0546997008132129,0.0594448527923172
0.0547821859439054,0.0604429105168011,0.0546997008132129,0.0594448527923172
0.0547821859439054,0.0604429105168011,0.0546997008132129,0.0594448527923172
0.0547821859439054,0.0604429105168011,0.0546997008132129,0.0594448527923172
0.0547821859439054,0.0604429105168011,0.0546997008132129,0.0594448527923172
0.0547821859439054,0.0604429105168011,0.0546997008132129,0.0594448527923172
0.0547821859439054,0.0604429105168011,0.0546997008132129,0.0594448527923172
0.0547821859439054,0.0604429105168011,0.0532302383722495,0.0594448527923172
0.0547821859439054,0.0604429105168011,0.0532302383722495,0.0594448527923172
0.0547821859439054,0.0604429105168011,0.0532302383722495,0.0594448527923172
0.0547821859439054,0.0604429105168011,0.0532302383722495,0.0594448527923172
0.0547821859439054,0.0604429105168011,0.0532302383722495,0.0594448527923172
0.0547821859439054,0.0604429105168011,0.0532302383722495,0.0594448527923172
0.0547821859439054,0.0604429105168011,0.0532302383722495,0.0594448527923172
0.0547821859439054,0.0604429105168011,0.0532302383722495,0.0594448527923172
0.0547821859439054,0.0466288252247748,0.0532302383722495,0.0594448527923172
0.0547821859439054,0.0466288252247748,0.0532302383722495,0.0594448527923172
0.0547821859439054,0.0466288252247748,0.0532302383722495,0.0594448527923172
0.0547821859439054,0.0466288252247748,0.0532302383722495,0.0594448527923172
0.0547821859439054,0.0466288252247748,0.0532302383722495,0.0594448527923172
0.0547821859439054,0.0466288252247748,0.0532302383722495,0.0594448527923172
0.0547821859439054,0.0466288252247748,0.0532302383722495,0.0594448527923172
0.0547821859439054,0.0466288252247748,0.0532302383722495,0.0594448527923172
0.0547821859439054,0.0466288252247748,0.0524975095565451,0.0594448527923172
0.0547821859439054,0.0466288252247748,0.0524975095565451,0.0594448527923172
0.0547821859439054,0.0466288252247748,0.0524975095565451,0.0594448527923172
0.0547821859439054,0.0466288252247748,0.0524975095565451,0.0594448527923172
0.0547821859439054,0.0466288252247748,0.0524975095565451,0.0594448527923172
0.0547821859439054,0.0466288252247748,0.0524975095565451,0.0594448527923172
0.0547821859439054,0.0466288252247748,0.0524975095565451,0.0594448527923172
0.0547821859439054,0.0466288252247748,0.0524975095565451,0.0594448527923172
0.0547821859439054,0.0466288252247748,0.0524975095565451,0.0594448527923172
0.0547821859439054,0.0466288252247748,0.0524975095565451,0.0594448527923172
0.0547821859439054,0.0466288252247748,0.0524975095565451,0.0594448527923172
0.0547821859439054,0.0466288252247748,0.0524975095565451,0.0594448527923172
0.0547821859439054,0.0466288252247748,0.0524975095565451,0.0594448527923172
0.0547821859439054,0.0466288252247748,0.0524975095565451,0.0594448527923172
0.0547821859439054,0.0569366183260843,0.0524975095565451,0.0594448527923172
0.0547821859439054,0.0569366183260843,0.0524975095565451,0.0594448527923172
0.0547821859439054,0.0569366183260843,0.0524975095565451,0.0594448527923172
0.0547821859439054,0.0569366183260843,0.0524975095565451,0.0594448527923172
0.0547821859439054,0.0569366183260843,0.0524975095565451,0.0594448527923172
0.0547821859439054,0.0569366183260843,0.0524975095565451,0.0563372473859327
0.0547821859439054,0.0569366183260843,0.0524975095565451,0.0563372473859327
0.0547821859439054,0.0572514560162698,0.0524975095565451,0.0563372473859327
0.0547821859439054,0.0572514560162698,0.0524975095565451,0.0563372473859327
0.0547821859439054,0.0572514560162698,0.0524975095565451,0.0563372473859327
0.0547821859439054,0.0572514560162698,0.0524975095565451,0.0563372473859327
0.0547821859439054,0.0572514560162698,0.0524975095565451,0.0563372473859327
0.0547821859439054,0.0572514560162698,0.0524975095565451,0.0563372473859327
0.0547821859439054,0.0572514560162698,0.0524975095565451,0.0563372473859327
0.0547821859439054,0.0572514560162698,0.0524975095565451,0.0597591694302264
0.0528999585014608,0.0613368095413912,0.0524975095565451,0.0597591694302264
0.0528999585014608,0.0613368095413912,0.0524975095565451,0.0597591694302264
0.0528999585014608,0.0613368095413912,0.0524975095565451,0.0597591694302264
0.0528999585014608,0.0613368095413912,0.0524975095565451,0.0597591694302264
0.0528999585014608,0.0613368095413912,0.0524975095565451,0.0597591694302264
0.0528999585014608,0.0613368095413912,0.0524975095565451,0.0597591694302264
0.0528999585014608,0.0613368095413912,0.0524975095565451,0.0597591694302264
0.0528999585014608,0.0613368095413912,0.0524975095565451,0.0597591694302264
0.0528999585014608,0.0613368095413912,0.0524975095565451,0.0597591694302264
0.0528999585014608,0.0613368095413912,0.0524975095565451,0.0597591694302264
0.0528999585014608,0.0613368095413912,0.0524975095565451,0.0597591694302264
0.0528999585014608,0.0613368095413912,0.0524975095565451,0.0597591694302264
0.0528999585014608,0.0613368095413912,0.0524975095565451,0.0597591694302264
0.0528999585014608,0.0613368095413912,0.0524975095565451,0.0597591694302264
0.0528999585014608,0.0613368095413912,0.0524975095565451,0.0597591694302264
0.0528999585014608,0.0613368095413912,0.0524975095565451,0.0597591694302264
0.0528999585014608,0.0613368095413912,0.0524975095565451,0.0597591694302264
0.058331871044627,0.0613368095413912,0.0524975095565451,0.0597591694302264
0.058331871044627,0.0613368095413912,0.0524975095565451,0.0597591694302264
0.058331871044627,0.0613368095413912,0.0524975095565451,0.0597591694302264
0.058331871044627,0.0613368095413912,0.0524975095565451,0.0597591694302264
0.058331871044627,0.0613368095413912,0.0524975095565451,0.0597591694302264
0.058331871044627,0.0613368095413912,0.0524975095565451,0.0597591694302264
0.058331871044627,0.0613368095413912,0.0524975095565451,0.0597591694302264
0.058331871044627,0.0613368095413912,0.0524975095565451,0.0597591694302264
0.058331871044627,0.0613368095413912,0.0524975095565451,0.0597591694302264
0.058331871044627,0.0613368095413912,0.0524975095565451,0.0597591694302264
0.058331871044627,0.0613368095413912,0.0524975095565451,0.0597591694302264
0.058331871044627,0.0613368095413912,0.0524975095565451,0.0597591694302264
0.058331871044627,0.0657329873613415,0.0524975095565451,0.0597591694302264
0.058331871044627,0.0657329873613415,0.0524975095565451,0.0597591694302264
0.058331871044627,0.0657329873613415,0.0524975095565451,0.0597591694302264
0.058331871044627,0.0657329873613415,0.0524975095565451,0.0597591694302264
0.058331871044627,0.0657329873613415,0.0524975095565451,0.0597591694302264
0.058331871044627,0.0657329873613415,0.0524975095565451,0.0597591694302264
0.058331871044627,0.0657329873613415,0.0535908892748952,0.0597591694302264
0.058331871044627,0.0657329873613415,0.0535908892748952,0.0597591694302264
0.058331871044627,0.0657329873613415,0.0535908892748952,0.0597591694302264
0.058331871044627,0.0657329873613415,0.0535908892748952,0.0597591694302264
0.058331871044627,0.0657329873613415,0.0535908892748952,0.0597591694302264
0.058331871044627,0.0657329873613415,0.0535908892748952,0.0597591694302264
0.058331871044627,0.0657329873613415,0.0535908892748952,0.0597591694302264
0.058331871044627,0.0657329873613415,0.0535908892748952,0.0597591694302264
0.058331871044627,0.0657329873613415,0.0535908892748952,0.0597591694302264
0.058331871044627,0.0657329873613415,0.0535908892748952,0.0597591694302264
0.058331871044627,0.0657329873613415,0.0535908892748952,0.0597591694302264
0.058331871044627,0.0657329873613415,0.0535908892748952,0.0597591694302264
0.058331871044627,0.0657329873613415,0.0535908892748952,0.0597591694302264
0.058331871044627,0.0657329873613415,0.0535908892748952,0.0597591694302264
0.058331871044627,0.0657329873613415,0.0535908892748952,0.0597591694302264
0.058331871044627,0.0657329873613415,0.0535908892748952,0.0597591694302264
0.058331871044627,0.0657329873613415,0.0535908892748952,0.0597591694302264
0.058331871044627,0.0657329873613415,0.0535908892748952,0.0597591694302264
0.058331871044627,0.0657329873613415,0.0535908892748952,0.0597591694302264
0.058331871044627,0.0657329873613415,0.0535908892748952,0.0597591694302264
0.058331871044627,0.0657329873613415,0.0535908892748952,0.0597591694302264
0.058331871044627,0.0657329873613415,0.0535908892748952,0.0597591694302264
0.058331871044627,0.0657329873613415,0.0535908892748952,0.0597591694302264
0.058331871044627,0.0657329873613415,0.0535908892748952,0.0597591694302264
0.058331871044627,0.0657329873613415,0.0535908892748952,0.0597591694302264
0.058331871044627,0.0657329873613415,0.0535908892748952,0.0597591694302264
0.058331871044627,0.0657329873613415,0.0535908892748952,0.0597591694302264
0.058331871044627,0.0657329873613415,0.0535908892748952,0.0597591694302264
0.058331871044627,0.0657329873613415,0.0548259364376973,0.0597591694302264
0.058331871044627,0.0657329873613415,0.0548259364376973,0.0597591694302264
0.0597228058143237,0.0657329873613415,0.0548259364376973,0.0597591694302264
0.0597228058143237,0.068763737187672,0.0548259364376973,0.0597591694302264
0.0597228058143237,0.068763737187672,0.0548259364376973,0.0597591694302264
0.0597228058143237,0.068763737187672,0.0548259364376973,0.0507726633227144
0.0597228058143237,0.068763737187672,0.0548259364376973,0.0507726633227144
0.0597228058143237,0.068763737187672,0.0548259364376973,0.0507726633227144
0.0580044429619433,0.068763737187672,0.0548259364376973,0.0514720374212463
0.0580044429619433,0.068763737187672,0.0548259364376973,0.0514720374212463
0.0580044429619433,0.068763737187672,0.0548259364376973,0.0514720374212463
0.0580044429619433,0.068763737187672,0.0548259364376973,0.0514720374212463
0.0580044429619433,0.068763737187672,0.0548259364376973,0.0514720374212463
0.0580044429619433,0.068763737187672,0.0548259364376973,0.0514720374212463
0.0580044429619433,0.068763737187672,0.0548259364376973,0.0514720374212463
0.0580044429619433,0.068763737187672,0.0548259364376973,0.0514720374212463
0.0580044429619433,0.068763737187672,0.0548259364376973,0.0514720374212463
0.0580044429619433,0.068763737187672,0.0548259364376973,0.0514720374212463
0.0580044429619433,0.068763737187672,0.0548259364376973,0.0514720374212463
0.0580044429619433,0.068763737187672,0.0548259364376973,0.0514720374212463
0.0580044429619433,0.068763737187672,0.0548259364376973,0.0514720374212463
0.0580044429619433,0.068763737187672,0.0548259364376973,0.0514720374212463
0.0580044429619433,0.068763737187672,0.0548259364376973,0.0514720374212463
0.0580044429619433,0.068763737187672,0.0548259364376973,0.0514720374212463
0.0580044429619433,0.068763737187672,0.0548259364376973,0.0514720374212463
0.0580044429619433,0.068763737187672,0.0548259364376973,0.0466189963830547
0.0580044429619433,0.068763737187672,0.0548259364376973,0.0520980994734687
0.0580044429619433,0.068763737187672,0.0548259364376973,0.0520980994734687
0.0580044429619433,0.068763737187672,0.0548259364376973,0.0520980994734687
0.0580044429619433,0.068763737187672,0.0548259364376973,0.0520980994734687
0.0580044429619433,0.068763737187672,0.0548259364376973,0.0520980994734687
0.0580044429619433,0.068763737187672,0.0548259364376973,0.0520980994734687
0.0580044429619433,0.068763737187672,0.0548259364376973,0.0520980994734687
0.0576691220878061,0.068763737187672,0.0548259364376973,0.0520980994734687
0.0576691220878061,0.068763737187672,0.0548259364376973,0.0520980994734687
0.0576691220878061,0.059437532902512,0.0548259364376973,0.0520980994734687
0.0576691220878061,0.059437532902512,0.0548259364376973,0.0520980994734687
0.0576691220878061,0.059437532902512,0.0548259364376973,0.0520980994734687
0.0576691220878061,0.059437532902512,0.0548259364376973,0.0520980994734687
0.0576691220878061,0.059437532902512,0.0548259364376973,0.0520980994734687
0.0576691220878061,0.059437532902512,0.0548259364376973,0.0520980994734687
0.0576691220878061,0.059437532902512,0.0548259364376973,0.0520980994734687
0.0576691220878061,0.0622471204225035,0.0548259364376973,0.0520980994734687
0.0576691220878061,0.0622471204225035,0.0548259364376973,0.0520980994734687
0.0576691220878061,0.0622471204225035,0.0548259364376973,0.0520980994734687
0.0554868046861762,0.0622471204225035,0.0548259364376973,0.0520980994734687
0.0554868046861762,0.0622471204225035,0.0548259364376973,0.0520980994734687
0.0554868046861762,0.0622471204225035,0.0548259364376973,0.0520980994734687
0.0554868046861762,0.0618683849882391,0.0548259364376973,0.0520980994734687
0.0554868046861762,0.0618683849882391,0.0548259364376973,0.0520980994734687
0.0554868046861762,0.0618683849882391,0.0548259364376973,0.0520980994734687
0.0554868046861762,0.0618683849882391,0.0548259364376973,0.0520980994734687
0.0554868046861762,0.0618683849882391,0.0548259364376973,0.0520980994734687
0.0554868046861762,0.0618683849882391,0.0548259364376973,0.0520980994734687
0.0554868046861762,0.0618683849882391,0.0548259364376973,0.0520980994734687
0.0554868046861762,0.0618683849882391,0.0548259364376973,0.0520980994734687
0.0554868046861762,0.0618683849882391,0.0548259364376973,0.0520980994734687
0.0554868046861762,0.0618683849882391,0.0548259364376973,0.0520980994734687
0.0554868046861762,0.0618683849882391,0.0548259364376973,0.0520980994734687
0.0554868046861762,0.0618683849882391,0.0548259364376973,0.0520980994734687
0.0554868046861762,0.0618683849882391,0.0548259364376973,0.0520980994734687
0.0554868046861762,0.0618683849882391,0.0548259364376973,0.0520980994734687
0.0554868046861762,0.0618683849882391,0.0548259364376973,0.0520980994734687
0.0554868046861762,0.0618683849882391,0.0548259364376973,0.0520980994734687
0.0554868046861762,0.0618683849882391,0.0548259364376973,0.0529944175586351
0.0554868046861762,0.0618683849882391,0.0501655737964324,0.0529944175586351
0.0554868046861762,0.0618683849882391,0.0501655737964324,0.0529944175586351
0.0554868046861762,0.0618683849882391,0.0501655737964324,0.0529944175586351
0.0554868046861762,0.0618683849882391,0.0501655737964324,0.0529944175586351
0.0554868046861762,0.0618683849882391,0.0501655737964324,0.0529944175586351
0.0554868046861762,0.0618683849882391,0.0501655737964324,0.0480707450135002
0.0554868046861762,0.0618683849882391,0.0501655737964324,0.0480707450135002
0.0554868046861762,0.0618683849882391,0.0501655737964324,0.0480707450135002
0.0554868046861762,0.0618683849882391,0.0501655737964324,0.0480707450135002
0.0554868046861762,0.0618683849882391,0.0501655737964324,0.0480707450135002
0.0554868046861762,0.0618683849882391,0.0501655737964324,0.0480707450135002
0.0554868046861762,0.0618683849882391,0.0501655737964324,0.0524038864844829
0.0554868046861762,0.0618683849882391,0.0501655737964324,0.0524038864844829
0.0554868046861762,0.0618683849882391,0.0501655737964324,0.0524038864844829
0.0554868046861762,0.0618683849882391,0.0501655737964324,0.0524038864844829
0.0554868046861762,0.0618683849882391,0.0501655737964324,0.0524038864844829
0.0554868046861762,0.0618683849882391,0.0501655737964324,0.0524038864844829
0.0554868046861762,0.0618683849882391,0.0501655737964324,0.0524038864844829
0.0554868046861762,0.0618683849882391,0.0501655737964324,0.0524038864844829
0.0554868046861762,0.0618683849882391,0.0501655737964324,0.0524038864844829
0.0554868046861762,0.0688793948613692,0.0501655737964324,0.0524038864844829
0.0554868046861762,0.0688793948613692,0.0501655737964324,0.0524038864844829
0.0554868046861762,0.0639011183793155,0.0501655737964324,0.0524038864844829
0.0554868046861762,0.0639011183793155,0.0501655737964324,0.0524038864844829
0.0554868046861762,0.0639011183793155,0.0501655737964324,0.0524038864844829
0.0554868046861762,0.0639011183793155,0.0501655737964324,0.0524038864844829
0.0554868046861762,0.0639011183793155,0.0501655737964324,0.0524038864844829
0.0554868046861762,0.0639011183793155,0.0501655737964324,0.0524038864844829
0.0554868046861762,0.0639011183793155,0.0501655737964324,0.0524038864844829
0.0554868046861762,0.0639011183793155,0.0501655737964324,0.0524038864844829
0.0554868046861762,0.0639011183793155,0.0501655737964324,0.0524038864844829
0.0554868046861762,0.0639011183793155,0.0501655737964324,0.0524038864844829
0.0554868046861762,0.0639011183793155,0.0501655737964324,0.0524038864844829
0.0554868046861762,0.0639011183793155,0.0501655737964324,0.0524038864844829
0.0554868046861762,0.0639011183793155,0.0501655737964324,0.0524038864844829
0.0554868046861762,0.0639011183793155,0.0501655737964324,0.0524038864844829
0.0554868046861762,0.0639011183793155,0.0501655737964324,0.0524038864844829
0.0554868046861762,0.0639011183793155,0.0501655737964324,0.0505455184890268
0.0560431516170738,0.0639011183793155,0.0501655737964324,0.0505455184890268
0.0560431516170738,0.0639011183793155,0.0478175327270112,0.0505455184890268
0.0560431516170738,0.0639011183793155,0.0478175327270112,0.0505455184890268
0.0560431516170738,0.0639011183793155,0.0478175327270112,0.0505455184890268
0.0560431516170738,0.0639011183793155,0.0478175327270112,0.0505455184890268
0.0560431516170738,0.0564620766500881,0.0478175327270112,0.0505455184890268
0.0560431516170738,0.0564620766500881,0.0478175327270112,0.0505455184890268
0.0560431516170738,0.0564620766500881,0.0478175327270112,0.0505455184890268
0.0560431516170738,0.0564620766500881,0.0478175327270112,0.0505455184890268
0.0560431516170738,0.0551567694855595,0.0478175327270112,0.0505455184890268
0.0560431516170738,0.0551567694855595,0.0478175327270112,0.0505455184890268
0.0560431516170738,0.0551567694855595,0.0478175327270112,0.0505455184890268
0.0560431516170738,0.0551567694855595,0.0478175327270112,0.0505455184890268
0.0560431516170738,0.0551567694855595,0.0478175327270112,0.0505455184890268
0.0560431516170738,0.0551567694855595,0.0471008442366595,0.0505455184890268
0.0560431516170738,0.0551567694855595,0.0464611383910573,0.0505455184890268
0.0560431516170738,0.0551567694855595,0.0464611383910573,0.0505455184890268
0.0560431516170738,0.0551567694855595,0.0464611383910573,0.0505455184890268
0.0560431516170738,0.0551567694855595,0.0464611383910573,0.0505455184890268
0.0560431516170738,0.0551567694855595,0.0464611383910573,0.0505455184890268
0.0560431516170738,0.0551567694855595,0.0464611383910573,0.0505455184890268
0.0560431516170738,0.0551567694855595,0.0464611383910573,0.0505455184890268
0.0560431516170738,0.0551567694855595,0.0464611383910573,0.0505455184890268
0.0560431516170738,0.0551567694855595,0.0464611383910573,0.0505455184890268
0.0560431516170738,0.0551567694855595,0.0464611383910573,0.0505455184890268
0.0560431516170738,0.0551567694855595,0.0464611383910573,0.0505455184890268
0.0560431516170738,0.0551567694855595,0.0464611383910573,0.0505455184890268
0.0560431516170738,0.0551567694855595,0.0464611383910573,0.0505455184890268
0.0560431516170738,0.0551567694855595,0.0464611383910573,0.0505455184890268
0.0560431516170738,0.0551567694855595,0.0464611383910573,0.0558753436251635
0.0560431516170738,0.0551567694855595,0.0464611383910573,0.0558753436251635
0.0560431516170738,0.0524948973582351,0.0464611383910573,0.0558753436251635
0.0560431516170738,0.0524948973582351,0.0464611383910573,0.0558753436251635
0.0560431516170738,0.0612498111092664,0.0464611383910573,0.0558753436251635
0.0560431516170738,0.0612498111092664,0.0464611383910573,0.0558753436251635
0.0560431516170738,0.0612498111092664,0.0464611383910573,0.0558753436251635
0.0560431516170738,0.0612498111092664,0.0464611383910573,0.0558753436251635
0.0560431516170738,0.0612498111092664,0.0464611383910573,0.0558753436251635
0.0560431516170738,0.0612498111092664,0.0464611383910573,0.0558753436251635
0.0560431516170738,0.0612498111092664,0.0464611383910573,0.0558753436251635
0.0540109027042854,0.0612498111092664,0.0464611383910573,0.0558753436251635
0.0540109027042854,0.0612498111092664,0.0464611383910573,0.0558753436251635
0.0540109027042854,0.0612498111092664,0.0464611383910573,0.0558753436251635
0.0540109027042854,0.0612498111092664,0.0464611383910573,0.0558753436251635
0.0540109027042854,0.0612498111092664,0.0464611383910573,0.0558753436251635
0.0540109027042854,0.0612498111092664,0.0464611383910573,0.0558753436251635
0.0540109027042854,0.0612498111092664,0.0464611383910573,0.0558753436251635
0.0540109027042854,0.0612498111092664,0.0464611383910573,0.0558753436251635
0.0540109027042854,0.0612498111092664,0.0464611383910573,0.0558753436251635
0.0540109027042854,0.0612498111092664,0.0464611383910573,0.0558753436251635
0.0540109027042854,0.0612498111092664,0.0464611383910573,0.0558753436251635
0.0540109027042854,0.0612498111092664,0.0464611383910573,0.0558753436251635
0.0540109027042854,0.0612498111092664,0.0464611383910573,0.0558753436251635
0.0540109027042854,0.0612498111092664,0.0464611383910573,0.0558753436251635
0.0540109027042854,0.0612498111092664,0.0464611383910573,0.0558753436251635
0.0540109027042854,0.0612498111092664,0.0464611383910573,0.0558753436251635
0.0540109027042854,0.0612498111092664,0.0464611383910573,0.0558753436251635
0.0540109027042854,0.0612498111092664,0.0464611383910573,0.0558753436251635
0.0540109027042854,0.0612498111092664,0.0464611383910573,0.0558753436251635
0.0540109027042854,0.0644871970869645,0.0464611383910573,0.0558753436251635
0.0540109027042854,0.0644871970869645,0.0464611383910573,0.0558753436251635
0.0540109027042854,0.0644871970869645,0.0464611383910573,0.0558753436251635
0.0540109027042854,0.0644871970869645,0.0464611383910573,0.0558753436251635
0.0540109027042854,0.0644871970869645,0.0464611383910573,0.0558753436251635
0.0540109027042854,0.0644871970869645,0.0464611383910573,0.0558753436251635
0.0540109027042854,0.0675584634089592,0.0464611383910573,0.0558753436251635
0.0540109027042854,0.0675584634089592,0.0464611383910573,0.0558753436251635
0.0540109027042854,0.0675584634089592,0.0464611383910573,0.0558753436251635
0.0540109027042854,0.0675584634089592,0.0464611383910573,0.0520244190788027
0.0540109027042854,0.0675584634089592,0.0464611383910573,0.0520244190788027
0.0540109027042854,0.0675584634089592,0.0464611383910573,0.0520244190788027
0.0540109027042854,0.0675584634089592,0.0464611383910573,0.0520244190788027
0.0540109027042854,0.0675584634089592,0.0464611383910573,0.0520244190788027
0.0540109027042854,0.0675584634089592,0.0464611383910573,0.0520244190788027
0.0540109027042854,0.0675584634089592,0.0464611383910573,0.0520244190788027
0.0540109027042854,0.0675584634089592,0.0464611383910573,0.0520244190788027
0.0540109027042854,0.0675584634089592,0.0464611383910573,0.0520244190788027
0.0540109027042854,0.0675584634089592,0.0464611383910573,0.0520244190788027
0.0540109027042854,0.0675584634089592,0.0464611383910573,0.0520244190788027
0.0540109027042854,0.0675584634089592,0.0464611383910573,0.0520244190788027
0.0540109027042854,0.0675584634089592,0.0464611383910573,0.0520244190788027
0.0540109027042854,0.0675584634089592,0.0464611383910573,0.0520244190788027
0.0540109027042854,0.0675584634089592,0.0464611383910573,0.0520244190788027
0.0540109027042854,0.0675584634089592,0.0464611383910573,0.0520244190788027
0.0540109027042854,0.0675584634089592,0.0464611383910573,0.0520244190788027
0.0540109027042854,0.0675584634089592,0.0464611383910573,0.0520244190788027
0.0540109027042854,0.0675584634089592,0.0464611383910573,0.0520244190788027
0.0540109027042854,0.0675584634089592,0.0464611383910573,0.0520244190788027
0.0540109027042854,0.0675584634089592,0.0464611383910573,0.0520244190788027
0.0540109027042854,0.0675584634089592,0.0464611383910573,0.0520244190788027
0.0540109027042854,0.0675584634089592,0.0464611383910573,0.0520244190788027
0.0540109027042854,0.0578800755959861,0.0464611383910573,0.0520244190788027
0.0540109027042854,0.0578800755959861,0.0464611383910573,0.0520244190788027
0.0540109027042854,0.0578800755959861,0.0464611383910573,0.0520244190788027
0.0540109027042854,0.0578800755959861,0.0464611383910573,0.0520244190788027
0.0540109027042854,0.0578800755959861,0.0464611383910573,0.0520244190788027
0.0540109027042854,0.0578800755959861,0.0464611383910573,0.0520244190788027
0.0540109027042854,0.0578800755959861,0.0464611383910573,0.0520244190788027
0.0540109027042854,0.0578800755959861,0.0464611383910573,0.0520244190788027
0.0552046540055589,0.0578800755959861,0.0464611383910573,0.0520244190788027
0.0552046540055589,0.0578800755959861,0.0464611383910573,0.0520244190788027
0.0552046540055589,0.0578800755959861,0.0464611383910573,0.0520244190788027
0.0592870249327241,0.0578800755959861,0.0464611383910573,0.0520244190788027
0.0592870249327241,0.0578800755959861,0.0464611383910573,0.0520244190788027
0.0592870249327241,0.0578800755959861,0.0464611383910573,0.0520244190788027
0.0592870249327241,0.0578800755959861,0.0464611383910573,0.0520244190788027
0.0592870249327241,0.0578800755959861,0.0464611383910573,0.0520244190788027
0.0592870249327241,0.0578800755959861,0.0464611383910573,0.0520244190788027
0.0592870249327241,0.0578800755959861,0.0464611383910573,0.0520244190788027
0.0592870249327241,0.0578800755959861,0.0464611383910573,0.0520244190788027
0.0592870249327241,0.0578800755959861,0.0464611383910573,0.0520244190788027
0.0592870249327241,0.0578800755959861,0.0464611383910573,0.0520244190788027
0.0592870249327241,0.0578800755959861,0.0464611383910573,0.0520244190788027
0.0592870249327241,0.0578800755959861,0.0464611383910573,0.0520244190788027
0.0592870249327241,0.0578800755959861,0.0464611383910573,0.0520244190788027
0.0592870249327241,0.0578800755959861,0.0464611383910573,0.0520244190788027
0.0592870249327241,0.0578800755959861,0.0464611383910573,0.0520244190788027
0.0592870249327241,0.0578800755959861,0.0464611383910573,0.0520244190788027
0.0592870249327241,0.0578800755959861,0.0464611383910573,0.0520244190788027
0.0592870249327241,0.0578800755959861,0.0464611383910573,0.0520244190788027
0.0592870249327241,0.0578800755959861,0.0464611383910573,0.0520244190788027
0.0592870249327241,0.0578800755959861,0.0464611383910573,0.0520244190788027
0.0592870249327241,0.0578800755959861,0.0464611383910573,0.0520244190788027
0.0592870249327241,0.0578800755959861,0.0464611383910573,0.0520244190788027
0.0592870249327241,0.0578800755959861,0.0464611383910573,0.0520244190788027
0.0592870249327241,0.0578800755959861,0.0464611383910573,0.0520244190788027
0.0592870249327241,0.0578800755959861,0.0464611383910573,0.0520244190788027
0.0592870249327241,0.0578800755959861,0.0455375149600554,0.0520244190788027
0.0592870249327241,0.0578800755959861,0.0455375149600554,0.0520244190788027
0.0592870249327241,0.0578800755959861,0.0455375149600554,0.0520244190788027
0.0592870249327241,0.0578800755959861,0.0455375149600554,0.0520244190788027
0.0592870249327241,0.0578800755959861,0.0455375149600554,0.0520244190788027
0.0592870249327241,0.0578800755959861,0.0429515230001958,0.0520244190788027
0.0592870249327241,0.0578800755959861,0.0429515230001958,0.0520244190788027
0.0592870249327241,0.0578800755959861,0.0429515230001958,0.0520244190788027
0.0592870249327241,0.0578800755959861,0.0429515230001958,0.0520244190788027
0.0592870249327241,0.0578800755959861,0.0429515230001958,0.0520244190788027
0.0592870249327241,0.0578800755959861,0.0429515230001958,0.0520244190788027
0.0592870249327241,0.0578800755959861,0.0429515230001958,0.0520244190788027
0.0592870249327241,0.0578800755959861,0.0429515230001958,0.0520244190788027
0.0592870249327241,0.0578800755959861,0.0429515230001958,0.0520244190788027
0.0592870249327241,0.0578800755959861,0.0429515230001958,0.0520244190788027
0.0592870249327241,0.0578800755959861,0.0429515230001958,0.0520244190788027
0.0592870249327241,0.0578800755959861,0.0429515230001958,0.0520244190788027
0.0592870249327241,0.0578800755959861,0.0429515230001958,0.0520244190788027
0.0592870249327241,0.0578800755959861,0.0429515230001958,0.0520244190788027
0.0592870249327241,0.0578800755959861,0.0429515230001958,0.0520244190788027
0.0592870249327241,0.0578800755959861,0.0429515230001958,0.0520244190788027
0.0592870249327241,0.0578800755959861,0.0429515230001958,0.0520244190788027
0.0592870249327241,0.0578800755959861,0.0429515230001958,0.0520244190788027
0.0592870249327241,0.0578800755959861,0.0429515230001958,0.0520244190788027
0.0592870249327241,0.0578800755959861,0.0429515230001958,0.0520244190788027
0.0592870249327241,0.0578800755959861,0.0429515230001958,0.0520244190788027
0.0592870249327241,0.0578800755959861,0.0429515230001958,0.0520244190788027
0.0592870249327241,0.0578800755959861,0.0429515230001958,0.0520244190788027
0.0592870249327241,0.0578800755959861,0.0429515230001958,0.0520244190788027
0.0592870249327241,0.0578800755959861,0.0429515230001958,0.0520244190788027
0.0592870249327241,0.0578800755959861,0.0429515230001958,0.0520244190788027
0.0592870249327241,0.0578800755959861,0.0429515230001958,0.0520244190788027
0.0592870249327241,0.0578800755959861,0.0429515230001958,0.0520244190788027
0.0592870249327241,0.0578800755959861,0.0429515230001958,0.0520244190788027
0.0592870249327241,0.0578800755959861,0.0429515230001958,0.0520244190788027
0.0592870249327241,0.0578800755959861,0.0429515230001958,0.0520244190788027
0.0592870249327241,0.0578800755959861,0.0429515230001958,0.0520244190788027
0.0592870249327241,0.0578800755959861,0.0429515230001958,0.0520244190788027
0.0592870249327241,0.0578800755959861,0.0429515230001958,0.0520244190788027
0.0592870249327241,0.0578800755959861,0.0429515230001958,0.0520244190788027
0.0592870249327241,0.0578800755959861,0.0429515230001958,0.0520244190788027
0.0592870249327241,0.0578800755959861,0.0429515230001958,0.0520244190788027
0.0592870249327241,0.0578800755959861,0.0429515230001958,0.0520244190788027
0.0592870249327241,0.0578800755959861,0.0429515230001958,0.0520244190788027
0.0592870249327241,0.0578800755959861,0.0429515230001958,0.0520244190788027
0.0592870249327241,0.0578800755959861,0.0429515230001958,0.0520244190788027
0.0592870249327241,0.0578800755959861,0.0429515230001958,0.0520244190788027
0.0592870249327241,0.0578800755959861,0.0429515230001958,0.0520244190788027
0.0566983794720204,0.0578800755959861,0.0429515230001958,0.0520244190788027
0.0566983794720204,0.0578800755959861,0.0429515230001958,0.0520244190788027
0.0566983794720204,0.0578800755959861,0.0429515230001958,0.0520244190788027
0.0566983794720204,0.0578800755959861,0.0492442298048583,0.0520244190788027
0.0566983794720204,0.0578800755959861,0.0492442298048583,0.0520244190788027
0.0566983794720204,0.0578800755959861,0.0492442298048583,0.0520244190788027
0.0566983794720204,0.0578800755959861,0.0492442298048583,0.0520244190788027
0.0566983794720204,0.0578800755959861,0.0457399398705038,0.0520244190788027
0.0566983794720204,0.0578800755959861,0.0460224864984361,0.0520244190788027
0.0566983794720204,0.0578800755959861,0.0460224864984361,0.0520244190788027
0.0566983794720204,0.0578800755959861,0.0460224864984361,0.0520244190788027
0.0566983794720204,0.0578800755959861,0.0460224864984361,0.0520244190788027
0.0566983794720204,0.0578800755959861,0.0460224864984361,0.0520244190788027
0.056817391332185,0.0578800755959861,0.0460224864984361,0.0520244190788027
0.056817391332185,0.0578800755959861,0.0460224864984361,0.0520244190788027
0.056817391332185,0.0578800755959861,0.0460224864984361,0.0521173305861794
0.056817391332185,0.0578800755959861,0.0460224864984361,0.0521173305861794
0.056817391332185,0.0578800755959861,0.0460224864984361,0.0521173305861794
0.056817391332185,0.0578800755959861,0.0460224864984361,0.0527063364616556
0.056817391332185,0.0578800755959861,0.0460224864984361,0.0527063364616556
0.056817391332185,0.0578800755959861,0.0462246047563733,0.0527063364616556
0.056817391332185,0.0578800755959861,0.0432255576403791,0.0527063364616556
0.056817391332185,0.0578800755959861,0.0432255576403791,0.0527063364616556
0.056817391332185,0.0578800755959861,0.0432255576403791,0.0451376885016772
0.056817391332185,0.0578800755959861,0.0432255576403791,0.0451376885016772
0.056817391332185,0.0578800755959861,0.0432255576403791,0.0451376885016772
0.056817391332185,0.0578800755959861,0.0432255576403791,0.0451376885016772
0.056817391332185,0.0597412737490786,0.0432255576403791,0.0451376885016772
0.056817391332185,0.0597412737490786,0.0432255576403791,0.0546420398162709
0.056817391332185,0.0597412737490786,0.0432255576403791,0.0546420398162709
0.056817391332185,0.0597412737490786,0.0432255576403791,0.0546420398162709
0.056817391332185,0.0597412737490786,0.0432255576403791,0.0546420398162709
0.056817391332185,0.0597412737490786,0.0432255576403791,0.0546420398162709
0.056817391332185,0.0597412737490786,0.0432255576403791,0.0546420398162709
0.056817391332185,0.0597412737490786,0.0432255576403791,0.0546420398162709
0.056817391332185,0.0597412737490786,0.0432255576403791,0.0546420398162709
0.056817391332185,0.0597412737490786,0.0432255576403791,0.0546420398162709
0.0602426955451667,0.0597412737490786,0.0432255576403791,0.0546420398162709
0.0602426955451667,0.0597412737490786,0.0470745505448038,0.0546420398162709
0.0602426955451667,0.0597412737490786,0.0470745505448038,0.0546420398162709
0.0602426955451667,0.0597412737490786,0.0470745505448038,0.0546420398162709
0.0602426955451667,0.0597412737490786,0.0470745505448038,0.0546420398162709
0.0602426955451667,0.0597412737490786,0.0470745505448038,0.0546420398162709
0.0602426955451667,0.0597412737490786,0.0470745505448038,0.0546420398162709
0.0602426955451667,0.0597412737490786,0.0470745505448038,0.0546420398162709
0.0602426955451667,0.0597412737490786,0.0470745505448038,0.0546420398162709
0.0550153004521398,0.0597412737490786,0.0470745505448038,0.0546420398162709
0.0550153004521398,0.0597412737490786,0.0470745505448038,0.0546420398162709
0.0550153004521398,0.0597412737490786,0.0470745505448038,0.0546420398162709
0.0598646139497844,0.0597412737490786,0.0470745505448038,0.0546420398162709
0.0598646139497844,0.0597412737490786,0.0470745505448038,0.0546420398162709
0.0598646139497844,0.0597412737490786,0.0470745505448038,0.0546420398162709
0.0598646139497844,0.0597412737490786,0.0470745505448038,0.0546420398162709
0.0598646139497844,0.0597412737490786,0.0470745505448038,0.0546420398162709
0.0598646139497844,0.0597412737490786,0.0470745505448038,0.0546420398162709
0.0593923890356112,0.0597412737490786,0.0470745505448038,0.0546420398162709
0.0593923890356112,0.0597412737490786,0.0470745505448038,0.0546420398162709
0.0593923890356112,0.0597412737490786,0.0415223657878244,0.0546420398162709
0.0593923890356112,0.0597412737490786,0.0415223657878244,0.0546420398162709
0.0593923890356112,0.0597412737490786,0.0415223657878244,0.0546420398162709
0.0593923890356112,0.0597412737490786,0.0415223657878244,0.0546420398162709
0.0593923890356112,0.0597412737490786,0.0415223657878244,0.0546420398162709
0.0593923890356112,0.0597412737490786,0.0415223657878244,0.0546420398162709
0.0593923890356112,0.0597412737490786,0.0415223657878244,0.0546420398162709
0.0593923890356112,0.0597412737490786,0.0415223657878244,0.0546420398162709
0.0593923890356112,0.0597412737490786,0.0404147018870477,0.0546420398162709
0.0593923890356112,0.0597412737490786,0.0404147018870477,0.0546420398162709
0.0593923890356112,0.0597412737490786,0.0404147018870477,0.0546420398162709
0.0593923890356112,0.0597412737490786,0.0404147018870477,0.0546420398162709
0.0593923890356112,0.0597412737490786,0.0451024424953808,0.0546420398162709
0.0593923890356112,0.0597412737490786,0.0451024424953808,0.0546420398162709
0.0593923890356112,0.0597412737490786,0.0451024424953808,0.0546420398162709
0.0593923890356112,0.0597412737490786,0.0451024424953808,0.0546420398162709
0.0593923890356112,0.0597412737490786,0.0451024424953808,0.0546420398162709
0.058005335215065,0.0597412737490786,0.0451024424953808,0.0546420398162709
0.058005335215065,0.0597412737490786,0.0451024424953808,0.0546420398162709
0.058005335215065,0.0597412737490786,0.0451024424953808,0.0546420398162709
0.058005335215065,0.0597412737490786,0.0451024424953808,0.0546420398162709
0.058005335215065,0.0597412737490786,0.0451024424953808,0.0546420398162709
0.0571624019768673,0.0597412737490786,0.0451024424953808,0.0546420398162709
0.0571624019768673,0.0597412737490786,0.0451024424953808,0.0546420398162709
0.0571624019768673,0.0597412737490786,0.0451024424953808,0.0546420398162709
0.0571624019768673,0.0597412737490786,0.0451024424953808,0.0546420398162709
0.0571624019768673,0.0597412737490786,0.0451024424953808,0.0546420398162709
0.0571624019768673,0.0597412737490786,0.0451024424953808,0.0546420398162709
0.0571624019768673,0.0597412737490786,0.0451024424953808,0.0546420398162709
0.0571624019768673,0.0597412737490786,0.0451024424953808,0.0546420398162709
0.0571624019768673,0.0597412737490786,0.0451024424953808,0.0546420398162709
0.0571624019768673,0.0597412737490786,0.0451024424953808,0.0546420398162709
0.0571624019768673,0.0597412737490786,0.0451024424953808,0.0546420398162709
0.0571624019768673,0.0597412737490786,0.0451024424953808,0.0546420398162709
0.0571624019768673,0.0597412737490786,0.0451024424953808,0.0546420398162709
0.0571624019768673,0.0597412737490786,0.0451024424953808,0.0546420398162709
0.0571624019768673,0.0597412737490786,0.0451024424953808,0.0546420398162709
0.0571624019768673,0.0597412737490786,0.0451024424953808,0.0546420398162709
0.0571624019768673,0.0597412737490786,0.0451024424953808,0.0546420398162709
0.0571624019768673,0.0597412737490786,0.0451024424953808,0.0546420398162709
0.0571624019768673,0.0569216564962494,0.0451024424953808,0.0546420398162709
0.0571624019768673,0.0569216564962494,0.0451024424953808,0.0546420398162709
0.0571624019768673,0.0569216564962494,0.0451024424953808,0.0546420398162709
0.0571624019768673,0.0569216564962494,0.0451024424953808,0.0546420398162709
0.0571624019768673,0.0569216564962494,0.0451024424953808,0.0546420398162709
0.0571624019768673,0.0569216564962494,0.0495374268284257,0.0546420398162709
0.0571624019768673,0.0569216564962494,0.0495374268284257,0.0546420398162709
0.0571624019768673,0.0569216564962494,0.0495374268284257,0.0546420398162709
0.0571624019768673,0.0569216564962494,0.0495374268284257,0.0546420398162709
0.0571624019768673,0.0621118203918144,0.0495374268284257,0.0546420398162709
0.0571624019768673,0.0621118203918144,0.0495374268284257,0.0546420398162709
0.0571624019768673,0.057177073540736,0.0495374268284257,0.0546420398162709
0.0571624019768673,0.057177073540736,0.0495374268284257,0.0546420398162709
0.0571624019768673,0.057177073540736,0.0488440548490758,0.0546420398162709
0.0571624019768673,0.057177073540736,0.0488440548490758,0.0546420398162709
0.0571624019768673,0.057177073540736,0.0488440548490758,0.0546420398162709
0.0571624019768673,0.057177073540736,0.0488440548490758,0.0546420398162709
0.0551548355386253,0.057177073540736,0.0488440548490758,0.0546420398162709
0.0551548355386253,0.057177073540736,0.0488440548490758,0.0546420398162709
0.0551548355386253,0.057177073540736,0.0488440548490758,0.0546420398162709
0.0551548355386253,0.057177073540736,0.0488440548490758,0.0546420398162709
0.0551548355386253,0.057177073540736,0.0488440548490758,0.0546420398162709
0.0551548355386253,0.057177073540736,0.0488440548490758,0.0546420398162709
0.0551548355386253,0.057177073540736,0.0488440548490758,0.0546420398162709
0.0551548355386253,0.057177073540736,0.0488440548490758,0.0546420398162709
0.0551548355386253,0.057177073540736,0.0488440548490758,0.0546420398162709
0.0551548355386253,0.057177073540736,0.0488440548490758,0.0546420398162709
0.0551548355386253,0.057177073540736,0.0488440548490758,0.0546420398162709
0.0551548355386253,0.057177073540736,0.0488440548490758,0.0546420398162709
0.0551548355386253,0.057177073540736,0.0488440548490758,0.0546420398162709
0.0551548355386253,0.057177073540736,0.0488440548490758,0.0546420398162709
0.0551548355386253,0.057177073540736,0.0488440548490758,0.0546420398162709
0.0551548355386253,0.057177073540736,0.0488440548490758,0.0546420398162709
0.0551548355386253,0.057177073540736,0.0488440548490758,0.0546420398162709
0.0551548355386253,0.057177073540736,0.0488440548490758,0.0555805694694531
0.0551548355386253,0.057177073540736,0.0488440548490758,0.0555805694694531
0.0551548355386253,0.057177073540736,0.0488440548490758,0.0555805694694531
0.0551548355386253,0.057177073540736,0.0488440548490758,0.0555805694694531
0.0551548355386253,0.057177073540736,0.0488440548490758,0.0555805694694531
0.0551548355386253,0.057177073540736,0.0488440548490758,0.0560034760866711
0.0551548355386253,0.057177073540736,0.0488440548490758,0.0560034760866711
0.0551548355386253,0.057177073540736,0.0488440548490758,0.0560034760866711
0.0551548355386253,0.057177073540736,0.0488440548490758,0.0519553952212135
0.0551548355386253,0.057177073540736,0.0488440548490758,0.0519553952212135
0.0551548355386253,0.057177073540736,0.0488440548490758,0.0519553952212135
0.0551548355386253,0.057177073540736,0.0488440548490758,0.0519553952212135
0.0551548355386253,0.057177073540736,0.0488440548490758,0.0519553952212135
0.0551548355386253,0.057177073540736,0.0488440548490758,0.0519553952212135
0.0551548355386253,0.0598050750265155,0.0488440548490758,0.0519553952212135
0.0551548355386253,0.0598050750265155,0.0488440548490758,0.0519553952212135
0.0551548355386253,0.0598050750265155,0.0488440548490758,0.0519553952212135
0.0551548355386253,0.0598050750265155,0.0488440548490758,0.0519553952212135
0.0551548355386253,0.0519695124617063,0.0488440548490758,0.0519553952212135
0.0551548355386253,0.0519695124617063,0.0488440548490758,0.0519553952212135
0.0551548355386253,0.0519695124617063,0.0488440548490758,0.0519553952212135
0.0551548355386253,0.0519695124617063,0.0488440548490758,0.0519553952212135
0.0551548355386253,0.0519695124617063,0.0488440548490758,0.0519553952212135
0.0551548355386253,0.0519695124617063,0.0488440548490758,0.0519553952212135
0.0551548355386253,0.0519695124617063,0.0488440548490758,0.0519553952212135
0.0551548355386253,0.0519695124617063,0.0488440548490758,0.0519553952212135
0.0551548355386253,0.0519695124617063,0.0488440548490758,0.0519553952212135
0.0551548355386253,0.0519695124617063,0.0488440548490758,0.0519553952212135
0.0551548355386253,0.0519695124617063,0.0417106277929261,0.0519553952212135
0.0551548355386253,0.0519695124617063,0.0417106277929261,0.0519553952212135
0.0551548355386253,0.0519695124617063,0.0417106277929261,0.0519553952212135
0.0551548355386253,0.0519695124617063,0.0417106277929261,0.0519553952212135
0.0551548355386253,0.0519695124617063,0.0417106277929261,0.0519553952212135
0.0551548355386253,0.0519695124617063,0.0417106277929261,0.0519553952212135
0.0551548355386253,0.0519695124617063,0.0417106277929261,0.0519553952212135
0.0551548355386253,0.0519695124617063,0.0417106277929261,0.0519553952212135
0.0551548355386253,0.0519695124617063,0.0417106277929261,0.0519553952212135
0.0551548355386253,0.0519695124617063,0.0417106277929261,0.0519553952212135
0.0551548355386253,0.0519695124617063,0.0417106277929261,0.0519553952212135
0.0551548355386253,0.0519695124617063,0.0417106277929261,0.0519553952212135
0.0551548355386253,0.0519695124617063,0.0417106277929261,0.0519553952212135
0.0551548355386253,0.0519695124617063,0.0417106277929261,0.0519553952212135
0.0551548355386253,0.0519695124617063,0.0417106277929261,0.0519553952212135
0.0551548355386253,0.0519695124617063,0.0417106277929261,0.0519553952212135
0.0551548355386253,0.0519695124617063,0.0417106277929261,0.0519553952212135
0.0551548355386253,0.0519695124617063,0.0417106277929261,0.0519553952212135
0.0551548355386253,0.0519695124617063,0.0417106277929261,0.0519553952212135
0.0551548355386253,0.0519695124617063,0.0417106277929261,0.0519553952212135
0.0551548355386253,0.0519695124617063,0.0417106277929261,0.0519553952212135
0.0580539896531538,0.0519695124617063,0.0417106277929261,0.0519553952212135
0.0580539896531538,0.0519695124617063,0.0417106277929261,0.0519553952212135
0.0580539896531538,0.0519695124617063,0.0417106277929261,0.0519553952212135
0.0580539896531538,0.0519695124617063,0.0417106277929261,0.0519553952212135
0.0580539896531538,0.0519695124617063,0.0417106277929261,0.0519553952212135
0.0580539896531538,0.0519695124617063,0.0417106277929261,0.0519553952212135
0.0580539896531538,0.0519695124617063,0.0417106277929261,0.0513226271723855
0.0580539896531538,0.0519695124617063,0.0417106277929261,0.0513226271723855
0.0580539896531538,0.0519695124617063,0.0417106277929261,0.0513226271723855
0.0580539896531538,0.0519695124617063,0.0417106277929261,0.0513226271723855
0.0580539896531538,0.0519695124617063,0.0417106277929261,0.0513226271723855
0.0580539896531538,0.0519695124617063,0.0417106277929261,0.0513226271723855
0.0580539896531538,0.0519695124617063,0.0417106277929261,0.0513226271723855
0.0580539896531538,0.0519695124617063,0.0417106277929261,0.0513226271723855
0.0580539896531538,0.0519695124617063,0.0417106277929261,0.0513226271723855
0.0580539896531538,0.0519695124617063,0.0417106277929261,0.0513226271723855
0.0580539896531538,0.0519695124617063,0.0417106277929261,0.0513226271723855
0.0580539896531538,0.0519695124617063,0.0417106277929261,0.0513226271723855
0.0580539896531538,0.0519695124617063,0.0417106277929261,0.0513226271723855
0.0580539896531538,0.0519695124617063,0.0417106277929261,0.0513226271723855
0.0580539896531538,0.0519695124617063,0.0405666734073956,0.0513226271723855
0.0580539896531538,0.0519695124617063,0.0405666734073956,0.0513226271723855
0.0580539896531538,0.0519695124617063,0.0385599611361331,0.0513226271723855
0.0580539896531538,0.0519695124617063,0.0385599611361331,0.0513226271723855
0.0580539896531538,0.0519695124617063,0.0385599611361331,0.0513226271723855
0.0580539896531538,0.0519695124617063,0.0385599611361331,0.0513226271723855
0.0580539896531538,0.0519695124617063,0.044639886478968,0.0513226271723855
0.0580539896531538,0.0519695124617063,0.044639886478968,0.0513226271723855
0.0580539896531538,0.0519695124617063,0.044639886478968,0.0513226271723855
0.0580539896531538,0.0519695124617063,0.044639886478968,0.0513226271723855
0.0580539896531538,0.0519695124617063,0.044639886478968,0.0474974261313585
0.0575931147551122,0.0611725389326516,0.044639886478968,0.0474974261313585
0.0575931147551122,0.0611725389326516,0.044639886478968,0.0474974261313585
0.0575931147551122,0.0611725389326516,0.0466704672299793,0.0474974261313585
0.0575931147551122,0.0611725389326516,0.0466704672299793,0.0474974261313585
0.0575931147551122,0.0611725389326516,0.0466704672299793,0.0474974261313585
0.0575931147551122,0.0611725389326516,0.0466704672299793,0.0474974261313585
0.0575931147551122,0.0611725389326516,0.0466704672299793,0.0474974261313585
0.0575931147551122,0.0611725389326516,0.0466704672299793,0.0474974261313585
0.0575931147551122,0.0611725389326516,0.0466704672299793,0.0474974261313585
0.0575931147551122,0.0547152529873077,0.0466704672299793,0.0474974261313585
0.0575931147551122,0.0547152529873077,0.0466704672299793,0.0474974261313585
0.0575931147551122,0.0547152529873077,0.0466704672299793,0.0474974261313585
0.0575931147551122,0.0547152529873077,0.0466704672299793,0.0474974261313585
0.0575931147551122,0.0547152529873077,0.0466704672299793,0.0474974261313585
0.0575931147551122,0.0547152529873077,0.0466704672299793,0.0474974261313585
0.0575931147551122,0.0547152529873077,0.0466704672299793,0.0474974261313585
0.0575931147551122,0.0547152529873077,0.0466704672299793,0.0474974261313585
0.0575931147551122,0.0547152529873077,0.0466704672299793,0.0474974261313585
0.0575931147551122,0.0547152529873077,0.0466704672299793,0.0474974261313585
0.0575931147551122,0.0547152529873077,0.0466704672299793,0.0474974261313585
0.0575931147551122,0.0547152529873077,0.0466704672299793,0.0474974261313585
0.0575931147551122,0.0547152529873077,0.0466704672299793,0.0474974261313585
0.0575931147551122,0.0547152529873077,0.0436019040608324,0.0474974261313585
0.0575931147551122,0.0547152529873077,0.0436019040608324,0.0540181138410255
0.0566650347421305,0.0547152529873077,0.0436019040608324,0.0540181138410255
0.0566650347421305,0.0547152529873077,0.0436019040608324,0.0540181138410255
0.0566650347421305,0.0547152529873077,0.0436019040608324,0.0540181138410255
0.0566650347421305,0.0547152529873077,0.0436019040608324,0.0540181138410255
0.0566650347421305,0.0547152529873077,0.0436019040608324,0.0540181138410255
0.0566650347421305,0.0547152529873077,0.0436019040608324,0.0540181138410255
0.0566650347421305,0.0547152529873077,0.0436019040608324,0.0540181138410255
0.0566650347421305,0.0547152529873077,0.0436019040608324,0.0540181138410255
0.0566650347421305,0.0547152529873077,0.0436019040608324,0.0540181138410255
0.0566650347421305,0.0547152529873077,0.0436019040608324,0.0540181138410255
0.0566650347421305,0.0547152529873077,0.0436019040608324,0.0540181138410255
0.0566650347421305,0.0547152529873077,0.0436019040608324,0.0540181138410255
0.0566650347421305,0.0547152529873077,0.0436019040608324,0.0540181138410255
0.0564210549106336,0.057957797243729,0.0436019040608324,0.0540181138410255
0.0564210549106336,0.057957797243729,0.0436019040608324,0.0540181138410255
0.0564210549106336,0.057957797243729,0.0436019040608324,0.0540181138410255
0.0564210549106336,0.057957797243729,0.0436019040608324,0.0540181138410255
0.0564210549106336,0.057957797243729,0.0436019040608324,0.0544267958890784
0.0564210549106336,0.057957797243729,0.0436019040608324,0.0544267958890784
0.0564210549106336,0.057957797243729,0.0436019040608324,0.0544267958890784
0.0564210549106336,0.057957797243729,0.0436019040608324,0.0544267958890784
0.0564210549106336,0.057957797243729,0.0436019040608324,0.0544267958890784
0.0564210549106336,0.057957797243729,0.0436019040608324,0.0544267958890784
0.0564210549106336,0.057957797243729,0.0436019040608324,0.0544267958890784
0.0564210549106336,0.057957797243729,0.0436019040608324,0.0544267958890784
0.0590572004482966,0.057957797243729,0.0436019040608324,0.0544267958890784
0.0590572004482966,0.057957797243729,0.0436019040608324,0.0544267958890784
0.0590572004482966,0.057957797243729,0.0436019040608324,0.0544267958890784
0.0590572004482966,0.057957797243729,0.0436019040608324,0.0544267958890784
0.0590572004482966,0.057957797243729,0.0436019040608324,0.0544267958890784
0.0590572004482966,0.057957797243729,0.0436019040608324,0.0544267958890784
0.0590572004482966,0.057957797243729,0.0436019040608324,0.0544267958890784
0.0590572004482966,0.057957797243729,0.0436019040608324,0.0544267958890784
0.0590572004482966,0.057957797243729,0.0436019040608324,0.0544267958890784
0.0590572004482966,0.057957797243729,0.0436019040608324,0.0544267958890784
0.0590572004482966,0.057957797243729,0.0436019040608324,0.0544267958890784
0.0590572004482966,0.057957797243729,0.0436019040608324,0.0544267958890784
0.0590572004482966,0.057957797243729,0.0436019040608324,0.0544267958890784
0.0590572004482966,0.057957797243729,0.0436019040608324,0.0544267958890784
0.0590572004482966,0.057957797243729,0.0436019040608324,0.0544267958890784
0.0590572004482966,0.057957797243729,0.0436019040608324,0.0544267958890784
0.0590572004482966,0.057957797243729,0.0436019040608324,0.0544267958890784
0.0590572004482966,0.057957797243729,0.0436019040608324,0.0557368252369877
0.0590572004482966,0.057957797243729,0.0436019040608324,0.0557368252369877
0.0590572004482966,0.057957797243729,0.0436019040608324,0.0557368252369877
0.0590572004482966,0.057957797243729,0.0436019040608324,0.0557368252369877
0.0590572004482966,0.0624963265372984,0.0436019040608324,0.0557368252369877
0.0590572004482966,0.0624963265372984,0.0436019040608324,0.0557368252369877
0.0590572004482966,0.0624963265372984,0.0436019040608324,0.0557368252369877
0.0571880860288782,0.0624963265372984,0.0436019040608324,0.0534046930259271
0.0571880860288782,0.0624963265372984,0.0436019040608324,0.0534046930259271
0.0571880860288782,0.0624963265372984,0.0436019040608324,0.0534046930259271
0.0571880860288782,0.0624963265372984,0.0436019040608324,0.0534046930259271
0.0571880860288782,0.0624963265372984,0.0436019040608324,0.0534046930259271
0.0571880860288782,0.0624963265372984,0.0436019040608324,0.0534046930259271
0.0571880860288782,0.0624963265372984,0.0436019040608324,0.0534046930259271
0.0571880860288782,0.0624963265372984,0.0436019040608324,0.0534046930259271
0.0571880860288782,0.0624963265372984,0.0436019040608324,0.0534046930259271
0.0571880860288782,0.0624963265372984,0.0436019040608324,0.0534046930259271
0.0571880860288782,0.0624963265372984,0.0436019040608324,0.0534046930259271
0.0571880860288782,0.0624963265372984,0.0436019040608324,0.0534046930259271
0.0571880860288782,0.0624963265372984,0.0436019040608324,0.0534046930259271
0.0571880860288782,0.0624963265372984,0.0436019040608324,0.0534046930259271
0.0571880860288782,0.0624963265372984,0.0436019040608324,0.0534046930259271
0.0571880860288782,0.0624963265372984,0.0436019040608324,0.0534046930259271
0.0571880860288782,0.0624963265372984,0.0436019040608324,0.0534046930259271
0.0571880860288782,0.0624963265372984,0.0436019040608324,0.0509576310125432
0.0571880860288782,0.0617008306030486,0.0436019040608324,0.0509576310125432
0.0571880860288782,0.0617008306030486,0.0436019040608324,0.0509576310125432
0.0571880860288782,0.0617008306030486,0.0436019040608324,0.0509576310125432
0.0571880860288782,0.0617008306030486,0.0436019040608324,0.0509576310125432
0.0571880860288782,0.0617008306030486,0.0436019040608324,0.0509576310125432
0.0571880860288782,0.0617008306030486,0.0436019040608324,0.0509576310125432
0.0571880860288782,0.0617008306030486,0.0436019040608324,0.0509576310125432
0.0571880860288782,0.0617008306030486,0.0436019040608324,0.0509576310125432
0.0571880860288782,0.0617008306030486,0.0436019040608324,0.0509576310125432
0.0544096891192896,0.0617008306030486,0.0436019040608324,0.0509576310125432
0.055270734538044,0.0617008306030486,0.0436019040608324,0.0509576310125432
0.055270734538044,0.0617008306030486,0.0436019040608324,0.0509576310125432
0.055270734538044,0.0617008306030486,0.0436019040608324,0.0509576310125432
0.055270734538044,0.0617008306030486,0.0436019040608324,0.0509576310125432
0.055270734538044,0.0561885452365565,0.0436019040608324,0.0509576310125432
0.055270734538044,0.0561885452365565,0.0436019040608324,0.0509576310125432
0.055270734538044,0.0561885452365565,0.0436019040608324,0.0509576310125432
0.055270734538044,0.0561885452365565,0.0436019040608324,0.0509576310125432
0.055270734538044,0.0561885452365565,0.0436019040608324,0.0509576310125432
0.055270734538044,0.0561885452365565,0.0436019040608324,0.0509576310125432
0.055270734538044,0.0561885452365565,0.0436019040608324,0.0509576310125432
0.055270734538044,0.0561885452365565,0.0436019040608324,0.0509576310125432
0.055270734538044,0.0561885452365565,0.0436019040608324,0.0509807006467831
0.055270734538044,0.0561885452365565,0.0436019040608324,0.0509807006467831
0.055270734538044,0.0561885452365565,0.0436019040608324,0.0509807006467831
0.055270734538044,0.0561885452365565,0.0436019040608324,0.0509807006467831
0.055270734538044,0.0561885452365565,0.0436019040608324,0.0509807006467831
0.055270734538044,0.0561885452365565,0.0436019040608324,0.0509807006467831
0.055270734538044,0.0561885452365565,0.0436019040608324,0.0509807006467831
0.055270734538044,0.0561885452365565,0.0436019040608324,0.0509807006467831
0.055270734538044,0.0561885452365565,0.0436019040608324,0.0509807006467831
0.055270734538044,0.0561885452365565,0.0436019040608324,0.0509807006467831
0.055270734538044,0.0561885452365565,0.0436019040608324,0.0509807006467831
0.055270734538044,0.0561885452365565,0.0436019040608324,0.0509807006467831
0.055270734538044,0.0561885452365565,0.0436019040608324,0.0509807006467831
0.055270734538044,0.0561885452365565,0.0436019040608324,0.0509807006467831
0.055270734538044,0.0561885452365565,0.0436019040608324,0.0509807006467831
0.055270734538044,0.0561885452365565,0.0436019040608324,0.0509807006467831
0.055270734538044,0.0561885452365565,0.0436019040608324,0.0509807006467831
0.055270734538044,0.0561885452365565,0.0436019040608324,0.0509807006467831
0.055270734538044,0.0561885452365565,0.0436019040608324,0.0509807006467831
0.055270734538044,0.0561885452365565,0.0436019040608324,0.0509807006467831
0.055270734538044,0.0561885452365565,0.0436019040608324,0.0509807006467831
0.055270734538044,0.0561885452365565,0.0436019040608324,0.0509807006467831
0.055270734538044,0.0561885452365565,0.0436019040608324,0.0509807006467831
0.055270734538044,0.0561885452365565,0.0436019040608324,0.0509807006467831
0.055270734538044,0.0561885452365565,0.0436019040608324,0.0509807006467831
0.055270734538044,0.0561885452365565,0.0436019040608324,0.0509807006467831
0.055270734538044,0.0561885452365565,0.0436019040608324,0.0509807006467831
0.055270734538044,0.0561885452365565,0.0436019040608324,0.0509807006467831
0.055270734538044,0.0561885452365565,0.0436019040608324,0.0509807006467831
0.055270734538044,0.0561885452365565,0.0436019040608324,0.0509807006467831
0.055270734538044,0.0561885452365565,0.0436019040608324,0.0509807006467831
0.055270734538044,0.0561885452365565,0.0436019040608324,0.0509807006467831
0.055270734538044,0.0561885452365565,0.0436019040608324,0.0509807006467831
0.055270734538044,0.0561885452365565,0.0436019040608324,0.0509807006467831
0.055270734538044,0.0561885452365565,0.0436019040608324,0.0537203207642021
0.055270734538044,0.0561885452365565,0.0436019040608324,0.0537203207642021
0.055270734538044,0.0561885452365565,0.0436019040608324,0.0537203207642021
0.055270734538044,0.0561885452365565,0.043954873819621,0.0537203207642021
0.055270734538044,0.0561885452365565,0.043954873819621,0.0537203207642021
0.055270734538044,0.0561885452365565,0.043954873819621,0.053003531336497
0.055270734538044,0.0561885452365565,0.043954873819621,0.053003531336497
0.055270734538044,0.0561885452365565,0.043954873819621,0.053003531336497
0.055270734538044,0.0561885452365565,0.043954873819621,0.053003531336497
0.055270734538044,0.0561885452365565,0.043954873819621,0.053003531336497
0.055270734538044,0.0561885452365565,0.043954873819621,0.053003531336497
0.055270734538044,0.0561885452365565,0.043954873819621,0.0550075984822765
0.055270734538044,0.0561885452365565,0.043954873819621,0.0550075984822765
0.055270734538044,0.0561885452365565,0.043954873819621,0.0550075984822765
0.055270734538044,0.0561885452365565,0.043954873819621,0.0550075984822765
0.055270734538044,0.0561885452365565,0.043954873819621,0.0550075984822765
0.055270734538044,0.0561885452365565,0.043954873819621,0.0550075984822765
0.055270734538044,0.0561885452365565,0.043954873819621,0.0550075984822765
0.055270734538044,0.0561885452365565,0.043954873819621,0.0550075984822765
0.055270734538044,0.0561885452365565,0.043954873819621,0.0550075984822765
0.055270734538044,0.0561885452365565,0.043954873819621,0.0550075984822765
0.055270734538044,0.0561885452365565,0.043954873819621,0.0550075984822765
0.055270734538044,0.0561885452365565,0.043954873819621,0.0531524057436107
0.055270734538044,0.0561885452365565,0.043954873819621,0.0531524057436107
0.055270734538044,0.0561885452365565,0.043954873819621,0.0531524057436107
0.055270734538044,0.0561885452365565,0.043954873819621,0.0480272768326676
0.055270734538044,0.0561885452365565,0.043954873819621,0.0480272768326676
0.055270734538044,0.0561885452365565,0.0495206167196147,0.0480272768326676
0.055270734538044,0.0561885452365565,0.0495206167196147,0.0480272768326676
0.055270734538044,0.0561885452365565,0.0495206167196147,0.0480272768326676
0.055270734538044,0.0561885452365565,0.0495206167196147,0.0480272768326676
0.055270734538044,0.0560962519237169,0.0471942588378215,0.0480272768326676
0.055270734538044,0.0560962519237169,0.0471942588378215,0.0480272768326676
0.055270734538044,0.0560962519237169,0.0471942588378215,0.0480272768326676
0.055270734538044,0.0560962519237169,0.0471942588378215,0.0480272768326676
0.055270734538044,0.0560962519237169,0.0471942588378215,0.0480272768326676
0.055270734538044,0.0560962519237169,0.0471942588378215,0.0480272768326676
0.055270734538044,0.0560962519237169,0.0471942588378215,0.0480272768326676
0.055270734538044,0.0560962519237169,0.0471942588378215,0.0480272768326676
0.055270734538044,0.0560962519237169,0.0471942588378215,0.0480272768326676
0.055270734538044,0.0560962519237169,0.0471942588378215,0.0480272768326676
0.055270734538044,0.0560962519237169,0.0471942588378215,0.0480272768326676
0.055270734538044,0.0560962519237169,0.0471942588378215,0.0480272768326676
0.0588625678922957,0.0560962519237169,0.0471942588378215,0.0480272768326676
0.0588625678922957,0.0560962519237169,0.0471942588378215,0.0480272768326676
0.0588625678922957,0.0560962519237169,0.0471942588378215,0.0480272768326676
0.0588625678922957,0.0560962519237169,0.0471942588378215,0.0480272768326676
0.0588625678922957,0.0560962519237169,0.0471942588378215,0.0480272768326676
0.0588625678922957,0.0560962519237169,0.0471942588378215,0.0480272768326676
0.0588625678922957,0.0560962519237169,0.0471942588378215,0.0480272768326676
0.0588625678922957,0.0560962519237169,0.0471942588378215,0.0480272768326676
0.0588625678922957,0.0560962519237169,0.0471942588378215,0.0480272768326676
0.0588625678922957,0.0560962519237169,0.0471942588378215,0.0480272768326676
0.0588625678922957,0.0560962519237169,0.0471942588378215,0.0480272768326676
0.0588625678922957,0.0560962519237169,0.0471942588378215,0.0480272768326676
0.0574545180792362,0.0560962519237169,0.0471942588378215,0.0480272768326676
0.0574545180792362,0.0558212761777832,0.0471942588378215,0.0480272768326676
0.0574545180792362,0.0558212761777832,0.0471942588378215,0.0480272768326676
0.0574545180792362,0.0558212761777832,0.0471942588378215,0.0480272768326676
0.0574545180792362,0.0558212761777832,0.0471942588378215,0.0480272768326676
0.0574545180792362,0.0558212761777832,0.0471942588378215,0.0480272768326676
0.0574545180792362,0.0558212761777832,0.0471942588378215,0.0480272768326676
0.0574545180792362,0.0558212761777832,0.0471942588378215,0.0480272768326676
0.0574545180792362,0.0558212761777832,0.0471942588378215,0.0480272768326676
0.0574545180792362,0.0558212761777832,0.0471942588378215,0.0480272768326676
0.0574545180792362,0.0558212761777832,0.0471942588378215,0.0480272768326676
0.0587670193846916,0.0558212761777832,0.0471942588378215,0.0480272768326676
0.0587670193846916,0.0558212761777832,0.0471942588378215,0.0480272768326676
0.0587670193846916,0.0558212761777832,0.0471942588378215,0.0546160820955187
0.0587670193846916,0.0558212761777832,0.0471942588378215,0.0546160820955187
0.0587670193846916,0.0558212761777832,0.0471942588378215,0.0546160820955187
0.0587670193846916,0.0558212761777832,0.0471942588378215,0.0546160820955187
0.0587670193846916,0.0558212761777832,0.0471942588378215,0.0546160820955187
0.0587670193846916,0.0558212761777832,0.0471942588378215,0.0546160820955187
0.0587670193846916,0.0558212761777832,0.0471942588378215,0.0546160820955187
0.0587670193846916,0.0558212761777832,0.0471942588378215,0.0546160820955187
0.0587670193846916,0.0558212761777832,0.0471942588378215,0.0546160820955187
0.0587670193846916,0.0525576885694725,0.0471942588378215,0.0444542328318365
0.0587670193846916,0.0525576885694725,0.0471942588378215,0.0444542328318365
0.0587670193846916,0.0525576885694725,0.0471942588378215,0.0444542328318365
0.0587670193846916,0.0525576885694725,0.0471942588378215,0.0444542328318365
0.0587670193846916,0.0525576885694725,0.0471942588378215,0.0444542328318365
0.0587670193846916,0.0540779533840967,0.0471942588378215,0.0444542328318365
0.0587670193846916,0.0540779533840967,0.0471942588378215,0.0444542328318365
0.0587670193846916,0.0540779533840967,0.0471942588378215,0.0444542328318365
0.0587670193846916,0.0540779533840967,0.0471942588378215,0.0444542328318365
0.0587670193846916,0.0540779533840967,0.0471942588378215,0.0444542328318365
0.0587670193846916,0.0540779533840967,0.0471942588378215,0.0444542328318365
0.0587670193846916,0.0540779533840967,0.0471942588378215,0.0444542328318365
0.0587670193846916,0.0540779533840967,0.0471942588378215,0.0444542328318365
0.0587670193846916,0.0540779533840967,0.0471942588378215,0.0444542328318365
0.0587670193846916,0.0540779533840967,0.0471942588378215,0.0444542328318365
0.0587670193846916,0.0540779533840967,0.0471942588378215,0.0444542328318365
0.0587670193846916,0.0540779533840967,0.0471942588378215,0.0444542328318365
0.0587670193846916,0.0540779533840967,0.0471942588378215,0.0444542328318365
0.0587670193846916,0.0540779533840967,0.0471942588378215,0.0444542328318365
0.0587670193846916,0.0540779533840967,0.0471942588378215,0.0444542328318365
0.0587670193846916,0.0540779533840967,0.0471942588378215,0.0444542328318365
0.0587670193846916,0.0540779533840967,0.0471942588378215,0.0444542328318365
0.0587670193846916,0.0540779533840967,0.0471942588378215,0.0444542328318365
0.0587670193846916,0.0540779533840967,0.0471942588378215,0.0444542328318365
0.0587670193846916,0.0540779533840967,0.0471942588378215,0.0444542328318365
0.0587670193846916,0.0540779533840967,0.0471942588378215,0.0444542328318365
0.0587670193846916,0.0540779533840967,0.0471942588378215,0.0444542328318365
0.0587670193846916,0.0540779533840967,0.0471942588378215,0.0444542328318365
0.0587670193846916,0.0540779533840967,0.0471942588378215,0.0444542328318365
0.0587670193846916,0.0540779533840967,0.0471942588378215,0.0444542328318365
0.0587670193846916,0.0540779533840967,0.0471942588378215,0.0444542328318365
0.0587670193846916,0.0540779533840967,0.0471942588378215,0.0444542328318365
0.0587670193846916,0.0540779533840967,0.0471942588378215,0.0444542328318365
0.0587670193846916,0.0540779533840967,0.0471942588378215,0.0444542328318365
0.0587670193846916,0.0540779533840967,0.0471942588378215,0.0444542328318365
0.0587670193846916,0.0540779533840967,0.0471942588378215,0.0444542328318365
0.0587670193846916,0.0540779533840967,0.0471942588378215,0.0444542328318365
0.0587670193846916,0.0540779533840967,0.0471942588378215,0.0444542328318365
0.0587670193846916,0.0540779533840967,0.0471942588378215,0.0444542328318365
0.0587670193846916,0.0540779533840967,0.0471942588378215,0.0444542328318365
0.0587670193846916,0.0540779533840967,0.0471942588378215,0.0444542328318365
0.0587670193846916,0.0540779533840967,0.0471942588378215,0.0444542328318365
0.0587670193846916,0.0540779533840967,0.0471942588378215,0.0444542328318365
0.0587670193846916,0.0540779533840967,0.0471942588378215,0.0444542328318365
0.0587670193846916,0.0540779533840967,0.0471942588378215,0.0444542328318365
0.0587670193846916,0.0540779533840967,0.0471942588378215,0.0444542328318365
0.0587670193846916,0.0540779533840967,0.0471942588378215,0.0444542328318365
0.0587670193846916,0.0540779533840967,0.0471942588378215,0.0444542328318365
0.0587670193846916,0.0540779533840967,0.0471942588378215,0.0444542328318365
0.0587670193846916,0.0591649502827071,0.0471942588378215,0.0444542328318365
0.0587670193846916,0.0591649502827071,0.0471942588378215,0.0444542328318365
0.0587670193846916,0.0591649502827071,0.0418545511709147,0.0444542328318365
0.0587670193846916,0.0591649502827071,0.0418545511709147,0.0444542328318365
0.0587670193846916,0.0591649502827071,0.0418545511709147,0.049838393465959
0.0587670193846916,0.0563492047591848,0.0418545511709147,0.049838393465959
0.0587670193846916,0.0563492047591848,0.0418545511709147,0.049838393465959
0.0587670193846916,0.0563492047591848,0.0418545511709147,0.049838393465959
0.0587670193846916,0.0563492047591848,0.0418545511709147,0.049838393465959
0.0606126674121095,0.0563492047591848,0.0418545511709147,0.049838393465959
0.0606126674121095,0.0563492047591848,0.0418545511709147,0.0485025341858755
0.0606126674121095,0.0563492047591848,0.0418545511709147,0.0485025341858755
0.0606126674121095,0.0563492047591848,0.0418545511709147,0.0485025341858755
0.0606126674121095,0.0563492047591848,0.0418545511709147,0.0485025341858755
0.0606126674121095,0.0563492047591848,0.0418545511709147,0.0485025341858755
0.0606126674121095,0.0563492047591848,0.0418545511709147,0.0485025341858755
0.0606126674121095,0.0563492047591848,0.0418545511709147,0.0485025341858755
0.0606126674121095,0.0563492047591848,0.0418545511709147,0.0485025341858755
0.0606126674121095,0.0563492047591848,0.0458451641539917,0.0485025341858755
0.0606126674121095,0.0563492047591848,0.0458451641539917,0.0485025341858755
0.0606126674121095,0.0563492047591848,0.0458451641539917,0.0485025341858755
0.0606126674121095,0.0563492047591848,0.0458451641539917,0.0485025341858755
0.0606126674121095,0.0563492047591848,0.0458451641539917,0.0485025341858755
0.0606126674121095,0.0563492047591848,0.0458451641539917,0.0485025341858755
0.0606126674121095,0.0563492047591848,0.0458451641539917,0.0485025341858755
0.0606126674121095,0.0563492047591848,0.0458451641539917,0.0485025341858755
0.0606126674121095,0.0563492047591848,0.0458451641539917,0.0485025341858755
0.0606126674121095,0.0563492047591848,0.0458451641539917,0.0485025341858755
0.0606126674121095,0.0563492047591848,0.0458451641539917,0.0485025341858755
0.0606126674121095,0.0563492047591848,0.0458451641539917,0.0485025341858755
0.0606126674121095,0.0563492047591848,0.0458451641539917,0.0485025341858755
0.0606126674121095,0.0563492047591848,0.0458451641539917,0.0485025341858755
0.0606126674121095,0.0563492047591848,0.0458451641539917,0.0485025341858755
0.0606126674121095,0.0563492047591848,0.0455690849144682,0.0485025341858755
0.0606126674121095,0.0563492047591848,0.0455690849144682,0.0485025341858755
0.0606126674121095,0.0563492047591848,0.0455690849144682,0.0485025341858755
0.0606126674121095,0.0563492047591848,0.0455690849144682,0.0485025341858755
0.0606126674121095,0.0563492047591848,0.0455690849144682,0.0485025341858755
0.0606126674121095,0.0563492047591848,0.0455690849144682,0.0485025341858755
0.0606126674121095,0.0563492047591848,0.0455690849144682,0.0485025341858755
0.0606126674121095,0.0563492047591848,0.0455690849144682,0.0485025341858755
0.0606126674121095,0.0563492047591848,0.0455690849144682,0.0485025341858755
0.0606126674121095,0.0563492047591848,0.0455690849144682,0.0485025341858755
0.0606126674121095,0.0563492047591848,0.0455690849144682,0.0485025341858755
0.0606126674121095,0.0563492047591848,0.0455690849144682,0.0485025341858755
0.0606126674121095,0.0563492047591848,0.0455690849144682,0.0485025341858755
0.0606126674121095,0.0563492047591848,0.0455690849144682,0.0485025341858755
0.0606126674121095,0.0563492047591848,0.0455690849144682,0.0485025341858755
0.0606126674121095,0.0563492047591848,0.0455003671992381,0.0485025341858755
0.0606126674121095,0.0563492047591848,0.0455003671992381,0.0485025341858755
0.0606126674121095,0.0563492047591848,0.0455003671992381,0.0485025341858755
0.0606126674121095,0.0563492047591848,0.0455003671992381,0.0485025341858755
0.0606126674121095,0.0563492047591848,0.0455003671992381,0.0485025341858755
0.0606126674121095,0.0563492047591848,0.0455003671992381,0.0485025341858755
0.0606126674121095,0.0563492047591848,0.0455003671992381,0.0485025341858755
0.0606126674121095,0.0563492047591848,0.0455003671992381,0.0485025341858755
0.0606126674121095,0.0563492047591848,0.0455003671992381,0.0485025341858755
0.0606126674121095,0.0563492047591848,0.0455003671992381,0.0485025341858755
0.0606126674121095,0.0563492047591848,0.0455003671992381,0.0485025341858755
0.0606126674121095,0.0563492047591848,0.0455003671992381,0.0485025341858755
0.0606126674121095,0.0563492047591848,0.0455003671992381,0.0459141895572117
0.0606126674121095,0.0563492047591848,0.0458332979088674,0.0459141895572117
0.0606126674121095,0.0563492047591848,0.0458332979088674,0.0459141895572117
0.0606126674121095,0.0563492047591848,0.0458332979088674,0.0479824695948611
0.0606126674121095,0.0563492047591848,0.0458332979088674,0.0479824695948611
0.0606126674121095,0.0605023896227981,0.0458332979088674,0.0479824695948611
0.0611979291360432,0.0577492595291857,0.0458332979088674,0.0479824695948611
0.0611979291360432,0.0577492595291857,0.0458332979088674,0.0479824695948611
0.0611979291360432,0.0577492595291857,0.0458332979088674,0.0479824695948611
0.0611979291360432,0.0577492595291857,0.0458332979088674,0.0479824695948611
0.0611979291360432,0.0577492595291857,0.0458332979088674,0.0479824695948611
0.0611979291360432,0.0577492595291857,0.0458332979088674,0.0479824695948611
0.0588763480563103,0.0577492595291857,0.0458332979088674,0.0479824695948611
0.0588763480563103,0.0577492595291857,0.0458332979088674,0.0479824695948611
0.0588763480563103,0.0577492595291857,0.0458332979088674,0.0479824695948611
0.0588763480563103,0.0577492595291857,0.0458332979088674,0.0479824695948611
0.0588763480563103,0.0577492595291857,0.0458332979088674,0.0479824695948611
0.0588763480563103,0.0577492595291857,0.0458332979088674,0.0479824695948611
0.0588763480563103,0.0577492595291857,0.0458332979088674,0.0479824695948611
0.0588763480563103,0.0577492595291857,0.0458332979088674,0.0479824695948611
0.0588763480563103,0.0577492595291857,0.0458332979088674,0.0479824695948611
0.0588763480563103,0.0577492595291857,0.0458332979088674,0.050162302753677
0.0588763480563103,0.0577492595291857,0.0458332979088674,0.050162302753677
0.0588763480563103,0.0577492595291857,0.0458332979088674,0.050162302753677
0.0588763480563103,0.0577492595291857,0.0458332979088674,0.050162302753677
0.0588763480563103,0.0577492595291857,0.0458332979088674,0.050162302753677
0.0588763480563103,0.0577492595291857,0.0458332979088674,0.050162302753677
0.0588763480563103,0.0577492595291857,0.0458332979088674,0.050162302753677
0.0588763480563103,0.0577492595291857,0.0458332979088674,0.050162302753677
0.0588763480563103,0.0577492595291857,0.0458332979088674,0.050162302753677
0.0588763480563103,0.0577492595291857,0.0458332979088674,0.050162302753677
0.0588763480563103,0.0577492595291857,0.0458332979088674,0.050162302753677
0.0588763480563103,0.0577492595291857,0.0458332979088674,0.050162302753677
0.0588763480563103,0.0577492595291857,0.0458332979088674,0.050162302753677
0.0588763480563103,0.0532726495829786,0.0458332979088674,0.050162302753677
0.0588763480563103,0.0532726495829786,0.0458332979088674,0.050162302753677
0.0588763480563103,0.0532726495829786,0.0458332979088674,0.050162302753677
0.0588763480563103,0.0532726495829786,0.0458332979088674,0.050162302753677
0.0588763480563103,0.0532726495829786,0.0458332979088674,0.050162302753677
0.0588763480563103,0.0532726495829786,0.0458332979088674,0.050162302753677
0.0588763480563103,0.0532726495829786,0.0458332979088674,0.050162302753677
0.0588763480563103,0.0532726495829786,0.0458332979088674,0.050162302753677
0.0588763480563103,0.0532726495829786,0.0458332979088674,0.050162302753677
0.0588763480563103,0.0532726495829786,0.0458332979088674,0.050162302753677
0.0588763480563103,0.0532726495829786,0.0487848516365898,0.050162302753677
0.0588763480563103,0.0532726495829786,0.0487848516365898,0.050162302753677
0.0588763480563103,0.0532726495829786,0.0487848516365898,0.050162302753677
0.0597722600667915,0.0532726495829786,0.0487848516365898,0.050162302753677
0.0597722600667915,0.0532726495829786,0.0487848516365898,0.050162302753677
0.0597722600667915,0.0532726495829786,0.0487848516365898,0.050162302753677
0.0597722600667915,0.0532726495829786,0.0487848516365898,0.050162302753677
0.0597722600667915,0.0532726495829786,0.0487848516365898,0.050162302753677
0.0597722600667915,0.0532726495829786,0.0487848516365898,0.0517421610674574
0.0597722600667915,0.0532726495829786,0.0487848516365898,0.0517421610674574
0.0597722600667915,0.0532726495829786,0.0487848516365898,0.0517421610674574
0.0597722600667915,0.0532726495829786,0.0487848516365898,0.0517421610674574
0.0597722600667915,0.0532726495829786,0.0487848516365898,0.0517421610674574
0.0597722600667915,0.0532726495829786,0.0487848516365898,0.0517421610674574
0.0597722600667915,0.0532726495829786,0.0487848516365898,0.0517421610674574
0.0597722600667915,0.0532726495829786,0.0487848516365898,0.0517421610674574
0.0597722600667915,0.0532726495829786,0.0487848516365898,0.0517421610674574
0.0597722600667915,0.0514634278692271,0.0487848516365898,0.0517421610674574
0.0597722600667915,0.0514634278692271,0.0446732851823268,0.0517421610674574
0.0597722600667915,0.0514634278692271,0.0446732851823268,0.0517421610674574
0.0597722600667915,0.0514634278692271,0.0446732851823268,0.0517421610674574
0.0597722600667915,0.0514634278692271,0.0446732851823268,0.0517421610674574
0.0597722600667915,0.0514634278692271,0.0446732851823268,0.0517421610674574
0.0597722600667915,0.0514634278692271,0.0446732851823268,0.0517421610674574
0.0597722600667915,0.0514634278692271,0.0446732851823268,0.0517421610674574
0.0597722600667915,0.0514634278692271,0.0446732851823268,0.0517421610674574
0.0597722600667915,0.0514634278692271,0.0446732851823268,0.0517421610674574
0.0597722600667915,0.0514634278692271,0.0446732851823268,0.0517421610674574
0.0597722600667915,0.0514634278692271,0.0446732851823268,0.0517421610674574
0.0597722600667915,0.0514634278692271,0.0446732851823268,0.0517421610674574
0.0597722600667915,0.0514634278692271,0.0446732851823268,0.0517421610674574
0.0597722600667915,0.0514634278692271,0.0446732851823268,0.0517421610674574
0.0597722600667915,0.0514634278692271,0.0446732851823268,0.0517421610674574
0.0597722600667915,0.0514634278692271,0.0446732851823268,0.0517421610674574
0.0597722600667915,0.0514634278692271,0.0446732851823268,0.0517421610674574
0.0597722600667915,0.0514634278692271,0.0446732851823268,0.0517421610674574
0.0597722600667915,0.0514634278692271,0.0446732851823268,0.0517421610674574
0.0597722600667915,0.0514634278692271,0.0446732851823268,0.0517421610674574
0.0597722600667915,0.0514634278692271,0.0446732851823268,0.0517421610674574
0.0597722600667915,0.0514634278692271,0.0446732851823268,0.0517421610674574
0.0597722600667915,0.0514634278692271,0.0446732851823268,0.0517421610674574
0.0597722600667915,0.0514634278692271,0.0446732851823268,0.0517421610674574
0.0597722600667915,0.0514634278692271,0.0446732851823268,0.0517421610674574
0.0597722600667915,0.0514634278692271,0.0446732851823268,0.0517421610674574
0.0597722600667915,0.0514634278692271,0.0446732851823268,0.0517421610674574
0.0597722600667915,0.0514634278692271,0.0446732851823268,0.0517421610674574
0.0597722600667915,0.0514634278692271,0.0446732851823268,0.0517421610674574
0.0597722600667915,0.0514634278692271,0.0446732851823268,0.0517421610674574
0.0597722600667915,0.0491755350306934,0.0446732851823268,0.0517421610674574
0.0587285636867178,0.0491755350306934,0.0446732851823268,0.0517421610674574
0.0587285636867178,0.0491755350306934,0.0446732851823268,0.0517421610674574
0.0587285636867178,0.0491755350306934,0.0446732851823268,0.0517421610674574
0.0587285636867178,0.0491755350306934,0.0446732851823268,0.0517421610674574
0.0587285636867178,0.0491755350306934,0.0446732851823268,0.0517421610674574
0.0587285636867178,0.04906088680042,0.0446732851823268,0.0517421610674574
0.0587285636867178,0.04906088680042,0.0446732851823268,0.0517421610674574
0.0587285636867178,0.04906088680042,0.0446732851823268,0.0517421610674574
0.0587285636867178,0.04906088680042,0.0461035685784817,0.0517421610674574
0.0587285636867178,0.04906088680042,0.0461035685784817,0.0517421610674574
0.0587285636867178,0.04906088680042,0.0461035685784817,0.0517421610674574
0.0587285636867178,0.04906088680042,0.0461035685784817,0.0517421610674574
0.0587285636867178,0.04906088680042,0.0461035685784817,0.0517421610674574
0.0587285636867178,0.04906088680042,0.0461035685784817,0.0517421610674574
0.0587285636867178,0.050572753002071,0.0461035685784817,0.0517421610674574
0.0587285636867178,0.050572753002071,0.0461035685784817,0.0517421610674574
0.0587285636867178,0.050572753002071,0.0461035685784817,0.0517421610674574
0.0587285636867178,0.050572753002071,0.0461035685784817,0.0534686171181037
0.0587285636867178,0.050572753002071,0.0461035685784817,0.0534686171181037
0.0587285636867178,0.050572753002071,0.0461035685784817,0.0534686171181037
0.0587285636867178,0.050572753002071,0.0461035685784817,0.0534686171181037
0.0587285636867178,0.050572753002071,0.0461035685784817,0.0534686171181037
0.0587285636867178,0.047969615719603,0.0461035685784817,0.0534686171181037
0.0587285636867178,0.047969615719603,0.0461035685784817,0.045177360275216
0.0587285636867178,0.047969615719603,0.0461035685784817,0.045177360275216
0.0587285636867178,0.047969615719603,0.0461035685784817,0.045177360275216
0.0587285636867178,0.047969615719603,0.0461035685784817,0.045177360275216
0.0587285636867178,0.047969615719603,0.0461035685784817,0.045177360275216
0.0587285636867178,0.047969615719603,0.0461035685784817,0.045177360275216
0.0587285636867178,0.047969615719603,0.0461035685784817,0.045177360275216
0.0587285636867178,0.047969615719603,0.0461035685784817,0.045177360275216
0.0587285636867178,0.049526533327733,0.0461035685784817,0.045177360275216
0.0587285636867178,0.049526533327733,0.0461035685784817,0.045177360275216
0.0587285636867178,0.049526533327733,0.0461035685784817,0.045177360275216
0.0587285636867178,0.049526533327733,0.0461035685784817,0.045177360275216
0.0587285636867178,0.049526533327733,0.0461035685784817,0.045177360275216
0.0587285636867178,0.049526533327733,0.0461035685784817,0.045177360275216
0.0587285636867178,0.049526533327733,0.0458365245153274,0.045177360275216
0.0587285636867178,0.049526533327733,0.0458365245153274,0.045177360275216
0.0587285636867178,0.049526533327733,0.0458365245153274,0.045177360275216
0.0587285636867178,0.049526533327733,0.0458365245153274,0.045177360275216
0.0587285636867178,0.049526533327733,0.0458365245153274,0.045177360275216
0.0587285636867178,0.049526533327733,0.0458365245153274,0.045177360275216
0.0587285636867178,0.049526533327733,0.0458365245153274,0.045177360275216
0.0587285636867178,0.049526533327733,0.0452404921682838,0.045177360275216
0.0587285636867178,0.049526533327733,0.0452404921682838,0.045177360275216
0.0587285636867178,0.049526533327733,0.0452404921682838,0.045177360275216
0.0587285636867178,0.049526533327733,0.0452404921682838,0.045177360275216
0.0587285636867178,0.049526533327733,0.0452404921682838,0.045177360275216
0.0587285636867178,0.049526533327733,0.0452404921682838,0.045177360275216
0.0587285636867178,0.049526533327733,0.0452404921682838,0.045177360275216
0.0587285636867178,0.049526533327733,0.0452404921682838,0.045177360275216
0.0587285636867178,0.049526533327733,0.0452404921682838,0.045177360275216
0.0587285636867178,0.049526533327733,0.0450587935604528,0.045177360275216
0.0587285636867178,0.049526533327733,0.0450587935604528,0.045177360275216
0.0587285636867178,0.049526533327733,0.0450587935604528,0.045177360275216
0.0587285636867178,0.049526533327733,0.0450587935604528,0.045177360275216
0.0587285636867178,0.049526533327733,0.0450587935604528,0.045177360275216
0.0587285636867178,0.049526533327733,0.0450587935604528,0.045177360275216
0.0587285636867178,0.049526533327733,0.0450587935604528,0.045177360275216
0.0587285636867178,0.049526533327733,0.0450587935604528,0.045177360275216
0.0587285636867178,0.049526533327733,0.0524160197603359,0.045177360275216
0.0587285636867178,0.049526533327733,0.0524160197603359,0.045177360275216
0.0581943472337213,0.049526533327733,0.0524160197603359,0.045177360275216
0.0581943472337213,0.049526533327733,0.0524160197603359,0.045177360275216
0.0581943472337213,0.049526533327733,0.0524160197603359,0.045177360275216
0.0581943472337213,0.049526533327733,0.0524160197603359,0.045177360275216
0.0581943472337213,0.049526533327733,0.0524160197603359,0.045177360275216
0.0581943472337213,0.049526533327733,0.0524160197603359,0.045177360275216
0.0581943472337213,0.049526533327733,0.0524160197603359,0.045177360275216
0.0581943472337213,0.049526533327733,0.0524160197603359,0.045177360275216
0.0581943472337213,0.049526533327733,0.0524160197603359,0.045177360275216
0.0581943472337213,0.049526533327733,0.0524160197603359,0.045177360275216
0.0581943472337213,0.049526533327733,0.0524160197603359,0.045177360275216
0.0581943472337213,0.049526533327733,0.0524160197603359,0.045177360275216
0.0581943472337213,0.049526533327733,0.0524160197603359,0.045177360275216
0.0563765809966397,0.049526533327733,0.0524160197603359,0.0477125410579966
0.0563765809966397,0.049526533327733,0.0524160197603359,0.0477125410579966
0.0563765809966397,0.049526533327733,0.0498560292297649,0.0477125410579966
0.0563765809966397,0.049526533327733,0.0498560292297649,0.0477125410579966
0.0563765809966397,0.049526533327733,0.0498560292297649,0.0477125410579966
0.0563765809966397,0.049526533327733,0.0498560292297649,0.0477125410579966
0.0563765809966397,0.049526533327733,0.0498560292297649,0.0477125410579966
0.0563765809966397,0.049526533327733,0.0498560292297649,0.0477125410579966
0.0563765809966397,0.049526533327733,0.0498560292297649,0.0477125410579966
0.0563765809966397,0.049526533327733,0.0498560292297649,0.0477125410579966
0.0563765809966397,0.049526533327733,0.0498560292297649,0.0477125410579966
0.0563765809966397,0.049526533327733,0.0498560292297649,0.0477125410579966
0.0563765809966397,0.049526533327733,0.0498560292297649,0.0477125410579966
0.0563765809966397,0.049526533327733,0.0498560292297649,0.0477125410579966
0.0563765809966397,0.049526533327733,0.0498560292297649,0.0477125410579966
0.0563765809966397,0.049526533327733,0.0498560292297649,0.0477125410579966
0.0563765809966397,0.0505284149934823,0.0498560292297649,0.0448952723951903
0.0563765809966397,0.0505284149934823,0.0498560292297649,0.0448952723951903
0.0563765809966397,0.0505284149934823,0.0498560292297649,0.0448952723951903
0.0563765809966397,0.0505284149934823,0.0498560292297649,0.0448952723951903
0.0563765809966397,0.0505284149934823,0.0498560292297649,0.0448952723951903
0.0563765809966397,0.0505284149934823,0.0498560292297649,0.0448952723951903
0.0563765809966397,0.0505284149934823,0.0498560292297649,0.0448952723951903
0.0563765809966397,0.0505284149934823,0.0498560292297649,0.0448952723951903
0.0563765809966397,0.0505284149934823,0.0498560292297649,0.0448952723951903
0.0563765809966397,0.0505284149934823,0.0511085905707446,0.0447968073704705
0.0563765809966397,0.0495621516284674,0.0511085905707446,0.0447968073704705
0.0563765809966397,0.0495621516284674,0.0511085905707446,0.0447968073704705
0.0563765809966397,0.0495621516284674,0.0511085905707446,0.0447968073704705
0.0563765809966397,0.0521243337443506,0.0511085905707446,0.0447968073704705
0.0563765809966397,0.0540727172237318,0.0511085905707446,0.0447968073704705
0.0563765809966397,0.0540727172237318,0.0511085905707446,0.0447968073704705
0.0563765809966397,0.0540727172237318,0.0511085905707446,0.0447968073704705
0.0563765809966397,0.0540727172237318,0.0511085905707446,0.0447968073704705
0.0563765809966397,0.0540727172237318,0.0511085905707446,0.0447968073704705
0.0563765809966397,0.0540727172237318,0.0511085905707446,0.0447968073704705
0.0563765809966397,0.0540727172237318,0.0511085905707446,0.0443416316208856
0.0563765809966397,0.0540727172237318,0.0511085905707446,0.0443416316208856
0.0563765809966397,0.0540727172237318,0.0511085905707446,0.0443416316208856
0.0563765809966397,0.0540727172237318,0.0511085905707446,0.0443416316208856
0.0563765809966397,0.0540727172237318,0.0511085905707446,0.0443416316208856
0.0563765809966397,0.0540727172237318,0.0511085905707446,0.0443416316208856
0.0563765809966397,0.0493167209672407,0.0511085905707446,0.0443416316208856
0.0563765809966397,0.0493167209672407,0.0511085905707446,0.0443416316208856
0.0563765809966397,0.0493167209672407,0.0511085905707446,0.0443416316208856
0.0563765809966397,0.0493167209672407,0.0511085905707446,0.0443416316208856
0.0563765809966397,0.0493167209672407,0.0511085905707446,0.0443416316208856
0.0563765809966397,0.0493167209672407,0.0511085905707446,0.0443416316208856
0.0563765809966397,0.0493167209672407,0.0511085905707446,0.0443416316208856
0.0563765809966397,0.0493167209672407,0.0511085905707446,0.0443416316208856
0.0563765809966397,0.0493167209672407,0.0511085905707446,0.0443416316208856
0.0563765809966397,0.0493167209672407,0.0511085905707446,0.0443416316208856
0.0563765809966397,0.0493167209672407,0.0511085905707446,0.0443416316208856
0.0563765809966397,0.0493167209672407,0.0511085905707446,0.0443416316208856
0.0563765809966397,0.0458459386221561,0.0511085905707446,0.0443416316208856
0.0563765809966397,0.0458459386221561,0.0511085905707446,0.0443416316208856
0.0563765809966397,0.0469659760896308,0.0511085905707446,0.0443416316208856
0.0632246703486493,0.0469659760896308,0.0505347827645592,0.0443416316208856
0.0632246703486493,0.0469659760896308,0.0505347827645592,0.0443416316208856
0.0632246703486493,0.0469659760896308,0.0505347827645592,0.0443416316208856
0.0632246703486493,0.0469659760896308,0.0505347827645592,0.0443416316208856
0.0632246703486493,0.0469659760896308,0.0505347827645592,0.0443416316208856
0.0632246703486493,0.0469659760896308,0.0505347827645592,0.0443416316208856
0.0626243887797961,0.0469659760896308,0.0505347827645592,0.0443416316208856
0.0626243887797961,0.0469659760896308,0.0505347827645592,0.0443416316208856
0.0626243887797961,0.0469659760896308,0.0505347827645592,0.0443416316208856
0.0626243887797961,0.0469659760896308,0.0505347827645592,0.0399132027686732
0.0626243887797961,0.0469659760896308,0.0505347827645592,0.0399132027686732
0.0626243887797961,0.0469659760896308,0.0505347827645592,0.0399132027686732
0.0626243887797961,0.0469659760896308,0.0505347827645592,0.0399132027686732
0.0626243887797961,0.0469659760896308,0.0505347827645592,0.0399132027686732
0.0626243887797961,0.0529685999425479,0.0505347827645592,0.0399132027686732
0.0626243887797961,0.0529685999425479,0.0505347827645592,0.0388977244562547
0.0626243887797961,0.0529685999425479,0.0505347827645592,0.0388977244562547
0.0626243887797961,0.0529685999425479,0.0505347827645592,0.0388977244562547
0.0626243887797961,0.0529685999425479,0.0505347827645592,0.0388977244562547
0.0626243887797961,0.0529685999425479,0.0505347827645592,0.0388977244562547
0.0626243887797961,0.0529685999425479,0.0505347827645592,0.0388977244562547
0.0626243887797961,0.0529685999425479,0.0505347827645592,0.0388977244562547
0.0626243887797961,0.0529685999425479,0.0505347827645592,0.0388977244562547
0.0626243887797961,0.0529685999425479,0.0505347827645592,0.0388977244562547
0.0626243887797961,0.0529685999425479,0.0505347827645592,0.0437910776931266
0.0626243887797961,0.0529685999425479,0.0505347827645592,0.0437910776931266
0.0626243887797961,0.0529685999425479,0.0505347827645592,0.0437910776931266
0.0626243887797961,0.0529685999425479,0.0505347827645592,0.0437910776931266
0.0626243887797961,0.0529685999425479,0.0505347827645592,0.0437910776931266
0.0626243887797961,0.0529685999425479,0.0505347827645592,0.0437910776931266
0.0626243887797961,0.0529685999425479,0.0505347827645592,0.0425637678875473
0.0626243887797961,0.0529685999425479,0.0505347827645592,0.0425637678875473
0.0626243887797961,0.0529685999425479,0.0505347827645592,0.0425637678875473
0.0626243887797961,0.0529685999425479,0.0505347827645592,0.0425637678875473
0.0626243887797961,0.0544724439122496,0.0505347827645592,0.0425637678875473
0.0626243887797961,0.0544724439122496,0.0505347827645592,0.0425637678875473
0.0626243887797961,0.0544724439122496,0.0505347827645592,0.0425637678875473
0.0626243887797961,0.0544724439122496,0.0505347827645592,0.0425637678875473
0.0626243887797961,0.0544724439122496,0.0505347827645592,0.0425637678875473
0.0626243887797961,0.0544724439122496,0.0505347827645592,0.0425637678875473
0.0626243887797961,0.0544724439122496,0.0505347827645592,0.0425637678875473
0.0626243887797961,0.0544724439122496,0.0505347827645592,0.0425637678875473
0.0626243887797961,0.0544724439122496,0.0505347827645592,0.0425637678875473
0.0626243887797961,0.0544724439122496,0.0505347827645592,0.0425637678875473
0.0626243887797961,0.0544724439122496,0.0505347827645592,0.0425637678875473
0.0626243887797961,0.0544724439122496,0.0505347827645592,0.0425637678875473
0.0626243887797961,0.0544724439122496,0.0505347827645592,0.0425637678875473
0.0626243887797961,0.0544724439122496,0.0505347827645592,0.0425637678875473
0.0626243887797961,0.0544724439122496,0.0505347827645592,0.0425637678875473
0.0626243887797961,0.0544724439122496,0.0505347827645592,0.0425637678875473
0.0626243887797961,0.0544724439122496,0.0505347827645592,0.0425637678875473
0.0626243887797961,0.0544724439122496,0.0505347827645592,0.0425637678875473
0.0626243887797961,0.0544724439122496,0.0505347827645592,0.0425637678875473
0.0626243887797961,0.0544724439122496,0.0505347827645592,0.0425637678875473
0.0626243887797961,0.0544724439122496,0.0505347827645592,0.0425637678875473
0.0626243887797961,0.0544724439122496,0.0505347827645592,0.0425637678875473
0.0626243887797961,0.0544724439122496,0.0505347827645592,0.0425637678875473
0.0626243887797961,0.0544724439122496,0.0505347827645592,0.0425637678875473
0.0626243887797961,0.0544724439122496,0.0505347827645592,0.0425637678875473
0.0626243887797961,0.0544724439122496,0.0505347827645592,0.0425637678875473
0.0626243887797961,0.0544724439122496,0.0505347827645592,0.0425637678875473
0.0626243887797961,0.0544724439122496,0.0505347827645592,0.0425637678875473
0.0626243887797961,0.0544724439122496,0.0505347827645592,0.0425637678875473
0.0571166523028195,0.0544724439122496,0.0505347827645592,0.0425637678875473
0.0571166523028195,0.0544724439122496,0.0505347827645592,0.0425637678875473
0.0571166523028195,0.0544724439122496,0.0530526632541611,0.0425637678875473
0.0571166523028195,0.0544724439122496,0.0530526632541611,0.0425637678875473
0.0571166523028195,0.0544724439122496,0.0530526632541611,0.0425637678875473
0.0571166523028195,0.0544724439122496,0.0530526632541611,0.0425637678875473
0.0571166523028195,0.0544724439122496,0.0530526632541611,0.0425637678875473
0.0571166523028195,0.0544724439122496,0.0530526632541611,0.0425637678875473
0.0571166523028195,0.0544724439122496,0.0530526632541611,0.0425637678875473
0.0571166523028195,0.0544724439122496,0.0530526632541611,0.0425637678875473
0.0571166523028195,0.0544724439122496,0.0530526632541611,0.0425637678875473
0.0571166523028195,0.0544724439122496,0.0530526632541611,0.0425637678875473
0.0571166523028195,0.0544724439122496,0.0530526632541611,0.0425637678875473
0.0571166523028195,0.0544724439122496,0.0530526632541611,0.0425637678875473
0.0571166523028195,0.0544724439122496,0.0530526632541611,0.0425637678875473
0.0571166523028195,0.0544724439122496,0.0530526632541611,0.0425637678875473
0.0571166523028195,0.0544724439122496,0.0530526632541611,0.0425637678875473
0.0571166523028195,0.0544724439122496,0.0530526632541611,0.0425637678875473
0.0571166523028195,0.0544724439122496,0.0530526632541611,0.0425637678875473
0.0571166523028195,0.0544724439122496,0.0530526632541611,0.0425637678875473
0.0571166523028195,0.0544724439122496,0.0530526632541611,0.0425637678875473
0.0571166523028195,0.0544724439122496,0.0530526632541611,0.0425637678875473
0.0571166523028195,0.0544724439122496,0.0530526632541611,0.0425637678875473
0.0571166523028195,0.0544724439122496,0.0530526632541611,0.0425637678875473
0.0571166523028195,0.0544724439122496,0.0530526632541611,0.0425637678875473
0.0571166523028195,0.0544724439122496,0.0530526632541611,0.0425637678875473
0.0571166523028195,0.0544724439122496,0.0530526632541611,0.0425637678875473
0.0571166523028195,0.0544724439122496,0.0525133801654737,0.0425637678875473
0.0571166523028195,0.0553105520042436,0.0525133801654737,0.0425637678875473
0.0571166523028195,0.0553105520042436,0.0525133801654737,0.0425637678875473
0.0571166523028195,0.0553105520042436,0.0525133801654737,0.0425637678875473
0.0571166523028195,0.0553105520042436,0.0525133801654737,0.0425637678875473
0.0571166523028195,0.0553105520042436,0.0525133801654737,0.0425637678875473
0.0571166523028195,0.0553105520042436,0.0525133801654737,0.0425637678875473
0.0571166523028195,0.0553105520042436,0.0525133801654737,0.0384286373192406
0.0571166523028195,0.0553105520042436,0.0525133801654737,0.0384286373192406
0.0571166523028195,0.0553105520042436,0.0525133801654737,0.0384286373192406
0.0571166523028195,0.0553105520042436,0.0525133801654737,0.0384286373192406
0.0571166523028195,0.0553105520042436,0.0525133801654737,0.0384286373192406
0.0571166523028195,0.0553105520042436,0.0525133801654737,0.0384286373192406
0.0571166523028195,0.0553105520042436,0.0525133801654737,0.040865081917995
0.0571166523028195,0.0553105520042436,0.0525133801654737,0.040865081917995
0.0571166523028195,0.0562546093082952,0.0525133801654737,0.040865081917995
0.0571166523028195,0.0562546093082952,0.0525133801654737,0.040865081917995
0.0571166523028195,0.0562546093082952,0.0525133801654737,0.040865081917995
0.0571166523028195,0.0562546093082952,0.0525133801654737,0.040865081917995
0.0571166523028195,0.0562546093082952,0.0525133801654737,0.040865081917995
0.0571166523028195,0.0562546093082952,0.0525133801654737,0.040865081917995
0.0571166523028195,0.0562546093082952,0.0525133801654737,0.040865081917995
0.0571166523028195,0.0562546093082952,0.0513292801626564,0.040865081917995
0.0571166523028195,0.0562546093082952,0.0513292801626564,0.040865081917995
0.0571166523028195,0.0562546093082952,0.0513292801626564,0.040865081917995
0.0571166523028195,0.0562989538378158,0.0513292801626564,0.040865081917995
0.0571166523028195,0.0562989538378158,0.0513292801626564,0.040865081917995
0.0571166523028195,0.0562989538378158,0.0513292801626564,0.040865081917995
0.0571166523028195,0.0562989538378158,0.0513292801626564,0.040865081917995
0.0571166523028195,0.0562989538378158,0.0513292801626564,0.040865081917995
0.0571166523028195,0.0562989538378158,0.0513292801626564,0.040865081917995
0.0571166523028195,0.0562989538378158,0.0573894992196321,0.040865081917995
0.0571166523028195,0.0562989538378158,0.0573894992196321,0.040865081917995
0.0571166523028195,0.0562989538378158,0.0573894992196321,0.040865081917995
0.0571166523028195,0.0562989538378158,0.0573894992196321,0.040865081917995
0.0571166523028195,0.0562989538378158,0.0573894992196321,0.040865081917995
0.0571166523028195,0.0562989538378158,0.0573894992196321,0.040865081917995
0.0571166523028195,0.0562989538378158,0.0573894992196321,0.040865081917995
0.0571166523028195,0.0562989538378158,0.0573894992196321,0.040865081917995
0.0571166523028195,0.0477713810698054,0.0573894992196321,0.040865081917995
0.0571166523028195,0.0477713810698054,0.0573894992196321,0.040865081917995
0.0571166523028195,0.0477713810698054,0.0573894992196321,0.040865081917995
0.0571166523028195,0.0477713810698054,0.0573894992196321,0.040865081917995
0.0571166523028195,0.0477713810698054,0.0573894992196321,0.040865081917995
0.0571166523028195,0.0477713810698054,0.0573894992196321,0.040865081917995
0.0571166523028195,0.0477713810698054,0.0573894992196321,0.040865081917995
0.0571166523028195,0.0477713810698054,0.0573894992196321,0.040865081917995
0.0571166523028195,0.0477713810698054,0.0573894992196321,0.040865081917995
0.0571166523028195,0.0477713810698054,0.0573894992196321,0.040865081917995
0.0571166523028195,0.0477713810698054,0.0573894992196321,0.040865081917995
0.0571166523028195,0.0477713810698054,0.0573894992196321,0.040865081917995
0.0571166523028195,0.0477713810698054,0.0573894992196321,0.040865081917995
0.0571166523028195,0.0477713810698054,0.0573894992196321,0.040865081917995
0.0571166523028195,0.0477713810698054,0.0573894992196321,0.040865081917995
0.0571166523028195,0.0477713810698054,0.0573894992196321,0.040865081917995
0.0571166523028195,0.0477713810698054,0.0573894992196321,0.040865081917995
0.0571166523028195,0.0477713810698054,0.0573894992196321,0.040865081917995
0.0571166523028195,0.0477713810698054,0.0573894992196321,0.040865081917995
0.0571166523028195,0.0477713810698054,0.0573894992196321,0.040865081917995
0.0571166523028195,0.0477713810698054,0.0573894992196321,0.040865081917995
0.0571166523028195,0.0477713810698054,0.0573894992196321,0.040865081917995
0.0571166523028195,0.0477713810698054,0.0573894992196321,0.040865081917995
0.0571166523028195,0.0477713810698054,0.0573894992196321,0.040865081917995
0.0571166523028195,0.0477713810698054,0.0573894992196321,0.040865081917995
0.0571166523028195,0.0477713810698054,0.0573894992196321,0.040865081917995
0.0571166523028195,0.0477713810698054,0.0573894992196321,0.040865081917995
0.0571166523028195,0.0477713810698054,0.0573894992196321,0.040865081917995
0.0571166523028195,0.0477713810698054,0.0573894992196321,0.040865081917995
0.0571166523028195,0.0477713810698054,0.0573894992196321,0.040865081917995
0.0571166523028195,0.0477713810698054,0.0573894992196321,0.040865081917995
0.0571166523028195,0.0483762010641993,0.0573894992196321,0.040865081917995
0.0571166523028195,0.0483762010641993,0.0573894992196321,0.040865081917995
0.0571166523028195,0.0483762010641993,0.0573894992196321,0.040865081917995
0.0571166523028195,0.0483762010641993,0.0573894992196321,0.040865081917995
0.0571166523028195,0.0483762010641993,0.0573894992196321,0.040865081917995
0.0571166523028195,0.0483762010641993,0.0573894992196321,0.040865081917995
0.0571166523028195,0.0483762010641993,0.0573894992196321,0.040865081917995
0.0571166523028195,0.0483762010641993,0.0573894992196321,0.040865081917995
0.0571166523028195,0.0483762010641993,0.0573894992196321,0.040865081917995
0.0571166523028195,0.0483762010641993,0.0608386713838511,0.040865081917995
0.0571166523028195,0.0483762010641993,0.0608386713838511,0.040865081917995
0.0571166523028195,0.0483762010641993,0.0608386713838511,0.040865081917995
0.0571166523028195,0.0483762010641993,0.0608386713838511,0.040865081917995
0.0571166523028195,0.0483762010641993,0.0608386713838511,0.040865081917995
0.0571166523028195,0.0483762010641993,0.0608386713838511,0.040865081917995
0.0571166523028195,0.0483762010641993,0.0608386713838511,0.040865081917995
0.0571166523028195,0.0483762010641993,0.0608386713838511,0.040865081917995
0.0571166523028195,0.0483762010641993,0.0608386713838511,0.040865081917995
0.0571166523028195,0.0483762010641993,0.0608386713838511,0.040865081917995
0.0571166523028195,0.0483762010641993,0.0608386713838511,0.040865081917995
0.0571166523028195,0.0483762010641993,0.0608386713838511,0.040865081917995
0.0571166523028195,0.0483762010641993,0.0608386713838511,0.0576970841711507
0.0571166523028195,0.0483762010641993,0.0608386713838511,0.0576970841711507
0.0571166523028195,0.0483762010641993,0.0608386713838511,0.0576970841711507
0.0571166523028195,0.0483762010641993,0.0608386713838511,0.0576970841711507
0.0571166523028195,0.0483762010641993,0.0608386713838511,0.0576970841711507
0.0571166523028195,0.0483762010641993,0.0608386713838511,0.0576970841711507
0.0571166523028195,0.0483762010641993,0.0608386713838511,0.0576970841711507
0.0571166523028195,0.0483762010641993,0.0608386713838511,0.0576970841711507
0.0571166523028195,0.0483762010641993,0.0608386713838511,0.0576970841711507
0.0571166523028195,0.0483762010641993,0.0608386713838511,0.0576970841711507
0.0571166523028195,0.0483762010641993,0.0608386713838511,0.0576970841711507
0.0571166523028195,0.0483762010641993,0.0608386713838511,0.0576970841711507
0.0571166523028195,0.0483762010641993,0.0608386713838511,0.0576970841711507
0.0571166523028195,0.0483762010641993,0.0608386713838511,0.0576970841711507
0.0571166523028195,0.0483762010641993,0.0608386713838511,0.0576970841711507
0.0571166523028195,0.0483762010641993,0.0608386713838511,0.0576970841711507
0.0571166523028195,0.0483762010641993,0.0608386713838511,0.0576970841711507
0.0571166523028195,0.0483762010641993,0.0608386713838511,0.0576970841711507
0.0571166523028195,0.0483762010641993,0.0532618844683366,0.0576970841711507
0.0571166523028195,0.0483762010641993,0.0532618844683366,0.0576970841711507
0.0571166523028195,0.0483762010641993,0.0532618844683366,0.0576970841711507
0.0571166523028195,0.0483762010641993,0.0532618844683366,0.0576970841711507
0.0571166523028195,0.0483762010641993,0.0532618844683366,0.0576970841711507
0.0571166523028195,0.0483762010641993,0.0532618844683366,0.0576970841711507
0.0571166523028195,0.0483762010641993,0.0532618844683366,0.0576970841711507
0.0571166523028195,0.0483762010641993,0.0532618844683366,0.0576970841711507
0.0571166523028195,0.0483762010641993,0.0532618844683366,0.0576970841711507
0.0571166523028195,0.0483762010641993,0.0532618844683366,0.0576970841711507
0.0571166523028195,0.0483762010641993,0.0532618844683366,0.0576970841711507
0.0571166523028195,0.0483762010641993,0.0532618844683366,0.0576970841711507
0.0571166523028195,0.0483762010641993,0.0532618844683366,0.0576970841711507
0.0571166523028195,0.0483762010641993,0.0532618844683366,0.0576970841711507
0.0571166523028195,0.0483762010641993,0.0532618844683366,0.0576970841711507
0.0571166523028195,0.0483762010641993,0.0532618844683366,0.0576970841711507
0.0571166523028195,0.0483762010641993,0.0532618844683366,0.0576970841711507
0.0571166523028195,0.0483762010641993,0.0532618844683366,0.0576970841711507
0.0571166523028195,0.0483762010641993,0.0532618844683366,0.0576970841711507
0.0571166523028195,0.0483762010641993,0.0532618844683366,0.0576970841711507
0.0571166523028195,0.0483762010641993,0.0532618844683366,0.0576970841711507
0.0571166523028195,0.0483762010641993,0.0532618844683366,0.0576970841711507
0.0571166523028195,0.0483762010641993,0.0532618844683366,0.0576970841711507
0.0571166523028195,0.0483762010641993,0.050672391346386,0.0576970841711507
0.0571166523028195,0.0483762010641993,0.050672391346386,0.0576970841711507
0.0571166523028195,0.0483762010641993,0.050672391346386,0.0576970841711507
0.0571166523028195,0.0483762010641993,0.050672391346386,0.0576970841711507
0.0571166523028195,0.0483762010641993,0.050672391346386,0.0576970841711507
0.0571166523028195,0.0483762010641993,0.050672391346386,0.0576970841711507
0.0571166523028195,0.0483762010641993,0.050672391346386,0.0576970841711507
0.0571166523028195,0.0483762010641993,0.050672391346386,0.0619379621749379
0.0571166523028195,0.0483762010641993,0.050672391346386,0.0619379621749379
0.0571166523028195,0.0483762010641993,0.050672391346386,0.0619379621749379
0.0571166523028195,0.0483762010641993,0.050672391346386,0.0619379621749379
0.0571166523028195,0.0483762010641993,0.050672391346386,0.0619379621749379
0.0571166523028195,0.0483762010641993,0.050672391346386,0.0619379621749379
0.0571166523028195,0.0483762010641993,0.050672391346386,0.0579333355360258
0.0571166523028195,0.0483762010641993,0.050672391346386,0.0579333355360258
0.0571166523028195,0.0483762010641993,0.0568645174373424,0.0579333355360258
0.0571166523028195,0.0483762010641993,0.0568645174373424,0.0579333355360258
0.0571166523028195,0.0483762010641993,0.0568645174373424,0.0579333355360258
0.0571166523028195,0.0483762010641993,0.0568645174373424,0.0579333355360258
0.0571166523028195,0.0500201672033053,0.0568645174373424,0.0579333355360258
0.0571166523028195,0.0500201672033053,0.0568645174373424,0.0579333355360258
0.0571166523028195,0.0500201672033053,0.0568645174373424,0.0579333355360258
0.0571166523028195,0.0500201672033053,0.0568645174373424,0.0579333355360258
0.0571166523028195,0.0500201672033053,0.0568645174373424,0.0579333355360258
0.0571166523028195,0.0500201672033053,0.0583675288403786,0.0579333355360258
0.0571166523028195,0.0500201672033053,0.0583675288403786,0.0474380699107388
0.0571166523028195,0.0500201672033053,0.0583675288403786,0.0474380699107388
0.0571166523028195,0.0500201672033053,0.0583675288403786,0.0474380699107388
0.0571166523028195,0.0500201672033053,0.0583675288403786,0.0474380699107388
0.0571166523028195,0.0500201672033053,0.0583675288403786,0.0474380699107388
0.0571166523028195,0.0500201672033053,0.0583675288403786,0.0474380699107388
0.0571166523028195,0.0500201672033053,0.0583675288403786,0.0474380699107388
0.0571166523028195,0.0500201672033053,0.0583675288403786,0.0474380699107388
0.0571166523028195,0.0500201672033053,0.0583675288403786,0.0474380699107388
0.0571166523028195,0.0500201672033053,0.0583675288403786,0.0474380699107388
0.0571166523028195,0.0500201672033053,0.0583675288403786,0.0474380699107388
0.0571166523028195,0.0500201672033053,0.0583675288403786,0.0474380699107388
0.0571166523028195,0.0500201672033053,0.0583675288403786,0.0474380699107388
0.0571166523028195,0.0500201672033053,0.0583675288403786,0.0474380699107388
0.0571166523028195,0.0500201672033053,0.0583675288403786,0.0474380699107388
0.0571166523028195,0.0500201672033053,0.0583675288403786,0.0474380699107388
0.0571166523028195,0.0500201672033053,0.0583675288403786,0.0474380699107388
0.0571166523028195,0.0500201672033053,0.0583675288403786,0.0474380699107388
0.0571166523028195,0.0500201672033053,0.0583675288403786,0.0474380699107388
0.0571166523028195,0.0500201672033053,0.0583675288403786,0.0474380699107388
0.0571166523028195,0.0500201672033053,0.0583675288403786,0.0474380699107388
0.0571166523028195,0.0500201672033053,0.0583675288403786,0.0474380699107388
0.0571166523028195,0.0500201672033053,0.0583675288403786,0.0474380699107388
0.0571166523028195,0.0500201672033053,0.0583675288403786,0.0474380699107388
0.0571166523028195,0.0500201672033053,0.0583675288403786,0.0474380699107388
0.0571166523028195,0.0500201672033053,0.0583675288403786,0.0474380699107388
0.0571166523028195,0.0500201672033053,0.0583675288403786,0.0474380699107388
0.0571166523028195,0.0500201672033053,0.0583675288403786,0.0474380699107388
0.0571166523028195,0.0500201672033053,0.0583675288403786,0.0474380699107388
0.0571166523028195,0.0500201672033053,0.0583675288403786,0.0474380699107388
0.0571166523028195,0.0500201672033053,0.0583675288403786,0.0474380699107388
0.0571166523028195,0.0500201672033053,0.0583675288403786,0.0474380699107388
0.0571166523028195,0.0500201672033053,0.0583675288403786,0.0474380699107388
0.0571166523028195,0.0500201672033053,0.0583675288403786,0.0474380699107388
0.0571166523028195,0.0500201672033053,0.0583675288403786,0.0474380699107388
0.0571166523028195,0.0500201672033053,0.0583675288403786,0.0474380699107388
0.0571166523028195,0.0500201672033053,0.0583675288403786,0.0474380699107388
0.0571166523028195,0.0500201672033053,0.0583675288403786,0.0474380699107388
0.0571166523028195,0.0500201672033053,0.0583675288403786,0.0474380699107388
0.0571166523028195,0.0500201672033053,0.0583675288403786,0.0474380699107388
0.0571166523028195,0.0500201672033053,0.0583675288403786,0.0474380699107388
0.0571166523028195,0.0500201672033053,0.0583675288403786,0.0474380699107388
0.0571166523028195,0.0500201672033053,0.0583675288403786,0.0474380699107388
0.0571166523028195,0.0500201672033053,0.0583675288403786,0.0474380699107388
0.0571166523028195,0.0500201672033053,0.0583675288403786,0.0474380699107388
0.0571166523028195,0.0500201672033053,0.0583675288403786,0.0474380699107388
0.0571166523028195,0.0500201672033053,0.0583675288403786,0.0474380699107388
0.0571166523028195,0.0500201672033053,0.0583675288403786,0.0474380699107388
0.0571166523028195,0.0500201672033053,0.0583675288403786,0.0474380699107388
0.0571166523028195,0.0500201672033053,0.0583675288403786,0.0474380699107388
0.0571166523028195,0.0500201672033053,0.0583675288403786,0.0474380699107388
0.0571166523028195,0.0500201672033053,0.0583675288403786,0.0474380699107388
0.0571166523028195,0.0514555045292115,0.0583675288403786,0.0474380699107388
0.0571166523028195,0.0514555045292115,0.0583675288403786,0.0474380699107388
0.0571166523028195,0.0514555045292115,0.0583675288403786,0.0474380699107388
0.0571166523028195,0.0514555045292115,0.0583675288403786,0.0474380699107388
0.0571166523028195,0.0514555045292115,0.0583675288403786,0.0474380699107388
0.0571166523028195,0.0514555045292115,0.0583675288403786,0.0459249677468023
0.0571166523028195,0.0514555045292115,0.0583675288403786,0.0459249677468023
0.0571166523028195,0.0514555045292115,0.0583675288403786,0.0459249677468023
0.0571166523028195,0.0514555045292115,0.0583675288403786,0.0459249677468023
0.0571166523028195,0.0517766963121431,0.0583675288403786,0.0459249677468023
0.0571166523028195,0.0517766963121431,0.0583675288403786,0.0459249677468023
0.0571166523028195,0.0517766963121431,0.0583675288403786,0.0459249677468023
0.0571166523028195,0.0517766963121431,0.0583675288403786,0.0459249677468023
0.0571166523028195,0.0508376730530193,0.0583675288403786,0.0459249677468023
0.0571166523028195,0.0508376730530193,0.0583675288403786,0.0459249677468023
0.0571166523028195,0.0508376730530193,0.0583675288403786,0.0459249677468023
0.0571166523028195,0.0508376730530193,0.0583675288403786,0.0459249677468023
0.0571166523028195,0.0508376730530193,0.0583675288403786,0.0459249677468023
0.0571166523028195,0.0508376730530193,0.0583675288403786,0.0459249677468023
0.0571166523028195,0.0508376730530193,0.0583675288403786,0.0482510424713455
0.0571166523028195,0.0508376730530193,0.0583675288403786,0.0482510424713455
0.0571166523028195,0.0508376730530193,0.0583675288403786,0.0482510424713455
0.0571166523028195,0.0508376730530193,0.0583675288403786,0.0482510424713455
0.0571166523028195,0.0508376730530193,0.0583675288403786,0.0482510424713455
0.0571166523028195,0.0508376730530193,0.0583675288403786,0.0482510424713455
0.0571166523028195,0.0508376730530193,0.0583675288403786,0.0482510424713455
0.0571166523028195,0.0508376730530193,0.0583675288403786,0.0482510424713455
0.0571166523028195,0.0508376730530193,0.0583675288403786,0.0482510424713455
0.0571166523028195,0.0508376730530193,0.0583675288403786,0.0482510424713455
0.0571166523028195,0.0560617215173942,0.0583675288403786,0.0482510424713455
0.0571166523028195,0.0560617215173942,0.0558018676817917,0.0482510424713455
0.0571166523028195,0.0560617215173942,0.0558018676817917,0.0482510424713455
0.0571166523028195,0.0560617215173942,0.0558018676817917,0.0482510424713455
0.0595068516750574,0.0560617215173942,0.0558018676817917,0.0482510424713455
0.0595068516750574,0.0560617215173942,0.0558018676817917,0.0482510424713455
0.0595068516750574,0.0560617215173942,0.0558018676817917,0.0482510424713455
0.0595068516750574,0.0550965935256564,0.0558018676817917,0.0482756919263601
0.0595068516750574,0.0550965935256564,0.0558018676817917,0.0482756919263601
0.0595068516750574,0.0550965935256564,0.0558018676817917,0.0482756919263601
0.0595068516750574,0.0550965935256564,0.0558018676817917,0.0482756919263601
0.0595068516750574,0.0550965935256564,0.0558018676817917,0.0482756919263601
0.0595068516750574,0.0550965935256564,0.0558018676817917,0.0482756919263601
0.0595068516750574,0.0550965935256564,0.0558018676817917,0.0482756919263601
0.0595068516750574,0.0550965935256564,0.0558018676817917,0.0482756919263601
0.0595068516750574,0.0550965935256564,0.0558018676817917,0.0482756919263601
0.0595068516750574,0.0550965935256564,0.0558018676817917,0.0482756919263601
0.0595068516750574,0.0550965935256564,0.0558018676817917,0.0482756919263601
0.0595068516750574,0.0550965935256564,0.0558018676817917,0.0482756919263601
0.0595068516750574,0.0550965935256564,0.0558018676817917,0.0482756919263601
0.0595068516750574,0.0550965935256564,0.0558018676817917,0.0482756919263601
0.0595068516750574,0.0550965935256564,0.0558018676817917,0.0482756919263601
0.0595068516750574,0.0550965935256564,0.0558018676817917,0.0482756919263601
0.0595068516750574,0.0550965935256564,0.0558018676817917,0.0482756919263601
0.0595068516750574,0.0550965935256564,0.0558018676817917,0.0482756919263601
0.0595068516750574,0.0550965935256564,0.0558018676817917,0.0482756919263601
0.0574142897990788,0.0550965935256564,0.0558018676817917,0.0482756919263601
0.0574142897990788,0.0550965935256564,0.0558018676817917,0.0482756919263601
0.0574142897990788,0.0550965935256564,0.0558018676817917,0.0482756919263601
0.0574142897990788,0.0550965935256564,0.0558018676817917,0.0482756919263601
0.0574142897990788,0.0550965935256564,0.0522609884514722,0.0482756919263601
0.0574142897990788,0.0550965935256564,0.0510385477090708,0.0482756919263601
0.0574142897990788,0.0550965935256564,0.0510385477090708,0.0482756919263601
0.0570385311765549,0.052529129676175,0.0510385477090708,0.0482756919263601
0.0570385311765549,0.052529129676175,0.0510385477090708,0.0482756919263601
0.0570385311765549,0.052529129676175,0.0510385477090708,0.0482756919263601
0.0570385311765549,0.0485289161724616,0.0510385477090708,0.0482756919263601
0.0570385311765549,0.0485289161724616,0.0510385477090708,0.0482756919263601
0.0570385311765549,0.0485289161724616,0.0510385477090708,0.0482756919263601
0.0570385311765549,0.0485289161724616,0.0510385477090708,0.0482756919263601
0.0570385311765549,0.0485289161724616,0.0568729371249675,0.0482756919263601
0.0570385311765549,0.0485289161724616,0.0568729371249675,0.0482756919263601
0.0570385311765549,0.0485289161724616,0.0568729371249675,0.0482756919263601
0.0570385311765549,0.0485289161724616,0.0568729371249675,0.0482756919263601
0.0570385311765549,0.0485289161724616,0.0568729371249675,0.0482756919263601
0.0570385311765549,0.0485289161724616,0.0568729371249675,0.0482756919263601
0.0570385311765549,0.0413872160136367,0.0568729371249675,0.0482756919263601
0.0570385311765549,0.0413872160136367,0.0568729371249675,0.0482756919263601
0.0570385311765549,0.0413872160136367,0.0568729371249675,0.0482756919263601
0.0570385311765549,0.0413872160136367,0.0568729371249675,0.0482756919263601
0.0570385311765549,0.0413872160136367,0.0568729371249675,0.0482756919263601
0.0570385311765549,0.0413872160136367,0.0568729371249675,0.0482756919263601
0.0570385311765549,0.0413872160136367,0.0568729371249675,0.0482756919263601
0.0570385311765549,0.0413872160136367,0.0568729371249675,0.0482756919263601
0.0570385311765549,0.0413872160136367,0.0568729371249675,0.0482756919263601
0.0570385311765549,0.0413872160136367,0.0568729371249675,0.0482756919263601
0.0570385311765549,0.0413872160136367,0.0568729371249675,0.0482756919263601
0.0570385311765549,0.0413872160136367,0.0568729371249675,0.0482756919263601
0.0570385311765549,0.0413872160136367,0.0568729371249675,0.0482756919263601
0.0570385311765549,0.0413872160136367,0.0568729371249675,0.0482756919263601
0.0570385311765549,0.0413872160136367,0.0568729371249675,0.0482756919263601
0.0570385311765549,0.0413872160136367,0.0568729371249675,0.0482756919263601
0.0570385311765549,0.0413872160136367,0.0568729371249675,0.0482756919263601
0.0570385311765549,0.0413872160136367,0.0568729371249675,0.0482756919263601
0.0570385311765549,0.0413872160136367,0.0556644351588194,0.0482756919263601
0.0570385311765549,0.0514683938926657,0.0556644351588194,0.0476442150084743
0.0570385311765549,0.0514683938926657,0.0556644351588194,0.0476442150084743
0.0570385311765549,0.0514683938926657,0.0556644351588194,0.0476442150084743
0.0570385311765549,0.0514683938926657,0.0556644351588194,0.0476442150084743
0.0570385311765549,0.0514683938926657,0.0556644351588194,0.0476442150084743
0.0570385311765549,0.0514683938926657,0.0556644351588194,0.0476442150084743
0.0570385311765549,0.0514683938926657,0.0556644351588194,0.0476442150084743
0.0570385311765549,0.0514683938926657,0.0556644351588194,0.0476442150084743
0.0570385311765549,0.0514683938926657,0.0556644351588194,0.0476442150084743
0.0570385311765549,0.0514683938926657,0.0556644351588194,0.0476442150084743
0.0570385311765549,0.0514683938926657,0.0556644351588194,0.0476442150084743
0.0570385311765549,0.0514683938926657,0.055608595779594,0.0476442150084743
0.0570385311765549,0.0514683938926657,0.055608595779594,0.0476442150084743
0.0570385311765549,0.0514683938926657,0.055608595779594,0.0476442150084743
0.0570385311765549,0.0514683938926657,0.055608595779594,0.0476442150084743
0.0570385311765549,0.0514683938926657,0.055608595779594,0.0476442150084743
0.0570385311765549,0.0514683938926657,0.055608595779594,0.0476442150084743
0.0570385311765549,0.0514683938926657,0.055608595779594,0.0476442150084743
0.0570385311765549,0.0514683938926657,0.055608595779594,0.0476442150084743
0.0553198870584348,0.0514683938926657,0.055608595779594,0.0476442150084743
0.0553198870584348,0.0514683938926657,0.055608595779594,0.0476442150084743
0.0553198870584348,0.0514683938926657,0.055608595779594,0.0476442150084743
0.0553198870584348,0.0514683938926657,0.055608595779594,0.0476442150084743
0.0553198870584348,0.0514683938926657,0.055608595779594,0.0476442150084743
0.0553198870584348,0.0514683938926657,0.055608595779594,0.0476442150084743
0.0553198870584348,0.0514683938926657,0.055608595779594,0.0476442150084743
0.0553198870584348,0.0514683938926657,0.055608595779594,0.0476442150084743
0.0553198870584348,0.0514683938926657,0.055608595779594,0.0476442150084743
0.0528400737969882,0.0514683938926657,0.055608595779594,0.0476442150084743
0.0528400737969882,0.0514683938926657,0.055608595779594,0.0476442150084743
0.0528400737969882,0.0604108800857282,0.055608595779594,0.0476442150084743
0.0532015539703138,0.0604108800857282,0.0534402353405523,0.0490666068464366
0.0532015539703138,0.0604108800857282,0.046541058125583,0.0504893257760359
0.0532015539703138,0.0604108800857282,0.046541058125583,0.0504893257760359
0.0532015539703138,0.0604108800857282,0.046541058125583,0.0504893257760359
0.0532015539703138,0.0604108800857282,0.046541058125583,0.0504893257760359
0.0532015539703138,0.0559733853416759,0.046541058125583,0.0504893257760359
0.0532015539703138,0.0559733853416759,0.046541058125583,0.0504893257760359
0.0532015539703138,0.0559733853416759,0.046541058125583,0.0504893257760359
0.0532015539703138,0.0559733853416759,0.046541058125583,0.0516083866598635
0.0532015539703138,0.0559733853416759,0.046541058125583,0.0516083866598635
0.0532015539703138,0.0559733853416759,0.046541058125583,0.0516083866598635
0.0532015539703138,0.0559733853416759,0.046541058125583,0.0516083866598635
0.0532015539703138,0.0559733853416759,0.046541058125583,0.0516083866598635
0.0532015539703138,0.0559733853416759,0.046541058125583,0.0516083866598635
0.0532015539703138,0.0559733853416759,0.046541058125583,0.0516083866598635
0.0532015539703138,0.0559733853416759,0.046541058125583,0.0516083866598635
0.0532015539703138,0.0559733853416759,0.046541058125583,0.0516083866598635
0.0532015539703138,0.0559733853416759,0.046541058125583,0.0516083866598635
0.0532015539703138,0.0555666523555014,0.046541058125583,0.0516083866598635
0.0532015539703138,0.0555666523555014,0.046541058125583,0.0516083866598635
0.0532015539703138,0.0555666523555014,0.046541058125583,0.0516083866598635
0.0532015539703138,0.0555666523555014,0.046541058125583,0.0516083866598635
0.0532015539703138,0.0555666523555014,0.046541058125583,0.0516083866598635
0.0532015539703138,0.0555666523555014,0.046541058125583,0.0516083866598635
0.0532015539703138,0.0555666523555014,0.046541058125583,0.0516083866598635
0.0532015539703138,0.0555666523555014,0.046541058125583,0.0516083866598635
0.0532015539703138,0.0555666523555014,0.046541058125583,0.0516083866598635
0.0532015539703138,0.0496762239012545,0.046541058125583,0.0516083866598635
0.0532015539703138,0.0496762239012545,0.046541058125583,0.0516083866598635
0.0532015539703138,0.0496762239012545,0.046541058125583,0.0516083866598635
0.0532015539703138,0.0496762239012545,0.046541058125583,0.0516083866598635
0.0532015539703138,0.0496762239012545,0.046541058125583,0.0516083866598635
0.0532015539703138,0.0496762239012545,0.046541058125583,0.0516083866598635
0.0532015539703138,0.0496762239012545,0.046541058125583,0.0516083866598635
0.0532015539703138,0.0496762239012545,0.046541058125583,0.0516083866598635
0.0532015539703138,0.0496762239012545,0.046541058125583,0.0516083866598635
0.0532015539703138,0.0496762239012545,0.046541058125583,0.0516083866598635
0.0532015539703138,0.0496762239012545,0.046541058125583,0.0516083866598635
0.0532015539703138,0.0496762239012545,0.046541058125583,0.0516083866598635
0.0532015539703138,0.0496762239012545,0.046541058125583,0.0516083866598635
0.0532015539703138,0.0496762239012545,0.046541058125583,0.0516083866598635
0.0532015539703138,0.0496762239012545,0.046541058125583,0.0516083866598635
0.0532015539703138,0.0496762239012545,0.046541058125583,0.0516083866598635
0.0532015539703138,0.0496762239012545,0.046541058125583,0.0516083866598635
0.0532015539703138,0.0496762239012545,0.046541058125583,0.0516083866598635
0.0532015539703138,0.0496762239012545,0.046541058125583,0.0516083866598635
0.0532015539703138,0.0496762239012545,0.0469838882473597,0.0516083866598635
0.0532015539703138,0.0496762239012545,0.0469838882473597,0.0516083866598635
0.0532015539703138,0.0496762239012545,0.0469838882473597,0.0516083866598635
0.0532015539703138,0.0496762239012545,0.0469838882473597,0.0516083866598635
0.0532015539703138,0.0496762239012545,0.0469838882473597,0.0516083866598635
0.0532015539703138,0.0496762239012545,0.0469838882473597,0.0516083866598635
0.0532015539703138,0.0496762239012545,0.0469838882473597,0.0516083866598635
0.0532015539703138,0.0572763244026407,0.0469838882473597,0.0516083866598635
0.0532015539703138,0.0572763244026407,0.0469838882473597,0.0516083866598635
0.0532015539703138,0.0572763244026407,0.0449187448962884,0.0516083866598635
0.0532015539703138,0.0572763244026407,0.0449187448962884,0.0516083866598635
0.0532015539703138,0.0572763244026407,0.0449187448962884,0.0516083866598635
0.0532015539703138,0.0572763244026407,0.0449187448962884,0.0516083866598635
0.0532015539703138,0.0572763244026407,0.0449187448962884,0.0516083866598635
0.0532015539703138,0.0572763244026407,0.0449187448962884,0.0516083866598635
0.0532015539703138,0.0572763244026407,0.0449187448962884,0.0516083866598635
0.0532015539703138,0.0572763244026407,0.0501949268438846,0.0516083866598635
0.0532015539703138,0.0572763244026407,0.0501949268438846,0.0516083866598635
0.0532015539703138,0.0572763244026407,0.0501949268438846,0.0516083866598635
0.0532015539703138,0.0572763244026407,0.0501949268438846,0.0516083866598635
0.0532015539703138,0.0572763244026407,0.0501949268438846,0.0498167662621659
0.0532015539703138,0.0572763244026407,0.0501949268438846,0.0498167662621659
0.0532015539703138,0.0572763244026407,0.0501949268438846,0.0498167662621659
0.0532015539703138,0.0572763244026407,0.0501949268438846,0.0498167662621659
0.0532015539703138,0.0572539889347869,0.0501949268438846,0.0498167662621659
0.0532015539703138,0.0572539889347869,0.0501949268438846,0.0498167662621659
0.0532015539703138,0.0572539889347869,0.0501949268438846,0.0498167662621659
0.0532015539703138,0.0572539889347869,0.0501949268438846,0.0498167662621659
0.0532015539703138,0.0572539889347869,0.0501949268438846,0.0498167662621659
0.0532015539703138,0.0572539889347869,0.0501949268438846,0.0498167662621659
0.0532015539703138,0.0572539889347869,0.0501949268438846,0.0498167662621659
0.0532015539703138,0.0572539889347869,0.0501949268438846,0.0498167662621659
0.0532015539703138,0.0572539889347869,0.0501949268438846,0.0498167662621659
0.0532015539703138,0.0572539889347869,0.0501949268438846,0.0498167662621659
0.0532015539703138,0.0572539889347869,0.0501949268438846,0.0498167662621659
0.0532015539703138,0.0572539889347869,0.0501949268438846,0.0498167662621659
0.0532015539703138,0.0572539889347869,0.0501949268438846,0.0498167662621659
0.0532015539703138,0.0572539889347869,0.0501949268438846,0.0498167662621659
0.0532015539703138,0.0572539889347869,0.0501949268438846,0.0498167662621659
0.0532015539703138,0.0572539889347869,0.0501949268438846,0.0498167662621659
0.0532015539703138,0.0572539889347869,0.0501949268438846,0.0498167662621659
0.0532015539703138,0.0572539889347869,0.0501949268438846,0.0498167662621659
0.0532015539703138,0.0572539889347869,0.0501949268438846,0.0498167662621659
0.0532015539703138,0.0572539889347869,0.0501949268438846,0.0498167662621659
0.0532015539703138,0.0572539889347869,0.0501949268438846,0.0498167662621659
0.0532015539703138,0.0572539889347869,0.0584343132592133,0.0498167662621659
0.0532015539703138,0.0572539889347869,0.0517865226924871,0.0498167662621659
0.0532015539703138,0.0572539889347869,0.0517865226924871,0.0632118008640012
0.0532015539703138,0.0572539889347869,0.0517865226924871,0.0632118008640012
0.0532015539703138,0.0572539889347869,0.0517865226924871,0.0632118008640012
0.0532015539703138,0.0572539889347869,0.0517865226924871,0.0632118008640012
0.0532015539703138,0.0572539889347869,0.0517865226924871,0.0632118008640012
0.0532015539703138,0.0572539889347869,0.0517865226924871,0.0632118008640012
0.0532015539703138,0.0572539889347869,0.0517865226924871,0.0632118008640012
0.0532015539703138,0.0572539889347869,0.0517865226924871,0.0632118008640012
0.0532015539703138,0.0572539889347869,0.0517865226924871,0.0632118008640012
0.0532015539703138,0.0572539889347869,0.0517865226924871,0.0632118008640012
0.0532015539703138,0.0572539889347869,0.0517865226924871,0.0632118008640012
0.0532015539703138,0.0572539889347869,0.0517865226924871,0.0632118008640012
0.0532015539703138,0.0572539889347869,0.0517865226924871,0.0599051333911109
0.0532015539703138,0.0572539889347869,0.0517865226924871,0.0599051333911109
0.0532015539703138,0.0572539889347869,0.0517865226924871,0.0599051333911109
0.0532015539703138,0.0572539889347869,0.0517865226924871,0.0599051333911109
0.0582747548209959,0.0572539889347869,0.0517865226924871,0.0599051333911109
0.0582747548209959,0.0572539889347869,0.0517865226924871,0.0599051333911109
0.0582747548209959,0.0572539889347869,0.0517865226924871,0.0599051333911109
0.0582747548209959,0.0572539889347869,0.0517865226924871,0.0599051333911109
0.0582747548209959,0.0516239876174358,0.0517865226924871,0.0599051333911109
0.0582747548209959,0.0516239876174358,0.0517865226924871,0.0599051333911109
0.0582747548209959,0.0516239876174358,0.0517865226924871,0.0599051333911109
0.0582747548209959,0.0516239876174358,0.0517865226924871,0.0599051333911109
0.0582747548209959,0.0516239876174358,0.0517865226924871,0.0599051333911109
0.0582747548209959,0.0516239876174358,0.0517865226924871,0.0599051333911109
0.0582747548209959,0.0516239876174358,0.0517865226924871,0.0599051333911109
0.0582747548209959,0.0516239876174358,0.0517865226924871,0.0599051333911109
0.0582747548209959,0.0516239876174358,0.0517865226924871,0.0599051333911109
0.0582747548209959,0.0516239876174358,0.0517865226924871,0.0599051333911109
0.0582747548209959,0.0516239876174358,0.0517865226924871,0.0599051333911109
0.0582747548209959,0.0516239876174358,0.055184856263525,0.0599051333911109
0.0582747548209959,0.0516239876174358,0.055184856263525,0.0599051333911109
0.0582747548209959,0.0516239876174358,0.055184856263525,0.0599051333911109
0.0582747548209959,0.0516239876174358,0.055184856263525,0.0599051333911109
0.0582747548209959,0.0516239876174358,0.055184856263525,0.0599051333911109
0.0582747548209959,0.0516239876174358,0.055184856263525,0.055933497004076
0.0582747548209959,0.0516239876174358,0.055184856263525,0.055933497004076
0.0582747548209959,0.0516239876174358,0.055184856263525,0.055933497004076
0.0582747548209959,0.0516239876174358,0.055184856263525,0.055933497004076
0.0582747548209959,0.0516239876174358,0.055184856263525,0.055933497004076
0.0582747548209959,0.0516239876174358,0.055184856263525,0.055933497004076
0.0582747548209959,0.0516239876174358,0.055184856263525,0.055933497004076
0.0582747548209959,0.0516239876174358,0.055184856263525,0.055933497004076
0.0582747548209959,0.0516239876174358,0.055184856263525,0.055933497004076
0.0582747548209959,0.0516239876174358,0.055184856263525,0.055933497004076
0.0582747548209959,0.0516239876174358,0.055184856263525,0.055933497004076
0.0582747548209959,0.0516239876174358,0.055184856263525,0.055933497004076
0.0582747548209959,0.0516239876174358,0.055184856263525,0.055933497004076
0.0582747548209959,0.0516239876174358,0.055184856263525,0.055933497004076
0.0582747548209959,0.0516239876174358,0.055184856263525,0.055933497004076
0.0582747548209959,0.0516239876174358,0.055184856263525,0.055933497004076
0.0582747548209959,0.0516239876174358,0.055184856263525,0.055933497004076
0.0582747548209959,0.0516239876174358,0.055184856263525,0.055933497004076
0.0582747548209959,0.0516239876174358,0.055184856263525,0.055933497004076
0.0582747548209959,0.0516239876174358,0.055184856263525,0.055933497004076
0.0582747548209959,0.0516239876174358,0.055184856263525,0.055933497004076
0.0582747548209959,0.0516239876174358,0.055184856263525,0.055933497004076
0.0582747548209959,0.0516239876174358,0.055184856263525,0.055933497004076
0.0582747548209959,0.0516239876174358,0.055184856263525,0.055933497004076
0.0582747548209959,0.0516239876174358,0.055184856263525,0.0525554755872498
0.0582747548209959,0.0516239876174358,0.055184856263525,0.0525554755872498
0.0582747548209959,0.0516239876174358,0.055184856263525,0.0525554755872498
0.0582747548209959,0.0516239876174358,0.055184856263525,0.0525554755872498
0.0582747548209959,0.0516239876174358,0.055184856263525,0.0525554755872498
0.0582747548209959,0.0516239876174358,0.055184856263525,0.0525554755872498
0.0582747548209959,0.0516239876174358,0.055184856263525,0.0525554755872498
0.0582747548209959,0.0516239876174358,0.055184856263525,0.0525554755872498
0.0582747548209959,0.0516239876174358,0.055184856263525,0.0525554755872498
0.0582747548209959,0.0516239876174358,0.055184856263525,0.0525554755872498
0.0582747548209959,0.0516239876174358,0.055184856263525,0.0525554755872498
0.0582747548209959,0.0516239876174358,0.055184856263525,0.0525554755872498
0.0582747548209959,0.0516239876174358,0.055184856263525,0.0525554755872498
0.0582747548209959,0.0516239876174358,0.055184856263525,0.0525554755872498
0.0582747548209959,0.0516239876174358,0.055184856263525,0.0525554755872498
0.0582747548209959,0.0542666439028632,0.055184856263525,0.0525554755872498
0.0582747548209959,0.0542666439028632,0.0556737467701676,0.0525554755872498
0.0582747548209959,0.0542666439028632,0.0556737467701676,0.0525554755872498
0.0582747548209959,0.0542666439028632,0.0556737467701676,0.0525554755872498
0.0582747548209959,0.0542666439028632,0.0556737467701676,0.0525554755872498
0.0582747548209959,0.0542666439028632,0.0479089955013462,0.0525554755872498
0.0582747548209959,0.0542666439028632,0.0479089955013462,0.0525554755872498
0.0582747548209959,0.0542666439028632,0.0479089955013462,0.0525554755872498
0.0582747548209959,0.0542666439028632,0.0479089955013462,0.0525554755872498
0.0582747548209959,0.0542666439028632,0.0479089955013462,0.0525554755872498
0.0582747548209959,0.0542666439028632,0.0479089955013462,0.0525554755872498
0.0582747548209959,0.0542666439028632,0.0479089955013462,0.0525554755872498
0.0582747548209959,0.0542666439028632,0.0479089955013462,0.0525554755872498
0.0582747548209959,0.0542666439028632,0.0500259306040619,0.0525554755872498
0.0582747548209959,0.0542666439028632,0.0500259306040619,0.0525554755872498
0.0582747548209959,0.0542666439028632,0.0500259306040619,0.0525554755872498
0.0582747548209959,0.0542666439028632,0.0500259306040619,0.0525554755872498
0.0582747548209959,0.0542666439028632,0.0500259306040619,0.0525554755872498
0.0582747548209959,0.0542666439028632,0.0500259306040619,0.0525554755872498
0.0582747548209959,0.0542666439028632,0.0500259306040619,0.0525554755872498
0.0582747548209959,0.0542666439028632,0.0500259306040619,0.0525554755872498
0.0582747548209959,0.0542666439028632,0.0500259306040619,0.0525554755872498
0.0582747548209959,0.0542666439028632,0.0500259306040619,0.0525554755872498
0.0582747548209959,0.0566321836436206,0.0500259306040619,0.0525554755872498
0.0582747548209959,0.0566321836436206,0.0500259306040619,0.0525554755872498
0.0582747548209959,0.0566321836436206,0.0500259306040619,0.0525554755872498
0.0582747548209959,0.0566321836436206,0.0500259306040619,0.0521984226976513
0.0582747548209959,0.0566321836436206,0.0500259306040619,0.0521984226976513
0.0582747548209959,0.0566321836436206,0.0500259306040619,0.0521984226976513
0.0582747548209959,0.0566321836436206,0.0500259306040619,0.0521984226976513
0.0582747548209959,0.0566321836436206,0.0500259306040619,0.0521984226976513
0.0582747548209959,0.0566321836436206,0.0500259306040619,0.0521984226976513
0.0582747548209959,0.0566321836436206,0.0500259306040619,0.0521984226976513
0.0582747548209959,0.0566321836436206,0.0500259306040619,0.0521984226976513
0.057679243247468,0.0566321836436206,0.0500259306040619,0.0521984226976513
0.057679243247468,0.0566321836436206,0.0500259306040619,0.0521984226976513
0.057679243247468,0.0528652068508172,0.0500259306040619,0.0521984226976513
0.057679243247468,0.0528652068508172,0.0500259306040619,0.0521984226976513
0.057679243247468,0.0528652068508172,0.0559098751351532,0.0521984226976513
0.057679243247468,0.0528652068508172,0.0559098751351532,0.0521984226976513
0.057679243247468,0.0528652068508172,0.0559098751351532,0.0521984226976513
0.057679243247468,0.0528652068508172,0.0559098751351532,0.0521984226976513
0.057679243247468,0.0528652068508172,0.0559098751351532,0.0521984226976513
0.057679243247468,0.0528652068508172,0.0559098751351532,0.0521984226976513
0.0547470508510089,0.0528652068508172,0.0559098751351532,0.0521984226976513
0.0547470508510089,0.0528652068508172,0.0559098751351532,0.0521984226976513
0.0577618325703715,0.0528652068508172,0.0559098751351532,0.0521984226976513
0.0577618325703715,0.0528652068508172,0.0559098751351532,0.0521984226976513
0.0577618325703715,0.0528652068508172,0.0559098751351532,0.0521984226976513
0.0577618325703715,0.0528652068508172,0.0559098751351532,0.0521984226976513
0.0577618325703715,0.0528652068508172,0.0559098751351532,0.0521984226976513
0.0577618325703715,0.0528652068508172,0.0559424141618033,0.0558310802438161
0.0577618325703715,0.0528652068508172,0.0559424141618033,0.0558310802438161
0.0577618325703715,0.0528652068508172,0.0559424141618033,0.0558310802438161
0.0577618325703715,0.0528652068508172,0.0559424141618033,0.0558310802438161
0.0577618325703715,0.0528652068508172,0.0559424141618033,0.0558310802438161
0.0577618325703715,0.0528652068508172,0.0559424141618033,0.0558310802438161
0.0577618325703715,0.0528652068508172,0.0559424141618033,0.0558310802438161
0.0577618325703715,0.0528652068508172,0.0559424141618033,0.0558310802438161
0.0577618325703715,0.0528652068508172,0.0559424141618033,0.0558310802438161
0.0577618325703715,0.0528652068508172,0.0559424141618033,0.0558310802438161
0.0577618325703715,0.0528652068508172,0.0559424141618033,0.0558310802438161
0.0577618325703715,0.0528652068508172,0.0559424141618033,0.0558310802438161
0.0577618325703715,0.0528652068508172,0.0559424141618033,0.0558310802438161
0.0577618325703715,0.0528652068508172,0.0559424141618033,0.0558310802438161
0.0577618325703715,0.0528652068508172,0.0559424141618033,0.0558310802438161
0.0577618325703715,0.0528652068508172,0.0559424141618033,0.0558310802438161
0.0577618325703715,0.0528652068508172,0.0559424141618033,0.0558310802438161
0.0577618325703715,0.0528652068508172,0.0559424141618033,0.0558310802438161
0.0577618325703715,0.0528652068508172,0.0559424141618033,0.0558310802438161
0.0577618325703715,0.0528652068508172,0.0559424141618033,0.0558310802438161
0.0577618325703715,0.0528652068508172,0.0559424141618033,0.0558310802438161
0.0577618325703715,0.0528652068508172,0.0559424141618033,0.0558310802438161
0.0577618325703715,0.0528652068508172,0.0559424141618033,0.0558310802438161
0.0577618325703715,0.0528652068508172,0.0559424141618033,0.0558310802438161
0.0577618325703715,0.051027293605917,0.0559424141618033,0.054314443575762
0.0577618325703715,0.051027293605917,0.0559424141618033,0.054314443575762
0.0577618325703715,0.051027293605917,0.0559424141618033,0.054314443575762
0.0577618325703715,0.051027293605917,0.0559424141618033,0.054314443575762
0.0577618325703715,0.051027293605917,0.0559424141618033,0.054314443575762
0.0577618325703715,0.051027293605917,0.0559424141618033,0.054314443575762
0.0577618325703715,0.051027293605917,0.0559424141618033,0.054314443575762
0.0577618325703715,0.051027293605917,0.0559424141618033,0.054314443575762
0.0577618325703715,0.051027293605917,0.0559424141618033,0.054314443575762
0.0577618325703715,0.051027293605917,0.0559424141618033,0.054314443575762
0.0577618325703715,0.051027293605917,0.0523701140224494,0.054314443575762
0.0577618325703715,0.051027293605917,0.0523701140224494,0.054314443575762
0.0577618325703715,0.051027293605917,0.0523701140224494,0.054314443575762
0.0577618325703715,0.0543522204287045,0.0523701140224494,0.054314443575762
0.0577618325703715,0.0543522204287045,0.0523701140224494,0.054314443575762
0.0577618325703715,0.0543522204287045,0.0523701140224494,0.054314443575762
0.0577618325703715,0.0543522204287045,0.0523701140224494,0.054314443575762
0.0577618325703715,0.0543522204287045,0.0523701140224494,0.054314443575762
0.0577618325703715,0.0543522204287045,0.0523701140224494,0.054314443575762
0.0577618325703715,0.0543522204287045,0.0523701140224494,0.054314443575762
0.0577618325703715,0.0543522204287045,0.0523701140224494,0.054314443575762
0.0577618325703715,0.0543522204287045,0.0523701140224494,0.054314443575762
0.0577618325703715,0.0543522204287045,0.0523701140224494,0.054314443575762
0.0577618325703715,0.0543522204287045,0.0523701140224494,0.054314443575762
0.0577618325703715,0.0543522204287045,0.0523701140224494,0.054314443575762
0.0577618325703715,0.0543522204287045,0.0523701140224494,0.054314443575762
0.0577618325703715,0.0543522204287045,0.0523701140224494,0.054314443575762
0.0577618325703715,0.0543522204287045,0.0523701140224494,0.054314443575762
0.0577618325703715,0.0543522204287045,0.0523701140224494,0.054314443575762
0.0577618325703715,0.0543522204287045,0.0523701140224494,0.054314443575762
0.0577618325703715,0.0543792588858348,0.0523701140224494,0.054314443575762
0.0577618325703715,0.0565813305890731,0.0523701140224494,0.054314443575762
0.0577618325703715,0.0565813305890731,0.0523701140224494,0.054314443575762
0.0577618325703715,0.0565813305890731,0.0523701140224494,0.054314443575762
0.0577618325703715,0.0626420549743531,0.0523701140224494,0.054314443575762
0.0577618325703715,0.0626420549743531,0.0523701140224494,0.054314443575762
0.0577618325703715,0.0626420549743531,0.0523701140224494,0.054314443575762
0.0577618325703715,0.0626420549743531,0.0523701140224494,0.054314443575762
0.0577618325703715,0.0626420549743531,0.0523701140224494,0.054314443575762
0.0577618325703715,0.0626420549743531,0.0523701140224494,0.054314443575762
0.0577618325703715,0.0626420549743531,0.0523701140224494,0.054314443575762
0.0577618325703715,0.0626420549743531,0.0523701140224494,0.054314443575762
0.0577618325703715,0.0626420549743531,0.0523701140224494,0.054314443575762
0.0577618325703715,0.0626420549743531,0.0523701140224494,0.054314443575762
0.0577618325703715,0.0626420549743531,0.0523701140224494,0.054314443575762
0.0577618325703715,0.0611410743372307,0.0523701140224494,0.054314443575762
0.0577618325703715,0.0611410743372307,0.0523701140224494,0.054314443575762
0.0577618325703715,0.0611410743372307,0.0523701140224494,0.054314443575762
0.0577618325703715,0.0611410743372307,0.0523701140224494,0.054314443575762
0.0577618325703715,0.0611410743372307,0.0523701140224494,0.054314443575762
0.0577618325703715,0.0611410743372307,0.0523701140224494,0.054314443575762
0.0577618325703715,0.0611410743372307,0.0523701140224494,0.054314443575762
0.0577618325703715,0.0611410743372307,0.0523701140224494,0.054314443575762
0.0577618325703715,0.0611410743372307,0.0523701140224494,0.054314443575762
0.0529068303786498,0.0611410743372307,0.0523701140224494,0.054314443575762
0.0529068303786498,0.0611410743372307,0.0523701140224494,0.054314443575762
0.0529068303786498,0.0611410743372307,0.0523701140224494,0.054314443575762
0.0529068303786498,0.0611410743372307,0.0523701140224494,0.054314443575762
0.0529068303786498,0.0611410743372307,0.0523701140224494,0.054314443575762
0.0529068303786498,0.0611410743372307,0.0523701140224494,0.054314443575762
0.0529068303786498,0.0611410743372307,0.0523701140224494,0.054314443575762
0.0529068303786498,0.0611410743372307,0.0523701140224494,0.054314443575762
0.0529068303786498,0.0611410743372307,0.0523701140224494,0.054314443575762
0.0529068303786498,0.0611410743372307,0.0523701140224494,0.054314443575762
0.0529068303786498,0.0611410743372307,0.0523701140224494,0.054314443575762
0.0529068303786498,0.0611410743372307,0.0523701140224494,0.054314443575762
0.0529068303786498,0.0611410743372307,0.0523701140224494,0.054314443575762
0.0529068303786498,0.0611410743372307,0.0523701140224494,0.054314443575762
0.0529068303786498,0.0611410743372307,0.0523701140224494,0.054314443575762
0.0530115753336617,0.0611410743372307,0.0523701140224494,0.054314443575762
0.0530115753336617,0.0611410743372307,0.0495816497326285,0.054314443575762
0.0530115753336617,0.0611410743372307,0.0495816497326285,0.054314443575762
0.0530115753336617,0.0611410743372307,0.0495816497326285,0.054314443575762
0.0530115753336617,0.0611410743372307,0.0495816497326285,0.054314443575762
0.0530115753336617,0.0611410743372307,0.0495816497326285,0.054314443575762
0.0530115753336617,0.0611410743372307,0.0495816497326285,0.054314443575762
0.0530115753336617,0.0611410743372307,0.0494138631565645,0.054314443575762
0.0530115753336617,0.0611410743372307,0.0494138631565645,0.054314443575762
0.0530115753336617,0.0611410743372307,0.0494138631565645,0.054314443575762
0.0530115753336617,0.0611410743372307,0.0494138631565645,0.054314443575762
0.0530115753336617,0.0611410743372307,0.0494138631565645,0.054314443575762
0.0530115753336617,0.0611410743372307,0.0494138631565645,0.054314443575762
0.0530115753336617,0.0611410743372307,0.0494138631565645,0.054314443575762
0.0530115753336617,0.0611410743372307,0.0494138631565645,0.054314443575762
0.0530115753336617,0.0611410743372307,0.0558933427531275,0.054314443575762
0.0530115753336617,0.0611410743372307,0.0558933427531275,0.054314443575762
0.0530115753336617,0.0611410743372307,0.0558933427531275,0.054314443575762
0.0530115753336617,0.0611410743372307,0.0558933427531275,0.054314443575762
0.0530115753336617,0.0611410743372307,0.0558933427531275,0.054314443575762
0.0530115753336617,0.0611410743372307,0.0558933427531275,0.054314443575762
0.0530115753336617,0.0611410743372307,0.0558933427531275,0.054314443575762
0.0530115753336617,0.0611410743372307,0.0558933427531275,0.054314443575762
0.0530115753336617,0.0611410743372307,0.0558933427531275,0.054314443575762
0.0530115753336617,0.0611410743372307,0.0558933427531275,0.054314443575762
0.0530115753336617,0.0611410743372307,0.0558933427531275,0.054314443575762
0.0530115753336617,0.0611410743372307,0.0558933427531275,0.054314443575762
0.0530115753336617,0.0611410743372307,0.0558933427531275,0.054314443575762
0.0530115753336617,0.0611410743372307,0.0558933427531275,0.054314443575762
0.0530115753336617,0.0611410743372307,0.0558933427531275,0.054314443575762
0.0530115753336617,0.0611410743372307,0.0558933427531275,0.054314443575762
0.0530115753336617,0.0611410743372307,0.0558933427531275,0.054314443575762
0.0530115753336617,0.0611410743372307,0.0558933427531275,0.054314443575762
0.0554614380756657,0.0555046593334774,0.0558933427531275,0.054314443575762
0.0554614380756657,0.0555046593334774,0.0558933427531275,0.054314443575762
0.0554614380756657,0.0555046593334774,0.0558933427531275,0.054314443575762
0.0554614380756657,0.0555046593334774,0.0476019198419009,0.054314443575762
0.0554614380756657,0.0555046593334774,0.0476019198419009,0.054314443575762
0.0554614380756657,0.0555046593334774,0.0476019198419009,0.054314443575762
0.0554614380756657,0.0461209392821995,0.0476019198419009,0.054314443575762
0.0554614380756657,0.0461209392821995,0.0476019198419009,0.054314443575762
0.0554614380756657,0.0461209392821995,0.0476019198419009,0.054314443575762
0.0554614380756657,0.0461209392821995,0.0476019198419009,0.054314443575762
0.0554614380756657,0.0461209392821995,0.0476019198419009,0.054314443575762
0.0554614380756657,0.0461209392821995,0.0476019198419009,0.054314443575762
0.0554614380756657,0.0461209392821995,0.0476019198419009,0.054314443575762
0.0554614380756657,0.0461209392821995,0.0476019198419009,0.054314443575762
0.0554614380756657,0.0461209392821995,0.0476019198419009,0.054314443575762
0.0554614380756657,0.0461209392821995,0.0476019198419009,0.054314443575762
0.0554614380756657,0.0461209392821995,0.0476019198419009,0.054314443575762
0.0554614380756657,0.0461209392821995,0.0476019198419009,0.054314443575762
0.0554614380756657,0.0461209392821995,0.0550295701772964,0.054314443575762
0.0554614380756657,0.0461209392821995,0.0550295701772964,0.054314443575762
0.0554614380756657,0.0461209392821995,0.0550295701772964,0.054314443575762
0.0554614380756657,0.0461209392821995,0.0550295701772964,0.054314443575762
0.0554614380756657,0.0461209392821995,0.0550295701772964,0.054314443575762
0.0554614380756657,0.0461209392821995,0.0550295701772964,0.054314443575762
0.0554614380756657,0.0461209392821995,0.0550295701772964,0.054314443575762
0.0554614380756657,0.0461209392821995,0.0550295701772964,0.054314443575762
0.0554614380756657,0.0461209392821995,0.0550295701772964,0.054314443575762
0.0554614380756657,0.0461209392821995,0.0550295701772964,0.054314443575762
0.0554614380756657,0.0447747660797527,0.0550295701772964,0.054314443575762
0.0554614380756657,0.0447747660797527,0.0550295701772964,0.054314443575762
0.0554614380756657,0.0447747660797527,0.0550295701772964,0.054314443575762
0.0554614380756657,0.0487120681817746,0.0550295701772964,0.054314443575762
0.0554614380756657,0.0487120681817746,0.0550295701772964,0.054314443575762
0.0554614380756657,0.0487120681817746,0.0550295701772964,0.054314443575762
0.052090746494708,0.0487120681817746,0.0550295701772964,0.054314443575762
0.052090746494708,0.0487120681817746,0.0550295701772964,0.054314443575762
0.052090746494708,0.0487120681817746,0.0550295701772964,0.054314443575762
0.052090746494708,0.0487120681817746,0.0550295701772964,0.054314443575762
0.0531962430265904,0.0487120681817746,0.0550295701772964,0.054314443575762
0.0531962430265904,0.0445881206363581,0.0550295701772964,0.054314443575762
0.0531962430265904,0.0445881206363581,0.0550295701772964,0.054314443575762
0.0531962430265904,0.0445881206363581,0.0550295701772964,0.054314443575762
0.0531962430265904,0.0445881206363581,0.0550295701772964,0.054314443575762
0.0531962430265904,0.0445881206363581,0.0550295701772964,0.054314443575762
0.0531962430265904,0.0445881206363581,0.0550295701772964,0.054314443575762
0.0531962430265904,0.0445881206363581,0.0550295701772964,0.054314443575762
0.0531962430265904,0.0445881206363581,0.0555948591592516,0.054314443575762
0.0531962430265904,0.0445881206363581,0.0555948591592516,0.054314443575762
0.0531962430265904,0.0445881206363581,0.0555948591592516,0.054314443575762
0.0531962430265904,0.0445881206363581,0.0555948591592516,0.054314443575762
0.0531962430265904,0.0445881206363581,0.0555948591592516,0.054314443575762
0.0531962430265904,0.0445881206363581,0.0555948591592516,0.054314443575762
0.0531962430265904,0.0445881206363581,0.0555948591592516,0.054314443575762
0.0531962430265904,0.0445881206363581,0.0555948591592516,0.054314443575762
0.0531962430265904,0.0445881206363581,0.0555948591592516,0.054314443575762
0.0531962430265904,0.0445881206363581,0.0555948591592516,0.054314443575762
0.0531962430265904,0.0445881206363581,0.0555948591592516,0.054314443575762
0.0531962430265904,0.0445881206363581,0.0555948591592516,0.054314443575762
0.0531962430265904,0.0445881206363581,0.0555948591592516,0.054314443575762
0.0531962430265904,0.0445881206363581,0.0555948591592516,0.054314443575762
0.0531962430265904,0.0445881206363581,0.0555948591592516,0.054314443575762
0.0531962430265904,0.0445881206363581,0.0555948591592516,0.054314443575762
0.0531962430265904,0.0445881206363581,0.0555948591592516,0.054314443575762
0.0531962430265904,0.0445881206363581,0.0555948591592516,0.054314443575762
0.0531962430265904,0.0445881206363581,0.0555948591592516,0.054314443575762
0.0531962430265904,0.0445881206363581,0.0555948591592516,0.054314443575762
0.0531962430265904,0.0445881206363581,0.0555948591592516,0.054314443575762
0.0531962430265904,0.0445881206363581,0.0555948591592516,0.054314443575762
0.0531962430265904,0.0445881206363581,0.0555948591592516,0.054314443575762
0.0531962430265904,0.0445881206363581,0.0555948591592516,0.054314443575762
0.0531962430265904,0.0445881206363581,0.0607262485275609,0.054314443575762
0.0531962430265904,0.0445881206363581,0.0607262485275609,0.054314443575762
0.0531962430265904,0.0445881206363581,0.0607262485275609,0.054314443575762
0.0531962430265904,0.0445881206363581,0.0607262485275609,0.054314443575762
0.0531962430265904,0.0445881206363581,0.0595842292528428,0.054314443575762
0.0531962430265904,0.0445881206363581,0.0595842292528428,0.054314443575762
0.0531962430265904,0.0445881206363581,0.0595842292528428,0.054314443575762
0.0531962430265904,0.0445881206363581,0.0595842292528428,0.054314443575762
0.0531962430265904,0.0445881206363581,0.0595842292528428,0.054314443575762
0.0531962430265904,0.0445881206363581,0.0595842292528428,0.054314443575762
0.0531962430265904,0.0445881206363581,0.0595842292528428,0.054314443575762
0.0531962430265904,0.0445881206363581,0.0595842292528428,0.054314443575762
0.0531962430265904,0.0445881206363581,0.0595842292528428,0.054314443575762
0.0531962430265904,0.0445881206363581,0.0595842292528428,0.054314443575762
0.0531962430265904,0.0445881206363581,0.0595842292528428,0.054314443575762
0.0531962430265904,0.0445881206363581,0.0595842292528428,0.054314443575762
0.0531962430265904,0.0445881206363581,0.0595842292528428,0.054314443575762
0.0531962430265904,0.0454459189558513,0.0595842292528428,0.054314443575762
0.0531962430265904,0.0454459189558513,0.0595842292528428,0.054314443575762
0.0531962430265904,0.0454459189558513,0.0595842292528428,0.054314443575762
0.0531962430265904,0.0454459189558513,0.0595842292528428,0.054314443575762
0.0531962430265904,0.0454459189558513,0.0595842292528428,0.054314443575762
0.0531962430265904,0.0454459189558513,0.0595842292528428,0.054314443575762
0.0531962430265904,0.0454459189558513,0.0595842292528428,0.054314443575762
0.0531962430265904,0.0454459189558513,0.0595842292528428,0.054314443575762
0.0531962430265904,0.0454459189558513,0.0516957401635281,0.054314443575762
0.0531962430265904,0.0454459189558513,0.0516957401635281,0.054314443575762
0.0531962430265904,0.0454459189558513,0.0516957401635281,0.054314443575762
0.0531962430265904,0.0454459189558513,0.0516957401635281,0.054314443575762
0.0531962430265904,0.0454459189558513,0.0516957401635281,0.054314443575762
0.0531962430265904,0.0454459189558513,0.0516957401635281,0.054314443575762
0.0531962430265904,0.0454459189558513,0.0516957401635281,0.054314443575762
0.0531962430265904,0.0454459189558513,0.0516957401635281,0.054314443575762
0.0502843683623663,0.0454459189558513,0.0516957401635281,0.054314443575762
0.0502843683623663,0.0454459189558513,0.0516957401635281,0.054314443575762
0.0502843683623663,0.0454459189558513,0.0516957401635281,0.0593804184549114
0.0502843683623663,0.0454459189558513,0.0516957401635281,0.0619118428382307
0.0502843683623663,0.0454459189558513,0.0516957401635281,0.0619118428382307
0.0502843683623663,0.0454459189558513,0.0516957401635281,0.0619118428382307
0.0502843683623663,0.0454459189558513,0.0516957401635281,0.0619118428382307
0.0502843683623663,0.0454459189558513,0.0516957401635281,0.0486166914082984
0.0502843683623663,0.0454459189558513,0.0516957401635281,0.0636219012914816
0.0502843683623663,0.0454459189558513,0.0516957401635281,0.0636219012914816
0.0502843683623663,0.0454459189558513,0.0516957401635281,0.0636219012914816
0.0502843683623663,0.0454459189558513,0.0516957401635281,0.0636219012914816
0.0502843683623663,0.0454459189558513,0.0516957401635281,0.0636219012914816
0.0502843683623663,0.0454459189558513,0.0516957401635281,0.0636219012914816
0.0502843683623663,0.0454459189558513,0.0516957401635281,0.0636219012914816
0.0502843683623663,0.0454459189558513,0.0516957401635281,0.0636219012914816
0.0502843683623663,0.0454459189558513,0.0516957401635281,0.0636219012914816
0.0502843683623663,0.0454459189558513,0.0516957401635281,0.0636219012914816
0.0502843683623663,0.0454459189558513,0.0516957401635281,0.0636219012914816
0.0502843683623663,0.0454459189558513,0.0516957401635281,0.0636219012914816
0.0502843683623663,0.0454459189558513,0.0516957401635281,0.0636219012914816
0.0502843683623663,0.0454459189558513,0.0516957401635281,0.0636219012914816
0.0502843683623663,0.0454459189558513,0.0516957401635281,0.0636219012914816
0.0502843683623663,0.0454459189558513,0.0516957401635281,0.0636219012914816
0.0502843683623663,0.0454459189558513,0.0516957401635281,0.0636219012914816
0.0502843683623663,0.0454459189558513,0.0516957401635281,0.0636219012914816
0.0502843683623663,0.0454459189558513,0.0516957401635281,0.0636219012914816
0.0502843683623663,0.0454459189558513,0.0516957401635281,0.0636219012914816
0.0502843683623663,0.0454459189558513,0.0516957401635281,0.0636219012914816
0.0502843683623663,0.0454459189558513,0.0516957401635281,0.0636219012914816
0.0502843683623663,0.0454459189558513,0.0516957401635281,0.0636219012914816
0.0502843683623663,0.0454459189558513,0.0516957401635281,0.0636219012914816
0.0502843683623663,0.0454459189558513,0.0516957401635281,0.0636219012914816
0.0502843683623663,0.0454459189558513,0.0516957401635281,0.0636219012914816
0.0502843683623663,0.0454459189558513,0.0516957401635281,0.0636219012914816
0.0502843683623663,0.0454459189558513,0.0516957401635281,0.0636219012914816
0.0502843683623663,0.0454459189558513,0.0516957401635281,0.0636219012914816
0.0502843683623663,0.0454459189558513,0.0516957401635281,0.0636219012914816
0.0502843683623663,0.0454459189558513,0.0516957401635281,0.0636219012914816
0.0502843683623663,0.0454459189558513,0.0516957401635281,0.0636219012914816
0.0502843683623663,0.0454459189558513,0.0516957401635281,0.0636219012914816
0.0502843683623663,0.0454459189558513,0.0516957401635281,0.0636219012914816
0.0502843683623663,0.0454459189558513,0.0516957401635281,0.0636219012914816
0.0502843683623663,0.0454459189558513,0.0516957401635281,0.0636219012914816
0.0502843683623663,0.0454459189558513,0.0516957401635281,0.0636219012914816
0.0502843683623663,0.0454459189558513,0.0516957401635281,0.0636219012914816
0.0502843683623663,0.0454459189558513,0.0516957401635281,0.0657803789760637
0.0502843683623663,0.0454459189558513,0.0516957401635281,0.0657803789760637
0.0502843683623663,0.0454459189558513,0.0516957401635281,0.0657803789760637
0.0502843683623663,0.0454459189558513,0.0516957401635281,0.0657803789760637
0.0502843683623663,0.0454459189558513,0.0516957401635281,0.0657803789760637
0.0502843683623663,0.0454459189558513,0.0516957401635281,0.0657803789760637
0.0502843683623663,0.0454459189558513,0.0516957401635281,0.0657803789760637
0.0502843683623663,0.0454459189558513,0.0516957401635281,0.0657803789760637
0.0502843683623663,0.0454459189558513,0.0516957401635281,0.0657803789760637
0.0502843683623663,0.0454459189558513,0.0516957401635281,0.0657803789760637
0.0502843683623663,0.0454459189558513,0.0516957401635281,0.0657803789760637
0.0502843683623663,0.0517431409546779,0.0516957401635281,0.0657803789760637
0.0504609782706425,0.0517431409546779,0.0516957401635281,0.0657803789760637
0.0504609782706425,0.0517431409546779,0.0516957401635281,0.0657803789760637
0.0525234035983005,0.0517431409546779,0.0516957401635281,0.0657803789760637
0.0525234035983005,0.0471636635827236,0.0516957401635281,0.0657803789760637
0.0525234035983005,0.0471636635827236,0.0516957401635281,0.0657803789760637
0.0525234035983005,0.0471636635827236,0.0516957401635281,0.0657803789760637
0.0525234035983005,0.0471636635827236,0.0516957401635281,0.0657803789760637
0.0525234035983005,0.0471636635827236,0.0516957401635281,0.0600051373902624
0.0525234035983005,0.0471636635827236,0.0516957401635281,0.0600051373902624
0.0474868793698846,0.0471636635827236,0.0516957401635281,0.0600051373902624
0.0474868793698846,0.0471636635827236,0.0516957401635281,0.0600051373902624
0.0474868793698846,0.0471636635827236,0.0516957401635281,0.0600051373902624
0.0474868793698846,0.0471636635827236,0.0516957401635281,0.0600051373902624
0.0474868793698846,0.0471636635827236,0.0516957401635281,0.0600051373902624
0.0474868793698846,0.0471636635827236,0.0516957401635281,0.0600051373902624
0.0474868793698846,0.0471636635827236,0.0516957401635281,0.0600051373902624
0.0474868793698846,0.0471636635827236,0.0516957401635281,0.0600051373902624
0.0474868793698846,0.0471636635827236,0.0516957401635281,0.0600051373902624
0.0474868793698846,0.0471636635827236,0.0516957401635281,0.0600051373902624
0.0474868793698846,0.0471636635827236,0.0516957401635281,0.0600051373902624
0.0474868793698846,0.0471636635827236,0.0516957401635281,0.0600051373902624
0.0474868793698846,0.0471636635827236,0.0516957401635281,0.0600051373902624
0.0474868793698846,0.0471636635827236,0.0516957401635281,0.0600051373902624
0.0474868793698846,0.0471636635827236,0.0516957401635281,0.0600051373902624
0.0474868793698846,0.0471636635827236,0.0516957401635281,0.0600051373902624
0.0474868793698846,0.0471636635827236,0.0516957401635281,0.0600051373902624
0.0474868793698846,0.0471636635827236,0.0516957401635281,0.0600051373902624
0.0474868793698846,0.0471636635827236,0.0516957401635281,0.0600051373902624
0.0474868793698846,0.0471636635827236,0.0516957401635281,0.0600051373902624
0.0474868793698846,0.0471636635827236,0.0516957401635281,0.0555575525272298
0.0474868793698846,0.0471636635827236,0.0516957401635281,0.0555575525272298
0.0468652373548811,0.0471636635827236,0.0516957401635281,0.0555575525272298
0.0468652373548811,0.0471636635827236,0.0516957401635281,0.0555575525272298
0.0468652373548811,0.0471636635827236,0.0516957401635281,0.0555575525272298
0.0468652373548811,0.0471636635827236,0.0516957401635281,0.0555575525272298
0.0468652373548811,0.0471636635827236,0.0516957401635281,0.0555575525272298
0.0468652373548811,0.0471636635827236,0.0539805984392355,0.0555575525272298
0.0468652373548811,0.0471636635827236,0.0539805984392355,0.0555575525272298
0.0468652373548811,0.0471636635827236,0.0539805984392355,0.0555575525272298
0.0468652373548811,0.0471636635827236,0.0539805984392355,0.0555575525272298
0.0468652373548811,0.0471636635827236,0.0539805984392355,0.0555575525272298
0.0468652373548811,0.0471636635827236,0.0539805984392355,0.0555575525272298
0.0468652373548811,0.0471636635827236,0.0539805984392355,0.0555575525272298
0.0468652373548811,0.0471636635827236,0.0539805984392355,0.0555575525272298
0.0468652373548811,0.0471636635827236,0.0539805984392355,0.0555575525272298
0.0468652373548811,0.0471636635827236,0.0539805984392355,0.0555575525272298
0.0468652373548811,0.0471636635827236,0.0539805984392355,0.0555575525272298
0.0468652373548811,0.0471636635827236,0.0539805984392355,0.0555575525272298
0.0468652373548811,0.0471636635827236,0.0539805984392355,0.0555575525272298
0.0468652373548811,0.0471636635827236,0.0539805984392355,0.0555575525272298
0.0468652373548811,0.0471636635827236,0.0539805984392355,0.0555575525272298
0.0468652373548811,0.049236699772889,0.0539805984392355,0.0555575525272298
0.0468652373548811,0.049236699772889,0.0539805984392355,0.0555575525272298
0.0468652373548811,0.049236699772889,0.0539805984392355,0.0555575525272298
0.0468652373548811,0.049236699772889,0.0539805984392355,0.0555575525272298
0.0468652373548811,0.049236699772889,0.0539805984392355,0.0555575525272298
0.0468652373548811,0.049236699772889,0.0539805984392355,0.0555575525272298
0.0468652373548811,0.049236699772889,0.0539805984392355,0.0555575525272298
0.0468652373548811,0.049236699772889,0.0539805984392355,0.0555575525272298
0.0468652373548811,0.049236699772889,0.0539805984392355,0.0555575525272298
0.0468652373548811,0.049236699772889,0.0539805984392355,0.0555575525272298
0.0468652373548811,0.049236699772889,0.0539805984392355,0.0526705376992565
0.0468652373548811,0.049236699772889,0.0539805984392355,0.0526705376992565
0.0468652373548811,0.049236699772889,0.0539805984392355,0.0526705376992565
0.0468652373548811,0.049236699772889,0.0539805984392355,0.0526705376992565
0.0468652373548811,0.049236699772889,0.0539805984392355,0.0526705376992565
0.0468632777635816,0.049236699772889,0.0539805984392355,0.0526705376992565
0.0468632777635816,0.049236699772889,0.0539805984392355,0.0526705376992565
0.0468632777635816,0.049236699772889,0.0539805984392355,0.0526705376992565
0.0468632777635816,0.049236699772889,0.0539805984392355,0.0526705376992565
0.0468632777635816,0.049236699772889,0.0539805984392355,0.0526705376992565
0.0468632777635816,0.049236699772889,0.0539805984392355,0.0526705376992565
0.0468632777635816,0.049236699772889,0.0539805984392355,0.0526705376992565
0.0468632777635816,0.049236699772889,0.0539805984392355,0.0526705376992565
0.0468632777635816,0.049236699772889,0.0539805984392355,0.0508788929105457
0.0468632777635816,0.049236699772889,0.0539805984392355,0.0508788929105457
0.0468632777635816,0.049236699772889,0.0539805984392355,0.0508788929105457
0.0468632777635816,0.049236699772889,0.0539805984392355,0.0508788929105457
0.0468632777635816,0.049236699772889,0.0539805984392355,0.0508788929105457
0.0468632777635816,0.049236699772889,0.0539805984392355,0.0508788929105457
0.0497583967896663,0.049236699772889,0.0539805984392355,0.0508788929105457
0.0497583967896663,0.049236699772889,0.0539805984392355,0.0478229463248682
0.0497583967896663,0.049236699772889,0.0539805984392355,0.0478229463248682
0.0497583967896663,0.049236699772889,0.0539805984392355,0.0478229463248682
0.0497583967896663,0.049236699772889,0.0539805984392355,0.0478229463248682
0.0497583967896663,0.049236699772889,0.0539805984392355,0.0478229463248682
0.0497583967896663,0.049236699772889,0.0539805984392355,0.0478229463248682
0.0497583967896663,0.049236699772889,0.0539805984392355,0.0478229463248682
0.0497583967896663,0.049236699772889,0.0539805984392355,0.0478229463248682
0.0497583967896663,0.049236699772889,0.0539805984392355,0.0478229463248682
0.0497583967896663,0.049236699772889,0.0539805984392355,0.0478229463248682
0.0497583967896663,0.049236699772889,0.0539805984392355,0.0478229463248682
0.0497583967896663,0.049236699772889,0.0539805984392355,0.0478229463248682
0.0497583967896663,0.049236699772889,0.0539805984392355,0.0478229463248682
0.0497583967896663,0.049236699772889,0.0539805984392355,0.0473753772766953
0.0497583967896663,0.049236699772889,0.0539805984392355,0.0473753772766953
0.0497583967896663,0.049236699772889,0.0539805984392355,0.0473753772766953
0.0497583967896663,0.049236699772889,0.0539805984392355,0.0473753772766953
0.0497583967896663,0.049236699772889,0.0539805984392355,0.0413585695746363
0.0497583967896663,0.049236699772889,0.0539805984392355,0.0413585695746363
0.0497583967896663,0.049236699772889,0.0539805984392355,0.0413585695746363
0.0497583967896663,0.049236699772889,0.0539805984392355,0.0413585695746363
0.0497583967896663,0.049236699772889,0.0539805984392355,0.0413585695746363
0.0497583967896663,0.049236699772889,0.0539805984392355,0.0413585695746363
0.0497583967896663,0.049236699772889,0.0539805984392355,0.0413585695746363
0.0497583967896663,0.049236699772889,0.0539805984392355,0.0413585695746363
0.0497583967896663,0.049236699772889,0.0539805984392355,0.0413585695746363
0.0497583967896663,0.049236699772889,0.0539805984392355,0.0449837930549311
0.0497583967896663,0.049236699772889,0.0539805984392355,0.0449837930549311
0.0497583967896663,0.049236699772889,0.0539805984392355,0.0449837930549311
0.0497583967896663,0.049236699772889,0.0539805984392355,0.0449837930549311
0.0497583967896663,0.049236699772889,0.0539805984392355,0.0449837930549311
0.0497583967896663,0.049236699772889,0.0539805984392355,0.0449837930549311
0.0497583967896663,0.049236699772889,0.0539805984392355,0.0449837930549311
0.0504750936190752,0.049236699772889,0.0539805984392355,0.0449837930549311
0.0504750936190752,0.049236699772889,0.0539805984392355,0.0449837930549311
0.0504750936190752,0.049236699772889,0.0539805984392355,0.0463481831144706
0.0504750936190752,0.049236699772889,0.0539805984392355,0.0463481831144706
0.0504750936190752,0.049236699772889,0.0539805984392355,0.0463481831144706
0.0504750936190752,0.049236699772889,0.0539805984392355,0.0463481831144706
0.0504750936190752,0.049236699772889,0.0539805984392355,0.0463481831144706
0.0504750936190752,0.049236699772889,0.0539805984392355,0.0463481831144706
0.0504750936190752,0.049236699772889,0.0539805984392355,0.0463481831144706
0.0504750936190752,0.049236699772889,0.0539805984392355,0.0463481831144706
0.0504750936190752,0.049236699772889,0.0539805984392355,0.0463481831144706
0.0504750936190752,0.049236699772889,0.0539805984392355,0.0463481831144706
0.0504750936190752,0.049236699772889,0.0539805984392355,0.0463481831144706
0.0504750936190752,0.049236699772889,0.0539805984392355,0.0463481831144706
0.0504750936190752,0.049236699772889,0.0539805984392355,0.0463481831144706
0.0504750936190752,0.049236699772889,0.0539805984392355,0.0463481831144706
0.0504750936190752,0.049236699772889,0.0539805984392355,0.0463481831144706
0.0504750936190752,0.046066759703726,0.0539805984392355,0.0463481831144706
0.0504750936190752,0.046066759703726,0.0539805984392355,0.0463481831144706
0.0504750936190752,0.046066759703726,0.0539805984392355,0.0463481831144706
0.0504750936190752,0.046066759703726,0.0539805984392355,0.0463481831144706
0.0504750936190752,0.046066759703726,0.0539805984392355,0.0463481831144706
0.0504750936190752,0.046066759703726,0.0539805984392355,0.0463481831144706
0.0504750936190752,0.046066759703726,0.0539805984392355,0.0463481831144706
0.0504750936190752,0.046066759703726,0.0539805984392355,0.0463481831144706
0.0504750936190752,0.046066759703726,0.0539805984392355,0.0463481831144706
0.0504750936190752,0.046066759703726,0.0539805984392355,0.0463481831144706
0.0504750936190752,0.046066759703726,0.0539805984392355,0.0463481831144706
0.0504750936190752,0.046066759703726,0.0539805984392355,0.0463481831144706
0.0504750936190752,0.046066759703726,0.0539805984392355,0.0463481831144706
0.0504750936190752,0.046066759703726,0.0539805984392355,0.0463481831144706
0.0467903098422104,0.046066759703726,0.0539805984392355,0.0463481831144706
0.0467903098422104,0.046066759703726,0.0539805984392355,0.0463481831144706
0.0467903098422104,0.046066759703726,0.0539805984392355,0.0463481831144706
0.0467903098422104,0.046066759703726,0.0539805984392355,0.0463481831144706
0.0467903098422104,0.046066759703726,0.0539805984392355,0.0485497574679783
0.0467903098422104,0.046066759703726,0.0539805984392355,0.0485497574679783
0.0467903098422104,0.046066759703726,0.0539805984392355,0.0485497574679783
0.0467903098422104,0.046066759703726,0.0539805984392355,0.0485497574679783
0.0467903098422104,0.046066759703726,0.0539805984392355,0.0485497574679783
0.0467903098422104,0.055080287034685,0.0539805984392355,0.0485497574679783
0.0467903098422104,0.055080287034685,0.0539805984392355,0.0485497574679783
0.0467903098422104,0.055080287034685,0.0539805984392355,0.0485497574679783
0.0467903098422104,0.055080287034685,0.0539805984392355,0.0485497574679783
0.0467903098422104,0.055080287034685,0.0539805984392355,0.0485497574679783
0.0467903098422104,0.055080287034685,0.0539805984392355,0.0485497574679783
0.0467903098422104,0.055080287034685,0.0539805984392355,0.0485497574679783
0.0467903098422104,0.055080287034685,0.0539805984392355,0.0485497574679783
0.0467903098422104,0.055080287034685,0.0539805984392355,0.0521400508806805
0.0467903098422104,0.055080287034685,0.0539805984392355,0.0521400508806805
0.0467903098422104,0.0570409149517511,0.0539805984392355,0.0521400508806805
0.0467903098422104,0.0570409149517511,0.0539805984392355,0.0521400508806805
0.0467903098422104,0.0570409149517511,0.0539805984392355,0.0521400508806805
0.0467903098422104,0.0570409149517511,0.0539805984392355,0.0521400508806805
0.0467903098422104,0.0570409149517511,0.0520775727423912,0.0521400508806805
0.0467903098422104,0.0570409149517511,0.0520775727423912,0.0521400508806805
0.0467903098422104,0.0570409149517511,0.0520775727423912,0.0529079564120952
0.0467903098422104,0.0570409149517511,0.0520775727423912,0.0529079564120952
0.0467903098422104,0.0570409149517511,0.0520775727423912,0.0529079564120952
0.0467903098422104,0.0543684580351075,0.0520775727423912,0.0529079564120952
0.0467903098422104,0.0543684580351075,0.0520775727423912,0.0529079564120952
0.0467903098422104,0.0543684580351075,0.0520775727423912,0.0529079564120952
0.0467903098422104,0.0543684580351075,0.0520775727423912,0.0529079564120952
0.0467903098422104,0.0543684580351075,0.0520775727423912,0.0529079564120952
0.0467903098422104,0.0543684580351075,0.0520775727423912,0.0529079564120952
0.0467903098422104,0.0543684580351075,0.0520775727423912,0.0529079564120952
0.0467903098422104,0.0543684580351075,0.0520775727423912,0.0714480522781436
0.0467903098422104,0.0543684580351075,0.0520775727423912,0.0714480522781436
0.0467903098422104,0.0543684580351075,0.0520775727423912,0.0714480522781436
0.0467903098422104,0.0543684580351075,0.0520775727423912,0.0714480522781436
0.0467903098422104,0.0543684580351075,0.0520775727423912,0.0714480522781436
0.0467903098422104,0.0543684580351075,0.0520775727423912,0.0714480522781436
0.0467903098422104,0.0543684580351075,0.0520775727423912,0.0714480522781436
0.0467903098422104,0.0543684580351075,0.0520775727423912,0.0714480522781436
0.0467903098422104,0.0543684580351075,0.0520775727423912,0.0714480522781436
0.0467903098422104,0.0543684580351075,0.0520775727423912,0.0714480522781436
0.0467903098422104,0.0543684580351075,0.0520775727423912,0.0714480522781436
0.0467903098422104,0.0574139197055416,0.0520775727423912,0.071831350669254
0.0467903098422104,0.0574139197055416,0.0520775727423912,0.071831350669254
0.0467903098422104,0.0574139197055416,0.0520775727423912,0.071831350669254
0.0467903098422104,0.0574139197055416,0.0520775727423912,0.071831350669254
0.0467903098422104,0.0574139197055416,0.0520775727423912,0.071831350669254
0.0467903098422104,0.0574139197055416,0.0520775727423912,0.071831350669254
0.0467903098422104,0.0522448062152268,0.0520775727423912,0.071831350669254
0.0467903098422104,0.0522448062152268,0.0520775727423912,0.071831350669254
0.0467903098422104,0.0522448062152268,0.0520775727423912,0.071831350669254
0.0467903098422104,0.0522448062152268,0.0520775727423912,0.071831350669254
0.0467903098422104,0.0522448062152268,0.0520775727423912,0.071831350669254
0.0467903098422104,0.0522448062152268,0.0520775727423912,0.071831350669254
0.0467903098422104,0.0522448062152268,0.0520775727423912,0.071831350669254
0.0467903098422104,0.0522448062152268,0.0520775727423912,0.071831350669254
0.0467903098422104,0.0522448062152268,0.0520775727423912,0.071831350669254
0.0467903098422104,0.0522448062152268,0.0520775727423912,0.071831350669254
0.0467903098422104,0.0522448062152268,0.0520775727423912,0.071831350669254
0.0467903098422104,0.0522448062152268,0.0520775727423912,0.071831350669254
0.0467903098422104,0.0522448062152268,0.0520775727423912,0.071831350669254
0.0467903098422104,0.0522448062152268,0.0520775727423912,0.0665767255439683
0.0467903098422104,0.0522448062152268,0.0520775727423912,0.0665767255439683
0.0467903098422104,0.0522448062152268,0.0520775727423912,0.0665767255439683
0.0467903098422104,0.0522448062152268,0.0520775727423912,0.0665767255439683
0.0467903098422104,0.0522448062152268,0.0520775727423912,0.0665767255439683
0.0467903098422104,0.0522448062152268,0.0520775727423912,0.0665767255439683
0.0467903098422104,0.0522448062152268,0.0520775727423912,0.0665767255439683
0.0467903098422104,0.0522448062152268,0.0520775727423912,0.0665767255439683
0.0467903098422104,0.0522448062152268,0.0520775727423912,0.0665767255439683
0.0467903098422104,0.0522448062152268,0.0520775727423912,0.0665767255439683
0.0467903098422104,0.0522448062152268,0.0520775727423912,0.0665767255439683
0.0467903098422104,0.0522448062152268,0.0520775727423912,0.0665767255439683
0.0467903098422104,0.0522448062152268,0.0520775727423912,0.0665767255439683
0.0467903098422104,0.0522448062152268,0.0520775727423912,0.0665767255439683
0.0467903098422104,0.0522448062152268,0.0571840995100261,0.0665767255439683
0.0467903098422104,0.0522448062152268,0.0508660985417042,0.0665767255439683
0.0467903098422104,0.0522448062152268,0.0508660985417042,0.0665767255439683
0.0467903098422104,0.0522448062152268,0.0508660985417042,0.0665767255439683
0.0467903098422104,0.0522448062152268,0.0508660985417042,0.0665767255439683
0.0467903098422104,0.0522448062152268,0.0508660985417042,0.0665767255439683
0.0467903098422104,0.0522448062152268,0.0508660985417042,0.0665767255439683
0.0467903098422104,0.0453283248518457,0.0508660985417042,0.0665767255439683
0.0467903098422104,0.0453283248518457,0.0508660985417042,0.0733514313540559
0.0467903098422104,0.0453283248518457,0.0508660985417042,0.0733514313540559
0.0467903098422104,0.0453283248518457,0.0508660985417042,0.0733514313540559
0.0467903098422104,0.0453283248518457,0.0508660985417042,0.0733514313540559
0.0467903098422104,0.0453283248518457,0.0508660985417042,0.0733514313540559
0.0467903098422104,0.0453283248518457,0.0508660985417042,0.0733514313540559
0.0467903098422104,0.0453283248518457,0.0508660985417042,0.0733514313540559
0.0467903098422104,0.0453283248518457,0.0508660985417042,0.0733514313540559
0.0442227469142837,0.0453283248518457,0.0508660985417042,0.0733514313540559
0.0442227469142837,0.0453283248518457,0.0508660985417042,0.0733514313540559
0.0442227469142837,0.0453283248518457,0.0508660985417042,0.0733514313540559
0.0442227469142837,0.0453283248518457,0.0508660985417042,0.0733514313540559
0.0442227469142837,0.0453283248518457,0.0508660985417042,0.0733514313540559
0.0442227469142837,0.0453283248518457,0.0508660985417042,0.0741772608839693
0.0442227469142837,0.0453283248518457,0.0508660985417042,0.0741772608839693
0.0442227469142837,0.0453283248518457,0.0508660985417042,0.0741772608839693
0.0442227469142837,0.0453283248518457,0.0508660985417042,0.0741772608839693
0.0442227469142837,0.0453283248518457,0.0508660985417042,0.0741772608839693
0.0442227469142837,0.0453283248518457,0.0508660985417042,0.0741772608839693
0.0442227469142837,0.0453283248518457,0.0508660985417042,0.0741772608839693
0.0442227469142837,0.0453283248518457,0.0508660985417042,0.0741772608839693
0.0442227469142837,0.0453283248518457,0.0508660985417042,0.0741772608839693
0.0442227469142837,0.0453283248518457,0.0508660985417042,0.0741772608839693
0.0442227469142837,0.0453283248518457,0.0508660985417042,0.0741772608839693
0.0442227469142837,0.0453283248518457,0.0508660985417042,0.0741772608839693
0.0442227469142837,0.0453283248518457,0.0508660985417042,0.0741772608839693
0.0442227469142837,0.0453283248518457,0.048761921554393,0.0741772608839693
0.0442227469142837,0.0453283248518457,0.048761921554393,0.0741772608839693
0.0442227469142837,0.0453283248518457,0.048761921554393,0.0741772608839693
0.0442227469142837,0.0453283248518457,0.048761921554393,0.0741772608839693
0.0442227469142837,0.0453283248518457,0.048761921554393,0.0741772608839693
0.0442227469142837,0.0453283248518457,0.048761921554393,0.0741772608839693
0.0442227469142837,0.0453283248518457,0.048761921554393,0.0741772608839693
0.0442227469142837,0.0453283248518457,0.048761921554393,0.0741772608839693
0.0442227469142837,0.0453283248518457,0.048761921554393,0.0741772608839693
0.0442227469142837,0.0453283248518457,0.048761921554393,0.0741772608839693
0.0442227469142837,0.0453283248518457,0.048761921554393,0.0741772608839693
0.0442227469142837,0.0453283248518457,0.048761921554393,0.0672511209898089
0.0442227469142837,0.0453283248518457,0.048761921554393,0.0672511209898089
0.0442227469142837,0.0453283248518457,0.048761921554393,0.0672511209898089
0.0442227469142837,0.0453283248518457,0.0525158630109513,0.0672511209898089
0.0442227469142837,0.0453283248518457,0.0525158630109513,0.0672511209898089
0.0442227469142837,0.0453283248518457,0.0525158630109513,0.0672511209898089
0.0442227469142837,0.0453283248518457,0.0525158630109513,0.0672511209898089
0.0442227469142837,0.0453283248518457,0.0525158630109513,0.0672511209898089
0.0442227469142837,0.0453283248518457,0.0525158630109513,0.0672511209898089
0.0453342844835089,0.0453283248518457,0.0525158630109513,0.0672511209898089
0.0453342844835089,0.0453283248518457,0.0525158630109513,0.0672511209898089
0.0453342844835089,0.0453283248518457,0.0525158630109513,0.0672511209898089
0.0440106071151343,0.0453283248518457,0.0525158630109513,0.0672511209898089
0.0440106071151343,0.0453283248518457,0.0525158630109513,0.0672511209898089
0.0440106071151343,0.0453283248518457,0.0525158630109513,0.0672511209898089
0.0440106071151343,0.0453283248518457,0.0525158630109513,0.0672511209898089
0.0440106071151343,0.0453283248518457,0.0525158630109513,0.0672511209898089
0.0440106071151343,0.0453283248518457,0.0525158630109513,0.0672511209898089
0.0440106071151343,0.0453283248518457,0.0540881937274576,0.0672511209898089
0.0440106071151343,0.0453283248518457,0.0540881937274576,0.0672511209898089
0.0440106071151343,0.0453283248518457,0.0540881937274576,0.0672511209898089
0.0440106071151343,0.0537524446759836,0.0540881937274576,0.0672511209898089
0.0440106071151343,0.0537524446759836,0.0540881937274576,0.0672511209898089
0.0440106071151343,0.0537524446759836,0.0540881937274576,0.0672511209898089
0.0440106071151343,0.0537524446759836,0.0540881937274576,0.0672511209898089
0.0440106071151343,0.0537524446759836,0.0540881937274576,0.0672511209898089
0.0440106071151343,0.0537524446759836,0.0540881937274576,0.0672511209898089
0.0440106071151343,0.0537524446759836,0.0540881937274576,0.0672511209898089
0.0440106071151343,0.0537524446759836,0.0540881937274576,0.0672511209898089
0.0440106071151343,0.0537524446759836,0.0540881937274576,0.0672511209898089
0.0440106071151343,0.0537524446759836,0.0540881937274576,0.0672511209898089
0.0440106071151343,0.0537524446759836,0.0540881937274576,0.0672511209898089
0.0440106071151343,0.0537524446759836,0.0540881937274576,0.0593644662790121
0.0440106071151343,0.0537524446759836,0.0540881937274576,0.0593644662790121
0.0440106071151343,0.0537524446759836,0.0540881937274576,0.0593644662790121
0.0440106071151343,0.0537524446759836,0.0540881937274576,0.0593644662790121
0.0440106071151343,0.0537524446759836,0.0540881937274576,0.0593644662790121
0.0440106071151343,0.0537524446759836,0.0540881937274576,0.0593644662790121
0.0440106071151343,0.0537524446759836,0.0540881937274576,0.0593644662790121
0.0440106071151343,0.0537524446759836,0.0540881937274576,0.0593644662790121
0.0440106071151343,0.0537524446759836,0.0540881937274576,0.0593644662790121
0.0440106071151343,0.0537524446759836,0.0540881937274576,0.0593644662790121
0.0440106071151343,0.0463401199863327,0.0540881937274576,0.0593644662790121
0.0440106071151343,0.0463401199863327,0.0540881937274576,0.0593644662790121
0.0440106071151343,0.0463401199863327,0.0540881937274576,0.0593644662790121
0.0440106071151343,0.0463401199863327,0.0540881937274576,0.0593644662790121
0.0440106071151343,0.0463401199863327,0.0540881937274576,0.0593644662790121
0.0440106071151343,0.0463401199863327,0.0540881937274576,0.0593644662790121
0.0440106071151343,0.0463401199863327,0.0540881937274576,0.0593644662790121
0.0440106071151343,0.0463401199863327,0.0540881937274576,0.0593644662790121
0.0440106071151343,0.056679005657755,0.0540881937274576,0.0593644662790121
0.0440106071151343,0.056679005657755,0.0540881937274576,0.0593644662790121
0.0440106071151343,0.056679005657755,0.0540881937274576,0.0593644662790121
0.0440106071151343,0.056679005657755,0.0540881937274576,0.0593644662790121
0.0440106071151343,0.056679005657755,0.0540881937274576,0.0593644662790121
0.0440106071151343,0.056679005657755,0.0540881937274576,0.0593644662790121
0.0440106071151343,0.056679005657755,0.0540881937274576,0.0593644662790121
0.0440106071151343,0.056679005657755,0.0540881937274576,0.0593644662790121
0.0440106071151343,0.056679005657755,0.0540881937274576,0.0593644662790121
0.0440106071151343,0.056679005657755,0.0540881937274576,0.0593644662790121
0.0440106071151343,0.0498303562924661,0.0540881937274576,0.0593644662790121
0.0440106071151343,0.0498303562924661,0.0540881937274576,0.0593644662790121
0.0440106071151343,0.0498303562924661,0.0540881937274576,0.0593644662790121
0.0440106071151343,0.0498303562924661,0.0540881937274576,0.0582058986666661
0.0440106071151343,0.0498303562924661,0.0540881937274576,0.0582058986666661
0.0440106071151343,0.0498303562924661,0.0540881937274576,0.0582058986666661
0.0440106071151343,0.0498303562924661,0.0540881937274576,0.0582058986666661
0.0440106071151343,0.0498303562924661,0.0540881937274576,0.0582058986666661
0.0440106071151343,0.0512372104629995,0.0540881937274576,0.0582058986666661
0.0440106071151343,0.0512372104629995,0.0540881937274576,0.0582058986666661
0.0440106071151343,0.0512372104629995,0.0540881937274576,0.0582058986666661
0.0440106071151343,0.0512372104629995,0.0540881937274576,0.0582058986666661
0.0440106071151343,0.0512372104629995,0.0540881937274576,0.0582058986666661
0.0440106071151343,0.0512372104629995,0.0540881937274576,0.0582058986666661
0.0440106071151343,0.0512372104629995,0.0540881937274576,0.0582058986666661
0.0440106071151343,0.0512372104629995,0.0540881937274576,0.0582058986666661
0.0440106071151343,0.0512372104629995,0.0540881937274576,0.0582058986666661
0.0440106071151343,0.0461448752326746,0.0540881937274576,0.0582058986666661
0.0440106071151343,0.0461448752326746,0.0540881937274576,0.0582058986666661
0.0440106071151343,0.0461448752326746,0.0540881937274576,0.0582058986666661
0.0440106071151343,0.0461448752326746,0.0540881937274576,0.0582058986666661
0.0440106071151343,0.0461448752326746,0.0540881937274576,0.0582058986666661
0.0440106071151343,0.0461448752326746,0.0540881937274576,0.0582058986666661
0.0440106071151343,0.0461448752326746,0.0540881937274576,0.0604155936969021
0.0440106071151343,0.0461448752326746,0.0540881937274576,0.0604155936969021
0.0502413736385339,0.0461448752326746,0.0540881937274576,0.0604155936969021
0.0502413736385339,0.0461448752326746,0.0540881937274576,0.0588131968428485
0.0502413736385339,0.0461448752326746,0.0540881937274576,0.0588131968428485
0.0502413736385339,0.0456828351341041,0.0540881937274576,0.0588131968428485
0.0502413736385339,0.0456828351341041,0.0540881937274576,0.0588131968428485
0.0502413736385339,0.0456828351341041,0.0540881937274576,0.0588131968428485
0.0502413736385339,0.0456828351341041,0.0540881937274576,0.0588131968428485
0.0502413736385339,0.0456828351341041,0.0540881937274576,0.0588131968428485
0.0502413736385339,0.0456828351341041,0.0540881937274576,0.0588131968428485
0.0502413736385339,0.0456828351341041,0.0540881937274576,0.0588131968428485
0.0502413736385339,0.0456828351341041,0.0540881937274576,0.0588131968428485
0.0502413736385339,0.0456828351341041,0.0540881937274576,0.0588131968428485
0.0502413736385339,0.0456828351341041,0.0540881937274576,0.0588131968428485
0.0502413736385339,0.0456828351341041,0.0540881937274576,0.0588131968428485
0.0502413736385339,0.0456828351341041,0.0540881937274576,0.0588131968428485
0.0502413736385339,0.0456828351341041,0.0540881937274576,0.0588131968428485
0.0502413736385339,0.0456828351341041,0.0540881937274576,0.0588131968428485
0.0502413736385339,0.0456828351341041,0.0540881937274576,0.0552805707837795
0.0502413736385339,0.0456828351341041,0.0540881937274576,0.0552805707837795
0.0502413736385339,0.0456828351341041,0.0540881937274576,0.0552805707837795
0.0502413736385339,0.0456828351341041,0.0540881937274576,0.0552805707837795
0.0502413736385339,0.0456828351341041,0.0540881937274576,0.0552805707837795
0.0502413736385339,0.0456828351341041,0.0540881937274576,0.0552805707837795
0.0481146125296577,0.0456828351341041,0.0540881937274576,0.0552805707837795
0.0477965882020627,0.0456828351341041,0.0540881937274576,0.0552805707837795
0.0477965882020627,0.0456828351341041,0.0540881937274576,0.0552805707837795
0.0477965882020627,0.0456828351341041,0.0540881937274576,0.0552805707837795
0.0477965882020627,0.0577769523054348,0.0540881937274576,0.0552805707837795
0.0477965882020627,0.0577769523054348,0.0540881937274576,0.0552805707837795
0.0477965882020627,0.0577769523054348,0.0540881937274576,0.0552805707837795
0.0477965882020627,0.0577769523054348,0.0540881937274576,0.0552805707837795
0.0477965882020627,0.0577769523054348,0.0540881937274576,0.0552805707837795
0.0477965882020627,0.0482269468528465,0.0540881937274576,0.0552805707837795
0.0477965882020627,0.0482269468528465,0.0540881937274576,0.0552805707837795
0.0477965882020627,0.0482269468528465,0.0540881937274576,0.0552805707837795
0.0477965882020627,0.0482269468528465,0.0540881937274576,0.0552805707837795
0.0477965882020627,0.0482269468528465,0.0540881937274576,0.0552805707837795
0.0477965882020627,0.0482269468528465,0.0540881937274576,0.0552805707837795
0.0477965882020627,0.0482269468528465,0.0540881937274576,0.0552805707837795
0.0477965882020627,0.0482269468528465,0.0540881937274576,0.0552805707837795
0.0477965882020627,0.0482269468528465,0.0540881937274576,0.0552805707837795
0.0465085500630829,0.0482269468528465,0.0540881937274576,0.0552805707837795
0.0465085500630829,0.0482269468528465,0.0540881937274576,0.0552805707837795
0.0465085500630829,0.0482269468528465,0.0540881937274576,0.0552805707837795
0.0465085500630829,0.0482269468528465,0.0540881937274576,0.0552805707837795
0.0465085500630829,0.0482269468528465,0.0485188320617223,0.0552805707837795
0.0465085500630829,0.0482269468528465,0.0485188320617223,0.0552805707837795
0.0465085500630829,0.0482269468528465,0.0485188320617223,0.0552805707837795
0.0465085500630829,0.0482269468528465,0.0485188320617223,0.0552805707837795
0.0465085500630829,0.0482269468528465,0.0485188320617223,0.0552805707837795
0.0465085500630829,0.0482269468528465,0.0485188320617223,0.0552805707837795
0.0465085500630829,0.0482269468528465,0.0485188320617223,0.0552805707837795
0.0465085500630829,0.0482269468528465,0.0485188320617223,0.0552805707837795
0.0465085500630829,0.0482269468528465,0.0485188320617223,0.0552805707837795
0.0465085500630829,0.0482269468528465,0.0485188320617223,0.0552805707837795
0.0465085500630829,0.0482269468528465,0.0485188320617223,0.0552805707837795
0.0465085500630829,0.0482269468528465,0.0485188320617223,0.0552805707837795
0.0465085500630829,0.0482269468528465,0.0485188320617223,0.0552805707837795
0.0465085500630829,0.0482269468528465,0.0519396362370239,0.0552805707837795
0.0465085500630829,0.0482269468528465,0.0519396362370239,0.0552805707837795
0.0465085500630829,0.0482269468528465,0.0519396362370239,0.0552805707837795
0.0465085500630829,0.0482269468528465,0.0519396362370239,0.0552805707837795
0.0465085500630829,0.0482269468528465,0.0519396362370239,0.0552805707837795
0.0465085500630829,0.0482269468528465,0.0519396362370239,0.0552805707837795
0.0465085500630829,0.0482269468528465,0.0519396362370239,0.0552805707837795
0.0465085500630829,0.0482269468528465,0.0481153763133431,0.0552805707837795
0.0465085500630829,0.0496931869419003,0.0481153763133431,0.0552805707837795
0.0465085500630829,0.0496931869419003,0.0481153763133431,0.0585706809913495
0.0465085500630829,0.0496931869419003,0.0481153763133431,0.0585706809913495
0.0465085500630829,0.0496931869419003,0.0481153763133431,0.0585706809913495
0.0465085500630829,0.0496931869419003,0.0481153763133431,0.0549058855248055
0.0465085500630829,0.0496931869419003,0.0481153763133431,0.0546549091256196
0.0465085500630829,0.0496931869419003,0.0481153763133431,0.0546549091256196
0.0465085500630829,0.0496931869419003,0.0481153763133431,0.0487787716401607
0.0465085500630829,0.0496931869419003,0.0481153763133431,0.0487787716401607
0.0465085500630829,0.0496931869419003,0.0481153763133431,0.0487787716401607
0.0465085500630829,0.0496931869419003,0.0481153763133431,0.0487787716401607
0.0465085500630829,0.0496931869419003,0.0481153763133431,0.0502499826892917
0.0465085500630829,0.0441502817382217,0.0481153763133431,0.0502499826892917
0.0465085500630829,0.0441502817382217,0.0481153763133431,0.0502499826892917
0.0465085500630829,0.0441502817382217,0.0481153763133431,0.0502499826892917
0.0465085500630829,0.0441502817382217,0.0481153763133431,0.0502499826892917
0.0465085500630829,0.0441502817382217,0.0481153763133431,0.0502499826892917
0.0465085500630829,0.0441502817382217,0.0481153763133431,0.0502499826892917
0.0465085500630829,0.0441502817382217,0.0481153763133431,0.0502499826892917
0.0465085500630829,0.0441502817382217,0.0481153763133431,0.0502499826892917
0.0465085500630829,0.0441502817382217,0.0481153763133431,0.0502499826892917
0.0465085500630829,0.0441502817382217,0.0481153763133431,0.0502499826892917
0.0465085500630829,0.0468934246829582,0.0481153763133431,0.0502499826892917
0.0465085500630829,0.0468934246829582,0.0481153763133431,0.0502499826892917
0.0465085500630829,0.0468934246829582,0.0481153763133431,0.0502499826892917
0.0465085500630829,0.0468934246829582,0.0481153763133431,0.0502499826892917
0.0465085500630829,0.0486041058565339,0.0481153763133431,0.0502499826892917
0.0465085500630829,0.0486041058565339,0.0481153763133431,0.0502499826892917
0.0465085500630829,0.0486041058565339,0.0481153763133431,0.0502499826892917
0.0465085500630829,0.0486041058565339,0.0481153763133431,0.0502499826892917
0.0465085500630829,0.0486041058565339,0.0481153763133431,0.0502499826892917
0.0465085500630829,0.0486041058565339,0.0481153763133431,0.0502499826892917
0.0465085500630829,0.0486041058565339,0.0481153763133431,0.0502499826892917
0.0465085500630829,0.0486041058565339,0.0481153763133431,0.0502499826892917
0.0465085500630829,0.0486041058565339,0.0483548000120025,0.0502499826892917
0.0465085500630829,0.0486041058565339,0.0483548000120025,0.0502499826892917
0.0465085500630829,0.0486041058565339,0.0483548000120025,0.0502499826892917
0.0470483757297985,0.0486041058565339,0.0483548000120025,0.0502499826892917
0.0470483757297985,0.0486041058565339,0.05671392422607,0.0502499826892917
0.0470483757297985,0.0486041058565339,0.05671392422607,0.0502499826892917
0.0470483757297985,0.0486041058565339,0.05671392422607,0.0502499826892917
0.0470483757297985,0.0486041058565339,0.05671392422607,0.0502499826892917
0.0470483757297985,0.0486041058565339,0.05671392422607,0.0502499826892917
0.0470483757297985,0.0486041058565339,0.05671392422607,0.0502499826892917
0.0470483757297985,0.0486041058565339,0.05671392422607,0.0502499826892917
0.0470178759579276,0.0486041058565339,0.05671392422607,0.0502499826892917
0.0470178759579276,0.0486041058565339,0.05671392422607,0.0502499826892917
0.0470178759579276,0.0486041058565339,0.0500970750172732,0.0502499826892917
0.0470178759579276,0.0486041058565339,0.0500970750172732,0.0502499826892917
0.0470178759579276,0.0486041058565339,0.0500970750172732,0.0502499826892917
0.0470178759579276,0.0486041058565339,0.0500970750172732,0.0502499826892917
0.0470178759579276,0.0486041058565339,0.0500970750172732,0.0502499826892917
0.0470178759579276,0.0486041058565339,0.0500970750172732,0.0502499826892917
0.0470178759579276,0.0486041058565339,0.0500970750172732,0.0502499826892917
0.0470178759579276,0.0486041058565339,0.0500970750172732,0.0502499826892917
0.0470178759579276,0.0486041058565339,0.0481531601651841,0.0502499826892917
0.0470178759579276,0.0486041058565339,0.0481531601651841,0.0502499826892917
0.0470178759579276,0.0486041058565339,0.0481531601651841,0.0502499826892917
0.0470178759579276,0.0486041058565339,0.0481531601651841,0.0502499826892917
0.0470178759579276,0.0486041058565339,0.0481531601651841,0.0502499826892917
0.0470178759579276,0.0486041058565339,0.0481531601651841,0.0502499826892917
0.0470178759579276,0.0456180431215058,0.0481531601651841,0.0502499826892917
0.0470178759579276,0.0456180431215058,0.0481531601651841,0.0502499826892917
0.0470178759579276,0.0456180431215058,0.0481531601651841,0.0502499826892917
0.0470178759579276,0.0456180431215058,0.0481531601651841,0.0502499826892917
0.0470178759579276,0.0456180431215058,0.0481531601651841,0.0502499826892917
0.0470178759579276,0.0456180431215058,0.0481531601651841,0.0502499826892917
0.0470178759579276,0.0492656803524388,0.0481531601651841,0.0502499826892917
0.0470178759579276,0.0492656803524388,0.0481531601651841,0.0502499826892917
0.0470178759579276,0.0492656803524388,0.0481531601651841,0.0502499826892917
0.0470178759579276,0.0492656803524388,0.0481531601651841,0.0502499826892917
0.0470178759579276,0.0492656803524388,0.0481531601651841,0.0502499826892917
0.0470178759579276,0.0492656803524388,0.0481531601651841,0.0502499826892917
0.0470178759579276,0.0510387367752145,0.0481531601651841,0.0502499826892917
0.0470178759579276,0.0510387367752145,0.0481531601651841,0.0502499826892917
0.0470178759579276,0.0510387367752145,0.0481531601651841,0.0502499826892917
0.0470178759579276,0.0510387367752145,0.0481531601651841,0.0502499826892917
0.0470178759579276,0.0510387367752145,0.0481531601651841,0.0502499826892917
0.0470178759579276,0.0480403567264878,0.0481531601651841,0.0502499826892917
0.0470178759579276,0.0480403567264878,0.0481531601651841,0.0502499826892917
0.0470178759579276,0.0480403567264878,0.0481531601651841,0.0502499826892917
0.0470178759579276,0.0480403567264878,0.0481531601651841,0.0502499826892917
0.0470178759579276,0.0480403567264878,0.0481531601651841,0.0502499826892917
0.0470178759579276,0.0543234901182289,0.0481531601651841,0.0502499826892917
0.0470178759579276,0.0543234901182289,0.0481531601651841,0.0502499826892917
0.0470178759579276,0.0543234901182289,0.0481531601651841,0.0502499826892917
0.0470178759579276,0.0543234901182289,0.0481531601651841,0.0502499826892917
0.0470178759579276,0.0543234901182289,0.0481531601651841,0.0502499826892917
0.0470178759579276,0.0543234901182289,0.0481531601651841,0.0502499826892917
0.0470178759579276,0.0543234901182289,0.0481531601651841,0.0502499826892917
0.0470178759579276,0.0543234901182289,0.0481531601651841,0.0483698394448933
0.0470178759579276,0.0543234901182289,0.0481531601651841,0.0483698394448933
0.0470178759579276,0.0543234901182289,0.0481531601651841,0.0483698394448933
0.0470178759579276,0.0543234901182289,0.0481531601651841,0.0483698394448933
0.0470178759579276,0.0543234901182289,0.0482477521083251,0.0483698394448933
0.0470178759579276,0.0543234901182289,0.0482477521083251,0.0483698394448933
0.0470178759579276,0.0543234901182289,0.0482477521083251,0.0483698394448933
0.0470178759579276,0.0543234901182289,0.0482477521083251,0.0483698394448933
0.0470178759579276,0.0543234901182289,0.0482477521083251,0.0483698394448933
0.0470178759579276,0.0543234901182289,0.0482477521083251,0.0483698394448933
0.0470178759579276,0.0543234901182289,0.0489940713994498,0.0483698394448933
0.0470178759579276,0.0543234901182289,0.0489940713994498,0.0483698394448933
0.0470178759579276,0.0543234901182289,0.0489940713994498,0.0483698394448933
0.0470178759579276,0.0543234901182289,0.0489940713994498,0.0483698394448933
0.0470178759579276,0.0543234901182289,0.0489940713994498,0.0483698394448933
0.0470178759579276,0.0543234901182289,0.0489940713994498,0.0483698394448933
0.0470178759579276,0.0543234901182289,0.0489940713994498,0.0483698394448933
0.0470178759579276,0.0543234901182289,0.0489940713994498,0.0483698394448933
0.0470178759579276,0.0543234901182289,0.0489940713994498,0.0483698394448933
0.0470178759579276,0.0543234901182289,0.0489940713994498,0.0483698394448933
0.0470178759579276,0.0543234901182289,0.0489940713994498,0.0483698394448933
0.0470178759579276,0.0543234901182289,0.0489940713994498,0.0483698394448933
0.0470178759579276,0.0543234901182289,0.0489940713994498,0.0483698394448933
0.0470178759579276,0.0543234901182289,0.0489940713994498,0.0483698394448933
0.0470178759579276,0.0543234901182289,0.0489940713994498,0.0483698394448933
0.0470178759579276,0.0543234901182289,0.0489940713994498,0.0483698394448933
0.0470178759579276,0.0543234901182289,0.0489940713994498,0.0483698394448933
0.0470178759579276,0.0543234901182289,0.0489940713994498,0.0483698394448933
0.0470178759579276,0.0543234901182289,0.0489940713994498,0.0483698394448933
0.0470178759579276,0.0537338460112389,0.0489940713994498,0.0483698394448933
0.0470178759579276,0.0537338460112389,0.0489940713994498,0.0483698394448933
0.0470178759579276,0.0537338460112389,0.0489940713994498,0.0483698394448933
0.0470178759579276,0.0537338460112389,0.0489940713994498,0.0483698394448933
0.0470178759579276,0.0537338460112389,0.0489940713994498,0.0483698394448933
0.0470178759579276,0.0537338460112389,0.0489940713994498,0.0483698394448933
0.0470178759579276,0.0537338460112389,0.0489940713994498,0.0483698394448933
0.0470178759579276,0.0537338460112389,0.0489940713994498,0.0483698394448933
0.0470178759579276,0.0537338460112389,0.0489940713994498,0.0483698394448933
0.0470178759579276,0.0537338460112389,0.0489940713994498,0.0483698394448933
0.0470178759579276,0.0537338460112389,0.0489940713994498,0.0483698394448933
0.0470178759579276,0.0537338460112389,0.0489940713994498,0.0483698394448933
0.0470178759579276,0.0537338460112389,0.0489940713994498,0.0483698394448933
0.0470178759579276,0.0536492763678304,0.0489940713994498,0.0483698394448933
0.0470178759579276,0.0536492763678304,0.0489940713994498,0.0483698394448933
0.0470178759579276,0.0536492763678304,0.0489940713994498,0.0479822064978529
0.0470178759579276,0.0536492763678304,0.0489940713994498,0.0479822064978529
0.0470178759579276,0.0536492763678304,0.0489940713994498,0.0479822064978529
0.0470178759579276,0.0536492763678304,0.0489940713994498,0.0479822064978529
0.0470178759579276,0.0536492763678304,0.0489940713994498,0.0479822064978529
0.0470178759579276,0.0536492763678304,0.0489940713994498,0.0479822064978529
0.0470178759579276,0.0536492763678304,0.0489940713994498,0.0479822064978529
0.0470178759579276,0.0536492763678304,0.0489940713994498,0.0479822064978529
0.0470178759579276,0.0536492763678304,0.0489940713994498,0.0479822064978529
0.0470178759579276,0.0536492763678304,0.0489940713994498,0.0479822064978529
0.0470178759579276,0.0536492763678304,0.0489940713994498,0.0479822064978529
0.0470178759579276,0.0536492763678304,0.0489940713994498,0.0479822064978529
0.0470178759579276,0.0536492763678304,0.0489940713994498,0.0479822064978529
0.0470178759579276,0.0536492763678304,0.0489940713994498,0.0479822064978529
0.0470178759579276,0.0536492763678304,0.0489940713994498,0.0479822064978529
0.0470178759579276,0.0536492763678304,0.0489940713994498,0.0479822064978529
0.0470178759579276,0.0536492763678304,0.0489940713994498,0.0479822064978529
0.0470178759579276,0.0536492763678304,0.0489940713994498,0.0479822064978529
0.0470178759579276,0.0536492763678304,0.0489940713994498,0.0479822064978529
0.0470178759579276,0.0536492763678304,0.0489940713994498,0.0479822064978529
0.0470178759579276,0.0536492763678304,0.0489940713994498,0.0479822064978529
0.0470178759579276,0.0530354303183417,0.0489940713994498,0.0479822064978529
0.0470178759579276,0.0530354303183417,0.0500641542306613,0.0479822064978529
0.0470178759579276,0.0530354303183417,0.0500641542306613,0.0479822064978529
0.0470178759579276,0.0530354303183417,0.0500641542306613,0.0479822064978529
0.0470178759579276,0.0530354303183417,0.0500641542306613,0.0479822064978529
0.0470178759579276,0.0530354303183417,0.0500641542306613,0.0479822064978529
0.0470178759579276,0.0530354303183417,0.0500641542306613,0.0479822064978529
0.0470178759579276,0.0530354303183417,0.0500641542306613,0.0479822064978529
0.0470178759579276,0.0530354303183417,0.0500641542306613,0.0479822064978529
0.0470178759579276,0.0530354303183417,0.0500641542306613,0.0479822064978529
0.0470178759579276,0.0530354303183417,0.0500641542306613,0.0479822064978529
0.0470178759579276,0.0530354303183417,0.0500641542306613,0.0479822064978529
0.0470178759579276,0.0530354303183417,0.0500641542306613,0.0479822064978529
0.0470178759579276,0.0530354303183417,0.0500641542306613,0.0479822064978529
0.0470178759579276,0.0530354303183417,0.0500641542306613,0.0479822064978529
0.0470178759579276,0.0530354303183417,0.0500641542306613,0.0479822064978529
0.0470178759579276,0.0530354303183417,0.0500641542306613,0.0479822064978529
0.0470178759579276,0.0530354303183417,0.0500641542306613,0.0479822064978529
0.0470178759579276,0.0530354303183417,0.0500641542306613,0.0492050550093809
0.0470178759579276,0.0530354303183417,0.0500641542306613,0.0492050550093809
0.0470178759579276,0.0530354303183417,0.0500641542306613,0.0492050550093809
0.0470178759579276,0.0492473966941905,0.0500641542306613,0.0492050550093809
0.0470178759579276,0.0492473966941905,0.0500641542306613,0.0492050550093809
0.0470178759579276,0.0492473966941905,0.0500641542306613,0.0492050550093809
0.0470178759579276,0.0492473966941905,0.0500641542306613,0.0492050550093809
0.0470178759579276,0.0492473966941905,0.0500641542306613,0.0492050550093809
0.0470178759579276,0.0492473966941905,0.0500641542306613,0.0492050550093809
0.0470178759579276,0.0492473966941905,0.0500641542306613,0.0492050550093809
0.0470178759579276,0.0492473966941905,0.0500641542306613,0.0492050550093809
0.0470178759579276,0.0492473966941905,0.0500641542306613,0.0492050550093809
0.0470178759579276,0.0492473966941905,0.0500641542306613,0.0492050550093809
0.0470178759579276,0.0492473966941905,0.0500641542306613,0.0492050550093809
0.0470178759579276,0.0492473966941905,0.0500641542306613,0.0492050550093809
0.0470178759579276,0.0492473966941905,0.0500641542306613,0.0492050550093809
0.0470178759579276,0.0492473966941905,0.0500641542306613,0.0492050550093809
0.0470178759579276,0.0492473966941905,0.0500641542306613,0.0492050550093809
0.0470178759579276,0.0492473966941905,0.0500641542306613,0.0492050550093809
0.0470178759579276,0.0492473966941905,0.0500641542306613,0.0492050550093809
0.0470178759579276,0.0492473966941905,0.0500641542306613,0.0492050550093809
0.0470178759579276,0.0492473966941905,0.0500641542306613,0.0492050550093809
0.0470178759579276,0.0492473966941905,0.0500641542306613,0.0492050550093809
0.0470178759579276,0.0492473966941905,0.0500641542306613,0.0492050550093809
0.0470178759579276,0.0492473966941905,0.0500641542306613,0.0492050550093809
0.0470178759579276,0.0492473966941905,0.0500641542306613,0.0492050550093809
0.0470178759579276,0.0492473966941905,0.0500641542306613,0.0492050550093809
0.0470178759579276,0.0492473966941905,0.0500641542306613,0.0492050550093809
0.0470178759579276,0.0492473966941905,0.0500641542306613,0.0492050550093809
0.0470178759579276,0.0492473966941905,0.0500641542306613,0.0492050550093809
0.0470178759579276,0.0492473966941905,0.0500641542306613,0.0492050550093809
0.0470178759579276,0.0492473966941905,0.0500641542306613,0.0492050550093809
0.0470178759579276,0.0492473966941905,0.0500641542306613,0.0492050550093809
0.0470178759579276,0.0492473966941905,0.0500641542306613,0.0492050550093809
0.0470178759579276,0.0492473966941905,0.0500641542306613,0.0492050550093809
0.0470178759579276,0.0492473966941905,0.0500641542306613,0.0492050550093809
0.0470178759579276,0.0492473966941905,0.0500641542306613,0.0492050550093809
0.0470178759579276,0.0492473966941905,0.0500641542306613,0.0492050550093809
0.0470178759579276,0.0492473966941905,0.0500641542306613,0.0497285242041414
0.0470178759579276,0.0492473966941905,0.0500641542306613,0.0497285242041414
0.0470178759579276,0.0492473966941905,0.0500641542306613,0.0497285242041414
0.0470178759579276,0.0492473966941905,0.0500641542306613,0.0497285242041414
0.0470178759579276,0.0492473966941905,0.0500641542306613,0.0497285242041414
0.0470178759579276,0.0492473966941905,0.0500641542306613,0.0497285242041414
0.0470178759579276,0.0492473966941905,0.0500641542306613,0.0497285242041414
0.0470178759579276,0.0492473966941905,0.0500641542306613,0.0497285242041414
0.0470178759579276,0.0492473966941905,0.0500641542306613,0.0497285242041414
0.0470178759579276,0.0492473966941905,0.0500641542306613,0.0497285242041414
0.0470178759579276,0.0492473966941905,0.0500641542306613,0.0497285242041414
0.0470178759579276,0.0492473966941905,0.0500641542306613,0.0497285242041414
0.0470178759579276,0.0492473966941905,0.0500641542306613,0.0497285242041414
0.0470178759579276,0.0492473966941905,0.0500641542306613,0.0497285242041414
0.0470178759579276,0.0516385528668414,0.0500641542306613,0.0501089468951686
0.0457378431529893,0.0516385528668414,0.047444528216946,0.0501089468951686
0.0457378431529893,0.0516385528668414,0.047444528216946,0.0501089468951686
0.0457378431529893,0.0482297711481426,0.047444528216946,0.0501089468951686
0.0457378431529893,0.0482297711481426,0.047444528216946,0.0501089468951686
0.0457378431529893,0.0482297711481426,0.047444528216946,0.0501089468951686
0.0457378431529893,0.0482297711481426,0.047444528216946,0.0501089468951686
0.0457378431529893,0.0482297711481426,0.047444528216946,0.0501089468951686
0.0457378431529893,0.0482297711481426,0.047444528216946,0.0501089468951686
0.0457378431529893,0.0482297711481426,0.047444528216946,0.0501089468951686
0.0457378431529893,0.0482297711481426,0.047444528216946,0.0501089468951686
0.0457378431529893,0.0482297711481426,0.047444528216946,0.0501089468951686
0.0457378431529893,0.0482297711481426,0.047444528216946,0.0501089468951686
0.0457378431529893,0.0482297711481426,0.047444528216946,0.0501089468951686
0.0457378431529893,0.0482297711481426,0.047444528216946,0.0501089468951686
0.0457378431529893,0.0482297711481426,0.047444528216946,0.0501089468951686
0.0457378431529893,0.0494834901910556,0.047444528216946,0.0501089468951686
0.0457378431529893,0.0494834901910556,0.047444528216946,0.0501089468951686
0.0457378431529893,0.0494834901910556,0.047444528216946,0.0501089468951686
0.0457378431529893,0.0481570982500611,0.047444528216946,0.0501089468951686
0.0457378431529893,0.0481570982500611,0.047444528216946,0.0501089468951686
0.0457378431529893,0.0481570982500611,0.047444528216946,0.0501089468951686
0.0457378431529893,0.0481570982500611,0.047444528216946,0.0501089468951686
0.0457378431529893,0.0481570982500611,0.047444528216946,0.0501089468951686
0.0457378431529893,0.0481570982500611,0.047444528216946,0.0501089468951686
0.0457378431529893,0.0481570982500611,0.047444528216946,0.0501089468951686
0.0457378431529893,0.0481570982500611,0.047444528216946,0.0501089468951686
0.0457378431529893,0.0481570982500611,0.047444528216946,0.0501089468951686
0.0457378431529893,0.0481570982500611,0.047444528216946,0.0501089468951686
0.0457378431529893,0.0481570982500611,0.047444528216946,0.0501089468951686
0.0457378431529893,0.0481570982500611,0.047444528216946,0.0501089468951686
0.0457378431529893,0.0504020314127804,0.047444528216946,0.0501089468951686
0.0457378431529893,0.0504020314127804,0.047444528216946,0.0501089468951686
0.0457378431529893,0.0504020314127804,0.047444528216946,0.0501089468951686
0.0457378431529893,0.0504020314127804,0.047444528216946,0.0501089468951686
0.0457378431529893,0.0504020314127804,0.047444528216946,0.0501089468951686
0.0457378431529893,0.0504020314127804,0.047444528216946,0.0501089468951686
0.0457378431529893,0.0504020314127804,0.047444528216946,0.0501089468951686
0.0457378431529893,0.0504020314127804,0.047444528216946,0.0501089468951686
0.0457378431529893,0.0504020314127804,0.047444528216946,0.0501089468951686
0.0457378431529893,0.0504020314127804,0.047444528216946,0.0501089468951686
0.0457378431529893,0.0504020314127804,0.047444528216946,0.0501089468951686
0.0457378431529893,0.0504020314127804,0.047444528216946,0.0501089468951686
0.0457378431529893,0.0504020314127804,0.047444528216946,0.0501089468951686
0.0457378431529893,0.0504020314127804,0.047444528216946,0.0501089468951686
0.0457378431529893,0.0504020314127804,0.047444528216946,0.0501089468951686
0.0457378431529893,0.0504020314127804,0.047444528216946,0.0501089468951686
0.0457378431529893,0.0504020314127804,0.047444528216946,0.0501089468951686
0.0457378431529893,0.0504020314127804,0.047444528216946,0.0501089468951686
0.0457378431529893,0.0504020314127804,0.047444528216946,0.0501089468951686
0.0457378431529893,0.0504020314127804,0.047444528216946,0.0501089468951686
0.0457378431529893,0.0504020314127804,0.0462735533063336,0.0501089468951686
0.0457378431529893,0.0504020314127804,0.0462735533063336,0.0501089468951686
0.0457378431529893,0.0504020314127804,0.0462735533063336,0.0501089468951686
0.0457378431529893,0.0504020314127804,0.0462735533063336,0.0501089468951686
0.0457378431529893,0.0504020314127804,0.0462735533063336,0.0501089468951686
0.0457378431529893,0.0504020314127804,0.0462735533063336,0.0501089468951686
0.0457378431529893,0.0504020314127804,0.0462735533063336,0.0501089468951686
0.0457378431529893,0.0504020314127804,0.0462735533063336,0.0490920449243024
0.0457378431529893,0.0504020314127804,0.0462735533063336,0.0490920449243024
0.0457378431529893,0.0504020314127804,0.0462735533063336,0.0490920449243024
0.0457378431529893,0.0504020314127804,0.0462735533063336,0.0490920449243024
0.0457378431529893,0.0504020314127804,0.0462735533063336,0.0490920449243024
0.0457378431529893,0.0504020314127804,0.0462735533063336,0.0490920449243024
0.0457378431529893,0.0504020314127804,0.0462735533063336,0.0490920449243024
0.0457378431529893,0.0504020314127804,0.0462735533063336,0.0490920449243024
0.0457378431529893,0.0504020314127804,0.0462735533063336,0.0490920449243024
0.0457378431529893,0.0478989070176357,0.0462735533063336,0.0490920449243024
0.0457378431529893,0.0478989070176357,0.0462735533063336,0.0447624508309295
0.0457378431529893,0.0478989070176357,0.0462735533063336,0.0447624508309295
0.0457378431529893,0.0521518133967134,0.0462735533063336,0.0447624508309295
0.0457378431529893,0.0521518133967134,0.0462735533063336,0.0447624508309295
0.0457378431529893,0.0521518133967134,0.0462735533063336,0.0447624508309295
0.0457378431529893,0.0521518133967134,0.0462735533063336,0.0447624508309295
0.0457378431529893,0.0512531916364128,0.0462735533063336,0.0447624508309295
0.0457378431529893,0.0512531916364128,0.0462735533063336,0.0447624508309295
0.0457378431529893,0.0512531916364128,0.0462735533063336,0.0447624508309295
0.0457378431529893,0.0512531916364128,0.0462735533063336,0.0447624508309295
0.0457378431529893,0.0512531916364128,0.0462735533063336,0.0447624508309295
0.0457378431529893,0.0512531916364128,0.0455687137792873,0.0447624508309295
0.0457378431529893,0.0512531916364128,0.0455687137792873,0.0530797989066679
0.0457378431529893,0.0512531916364128,0.0455687137792873,0.0388044328836749
0.0457378431529893,0.0512531916364128,0.0455687137792873,0.0388044328836749
0.0457378431529893,0.0512531916364128,0.0455687137792873,0.04750714859979
0.0457378431529893,0.0512531916364128,0.0455687137792873,0.04750714859979
0.0457378431529893,0.0512531916364128,0.0455687137792873,0.04750714859979
0.0457378431529893,0.0512531916364128,0.0455687137792873,0.04750714859979
0.0457378431529893,0.0512531916364128,0.0455687137792873,0.04750714859979
0.0457378431529893,0.0512531916364128,0.0455687137792873,0.04750714859979
0.0457378431529893,0.0512531916364128,0.0455687137792873,0.04750714859979
0.0457378431529893,0.0512531916364128,0.0455687137792873,0.04750714859979
0.0457378431529893,0.0512531916364128,0.0455687137792873,0.04750714859979
0.0457378431529893,0.0512531916364128,0.0455687137792873,0.04750714859979
0.0457378431529893,0.0512531916364128,0.0455687137792873,0.04750714859979
0.0457378431529893,0.0512531916364128,0.0455687137792873,0.04750714859979
0.0457378431529893,0.0512531916364128,0.0455687137792873,0.0512911124389245
0.0457378431529893,0.0512531916364128,0.0455687137792873,0.0512911124389245
0.0457378431529893,0.0512531916364128,0.0455687137792873,0.0512911124389245
0.0457378431529893,0.0512531916364128,0.0455687137792873,0.0512911124389245
0.0457378431529893,0.0512531916364128,0.0455687137792873,0.0512911124389245
0.0457378431529893,0.0512531916364128,0.0455687137792873,0.0512911124389245
0.0457378431529893,0.0512531916364128,0.0455687137792873,0.0512911124389245
0.0457378431529893,0.0512531916364128,0.0455687137792873,0.0512911124389245
0.0457378431529893,0.0512531916364128,0.0455687137792873,0.0512911124389245
0.0457378431529893,0.0423203223240927,0.0455687137792873,0.0512911124389245
0.0457378431529893,0.0423203223240927,0.0455687137792873,0.0512911124389245
0.0457378431529893,0.0423203223240927,0.0455687137792873,0.0512911124389245
0.0457378431529893,0.0423203223240927,0.0455687137792873,0.0512911124389245
0.0457378431529893,0.0423203223240927,0.0455687137792873,0.0512911124389245
0.0457378431529893,0.0423203223240927,0.0455687137792873,0.0512911124389245
0.0457378431529893,0.0423203223240927,0.0455687137792873,0.0512911124389245
0.0457378431529893,0.0423203223240927,0.0455687137792873,0.0512911124389245
0.0457378431529893,0.0409537186277992,0.0455687137792873,0.0498176225489232
0.0457378431529893,0.0409537186277992,0.0455687137792873,0.0498176225489232
0.0457378431529893,0.0409537186277992,0.0455687137792873,0.0498176225489232
0.0457378431529893,0.0409537186277992,0.0455687137792873,0.0498176225489232
0.0457378431529893,0.0409537186277992,0.0455687137792873,0.0498176225489232
0.0457378431529893,0.0409537186277992,0.0459955245466602,0.0498176225489232
0.0457378431529893,0.0409537186277992,0.0459955245466602,0.0498176225489232
0.0457378431529893,0.0409537186277992,0.0459955245466602,0.0498176225489232
0.0457378431529893,0.0409537186277992,0.0459955245466602,0.0498176225489232
0.0457378431529893,0.0409537186277992,0.0459955245466602,0.0498176225489232
0.0457378431529893,0.0409537186277992,0.0459955245466602,0.0498176225489232
0.0457378431529893,0.0409537186277992,0.0459955245466602,0.0498176225489232
0.0457378431529893,0.0409537186277992,0.0459955245466602,0.0498176225489232
0.0457378431529893,0.0409537186277992,0.0459955245466602,0.0498176225489232
0.0457378431529893,0.0409537186277992,0.0459955245466602,0.0498176225489232
0.0457378431529893,0.0409537186277992,0.0459955245466602,0.0498176225489232
0.0457378431529893,0.0409537186277992,0.0459955245466602,0.0498176225489232
0.0457378431529893,0.0409537186277992,0.0459955245466602,0.0498176225489232
0.0457378431529893,0.0409537186277992,0.0459955245466602,0.0498176225489232
0.0457378431529893,0.0409537186277992,0.0459955245466602,0.0498176225489232
0.0457378431529893,0.0409537186277992,0.0459955245466602,0.0498176225489232
0.0457378431529893,0.0409537186277992,0.0459955245466602,0.0498176225489232
0.0457378431529893,0.0409537186277992,0.0459955245466602,0.0498176225489232
0.0457378431529893,0.0409537186277992,0.0459955245466602,0.0498176225489232
0.0457378431529893,0.0409537186277992,0.0459955245466602,0.0498176225489232
0.0457378431529893,0.0409537186277992,0.0459955245466602,0.0498176225489232
0.0457378431529893,0.0409537186277992,0.0459955245466602,0.0498176225489232
0.0457378431529893,0.0409537186277992,0.0459955245466602,0.0498176225489232
0.0457378431529893,0.0409537186277992,0.0459955245466602,0.0498176225489232
0.0457378431529893,0.0409537186277992,0.0459955245466602,0.0498176225489232
0.0457378431529893,0.0409537186277992,0.0459955245466602,0.0498176225489232
0.0457378431529893,0.0409537186277992,0.0459955245466602,0.0498176225489232
0.0457378431529893,0.0399367987152727,0.0459955245466602,0.0498176225489232
0.0457378431529893,0.0399367987152727,0.0459955245466602,0.0498176225489232
0.0457378431529893,0.0399367987152727,0.0459955245466602,0.0498176225489232
0.0457378431529893,0.0399367987152727,0.0459955245466602,0.0498176225489232
0.0457378431529893,0.0399367987152727,0.0459955245466602,0.0498176225489232
0.0457378431529893,0.0399367987152727,0.0459955245466602,0.0498176225489232
0.0457378431529893,0.0399367987152727,0.0459955245466602,0.0498176225489232
0.0457378431529893,0.0399367987152727,0.0459955245466602,0.0498176225489232
0.0457378431529893,0.0399367987152727,0.0459955245466602,0.0498176225489232
0.0457378431529893,0.0399367987152727,0.0459955245466602,0.0498176225489232
0.0457378431529893,0.0399367987152727,0.0459955245466602,0.0498176225489232
0.0457378431529893,0.0399367987152727,0.0459955245466602,0.0498176225489232
0.0457378431529893,0.0399367987152727,0.0459955245466602,0.0498176225489232
0.0457378431529893,0.0399367987152727,0.0459955245466602,0.0498176225489232
0.0457378431529893,0.0399367987152727,0.0459955245466602,0.0498176225489232
0.0457378431529893,0.0399367987152727,0.0459955245466602,0.0498176225489232
0.0457378431529893,0.0399367987152727,0.0459955245466602,0.050648737652314
0.0457378431529893,0.0399367987152727,0.0459955245466602,0.050648737652314
0.0457378431529893,0.0399367987152727,0.0459955245466602,0.050648737652314
0.0457378431529893,0.0399367987152727,0.0459955245466602,0.050648737652314
0.0457378431529893,0.0399367987152727,0.0459955245466602,0.050648737652314
0.0457378431529893,0.0399367987152727,0.0459955245466602,0.050648737652314
0.0440617430205284,0.0399367987152727,0.0459955245466602,0.050648737652314
0.0440617430205284,0.0414939456888226,0.0459955245466602,0.050648737652314
0.0440617430205284,0.0414939456888226,0.0459955245466602,0.050648737652314
0.0440617430205284,0.0414939456888226,0.0459955245466602,0.050648737652314
0.0440617430205284,0.0414939456888226,0.0459955245466602,0.050648737652314
0.0440617430205284,0.0414939456888226,0.0459955245466602,0.050648737652314
0.0440617430205284,0.0414939456888226,0.0459955245466602,0.050648737652314
0.0440617430205284,0.0414939456888226,0.0459955245466602,0.050648737652314
0.0440617430205284,0.0414939456888226,0.0459955245466602,0.050648737652314
0.0453932995282457,0.0414939456888226,0.0459955245466602,0.050648737652314
0.0453932995282457,0.0414939456888226,0.0459955245466602,0.050648737652314
0.0453932995282457,0.0414939456888226,0.0388558856035042,0.050648737652314
0.0453932995282457,0.0414939456888226,0.0388558856035042,0.050648737652314
0.0453932995282457,0.0414939456888226,0.0388558856035042,0.050648737652314
0.0453932995282457,0.0414939456888226,0.0388558856035042,0.050648737652314
0.0453932995282457,0.0414939456888226,0.0388558856035042,0.050648737652314
0.0453932995282457,0.0414939456888226,0.0388558856035042,0.050648737652314
0.0453932995282457,0.0414939456888226,0.0388558856035042,0.050648737652314
0.0453932995282457,0.0414939456888226,0.0388558856035042,0.050648737652314
0.0453932995282457,0.0414939456888226,0.0388558856035042,0.050648737652314
0.0453932995282457,0.0414939456888226,0.0388558856035042,0.050648737652314
0.0453932995282457,0.0414939456888226,0.0388558856035042,0.050648737652314
0.0453932995282457,0.0414939456888226,0.0388558856035042,0.050648737652314
0.0453932995282457,0.0414939456888226,0.0388558856035042,0.050648737652314
0.0453932995282457,0.0414180397517407,0.0388558856035042,0.050648737652314
0.0453932995282457,0.0414180397517407,0.0388558856035042,0.050648737652314
0.0453932995282457,0.0469385746262528,0.0388558856035042,0.050648737652314
0.0453932995282457,0.0469385746262528,0.0388558856035042,0.050648737652314
0.0453932995282457,0.0469385746262528,0.0388558856035042,0.050648737652314
0.0453932995282457,0.0469385746262528,0.0388558856035042,0.050648737652314
0.0453932995282457,0.0469385746262528,0.0388558856035042,0.050648737652314
0.0453932995282457,0.0469385746262528,0.0388558856035042,0.050648737652314
0.0453932995282457,0.0469385746262528,0.0388558856035042,0.050648737652314
0.0453932995282457,0.0469385746262528,0.0388558856035042,0.050648737652314
0.0453932995282457,0.0469385746262528,0.0388558856035042,0.050648737652314
0.0453932995282457,0.0469385746262528,0.0388558856035042,0.050648737652314
0.0453932995282457,0.0469385746262528,0.0388558856035042,0.050648737652314
0.0453932995282457,0.0469385746262528,0.0388558856035042,0.050648737652314
0.0453932995282457,0.0469385746262528,0.0388558856035042,0.0482047930537602
0.0453932995282457,0.0480115305379335,0.0388558856035042,0.0482047930537602
0.0453932995282457,0.0480115305379335,0.0388558856035042,0.0482047930537602
0.0453932995282457,0.0480115305379335,0.0388558856035042,0.0482047930537602
0.0453932995282457,0.0480115305379335,0.0388558856035042,0.0482047930537602
0.0453932995282457,0.0480115305379335,0.0388558856035042,0.0482047930537602
0.0453932995282457,0.0480115305379335,0.0388558856035042,0.0482047930537602
0.0453932995282457,0.0480115305379335,0.0423759169076517,0.0482047930537602
0.0453932995282457,0.0480115305379335,0.0423759169076517,0.0482047930537602
0.0453932995282457,0.0480115305379335,0.0423759169076517,0.0482047930537602
0.0453932995282457,0.0480115305379335,0.0423759169076517,0.0482047930537602
0.0453932995282457,0.0480115305379335,0.0423759169076517,0.0482047930537602
0.0453932995282457,0.0480115305379335,0.0423759169076517,0.0482047930537602
0.0453932995282457,0.0480115305379335,0.0423759169076517,0.0482047930537602
0.0453932995282457,0.0480115305379335,0.0423759169076517,0.0482556987232995
0.0453932995282457,0.0480115305379335,0.0423759169076517,0.0482556987232995
0.0453932995282457,0.0480115305379335,0.0423759169076517,0.0482556987232995
0.0453932995282457,0.0480115305379335,0.0423759169076517,0.0482556987232995
0.0453932995282457,0.0480115305379335,0.0423759169076517,0.0482556987232995
0.0453932995282457,0.0480115305379335,0.0423759169076517,0.0482556987232995
0.0453932995282457,0.0480115305379335,0.0423759169076517,0.0482556987232995
0.0453932995282457,0.0480115305379335,0.0423759169076517,0.0482556987232995
0.0453932995282457,0.0480115305379335,0.0423759169076517,0.0482556987232995
0.0453932995282457,0.0480115305379335,0.0423759169076517,0.0482556987232995
0.0453932995282457,0.0480115305379335,0.0423759169076517,0.0482556987232995
0.0453932995282457,0.0480115305379335,0.0423759169076517,0.0482556987232995
0.0453932995282457,0.0480115305379335,0.0423759169076517,0.0482556987232995
0.0453932995282457,0.0480115305379335,0.0423759169076517,0.0482556987232995
0.0453932995282457,0.0480115305379335,0.0423759169076517,0.0482556987232995
0.0453932995282457,0.0480115305379335,0.0423759169076517,0.0482556987232995
0.0453932995282457,0.0480115305379335,0.0416463303107137,0.0482556987232995
0.0453932995282457,0.0480115305379335,0.0416463303107137,0.0482556987232995
0.0453932995282457,0.0480115305379335,0.0416463303107137,0.0482556987232995
0.0453932995282457,0.0480115305379335,0.0416463303107137,0.0482556987232995
0.0453932995282457,0.0386634754146521,0.0416463303107137,0.0482556987232995
0.0453932995282457,0.0386634754146521,0.0416463303107137,0.0482556987232995
0.0453932995282457,0.0386634754146521,0.0416463303107137,0.0482556987232995
0.0453932995282457,0.0386634754146521,0.0416463303107137,0.0482556987232995
0.0453932995282457,0.0386634754146521,0.0416463303107137,0.0482556987232995
0.0453932995282457,0.0386634754146521,0.0416463303107137,0.0482556987232995
0.0453932995282457,0.0386634754146521,0.0416463303107137,0.0482556987232995
0.0453932995282457,0.0386634754146521,0.0416463303107137,0.0482556987232995
0.0453932995282457,0.0386634754146521,0.0416463303107137,0.0482556987232995
0.0453932995282457,0.0386634754146521,0.0416463303107137,0.0482556987232995
0.0453932995282457,0.0386634754146521,0.0416463303107137,0.0482556987232995
0.0453932995282457,0.0386634754146521,0.0416463303107137,0.0482556987232995
0.0453932995282457,0.0386634754146521,0.0416463303107137,0.0482556987232995
0.0453932995282457,0.0389464039417316,0.0416463303107137,0.0482556987232995
0.0453932995282457,0.0389464039417316,0.0416463303107137,0.0482556987232995
0.0453932995282457,0.0389464039417316,0.0416463303107137,0.0482556987232995
0.0453932995282457,0.0389464039417316,0.0416463303107137,0.0482556987232995
0.0453932995282457,0.0389464039417316,0.0416463303107137,0.0482556987232995
0.0453932995282457,0.0389464039417316,0.0416463303107137,0.0482556987232995
0.0453932995282457,0.0389464039417316,0.0416463303107137,0.0482556987232995
0.0453932995282457,0.0389464039417316,0.0416463303107137,0.0482556987232995
0.0453932995282457,0.0389464039417316,0.0416463303107137,0.0482556987232995
0.0453932995282457,0.0389464039417316,0.0416463303107137,0.0482556987232995
0.0453932995282457,0.0389464039417316,0.0416463303107137,0.0482556987232995
0.0453932995282457,0.0389464039417316,0.0416463303107137,0.0482556987232995
0.0453932995282457,0.0389464039417316,0.0416463303107137,0.0482556987232995
0.0453932995282457,0.0389464039417316,0.0416463303107137,0.0482556987232995
0.0453932995282457,0.0389464039417316,0.0416463303107137,0.0482556987232995
0.0453932995282457,0.0389464039417316,0.0416463303107137,0.0482556987232995
0.0453932995282457,0.0389464039417316,0.0416463303107137,0.0482556987232995
0.0467745028641449,0.0389464039417316,0.0416463303107137,0.0482556987232995
0.0467745028641449,0.0389464039417316,0.0416463303107137,0.0482556987232995
0.0467745028641449,0.0389464039417316,0.0416463303107137,0.0482556987232995
0.0467745028641449,0.0389464039417316,0.0416463303107137,0.0482556987232995
0.0467745028641449,0.0389464039417316,0.0416463303107137,0.0482556987232995
0.0467745028641449,0.0389464039417316,0.0416463303107137,0.0482556987232995
0.0467745028641449,0.0389464039417316,0.0416463303107137,0.0482556987232995
0.0467745028641449,0.0389464039417316,0.0466500283728722,0.0482556987232995
0.0467745028641449,0.0389464039417316,0.0466500283728722,0.0482556987232995
0.0467745028641449,0.0389464039417316,0.0466500283728722,0.0482556987232995
0.0467745028641449,0.0389464039417316,0.0466500283728722,0.0482556987232995
0.0467745028641449,0.0389464039417316,0.0466500283728722,0.0482556987232995
0.0467745028641449,0.0389464039417316,0.0466500283728722,0.0482556987232995
0.0467745028641449,0.0389464039417316,0.0466500283728722,0.0482556987232995
0.0467745028641449,0.0389464039417316,0.0466500283728722,0.0482556987232995
0.0467745028641449,0.0389464039417316,0.0466500283728722,0.0482556987232995
0.0467745028641449,0.0389464039417316,0.0466500283728722,0.0482556987232995
0.0467745028641449,0.0389464039417316,0.0466500283728722,0.0482556987232995
0.0467745028641449,0.0389464039417316,0.0466500283728722,0.0482556987232995
0.0467745028641449,0.0389464039417316,0.0466500283728722,0.0482556987232995
0.0467745028641449,0.0389464039417316,0.0466500283728722,0.0482556987232995
0.0467745028641449,0.0389464039417316,0.0466500283728722,0.0482556987232995
0.0467745028641449,0.0389464039417316,0.0466500283728722,0.0482556987232995
0.0467745028641449,0.0389464039417316,0.0466500283728722,0.0482556987232995
0.0467745028641449,0.0389464039417316,0.0466500283728722,0.0482556987232995
0.0467745028641449,0.0389464039417316,0.0466500283728722,0.0482556987232995
0.0467745028641449,0.0389464039417316,0.0466500283728722,0.0482556987232995
0.048308723045404,0.0389464039417316,0.0466500283728722,0.0482556987232995
0.048308723045404,0.0407969711147077,0.0466500283728722,0.0482556987232995
0.048308723045404,0.0407969711147077,0.0466500283728722,0.0482556987232995
0.048308723045404,0.0407969711147077,0.0466500283728722,0.0482556987232995
0.048308723045404,0.0407969711147077,0.0466500283728722,0.0482556987232995
0.048308723045404,0.0407969711147077,0.0466500283728722,0.0482556987232995
0.048308723045404,0.0407969711147077,0.0466500283728722,0.0482556987232995
0.048308723045404,0.0407969711147077,0.0466500283728722,0.0482556987232995
0.048308723045404,0.0407969711147077,0.0466500283728722,0.0482556987232995
0.048308723045404,0.0407969711147077,0.0466500283728722,0.0482556987232995
0.048308723045404,0.0407969711147077,0.0466500283728722,0.0482556987232995
0.048308723045404,0.0407969711147077,0.0466500283728722,0.0482556987232995
0.048308723045404,0.0407969711147077,0.0466500283728722,0.0482556987232995
0.048308723045404,0.0407969711147077,0.0466500283728722,0.0482556987232995
0.048308723045404,0.0407969711147077,0.0466500283728722,0.0482556987232995
0.048308723045404,0.0407969711147077,0.0466500283728722,0.0576332879474829
0.048308723045404,0.0407969711147077,0.0466500283728722,0.0576332879474829
0.048308723045404,0.0407969711147077,0.0466500283728722,0.0576332879474829
0.048308723045404,0.0407969711147077,0.0466500283728722,0.0565184646600799
0.048308723045404,0.0407969711147077,0.0466500283728722,0.0565184646600799
0.048308723045404,0.0427553896276321,0.0466500283728722,0.0565184646600799
0.048308723045404,0.0427553896276321,0.0466500283728722,0.0565184646600799
0.048308723045404,0.0423073663603585,0.0466500283728722,0.0565184646600799
0.048308723045404,0.0423073663603585,0.0466500283728722,0.0565184646600799
0.048308723045404,0.0423073663603585,0.0466500283728722,0.0565184646600799
0.048308723045404,0.0423073663603585,0.0466500283728722,0.0565184646600799
0.048308723045404,0.0423073663603585,0.0466500283728722,0.0565184646600799
0.048308723045404,0.0423073663603585,0.0472616577432879,0.0565184646600799
0.048308723045404,0.0423073663603585,0.0472616577432879,0.0565184646600799
0.048308723045404,0.0423073663603585,0.0472616577432879,0.0565184646600799
0.048308723045404,0.0423073663603585,0.0472616577432879,0.0565184646600799
0.048308723045404,0.0423073663603585,0.0472616577432879,0.0565184646600799
0.048308723045404,0.0423073663603585,0.0472616577432879,0.0565184646600799
0.048308723045404,0.0423073663603585,0.0472616577432879,0.0565184646600799
0.048308723045404,0.0423073663603585,0.0472616577432879,0.0565184646600799
0.048308723045404,0.0423073663603585,0.0472616577432879,0.0565184646600799
0.048308723045404,0.0423073663603585,0.0472616577432879,0.0565184646600799
0.048308723045404,0.0423073663603585,0.0472616577432879,0.0565184646600799
0.048308723045404,0.0423073663603585,0.0472616577432879,0.0565184646600799
0.048308723045404,0.0423073663603585,0.0472616577432879,0.0565184646600799
0.048308723045404,0.0423073663603585,0.0472616577432879,0.0565184646600799
0.048308723045404,0.0423073663603585,0.0472616577432879,0.0565184646600799
0.048308723045404,0.0423073663603585,0.0472616577432879,0.0565184646600799
0.048308723045404,0.0423073663603585,0.0472616577432879,0.0565184646600799
0.048308723045404,0.0423073663603585,0.0472616577432879,0.0559555178213913
0.048308723045404,0.0423073663603585,0.0472616577432879,0.0559555178213913
0.048308723045404,0.0423073663603585,0.0472616577432879,0.0559555178213913
0.048308723045404,0.0423073663603585,0.0472616577432879,0.0559555178213913
0.048308723045404,0.0423073663603585,0.0472616577432879,0.0559555178213913
0.048308723045404,0.0423073663603585,0.0472616577432879,0.0559555178213913
0.048308723045404,0.0423073663603585,0.0472616577432879,0.0559555178213913
0.048308723045404,0.0423073663603585,0.0421994796909479,0.0559555178213913
0.048308723045404,0.0423073663603585,0.0421994796909479,0.0559555178213913
0.048308723045404,0.0423073663603585,0.0421994796909479,0.0559555178213913
0.048308723045404,0.0423073663603585,0.0421994796909479,0.0559555178213913
0.0452066780994903,0.0423073663603585,0.0421994796909479,0.0559555178213913
0.0452066780994903,0.0423073663603585,0.0421994796909479,0.0559555178213913
0.0452066780994903,0.0423073663603585,0.0421994796909479,0.0559555178213913
0.0452066780994903,0.0423073663603585,0.0421994796909479,0.0559555178213913
0.0452066780994903,0.0423073663603585,0.0421994796909479,0.0559555178213913
0.0452066780994903,0.0423073663603585,0.0421994796909479,0.0559555178213913
0.0452066780994903,0.0423073663603585,0.0421994796909479,0.0559555178213913
0.0452066780994903,0.0423073663603585,0.0421994796909479,0.0559555178213913
0.0452066780994903,0.0423073663603585,0.0421994796909479,0.0559555178213913
0.0452066780994903,0.0423073663603585,0.0421994796909479,0.0559555178213913
0.0452066780994903,0.0423073663603585,0.0421994796909479,0.0559555178213913
0.0452066780994903,0.0423073663603585,0.0421994796909479,0.0559555178213913
0.0452066780994903,0.0423073663603585,0.0421994796909479,0.0559555178213913
0.0452066780994903,0.0423073663603585,0.0421994796909479,0.0559555178213913
0.0452066780994903,0.0423073663603585,0.0421994796909479,0.0559555178213913
0.0452066780994903,0.0423073663603585,0.0421994796909479,0.0559555178213913
0.0452066780994903,0.0423073663603585,0.0421994796909479,0.0559555178213913
0.0452066780994903,0.0423073663603585,0.0421994796909479,0.0559555178213913
0.0452066780994903,0.0423073663603585,0.0421994796909479,0.0559555178213913
0.0452066780994903,0.0423073663603585,0.0484870666205142,0.0559555178213913
0.0452066780994903,0.0423073663603585,0.0484870666205142,0.0559555178213913
0.0452066780994903,0.0423073663603585,0.0484870666205142,0.0559555178213913
0.0452066780994903,0.0423073663603585,0.0484870666205142,0.0425970954461923
0.0452066780994903,0.0423073663603585,0.0484870666205142,0.0425970954461923
0.0452066780994903,0.0423073663603585,0.0484870666205142,0.0425970954461923
0.0452066780994903,0.0423073663603585,0.0484870666205142,0.0425970954461923
0.0452066780994903,0.0423073663603585,0.0517568487092759,0.0425970954461923
0.0452066780994903,0.0423073663603585,0.0517568487092759,0.0425970954461923
0.0452066780994903,0.0423073663603585,0.0517568487092759,0.0425970954461923
0.0452066780994903,0.0423073663603585,0.0517568487092759,0.0425970954461923
0.0452066780994903,0.0423073663603585,0.0517568487092759,0.0425970954461923
0.0452066780994903,0.0423073663603585,0.0517568487092759,0.0425970954461923
0.0452066780994903,0.0423073663603585,0.0517568487092759,0.0496934037197007
0.0452066780994903,0.0423073663603585,0.0517568487092759,0.0496934037197007
0.0452066780994903,0.0423073663603585,0.0517568487092759,0.0496934037197007
0.0452066780994903,0.0423073663603585,0.0517568487092759,0.0496934037197007
0.0452066780994903,0.0423073663603585,0.0517568487092759,0.0496934037197007
0.0452066780994903,0.0423073663603585,0.0517568487092759,0.0496934037197007
0.0452066780994903,0.0423073663603585,0.0517568487092759,0.0496934037197007
0.0452066780994903,0.0423073663603585,0.0517568487092759,0.0496934037197007
0.0452066780994903,0.0423073663603585,0.0517568487092759,0.0496934037197007
0.0452066780994903,0.0423073663603585,0.0515686211338971,0.0496934037197007
0.0452066780994903,0.0423073663603585,0.0515686211338971,0.0496934037197007
0.0452066780994903,0.0423073663603585,0.0515686211338971,0.0496934037197007
0.0452066780994903,0.0423073663603585,0.0515686211338971,0.0496934037197007
0.0452066780994903,0.0423073663603585,0.0515686211338971,0.0496934037197007
0.0452066780994903,0.0423073663603585,0.0515686211338971,0.0496934037197007
0.0452066780994903,0.0423073663603585,0.0515686211338971,0.0496934037197007
0.0452066780994903,0.0423073663603585,0.0515686211338971,0.0496934037197007
0.0452066780994903,0.0423073663603585,0.0515686211338971,0.0496934037197007
0.0452066780994903,0.0423073663603585,0.0515686211338971,0.0496934037197007
0.0452066780994903,0.0423073663603585,0.0515686211338971,0.0496934037197007
0.0452066780994903,0.0423073663603585,0.0512872848728517,0.0496934037197007
0.0452066780994903,0.0423073663603585,0.0512872848728517,0.0496934037197007
0.0452066780994903,0.0423073663603585,0.0512872848728517,0.0496934037197007
0.0452066780994903,0.0423073663603585,0.0512872848728517,0.0496934037197007
0.0452066780994903,0.0423073663603585,0.0512872848728517,0.0496934037197007
0.0452066780994903,0.0423073663603585,0.0515354248638501,0.0496934037197007
0.0452066780994903,0.0423073663603585,0.0515354248638501,0.0496934037197007
0.0452066780994903,0.0423073663603585,0.0515354248638501,0.0496934037197007
0.0452066780994903,0.0423073663603585,0.0515354248638501,0.0496934037197007
0.0452066780994903,0.0423073663603585,0.0515354248638501,0.0496934037197007
0.0452066780994903,0.0423073663603585,0.0515354248638501,0.0496934037197007
0.0452066780994903,0.0423073663603585,0.0515354248638501,0.0496934037197007
0.0452066780994903,0.0405952141357206,0.0515354248638501,0.0496934037197007
0.0452066780994903,0.0405952141357206,0.0515354248638501,0.0496934037197007
0.0452066780994903,0.0405952141357206,0.0515354248638501,0.0496934037197007
0.0452066780994903,0.0405952141357206,0.0515354248638501,0.0496934037197007
0.0452066780994903,0.0405952141357206,0.0515354248638501,0.0496934037197007
0.0468566168874782,0.0405952141357206,0.0515354248638501,0.0496934037197007
0.0468566168874782,0.0405952141357206,0.0515354248638501,0.0496934037197007
0.0468566168874782,0.0405952141357206,0.0515354248638501,0.0496934037197007
0.0468566168874782,0.0405952141357206,0.0515354248638501,0.0496934037197007
0.0468566168874782,0.0405952141357206,0.0515354248638501,0.0496934037197007
0.0468566168874782,0.0405952141357206,0.0515354248638501,0.0496934037197007
0.0468566168874782,0.0405952141357206,0.0515354248638501,0.0475408866290729
0.0468566168874782,0.0405952141357206,0.0515354248638501,0.0475408866290729
0.0468566168874782,0.0405952141357206,0.0515354248638501,0.0475408866290729
0.0468566168874782,0.0405952141357206,0.0515354248638501,0.0475408866290729
0.0468566168874782,0.0405952141357206,0.0515354248638501,0.0475408866290729
0.0468566168874782,0.0405952141357206,0.0515354248638501,0.0475408866290729
0.0468566168874782,0.0405952141357206,0.0515354248638501,0.0475408866290729
0.046574794795899,0.0405952141357206,0.0515354248638501,0.0475408866290729
0.046574794795899,0.0405952141357206,0.0495208538165538,0.0475408866290729
0.046574794795899,0.0405952141357206,0.0495208538165538,0.0475408866290729
0.046574794795899,0.0405952141357206,0.0495208538165538,0.0475408866290729
0.046574794795899,0.0405952141357206,0.0495208538165538,0.0475408866290729
0.046574794795899,0.0405952141357206,0.0495208538165538,0.0475408866290729
0.046574794795899,0.0405952141357206,0.0495208538165538,0.0475408866290729
0.0454066686332011,0.0405952141357206,0.0495208538165538,0.0475408866290729
0.0454066686332011,0.0405952141357206,0.0495208538165538,0.0475408866290729
0.0454066686332011,0.0405952141357206,0.0495208538165538,0.0475408866290729
0.0454066686332011,0.0405952141357206,0.0495208538165538,0.0475408866290729
0.0454066686332011,0.0405952141357206,0.0495208538165538,0.050686381100147
0.0454066686332011,0.0405952141357206,0.0495208538165538,0.050686381100147
0.0454066686332011,0.0405952141357206,0.0495208538165538,0.050686381100147
0.0454066686332011,0.0405952141357206,0.0495208538165538,0.050686381100147
0.0454066686332011,0.0405952141357206,0.0495208538165538,0.050686381100147
0.0454066686332011,0.0405952141357206,0.0495208538165538,0.050686381100147
0.0454066686332011,0.0405952141357206,0.0495208538165538,0.050686381100147
0.0454066686332011,0.0405952141357206,0.0495208538165538,0.050686381100147
0.0454066686332011,0.0405952141357206,0.0495208538165538,0.050686381100147
0.0454066686332011,0.0405952141357206,0.0495208538165538,0.0496460615569774
0.0454066686332011,0.0405952141357206,0.0477769632917744,0.0496460615569774
0.0454066686332011,0.0405952141357206,0.0477769632917744,0.0496460615569774
0.0454066686332011,0.0438655894674377,0.0477769632917744,0.0496460615569774
0.0454066686332011,0.0438655894674377,0.0477769632917744,0.0496460615569774
0.0454066686332011,0.0438655894674377,0.0477769632917744,0.0496460615569774
0.0454066686332011,0.0438655894674377,0.0477769632917744,0.0496460615569774
0.0454066686332011,0.0438655894674377,0.0477769632917744,0.0496460615569774
0.0454066686332011,0.0438655894674377,0.0477769632917744,0.0496460615569774
0.0454066686332011,0.0438655894674377,0.0477769632917744,0.0496460615569774
0.0454066686332011,0.0438655894674377,0.0477769632917744,0.0496460615569774
0.0454066686332011,0.0438655894674377,0.0477769632917744,0.0496460615569774
0.0454066686332011,0.0438655894674377,0.0477769632917744,0.0496460615569774
0.0454066686332011,0.0438655894674377,0.0477769632917744,0.0496460615569774
0.0454066686332011,0.0438655894674377,0.0477769632917744,0.0496460615569774
0.0454066686332011,0.0438655894674377,0.0477769632917744,0.0496460615569774
0.0454066686332011,0.0438655894674377,0.0477769632917744,0.044952979987489
0.0454066686332011,0.0438655894674377,0.0477769632917744,0.044952979987489
0.0454066686332011,0.0438655894674377,0.0477769632917744,0.044952979987489
0.0454066686332011,0.0438655894674377,0.0477769632917744,0.044952979987489
0.0454066686332011,0.0438655894674377,0.0477769632917744,0.044952979987489
0.0454066686332011,0.0438655894674377,0.0477769632917744,0.044952979987489
0.0454066686332011,0.0438655894674377,0.0477769632917744,0.044952979987489
0.0454066686332011,0.0438655894674377,0.0477769632917744,0.044952979987489
0.0454066686332011,0.0438655894674377,0.0477769632917744,0.044952979987489
0.0454066686332011,0.0438655894674377,0.0477769632917744,0.0453904931093951
0.0454066686332011,0.0438655894674377,0.0477769632917744,0.0453904931093951
0.0454066686332011,0.0438655894674377,0.0477769632917744,0.0453904931093951
0.0454066686332011,0.0438655894674377,0.0477769632917744,0.0453904931093951
0.0454066686332011,0.0438655894674377,0.0477769632917744,0.0453904931093951
0.0454066686332011,0.0438655894674377,0.0477769632917744,0.0460076886475682
0.0454066686332011,0.0438655894674377,0.0477769632917744,0.0460076886475682
0.0454066686332011,0.0438655894674377,0.0477769632917744,0.0460076886475682
0.0454066686332011,0.0438655894674377,0.0477769632917744,0.0460076886475682
0.0454066686332011,0.0438655894674377,0.0477769632917744,0.0460076886475682
0.0454066686332011,0.0438655894674377,0.0477769632917744,0.0460076886475682
0.0454066686332011,0.0438655894674377,0.0478674330274961,0.0460076886475682
0.0454066686332011,0.0438655894674377,0.0478674330274961,0.0460076886475682
0.0454066686332011,0.0438655894674377,0.0478674330274961,0.0460076886475682
0.0454066686332011,0.0438655894674377,0.0478674330274961,0.0460076886475682
0.0454066686332011,0.0438655894674377,0.0478674330274961,0.0460076886475682
0.0454066686332011,0.0438655894674377,0.0478674330274961,0.0460076886475682
0.0454066686332011,0.0438655894674377,0.0478674330274961,0.0460076886475682
0.0454066686332011,0.0438655894674377,0.0478674330274961,0.0460076886475682
0.0454066686332011,0.0438655894674377,0.0478674330274961,0.0460076886475682
0.0454066686332011,0.0438655894674377,0.0478674330274961,0.0460076886475682
0.0454066686332011,0.0438655894674377,0.0478674330274961,0.0460076886475682
0.0454066686332011,0.0438655894674377,0.0478674330274961,0.0460076886475682
0.0454066686332011,0.0438655894674377,0.0478674330274961,0.0460076886475682
0.0454066686332011,0.0438655894674377,0.0478674330274961,0.0460076886475682
0.0454066686332011,0.0438655894674377,0.0478674330274961,0.0460076886475682
0.0454066686332011,0.0438655894674377,0.0478674330274961,0.0460076886475682
0.0454066686332011,0.0438655894674377,0.0478674330274961,0.0460076886475682
0.0454066686332011,0.0438655894674377,0.0478674330274961,0.0460076886475682
0.0454066686332011,0.0438655894674377,0.0478674330274961,0.0460076886475682
0.0454066686332011,0.0438655894674377,0.0478674330274961,0.0460076886475682
0.0454066686332011,0.0438655894674377,0.0478674330274961,0.0460076886475682
0.0454066686332011,0.0438655894674377,0.0478674330274961,0.0460076886475682
0.0491675850897835,0.0438655894674377,0.0478674330274961,0.0460076886475682
0.0491675850897835,0.0438655894674377,0.0478674330274961,0.0460076886475682
0.0491675850897835,0.0438655894674377,0.0478674330274961,0.0460076886475682
0.0491675850897835,0.0438655894674377,0.0464770739521883,0.056796965787596
0.0491675850897835,0.0438655894674377,0.0464770739521883,0.056796965787596
0.0491675850897835,0.0438655894674377,0.0464770739521883,0.056796965787596
0.0491675850897835,0.0438655894674377,0.0464770739521883,0.056796965787596
0.0491675850897835,0.0438655894674377,0.0464770739521883,0.056796965787596
0.0491675850897835,0.0438655894674377,0.0464770739521883,0.056796965787596
0.0491675850897835,0.0438655894674377,0.0464770739521883,0.056796965787596
0.0491675850897835,0.0438655894674377,0.0464770739521883,0.056796965787596
0.0491675850897835,0.0481908634774491,0.0464770739521883,0.056796965787596
0.0491675850897835,0.0481908634774491,0.0464770739521883,0.056796965787596
0.0491675850897835,0.0481908634774491,0.0464770739521883,0.056796965787596
0.0491675850897835,0.0481908634774491,0.0464770739521883,0.056796965787596
0.0491675850897835,0.0481908634774491,0.0464770739521883,0.056796965787596
0.0491675850897835,0.0481908634774491,0.0464770739521883,0.056796965787596
0.0491675850897835,0.0456546032667886,0.0464770739521883,0.056796965787596
0.0491675850897835,0.0456546032667886,0.0464770739521883,0.056796965787596
0.0491675850897835,0.0456546032667886,0.0464770739521883,0.056796965787596
0.0491675850897835,0.0456546032667886,0.0464770739521883,0.056796965787596
0.0491675850897835,0.0456546032667886,0.0464770739521883,0.056796965787596
0.0491675850897835,0.0456546032667886,0.0464770739521883,0.056796965787596
0.0491675850897835,0.0456546032667886,0.0464770739521883,0.056796965787596
0.0491675850897835,0.0456546032667886,0.0464770739521883,0.056796965787596
0.0491675850897835,0.0456546032667886,0.0464770739521883,0.056796965787596
0.0491675850897835,0.0456546032667886,0.0464770739521883,0.056796965787596
0.0491675850897835,0.0456546032667886,0.0464770739521883,0.056796965787596
0.0491675850897835,0.0456546032667886,0.0464770739521883,0.056796965787596
0.0491675850897835,0.0456546032667886,0.0464770739521883,0.056796965787596
0.0491675850897835,0.0456546032667886,0.0464770739521883,0.056796965787596
0.0491675850897835,0.0456546032667886,0.0464770739521883,0.056796965787596
0.0491675850897835,0.0456546032667886,0.0464770739521883,0.056796965787596
0.0491675850897835,0.0456546032667886,0.0464770739521883,0.056796965787596
0.0491675850897835,0.0456546032667886,0.0464770739521883,0.056796965787596
0.0491675850897835,0.0456546032667886,0.0464770739521883,0.056796965787596
0.0491675850897835,0.0456546032667886,0.0464770739521883,0.056796965787596
0.0491675850897835,0.0456546032667886,0.0464770739521883,0.056796965787596
0.0491675850897835,0.0456546032667886,0.0464770739521883,0.054316523380362
0.0491675850897835,0.0456546032667886,0.0464770739521883,0.054316523380362
0.0491675850897835,0.0456546032667886,0.0464770739521883,0.054316523380362
0.0491675850897835,0.0456546032667886,0.0464770739521883,0.054316523380362
0.0491675850897835,0.0456546032667886,0.0464770739521883,0.054316523380362
0.0491675850897835,0.0456546032667886,0.0464770739521883,0.054316523380362
0.0491675850897835,0.0456546032667886,0.0464770739521883,0.054316523380362
0.0491675850897835,0.0456546032667886,0.0464770739521883,0.054316523380362
0.0491675850897835,0.0456546032667886,0.0464770739521883,0.054316523380362
0.0491675850897835,0.0456546032667886,0.0464770739521883,0.054316523380362
0.0491675850897835,0.0456546032667886,0.0464770739521883,0.054316523380362
0.0491675850897835,0.0456546032667886,0.0464770739521883,0.054316523380362
0.0491675850897835,0.0456546032667886,0.0464770739521883,0.054316523380362
0.0491675850897835,0.0456546032667886,0.0464770739521883,0.054316523380362
0.0491675850897835,0.0456546032667886,0.0464770739521883,0.054316523380362
0.0491675850897835,0.0456546032667886,0.0464770739521883,0.054316523380362
0.0491675850897835,0.0456546032667886,0.0464770739521883,0.054316523380362
0.0491675850897835,0.0456546032667886,0.0464770739521883,0.054316523380362
0.0491675850897835,0.0456546032667886,0.0464770739521883,0.054316523380362
0.0491675850897835,0.0456546032667886,0.0464770739521883,0.054316523380362
0.0491675850897835,0.0456546032667886,0.0464770739521883,0.054316523380362
0.0491675850897835,0.0456546032667886,0.0464770739521883,0.054316523380362
0.0491675850897835,0.0456546032667886,0.0464770739521883,0.054316523380362
0.0491675850897835,0.0456546032667886,0.0464770739521883,0.054316523380362
0.0491675850897835,0.056459697203305,0.0464770739521883,0.054316523380362
0.0491675850897835,0.056459697203305,0.0464770739521883,0.054316523380362
0.0491675850897835,0.056459697203305,0.0464770739521883,0.054316523380362
0.0491675850897835,0.056459697203305,0.0464770739521883,0.054316523380362
0.0491675850897835,0.056459697203305,0.0464770739521883,0.054316523380362
0.0493667412089866,0.056459697203305,0.0464770739521883,0.0554410506678683
0.0493667412089866,0.056459697203305,0.0464770739521883,0.0554410506678683
0.0493667412089866,0.056459697203305,0.0464770739521883,0.0554410506678683
0.0493667412089866,0.056459697203305,0.0464770739521883,0.0554410506678683
0.0493667412089866,0.056459697203305,0.0464770739521883,0.0554410506678683
0.0493667412089866,0.056459697203305,0.0464770739521883,0.0554410506678683
0.0493667412089866,0.056459697203305,0.0464770739521883,0.0554410506678683
0.0493667412089866,0.056459697203305,0.0464770739521883,0.0611143116870905
0.0493667412089866,0.056459697203305,0.0464770739521883,0.0611143116870905
0.0493667412089866,0.056459697203305,0.0464770739521883,0.0611143116870905
0.0493667412089866,0.056459697203305,0.0464770739521883,0.0611143116870905
0.0493667412089866,0.056459697203305,0.0464770739521883,0.0611143116870905
0.0493667412089866,0.056459697203305,0.0464770739521883,0.0611143116870905
0.0493667412089866,0.056459697203305,0.0464770739521883,0.0611143116870905
0.0493667412089866,0.056459697203305,0.0464770739521883,0.0611143116870905
0.0493667412089866,0.056459697203305,0.0464770739521883,0.0611143116870905
0.0493667412089866,0.056459697203305,0.0464770739521883,0.0611143116870905
0.0493667412089866,0.056459697203305,0.0464770739521883,0.0611143116870905
0.0493667412089866,0.056459697203305,0.0464770739521883,0.0611143116870905
0.0493667412089866,0.056459697203305,0.0464770739521883,0.0558606854783392
0.0493667412089866,0.0568659632327414,0.0464770739521883,0.0558606854783392
0.0493667412089866,0.0568659632327414,0.0464770739521883,0.0558606854783392
0.0493667412089866,0.0568659632327414,0.0464770739521883,0.0558606854783392
0.0493667412089866,0.0568659632327414,0.0464770739521883,0.0558606854783392
0.0493667412089866,0.0568659632327414,0.0464770739521883,0.0558606854783392
0.0493667412089866,0.0568659632327414,0.0464770739521883,0.0558606854783392
0.0493667412089866,0.0568659632327414,0.0464770739521883,0.0558606854783392
0.0493667412089866,0.0568659632327414,0.0464770739521883,0.0558606854783392
0.0493667412089866,0.0568659632327414,0.0464770739521883,0.0558606854783392
0.0493667412089866,0.0568659632327414,0.0464770739521883,0.0558606854783392
0.0480677576296266,0.0496951164948298,0.0464770739521883,0.0558606854783392
0.0480677576296266,0.0496951164948298,0.0464770739521883,0.0558606854783392
0.0480677576296266,0.0496951164948298,0.0464770739521883,0.0558606854783392
0.0480677576296266,0.0496951164948298,0.0464770739521883,0.0558606854783392
0.0480677576296266,0.0539612064955437,0.0464770739521883,0.0558606854783392
0.0480677576296266,0.0539612064955437,0.0464770739521883,0.0558606854783392
0.0480677576296266,0.0539612064955437,0.0476227353954071,0.0558606854783392
0.0480677576296266,0.0539612064955437,0.0476227353954071,0.0558606854783392
0.0480677576296266,0.0539612064955437,0.0476227353954071,0.0558606854783392
0.0480677576296266,0.0539612064955437,0.0476227353954071,0.0558606854783392
0.0480677576296266,0.0539612064955437,0.0476227353954071,0.0558606854783392
0.0480677576296266,0.0539612064955437,0.0476227353954071,0.0558606854783392
0.0480677576296266,0.0539612064955437,0.0476227353954071,0.0558606854783392
0.0480677576296266,0.0539612064955437,0.0476227353954071,0.0558606854783392
0.0480677576296266,0.0539612064955437,0.0476227353954071,0.0558606854783392
0.0480677576296266,0.0539612064955437,0.0476227353954071,0.0558606854783392
0.0480677576296266,0.056934117769804,0.0476227353954071,0.0558606854783392
0.0480677576296266,0.056934117769804,0.0476227353954071,0.0558606854783392
0.0480677576296266,0.056934117769804,0.0476227353954071,0.0558606854783392
0.0480677576296266,0.056934117769804,0.0476227353954071,0.0558606854783392
0.0480677576296266,0.056934117769804,0.0476227353954071,0.0558606854783392
0.0480677576296266,0.056934117769804,0.0476227353954071,0.0558606854783392
0.0480677576296266,0.056934117769804,0.0476227353954071,0.0558606854783392
0.0480677576296266,0.056934117769804,0.0476227353954071,0.0558606854783392
0.0480677576296266,0.056934117769804,0.0476227353954071,0.0558606854783392
0.0480677576296266,0.056934117769804,0.0476227353954071,0.0558606854783392
0.0480677576296266,0.056934117769804,0.0476227353954071,0.0558606854783392
0.0480677576296266,0.056934117769804,0.0476227353954071,0.0558606854783392
0.0480677576296266,0.056934117769804,0.0476227353954071,0.0558606854783392
0.0480677576296266,0.056934117769804,0.0476227353954071,0.0558606854783392
0.0480677576296266,0.056934117769804,0.0476227353954071,0.0558606854783392
0.0480677576296266,0.056934117769804,0.0476227353954071,0.0558606854783392
0.0480677576296266,0.056934117769804,0.0476227353954071,0.0558606854783392
0.0480677576296266,0.056934117769804,0.0476227353954071,0.0558606854783392
0.0480677576296266,0.056934117769804,0.0476227353954071,0.0558606854783392
0.0480677576296266,0.056934117769804,0.0476227353954071,0.0558606854783392
0.0480677576296266,0.056934117769804,0.0476227353954071,0.0558606854783392
0.0480677576296266,0.056934117769804,0.0476227353954071,0.0558606854783392
0.0480677576296266,0.056934117769804,0.0476227353954071,0.0558606854783392
0.0480677576296266,0.056934117769804,0.0476227353954071,0.0558606854783392
0.0480677576296266,0.056934117769804,0.0476227353954071,0.0558606854783392
0.0480677576296266,0.056934117769804,0.0476227353954071,0.0558606854783392
0.0480677576296266,0.056934117769804,0.0476227353954071,0.0558606854783392
0.0480677576296266,0.056934117769804,0.0476227353954071,0.0558606854783392
0.0480677576296266,0.056934117769804,0.0476227353954071,0.0558606854783392
0.0480677576296266,0.056934117769804,0.0476227353954071,0.0558606854783392
0.0480677576296266,0.056934117769804,0.0476227353954071,0.0558606854783392
0.0480677576296266,0.056934117769804,0.0476227353954071,0.0558606854783392
0.0480677576296266,0.056934117769804,0.0476227353954071,0.0558606854783392
0.0480677576296266,0.056934117769804,0.0476227353954071,0.0558606854783392
0.0480677576296266,0.056934117769804,0.0476227353954071,0.0558606854783392
0.0480677576296266,0.056934117769804,0.0476227353954071,0.0558606854783392
0.0480677576296266,0.056934117769804,0.0476227353954071,0.0558606854783392
0.0480677576296266,0.056934117769804,0.0476227353954071,0.0558606854783392
0.0480677576296266,0.056934117769804,0.0476227353954071,0.0558606854783392
0.0480677576296266,0.056934117769804,0.0476227353954071,0.0558606854783392
0.0480677576296266,0.056934117769804,0.0476227353954071,0.0558606854783392
0.0480677576296266,0.056934117769804,0.0476227353954071,0.0558606854783392
0.0480677576296266,0.056934117769804,0.0476227353954071,0.0558606854783392
0.0485087647240083,0.056934117769804,0.0476227353954071,0.0558606854783392
0.0485087647240083,0.056934117769804,0.0476227353954071,0.0558606854783392
0.0485087647240083,0.056934117769804,0.0476227353954071,0.0558606854783392
0.0485087647240083,0.056934117769804,0.0476227353954071,0.0558606854783392
0.0485087647240083,0.056934117769804,0.0476227353954071,0.0558606854783392
0.0485087647240083,0.056934117769804,0.0476227353954071,0.0558606854783392
0.0485087647240083,0.056934117769804,0.0476227353954071,0.0558606854783392
0.0485087647240083,0.056934117769804,0.0476227353954071,0.0558606854783392
0.0485087647240083,0.056934117769804,0.0476227353954071,0.0558606854783392
0.0485087647240083,0.056934117769804,0.0476227353954071,0.0558606854783392
0.0485087647240083,0.056934117769804,0.0476227353954071,0.0558606854783392
0.0485087647240083,0.0506988118591715,0.0476227353954071,0.0558606854783392
0.0485087647240083,0.0506988118591715,0.0476227353954071,0.0558606854783392
0.0485087647240083,0.0506988118591715,0.0476227353954071,0.0558606854783392
0.0485087647240083,0.0506988118591715,0.0476227353954071,0.0558606854783392
0.0485087647240083,0.0506988118591715,0.0476227353954071,0.0558606854783392
0.0485087647240083,0.0506988118591715,0.0476227353954071,0.0558606854783392
0.0485087647240083,0.0506988118591715,0.0476227353954071,0.0504338103966763
0.0485087647240083,0.0506988118591715,0.0476227353954071,0.0504338103966763
0.0485087647240083,0.0506988118591715,0.0476227353954071,0.0504338103966763
0.0485087647240083,0.0506988118591715,0.0476227353954071,0.0504338103966763
0.0485087647240083,0.0506988118591715,0.0476227353954071,0.0504338103966763
0.0487154548427435,0.0506988118591715,0.0476227353954071,0.0504338103966763
0.0487154548427435,0.0506988118591715,0.0476227353954071,0.0504338103966763
0.0487154548427435,0.0506988118591715,0.0476227353954071,0.0504338103966763
0.0487154548427435,0.0506988118591715,0.0476227353954071,0.0504338103966763
0.0487154548427435,0.0506988118591715,0.0476227353954071,0.0578263791377635
0.0487154548427435,0.0457327495226715,0.0476227353954071,0.0578263791377635
0.0487154548427435,0.0457327495226715,0.0476227353954071,0.0578263791377635
0.0487154548427435,0.0457327495226715,0.0476227353954071,0.0578263791377635
0.0456970636717496,0.0457327495226715,0.0476227353954071,0.0578263791377635
0.0456970636717496,0.0457327495226715,0.0491805919553675,0.0578263791377635
0.0456970636717496,0.0457327495226715,0.0491805919553675,0.0578263791377635
0.0456970636717496,0.0457327495226715,0.0491805919553675,0.0578263791377635
0.0456970636717496,0.0457327495226715,0.0491805919553675,0.0578263791377635
0.0456970636717496,0.0457327495226715,0.0491805919553675,0.0578263791377635
0.0456970636717496,0.0457327495226715,0.0491805919553675,0.0578263791377635
0.0456970636717496,0.0457327495226715,0.0491805919553675,0.0578263791377635
0.0456970636717496,0.0457327495226715,0.0491805919553675,0.0578263791377635
0.0456970636717496,0.0457327495226715,0.0491805919553675,0.0578263791377635
0.0456970636717496,0.0457327495226715,0.0491805919553675,0.0578263791377635
0.0456970636717496,0.0457327495226715,0.0491805919553675,0.0578263791377635
0.0456970636717496,0.0457327495226715,0.0491805919553675,0.0512761678832725
0.0456970636717496,0.0457327495226715,0.0491805919553675,0.0512761678832725
0.0456970636717496,0.0457327495226715,0.0491805919553675,0.0512761678832725
0.0456970636717496,0.0457327495226715,0.0491805919553675,0.0512761678832725
0.0456970636717496,0.0457327495226715,0.0491805919553675,0.0512761678832725
0.0456970636717496,0.0457327495226715,0.0491805919553675,0.0512761678832725
0.0456970636717496,0.0457327495226715,0.0491805919553675,0.0512761678832725
0.0456970636717496,0.0457327495226715,0.0491805919553675,0.0512761678832725
0.0456970636717496,0.0457327495226715,0.0491805919553675,0.0512761678832725
0.0456970636717496,0.0457327495226715,0.0491805919553675,0.0483845100107254
0.0456970636717496,0.0530260691636255,0.0491805919553675,0.0483845100107254
0.0456970636717496,0.0530260691636255,0.0491805919553675,0.0483845100107254
0.0456970636717496,0.0530260691636255,0.0491805919553675,0.0483845100107254
0.0456970636717496,0.0530260691636255,0.0491805919553675,0.0483845100107254
0.0456970636717496,0.0530260691636255,0.0491805919553675,0.0483845100107254
0.0456970636717496,0.0530260691636255,0.0491805919553675,0.0483845100107254
0.0448844600478463,0.0530260691636255,0.0491805919553675,0.0483845100107254
0.0448844600478463,0.0530260691636255,0.0491805919553675,0.0483845100107254
0.0448844600478463,0.0530260691636255,0.0491805919553675,0.0483845100107254
0.0448844600478463,0.0530260691636255,0.0491805919553675,0.0483845100107254
0.0448844600478463,0.0530260691636255,0.0491805919553675,0.0483845100107254
0.0448844600478463,0.0530260691636255,0.0491805919553675,0.0483845100107254
0.0448844600478463,0.0530260691636255,0.0491805919553675,0.0483845100107254
0.0478231961785062,0.0530260691636255,0.0491805919553675,0.0483845100107254
0.0478231961785062,0.0530260691636255,0.0491805919553675,0.0483845100107254
0.0478231961785062,0.0526415099297309,0.0491805919553675,0.0483845100107254
0.0478231961785062,0.053151724237915,0.0491805919553675,0.0483845100107254
0.0478231961785062,0.053151724237915,0.0491805919553675,0.0483845100107254
0.0478231961785062,0.053151724237915,0.0491805919553675,0.0483845100107254
0.0478231961785062,0.053151724237915,0.0491805919553675,0.0483845100107254
0.0478231961785062,0.053151724237915,0.0491805919553675,0.0483845100107254
0.0478231961785062,0.053151724237915,0.0491805919553675,0.0483845100107254
0.0478231961785062,0.053151724237915,0.0491805919553675,0.0483845100107254
0.0478231961785062,0.053151724237915,0.0491805919553675,0.0483845100107254
0.0478231961785062,0.053151724237915,0.0491805919553675,0.0483845100107254
0.0478231961785062,0.053151724237915,0.0491805919553675,0.0483845100107254
0.0478231961785062,0.053151724237915,0.0491805919553675,0.0483845100107254
0.0478231961785062,0.053151724237915,0.0491805919553675,0.0483845100107254
0.0478231961785062,0.053151724237915,0.0491805919553675,0.0483845100107254
0.0478231961785062,0.053151724237915,0.0491805919553675,0.0483845100107254
0.0478231961785062,0.053151724237915,0.0491805919553675,0.0483845100107254
0.0478231961785062,0.053151724237915,0.0491805919553675,0.0483845100107254
0.0478231961785062,0.053151724237915,0.0491805919553675,0.0483845100107254
0.0478231961785062,0.053151724237915,0.0491805919553675,0.0483845100107254
0.0478231961785062,0.053151724237915,0.0491805919553675,0.0483845100107254
0.0478231961785062,0.053151724237915,0.0491805919553675,0.0483845100107254
0.0478231961785062,0.053151724237915,0.0491805919553675,0.0483845100107254
0.0478231961785062,0.053151724237915,0.0491805919553675,0.0483845100107254
0.0478231961785062,0.053151724237915,0.0491805919553675,0.0483845100107254
0.0478231961785062,0.053151724237915,0.0491805919553675,0.0483845100107254
0.0478231961785062,0.053151724237915,0.0491805919553675,0.0483845100107254
0.0478231961785062,0.053151724237915,0.0495735146483368,0.0483845100107254
0.0478231961785062,0.053151724237915,0.0495735146483368,0.0483845100107254
0.0478231961785062,0.053151724237915,0.0495735146483368,0.0483845100107254
0.0478231961785062,0.053151724237915,0.0495735146483368,0.0465005106252768
0.0478231961785062,0.053151724237915,0.0495735146483368,0.0465005106252768
0.0478231961785062,0.053151724237915,0.0495735146483368,0.0465005106252768
0.0478231961785062,0.053151724237915,0.0495735146483368,0.0465005106252768
0.0478231961785062,0.053151724237915,0.0495735146483368,0.0465005106252768
0.0478231961785062,0.053151724237915,0.0495735146483368,0.0465005106252768
0.0478231961785062,0.053151724237915,0.0495735146483368,0.0465005106252768
0.0478231961785062,0.053151724237915,0.0495735146483368,0.0465005106252768
0.0478231961785062,0.053151724237915,0.0495735146483368,0.0465005106252768
0.0478231961785062,0.053151724237915,0.0495735146483368,0.0465005106252768
0.0478231961785062,0.053151724237915,0.0495735146483368,0.0465005106252768
0.0478231961785062,0.053151724237915,0.0495735146483368,0.0465005106252768
0.0478231961785062,0.053151724237915,0.0495735146483368,0.0465005106252768
0.0478231961785062,0.053151724237915,0.0495735146483368,0.0465005106252768
0.0478231961785062,0.053151724237915,0.0495735146483368,0.0465005106252768
0.0478231961785062,0.053151724237915,0.0495735146483368,0.0465005106252768
0.0478231961785062,0.053151724237915,0.0495735146483368,0.0471042955564693
0.0478231961785062,0.053151724237915,0.0467120563583307,0.0471042955564693
0.0478231961785062,0.053151724237915,0.0467120563583307,0.0471042955564693
0.0478231961785062,0.053151724237915,0.0467120563583307,0.0462119558281886
0.0478231961785062,0.053151724237915,0.0467120563583307,0.0462119558281886
0.0478231961785062,0.053151724237915,0.0467120563583307,0.0462119558281886
0.0478231961785062,0.053151724237915,0.0467120563583307,0.0462119558281886
0.0478231961785062,0.053151724237915,0.0467120563583307,0.0462119558281886
0.0478231961785062,0.053151724237915,0.0467120563583307,0.0462119558281886
0.0478231961785062,0.053151724237915,0.0467120563583307,0.0462119558281886
0.0478231961785062,0.053151724237915,0.0467120563583307,0.0476674757785144
0.0478231961785062,0.053151724237915,0.0467120563583307,0.0476674757785144
0.0478231961785062,0.053151724237915,0.0467120563583307,0.0476674757785144
0.0478231961785062,0.053151724237915,0.0467120563583307,0.0499027403683251
0.0478231961785062,0.053151724237915,0.0467120563583307,0.0499027403683251
0.0478231961785062,0.053151724237915,0.0467120563583307,0.0499027403683251
0.0478231961785062,0.053151724237915,0.0467120563583307,0.0499027403683251
0.0478231961785062,0.053151724237915,0.0467120563583307,0.0499027403683251
0.0478231961785062,0.053151724237915,0.0467120563583307,0.0499027403683251
0.0478231961785062,0.053151724237915,0.0467120563583307,0.0499027403683251
0.0478231961785062,0.053151724237915,0.0467120563583307,0.0499027403683251
0.0478231961785062,0.053151724237915,0.0467120563583307,0.0499027403683251
0.0478231961785062,0.053151724237915,0.0467120563583307,0.0499027403683251
0.0478231961785062,0.053151724237915,0.0467120563583307,0.0499027403683251
0.0478231961785062,0.053151724237915,0.0467120563583307,0.0499027403683251
0.0478231961785062,0.053151724237915,0.0467120563583307,0.0499027403683251
0.0478231961785062,0.053151724237915,0.0467120563583307,0.0499027403683251
0.0478231961785062,0.053151724237915,0.0467120563583307,0.0499027403683251
0.0478231961785062,0.053151724237915,0.0467120563583307,0.0499027403683251
0.0478231961785062,0.053151724237915,0.0467120563583307,0.0499027403683251
0.0478231961785062,0.053151724237915,0.0467120563583307,0.0499027403683251
0.0478231961785062,0.053151724237915,0.0467120563583307,0.0499027403683251
0.0478231961785062,0.053151724237915,0.0467120563583307,0.0499027403683251
0.0478231961785062,0.053151724237915,0.0467120563583307,0.0499027403683251
0.0478231961785062,0.053151724237915,0.0514307152984734,0.0499027403683251
0.0478231961785062,0.053151724237915,0.0514307152984734,0.0499027403683251
0.0478231961785062,0.053151724237915,0.0514307152984734,0.0499027403683251
0.0478231961785062,0.053151724237915,0.0514307152984734,0.0499027403683251
0.0478231961785062,0.053151724237915,0.0514307152984734,0.0499027403683251
0.0478231961785062,0.053151724237915,0.0514307152984734,0.0499027403683251
0.0478231961785062,0.053151724237915,0.0514307152984734,0.0499027403683251
0.0478231961785062,0.053151724237915,0.0514307152984734,0.0499027403683251
0.0478231961785062,0.053151724237915,0.0514307152984734,0.0499027403683251
0.0478231961785062,0.053151724237915,0.0514307152984734,0.0499027403683251
0.0478231961785062,0.053151724237915,0.0514307152984734,0.0499027403683251
0.0478231961785062,0.053151724237915,0.0497332513544829,0.0499027403683251
0.0478231961785062,0.053151724237915,0.0497332513544829,0.0499027403683251
0.0478231961785062,0.053151724237915,0.0497332513544829,0.0499027403683251
0.0478231961785062,0.053151724237915,0.0497332513544829,0.0499027403683251
0.0478231961785062,0.053151724237915,0.0497332513544829,0.0499027403683251
0.0478231961785062,0.053151724237915,0.0497332513544829,0.0499027403683251
0.0478231961785062,0.053151724237915,0.0497332513544829,0.0499027403683251
0.0478231961785062,0.053151724237915,0.0497332513544829,0.0499027403683251
0.0478231961785062,0.053151724237915,0.0497332513544829,0.0499027403683251
0.0478231961785062,0.053151724237915,0.0497332513544829,0.0499027403683251
0.0478231961785062,0.053151724237915,0.0497332513544829,0.0499027403683251
0.0478231961785062,0.053151724237915,0.0497332513544829,0.0499027403683251
0.0478231961785062,0.053151724237915,0.0497332513544829,0.0602414327433386
0.0478231961785062,0.053151724237915,0.0497332513544829,0.0602414327433386
0.0478231961785062,0.053151724237915,0.0497332513544829,0.0602414327433386
0.0478231961785062,0.053151724237915,0.0497332513544829,0.0602414327433386
0.0478231961785062,0.053151724237915,0.0497332513544829,0.0602414327433386
0.0470616365559441,0.053151724237915,0.0497332513544829,0.0602414327433386
0.0470616365559441,0.053151724237915,0.0497332513544829,0.0602414327433386
0.0470616365559441,0.053151724237915,0.0497332513544829,0.0537999358142086
0.0470616365559441,0.053151724237915,0.0497332513544829,0.0537999358142086
0.0470616365559441,0.053151724237915,0.0497332513544829,0.0537999358142086
0.0470616365559441,0.053151724237915,0.0497332513544829,0.0537999358142086
0.0470616365559441,0.053151724237915,0.0497332513544829,0.0537999358142086
0.0470616365559441,0.053151724237915,0.0497332513544829,0.0537999358142086
0.0470616365559441,0.053151724237915,0.0497332513544829,0.0537999358142086
0.0470616365559441,0.053151724237915,0.0497332513544829,0.0537999358142086
0.0470616365559441,0.053151724237915,0.0497332513544829,0.0537999358142086
0.0470616365559441,0.0571727378654186,0.0497332513544829,0.0537999358142086
0.0470616365559441,0.0571727378654186,0.0497332513544829,0.0537999358142086
0.0470616365559441,0.0571727378654186,0.0497332513544829,0.0537999358142086
0.0470616365559441,0.0571727378654186,0.0497332513544829,0.0537999358142086
0.0501182664625244,0.0571727378654186,0.0497332513544829,0.0537999358142086
0.0501182664625244,0.0571727378654186,0.0497332513544829,0.0537999358142086
0.0501182664625244,0.0571727378654186,0.0497332513544829,0.0537999358142086
0.0501182664625244,0.0571727378654186,0.0497332513544829,0.0537999358142086
0.0501182664625244,0.0571727378654186,0.0497332513544829,0.0537999358142086
0.0517365775979397,0.0571727378654186,0.0497332513544829,0.0537999358142086
0.0517365775979397,0.0571727378654186,0.0544220830018625,0.0537999358142086
0.0517365775979397,0.0571727378654186,0.0544220830018625,0.0537999358142086
0.0517365775979397,0.0571727378654186,0.0544220830018625,0.0516131342904718
0.0517365775979397,0.0571727378654186,0.0544220830018625,0.0516131342904718
0.0517365775979397,0.0571727378654186,0.0544220830018625,0.0516131342904718
0.0517365775979397,0.0571727378654186,0.0544220830018625,0.0516131342904718
0.0517365775979397,0.0571727378654186,0.0544220830018625,0.0516131342904718
0.0517365775979397,0.0571727378654186,0.0544220830018625,0.0516131342904718
0.0517365775979397,0.0571727378654186,0.0544220830018625,0.0516131342904718
0.0517365775979397,0.0571727378654186,0.0544220830018625,0.0516131342904718
0.0517365775979397,0.0571727378654186,0.0544220830018625,0.0516131342904718
0.0517365775979397,0.0571727378654186,0.0544220830018625,0.0516131342904718
0.0482842503826833,0.0571727378654186,0.0544220830018625,0.0516131342904718
0.0482842503826833,0.0571727378654186,0.0544220830018625,0.0516131342904718
0.0482842503826833,0.0571727378654186,0.0544220830018625,0.0516131342904718
0.0482842503826833,0.0571727378654186,0.0544220830018625,0.0516131342904718
0.0482842503826833,0.0571727378654186,0.0544220830018625,0.0516131342904718
0.0482842503826833,0.0571727378654186,0.0544220830018625,0.0516131342904718
0.0482842503826833,0.0565337066809613,0.0544220830018625,0.0516131342904718
0.0482842503826833,0.0565337066809613,0.0544220830018625,0.0516131342904718
0.0482842503826833,0.0565337066809613,0.0544220830018625,0.0516131342904718
0.0482842503826833,0.0565337066809613,0.0544220830018625,0.0516131342904718
0.0482842503826833,0.0565337066809613,0.0544220830018625,0.0516131342904718
0.0538215715202441,0.0565337066809613,0.0544220830018625,0.0516131342904718
0.0538215715202441,0.0565337066809613,0.0544220830018625,0.0516131342904718
0.0538215715202441,0.0565337066809613,0.0544220830018625,0.0516131342904718
0.0538215715202441,0.0565337066809613,0.0544220830018625,0.0516131342904718
0.0538215715202441,0.0565337066809613,0.0544220830018625,0.0516131342904718
0.0538215715202441,0.0565337066809613,0.0544220830018625,0.0516131342904718
0.0538215715202441,0.0567290244110532,0.0544220830018625,0.0516131342904718
0.0538215715202441,0.0567290244110532,0.0544220830018625,0.0516131342904718
0.0538215715202441,0.0567290244110532,0.0544220830018625,0.0516131342904718
0.0538215715202441,0.0544314138114263,0.0544220830018625,0.0516131342904718
0.0538215715202441,0.0544314138114263,0.0544220830018625,0.0516131342904718
0.0538215715202441,0.0544314138114263,0.0544220830018625,0.0516131342904718
0.051463327040625,0.0544314138114263,0.0544220830018625,0.0516131342904718
0.051463327040625,0.0544314138114263,0.0544220830018625,0.0516131342904718
0.051463327040625,0.0544314138114263,0.0544220830018625,0.0516131342904718
0.051463327040625,0.0544314138114263,0.0544220830018625,0.0516131342904718
0.051463327040625,0.0544314138114263,0.0544220830018625,0.0516131342904718
0.051463327040625,0.0544314138114263,0.0544220830018625,0.0516131342904718
0.051463327040625,0.0544314138114263,0.0544220830018625,0.0516131342904718
0.051463327040625,0.0544314138114263,0.0544220830018625,0.0516131342904718
0.051463327040625,0.0544314138114263,0.0544220830018625,0.0516131342904718
0.051463327040625,0.0544314138114263,0.0544220830018625,0.0516131342904718
0.051463327040625,0.0544314138114263,0.0544220830018625,0.0516131342904718
0.051463327040625,0.0544314138114263,0.0544220830018625,0.0516131342904718
0.051463327040625,0.0544314138114263,0.0544220830018625,0.0516131342904718
0.051463327040625,0.0544314138114263,0.0544220830018625,0.0522568730026538
0.051463327040625,0.0544314138114263,0.0544220830018625,0.0522568730026538
0.051463327040625,0.0544314138114263,0.0544220830018625,0.0522568730026538
0.051463327040625,0.0544314138114263,0.0544220830018625,0.0522568730026538
0.051463327040625,0.0544314138114263,0.0544220830018625,0.0522568730026538
0.051463327040625,0.0544314138114263,0.0544220830018625,0.0522568730026538
0.051463327040625,0.0544314138114263,0.0544220830018625,0.0522568730026538
0.051463327040625,0.0544314138114263,0.0544220830018625,0.0522568730026538
0.051463327040625,0.0544314138114263,0.0544220830018625,0.0522568730026538
0.051463327040625,0.0544314138114263,0.0536555642734664,0.0522568730026538
0.051463327040625,0.0544314138114263,0.0536555642734664,0.0522568730026538
0.051463327040625,0.0544314138114263,0.0484854740596539,0.0522568730026538
0.051463327040625,0.0544314138114263,0.0484854740596539,0.0522568730026538
0.051463327040625,0.0544314138114263,0.0484854740596539,0.0522568730026538
0.051463327040625,0.0544314138114263,0.0484854740596539,0.0522568730026538
0.051463327040625,0.0544314138114263,0.0484854740596539,0.0522568730026538
0.051463327040625,0.0544314138114263,0.0484854740596539,0.0522568730026538
0.051463327040625,0.0544314138114263,0.0484854740596539,0.0522568730026538
0.051463327040625,0.0544314138114263,0.0484854740596539,0.0522568730026538
0.051463327040625,0.0544314138114263,0.0484854740596539,0.0522568730026538
0.051463327040625,0.0544314138114263,0.0484854740596539,0.0522568730026538
0.051463327040625,0.0544314138114263,0.0484854740596539,0.0552939276933298
0.051463327040625,0.0544314138114263,0.0484854740596539,0.0552939276933298
0.051463327040625,0.0544314138114263,0.0484854740596539,0.0552939276933298
0.051463327040625,0.0544314138114263,0.0484854740596539,0.0552939276933298
0.051463327040625,0.0544314138114263,0.0436492940626811,0.0552939276933298
0.051463327040625,0.0544314138114263,0.0436492940626811,0.0552939276933298
0.051463327040625,0.0544314138114263,0.0436492940626811,0.0552939276933298
0.051463327040625,0.0544314138114263,0.0436492940626811,0.0552939276933298
0.051463327040625,0.0544314138114263,0.0436492940626811,0.0552939276933298
0.051463327040625,0.0544314138114263,0.0436492940626811,0.0552939276933298
0.051463327040625,0.0544314138114263,0.0436492940626811,0.0552939276933298
0.051463327040625,0.0544314138114263,0.0436492940626811,0.0552939276933298
0.051463327040625,0.0544314138114263,0.0436492940626811,0.0552939276933298
0.051463327040625,0.0544314138114263,0.0436492940626811,0.0552939276933298
0.051463327040625,0.0544314138114263,0.0436492940626811,0.0552939276933298
0.051463327040625,0.0544314138114263,0.0436492940626811,0.0552939276933298
0.051463327040625,0.0544314138114263,0.0436492940626811,0.0552939276933298
0.051463327040625,0.0544314138114263,0.0436492940626811,0.0552939276933298
0.051463327040625,0.0544314138114263,0.0436492940626811,0.0552939276933298
0.051463327040625,0.0544314138114263,0.0436492940626811,0.0552939276933298
0.051463327040625,0.0544314138114263,0.0436492940626811,0.0552939276933298
0.051463327040625,0.0544314138114263,0.0436492940626811,0.0552939276933298
0.051463327040625,0.0514567666939367,0.0436492940626811,0.0552939276933298
0.051463327040625,0.0514567666939367,0.0436492940626811,0.0552939276933298
0.051463327040625,0.0514567666939367,0.0436492940626811,0.0552939276933298
0.051463327040625,0.0514567666939367,0.0436492940626811,0.0552939276933298
0.051463327040625,0.0514567666939367,0.0436492940626811,0.0552939276933298
0.051463327040625,0.0514567666939367,0.0436492940626811,0.0552939276933298
0.051463327040625,0.0514567666939367,0.0436492940626811,0.0552939276933298
0.051463327040625,0.0514567666939367,0.0436492940626811,0.0552939276933298
0.051463327040625,0.0514567666939367,0.0436492940626811,0.0552939276933298
0.051463327040625,0.0514567666939367,0.043399737961892,0.0552939276933298
0.051463327040625,0.0514567666939367,0.043399737961892,0.0552939276933298
0.051463327040625,0.0514567666939367,0.043399737961892,0.0552939276933298
0.051463327040625,0.0514567666939367,0.043399737961892,0.0552939276933298
0.051463327040625,0.0514567666939367,0.043399737961892,0.0552939276933298
0.051463327040625,0.0514567666939367,0.043399737961892,0.0552939276933298
0.051463327040625,0.0514567666939367,0.043399737961892,0.0552939276933298
0.051463327040625,0.0514567666939367,0.043399737961892,0.0552939276933298
0.051463327040625,0.0514567666939367,0.043399737961892,0.0552939276933298
0.051463327040625,0.0514567666939367,0.043399737961892,0.0552939276933298
0.051463327040625,0.0514567666939367,0.043399737961892,0.0552939276933298
0.051463327040625,0.0514567666939367,0.046956489195827,0.0552939276933298
0.051463327040625,0.0514567666939367,0.046956489195827,0.0552939276933298
0.051463327040625,0.0514567666939367,0.046956489195827,0.0552939276933298
0.051463327040625,0.0514567666939367,0.046956489195827,0.0552939276933298
0.051463327040625,0.0514567666939367,0.046956489195827,0.0552939276933298
0.051463327040625,0.0514567666939367,0.046956489195827,0.0552939276933298
0.051463327040625,0.0514567666939367,0.046956489195827,0.0552939276933298
0.051463327040625,0.0514567666939367,0.046956489195827,0.0552939276933298
0.051463327040625,0.0514567666939367,0.0483020421737864,0.0552939276933298
0.051463327040625,0.0514567666939367,0.0483020421737864,0.0552939276933298
0.051463327040625,0.0514567666939367,0.0483020421737864,0.0552939276933298
0.051463327040625,0.0450273303874013,0.0483020421737864,0.0552939276933298
0.051463327040625,0.0450273303874013,0.0483020421737864,0.0552939276933298
0.051463327040625,0.0450273303874013,0.0483020421737864,0.0552939276933298
0.051463327040625,0.0450273303874013,0.0483020421737864,0.0552939276933298
0.051463327040625,0.0450273303874013,0.0483020421737864,0.0552939276933298
0.051463327040625,0.0538108465332163,0.0483020421737864,0.0552939276933298
0.051463327040625,0.0538108465332163,0.0483020421737864,0.0552939276933298
0.051463327040625,0.0538108465332163,0.0483020421737864,0.0552939276933298
0.051463327040625,0.0509429085834017,0.0483020421737864,0.0552939276933298
0.051463327040625,0.0509429085834017,0.0483020421737864,0.0552939276933298
0.051463327040625,0.0509429085834017,0.0483020421737864,0.0552939276933298
0.051463327040625,0.0509429085834017,0.0483020421737864,0.0552939276933298
0.051463327040625,0.0509429085834017,0.0483020421737864,0.0552939276933298
0.051463327040625,0.0509429085834017,0.0483020421737864,0.0552939276933298
0.051463327040625,0.0509429085834017,0.0483020421737864,0.0557992448927565
0.051463327040625,0.0509429085834017,0.0483020421737864,0.0557992448927565
0.051463327040625,0.0509429085834017,0.0483020421737864,0.0557992448927565
0.0514324998103203,0.0509429085834017,0.0483020421737864,0.0557992448927565
0.0514324998103203,0.0509429085834017,0.0483020421737864,0.0557992448927565
0.0514324998103203,0.0509429085834017,0.0483020421737864,0.0557992448927565
0.0514324998103203,0.0548750538625958,0.0483020421737864,0.0557992448927565
0.0514324998103203,0.0548750538625958,0.0483020421737864,0.0557992448927565
0.0514324998103203,0.0548750538625958,0.0483020421737864,0.0557992448927565
0.0514324998103203,0.0548750538625958,0.0483020421737864,0.0579084696681546
0.0514324998103203,0.0548750538625958,0.0483020421737864,0.0579084696681546
0.0514324998103203,0.0548750538625958,0.0483020421737864,0.0579084696681546
0.0514324998103203,0.0548750538625958,0.0483020421737864,0.0579084696681546
0.0514324998103203,0.0611759430358316,0.0483020421737864,0.0579084696681546
0.0514324998103203,0.0611759430358316,0.0483020421737864,0.0579084696681546
0.0514324998103203,0.0611759430358316,0.0483020421737864,0.0579084696681546
0.0514324998103203,0.0611759430358316,0.0483020421737864,0.0579084696681546
0.0514324998103203,0.0611759430358316,0.0483020421737864,0.0579084696681546
0.0514324998103203,0.0611759430358316,0.0483020421737864,0.0579084696681546
0.0514324998103203,0.0611759430358316,0.0483020421737864,0.0579084696681546
0.0514324998103203,0.0611759430358316,0.0483020421737864,0.0579084696681546
0.0514324998103203,0.0611759430358316,0.0483020421737864,0.0579084696681546
0.0514324998103203,0.0611759430358316,0.0483020421737864,0.0579084696681546
0.0514324998103203,0.0611759430358316,0.0483020421737864,0.0530872373006811
0.0514324998103203,0.0611759430358316,0.0483020421737864,0.0530872373006811
0.0514324998103203,0.0611759430358316,0.0483020421737864,0.0530872373006811
0.0514324998103203,0.0611759430358316,0.0487264605784779,0.0579274184217482
0.0514324998103203,0.0611759430358316,0.0487264605784779,0.0579274184217482
0.0514324998103203,0.0611759430358316,0.0487264605784779,0.0579274184217482
0.0514324998103203,0.0611759430358316,0.0487264605784779,0.0579274184217482
0.0514324998103203,0.0611759430358316,0.0487264605784779,0.0579274184217482
0.0514324998103203,0.0611759430358316,0.0487264605784779,0.0579274184217482
0.0514324998103203,0.0611759430358316,0.0487264605784779,0.0574237095583916
0.0514324998103203,0.0611759430358316,0.0487264605784779,0.0574237095583916
0.0514324998103203,0.0611759430358316,0.0487264605784779,0.0574237095583916
0.0514324998103203,0.0611759430358316,0.0487264605784779,0.055690613782761
0.0514324998103203,0.0611759430358316,0.0487264605784779,0.055690613782761
0.0514324998103203,0.0611759430358316,0.0487264605784779,0.055690613782761
0.0514324998103203,0.0611759430358316,0.0487264605784779,0.055690613782761
0.0514324998103203,0.0611759430358316,0.0487264605784779,0.055690613782761
0.0514324998103203,0.0611759430358316,0.0487264605784779,0.055690613782761
0.0514324998103203,0.0611759430358316,0.0487264605784779,0.055690613782761
0.0514324998103203,0.0611759430358316,0.0487264605784779,0.055690613782761
0.0514324998103203,0.0611759430358316,0.0487264605784779,0.055690613782761
0.0514324998103203,0.0611759430358316,0.0487264605784779,0.0528857923511759
0.0514324998103203,0.0611759430358316,0.0487264605784779,0.0528857923511759
0.0514324998103203,0.0611759430358316,0.0487264605784779,0.0528857923511759
0.0514324998103203,0.0611759430358316,0.0487264605784779,0.0528857923511759
0.0514324998103203,0.0611759430358316,0.0487264605784779,0.0528857923511759
0.0514324998103203,0.0611759430358316,0.0487264605784779,0.0528857923511759
0.0514324998103203,0.0611759430358316,0.0487264605784779,0.0528857923511759
0.0514324998103203,0.0611759430358316,0.0487264605784779,0.0528857923511759
0.0514324998103203,0.0611759430358316,0.0487264605784779,0.0528857923511759
0.0514324998103203,0.0611759430358316,0.0487264605784779,0.0528857923511759
0.0514324998103203,0.0611759430358316,0.0487264605784779,0.0528857923511759
0.0514324998103203,0.0611759430358316,0.0487264605784779,0.0525050226500581
0.0514324998103203,0.0611759430358316,0.0487264605784779,0.0556752702488347
0.0514324998103203,0.0611759430358316,0.0487264605784779,0.0556752702488347
0.0514324998103203,0.0611759430358316,0.0487264605784779,0.0556752702488347
0.0514324998103203,0.0611759430358316,0.0487264605784779,0.0556752702488347
0.0514324998103203,0.0611759430358316,0.0487264605784779,0.0556752702488347
0.0514324998103203,0.0613625658686018,0.0487264605784779,0.0556752702488347
0.0514324998103203,0.0613625658686018,0.0487264605784779,0.0556752702488347
0.0514324998103203,0.0613625658686018,0.0487264605784779,0.0556752702488347
0.0514324998103203,0.0613625658686018,0.0487264605784779,0.0556752702488347
0.0514324998103203,0.0613625658686018,0.0487264605784779,0.0556752702488347
0.0514324998103203,0.0613625658686018,0.0487264605784779,0.0556752702488347
0.0514324998103203,0.0613625658686018,0.0487264605784779,0.0556752702488347
0.0514324998103203,0.0613625658686018,0.0487264605784779,0.0556752702488347
0.0514324998103203,0.0613625658686018,0.0487264605784779,0.0556752702488347
0.0514324998103203,0.0613625658686018,0.0487264605784779,0.0556752702488347
0.0514324998103203,0.0613625658686018,0.0487264605784779,0.0556752702488347
0.0514324998103203,0.0613625658686018,0.0487264605784779,0.0556752702488347
0.0514324998103203,0.0613625658686018,0.0487264605784779,0.0556752702488347
0.0514324998103203,0.0613625658686018,0.0487264605784779,0.0556752702488347
0.0514324998103203,0.0613625658686018,0.0487264605784779,0.0556752702488347
0.0514324998103203,0.0613625658686018,0.0487264605784779,0.0556752702488347
0.0514324998103203,0.0613625658686018,0.0487264605784779,0.0556752702488347
0.0514324998103203,0.0613625658686018,0.0487264605784779,0.0556752702488347
0.0514324998103203,0.0613625658686018,0.0487264605784779,0.0556752702488347
0.0514324998103203,0.0613625658686018,0.0487264605784779,0.0556752702488347
0.0514324998103203,0.0613625658686018,0.0487264605784779,0.0556752702488347
0.0514324998103203,0.0613625658686018,0.0487264605784779,0.0556752702488347
0.0514324998103203,0.0613625658686018,0.0487264605784779,0.0556752702488347
0.0514324998103203,0.0613625658686018,0.0487264605784779,0.0556752702488347
0.0514324998103203,0.0613625658686018,0.0487264605784779,0.0556752702488347
0.0514324998103203,0.0613625658686018,0.0487264605784779,0.0556752702488347
0.0514324998103203,0.0613625658686018,0.0487264605784779,0.0556752702488347
0.0514324998103203,0.0613625658686018,0.0487264605784779,0.0556752702488347
0.0514324998103203,0.0613625658686018,0.0487264605784779,0.0556752702488347
0.0514324998103203,0.0613625658686018,0.0487264605784779,0.0556752702488347
0.0514324998103203,0.0613625658686018,0.0487264605784779,0.0556752702488347
0.0514324998103203,0.0613625658686018,0.0487264605784779,0.0556752702488347
0.0514324998103203,0.0613625658686018,0.0487264605784779,0.0556752702488347
0.0514324998103203,0.0613625658686018,0.0487264605784779,0.0556752702488347
0.0514324998103203,0.0613625658686018,0.0487264605784779,0.0575411116058632
0.0514324998103203,0.0613625658686018,0.0487264605784779,0.0575411116058632
0.0514324998103203,0.0613625658686018,0.0487264605784779,0.0575411116058632
0.0514324998103203,0.0613625658686018,0.0487264605784779,0.0575411116058632
0.0514324998103203,0.0613625658686018,0.0487264605784779,0.0575411116058632
0.0514324998103203,0.0613625658686018,0.0487264605784779,0.0575411116058632
0.0514324998103203,0.0613625658686018,0.0487264605784779,0.0575411116058632
0.0514324998103203,0.0613625658686018,0.0487264605784779,0.0575411116058632
0.0514324998103203,0.0613625658686018,0.0487264605784779,0.0575411116058632
0.0514324998103203,0.0613625658686018,0.0487264605784779,0.0575411116058632
0.0514324998103203,0.0613625658686018,0.0487264605784779,0.0575411116058632
0.0514324998103203,0.0613625658686018,0.0487264605784779,0.0575411116058632
0.0514324998103203,0.0613625658686018,0.0487264605784779,0.0569925478550131
0.0514324998103203,0.0570949621443381,0.0487264605784779,0.0569925478550131
0.0514324998103203,0.0570949621443381,0.0487264605784779,0.0569925478550131
0.0514324998103203,0.0570949621443381,0.0487264605784779,0.0569925478550131
0.0514324998103203,0.0570949621443381,0.0487264605784779,0.0569925478550131
0.0514324998103203,0.0570949621443381,0.0487264605784779,0.0569925478550131
0.0514324998103203,0.0570949621443381,0.0487264605784779,0.0569925478550131
0.0514324998103203,0.0570949621443381,0.0487264605784779,0.0569925478550131
0.0514324998103203,0.0570949621443381,0.0487264605784779,0.0569925478550131
0.0514324998103203,0.0570949621443381,0.0487264605784779,0.0569925478550131
0.0514324998103203,0.0570949621443381,0.0487264605784779,0.0569925478550131
0.0514324998103203,0.0570949621443381,0.0487264605784779,0.0569925478550131
0.0514324998103203,0.0570949621443381,0.0487264605784779,0.0569925478550131
0.0514324998103203,0.0570949621443381,0.0487264605784779,0.0569925478550131
0.0514324998103203,0.0570949621443381,0.0487264605784779,0.0569925478550131
0.0514324998103203,0.0570949621443381,0.0487264605784779,0.0569925478550131
0.0514324998103203,0.0570949621443381,0.0487264605784779,0.0569925478550131
0.0514324998103203,0.0570949621443381,0.0487264605784779,0.0564538348062824
0.0514324998103203,0.0570949621443381,0.0487264605784779,0.0564538348062824
0.0514324998103203,0.0570949621443381,0.0487264605784779,0.0564538348062824
0.0514324998103203,0.0570949621443381,0.0487264605784779,0.0564538348062824
0.0514324998103203,0.0570949621443381,0.0487264605784779,0.0564538348062824
0.0514324998103203,0.0570949621443381,0.0487264605784779,0.0564538348062824
0.0514324998103203,0.0570949621443381,0.0487264605784779,0.0564538348062824
0.0514324998103203,0.0570949621443381,0.0487264605784779,0.0564538348062824
0.0514324998103203,0.0570949621443381,0.0487264605784779,0.0564538348062824
0.0514324998103203,0.0570949621443381,0.0487264605784779,0.0564538348062824
0.0514324998103203,0.0537194898970527,0.0487264605784779,0.0564538348062824
0.0514324998103203,0.0537194898970527,0.0487264605784779,0.0564538348062824
0.0514324998103203,0.0537194898970527,0.0487264605784779,0.0573168530001665
0.0514324998103203,0.0537194898970527,0.0487264605784779,0.0573168530001665
0.0514324998103203,0.0537194898970527,0.0487264605784779,0.0573168530001665
0.0514324998103203,0.0537194898970527,0.0487264605784779,0.0573168530001665
0.0514324998103203,0.0537194898970527,0.0487264605784779,0.0573168530001665
0.0514324998103203,0.0537194898970527,0.0487264605784779,0.0573168530001665
0.0514324998103203,0.0537194898970527,0.0487264605784779,0.0573168530001665
0.0514324998103203,0.0537194898970527,0.0487264605784779,0.0573168530001665
0.0514324998103203,0.0537194898970527,0.0487264605784779,0.0573168530001665
0.0514324998103203,0.0537194898970527,0.0487264605784779,0.0573168530001665
0.0514324998103203,0.0537194898970527,0.0487264605784779,0.0573168530001665
0.0514324998103203,0.0537194898970527,0.0487264605784779,0.0573168530001665
0.0514324998103203,0.0537194898970527,0.0487264605784779,0.0573168530001665
0.0514324998103203,0.0537194898970527,0.0487264605784779,0.0573168530001665
0.0514324998103203,0.0537194898970527,0.0487264605784779,0.0573168530001665
0.0514324998103203,0.0537194898970527,0.0487264605784779,0.0573168530001665
0.0514324998103203,0.0537194898970527,0.0487264605784779,0.0573168530001665
0.0514324998103203,0.0537194898970527,0.0487264605784779,0.0573168530001665
0.0514324998103203,0.0537194898970527,0.0487264605784779,0.0573168530001665
0.0514324998103203,0.0537194898970527,0.0487264605784779,0.0573168530001665
0.0514324998103203,0.0537194898970527,0.0487264605784779,0.0573168530001665
0.0514324998103203,0.0537194898970527,0.0487264605784779,0.0573168530001665
0.0514324998103203,0.0537194898970527,0.0487264605784779,0.0573168530001665
0.0514324998103203,0.0537194898970527,0.0487264605784779,0.0573168530001665
0.0514324998103203,0.0537194898970527,0.0487264605784779,0.0573168530001665
0.0514324998103203,0.0537194898970527,0.0487264605784779,0.0573168530001665
0.0514324998103203,0.0537194898970527,0.0487264605784779,0.0573168530001665
0.0514324998103203,0.0537194898970527,0.0487264605784779,0.0573168530001665
0.0514324998103203,0.0537194898970527,0.0487264605784779,0.0573168530001665
0.0514324998103203,0.0537194898970527,0.0487264605784779,0.0573168530001665
0.0514324998103203,0.0537194898970527,0.0487264605784779,0.0573168530001665
0.0514324998103203,0.0537194898970527,0.0487264605784779,0.0573168530001665
0.0514324998103203,0.0537194898970527,0.0487264605784779,0.0573168530001665
0.0514324998103203,0.0537194898970527,0.0487264605784779,0.0573168530001665
0.0514324998103203,0.0537194898970527,0.0487264605784779,0.0573168530001665
0.0514324998103203,0.0537194898970527,0.0487264605784779,0.0573168530001665
0.0514324998103203,0.0543745463633283,0.0487264605784779,0.0573168530001665
0.0514324998103203,0.0543745463633283,0.0487264605784779,0.0573168530001665
0.0514324998103203,0.0543745463633283,0.0487264605784779,0.0573168530001665
0.0514324998103203,0.0543745463633283,0.0487264605784779,0.0573168530001665
0.0514324998103203,0.0543745463633283,0.0487264605784779,0.0573168530001665
0.0514324998103203,0.0493604618926906,0.0487264605784779,0.0573168530001665
0.0514324998103203,0.0493604618926906,0.0487264605784779,0.0588942758943811
0.0514324998103203,0.0493604618926906,0.0487264605784779,0.0588942758943811
0.0514324998103203,0.0497363283730288,0.0487264605784779,0.0588942758943811
0.0514324998103203,0.0497363283730288,0.0487264605784779,0.0588942758943811
0.0514324998103203,0.0497363283730288,0.0487264605784779,0.0588942758943811
0.0514324998103203,0.0497363283730288,0.0487264605784779,0.0588942758943811
0.0514324998103203,0.0497363283730288,0.0487264605784779,0.0588942758943811
0.0514324998103203,0.0497363283730288,0.0487264605784779,0.0588942758943811
0.0514324998103203,0.0497363283730288,0.0487264605784779,0.0588942758943811
0.0514324998103203,0.0497363283730288,0.0475166856622723,0.0588942758943811
0.0514324998103203,0.0497363283730288,0.0475166856622723,0.0588942758943811
0.0514324998103203,0.0497363283730288,0.0475166856622723,0.0588942758943811
0.0514324998103203,0.0497363283730288,0.0475166856622723,0.0588942758943811
0.0514324998103203,0.0497363283730288,0.0475166856622723,0.0588942758943811
0.0514324998103203,0.0497363283730288,0.0475166856622723,0.0588942758943811
0.0514324998103203,0.0497363283730288,0.0475166856622723,0.0588942758943811
0.0514324998103203,0.0497363283730288,0.0475166856622723,0.0588942758943811
0.0514324998103203,0.0497363283730288,0.0475166856622723,0.0588942758943811
0.0514324998103203,0.0497363283730288,0.0475166856622723,0.0588942758943811
0.0514324998103203,0.0497363283730288,0.0475166856622723,0.0588942758943811
0.0514324998103203,0.0497363283730288,0.0475166856622723,0.0588942758943811
0.0514324998103203,0.0497363283730288,0.0475166856622723,0.0588942758943811
0.0535912990205759,0.0497363283730288,0.0475166856622723,0.0588942758943811
0.0535912990205759,0.0497363283730288,0.0475166856622723,0.0588942758943811
0.0535912990205759,0.0497363283730288,0.0475166856622723,0.0588942758943811
0.0535912990205759,0.0497363283730288,0.0475166856622723,0.0588942758943811
0.0535912990205759,0.0497363283730288,0.0475166856622723,0.0588942758943811
0.0535912990205759,0.0497363283730288,0.0475166856622723,0.0588942758943811
0.0535912990205759,0.0497363283730288,0.0475166856622723,0.0588942758943811
0.0535912990205759,0.0497363283730288,0.0475166856622723,0.0588942758943811
0.051919889660603,0.0497363283730288,0.0475166856622723,0.0588942758943811
0.051919889660603,0.0497363283730288,0.0475166856622723,0.0588942758943811
0.051919889660603,0.0497363283730288,0.0475166856622723,0.0588942758943811
0.051919889660603,0.0497363283730288,0.0475166856622723,0.0588942758943811
0.051919889660603,0.0538325186054727,0.0475166856622723,0.0588942758943811
0.051919889660603,0.0538325186054727,0.0475166856622723,0.0588942758943811
0.051919889660603,0.0538325186054727,0.0475166856622723,0.0588942758943811
0.051919889660603,0.0538325186054727,0.0475166856622723,0.0588942758943811
0.051919889660603,0.0538325186054727,0.0475166856622723,0.0588942758943811
0.051919889660603,0.0538325186054727,0.0475166856622723,0.0588942758943811
0.051919889660603,0.0538325186054727,0.0475166856622723,0.0588942758943811
0.051919889660603,0.0538325186054727,0.0475166856622723,0.0588942758943811
0.051919889660603,0.0538325186054727,0.0475166856622723,0.0588942758943811
0.051919889660603,0.0538325186054727,0.0475166856622723,0.0588942758943811
0.051919889660603,0.0538325186054727,0.0475166856622723,0.0588942758943811
0.051919889660603,0.0538325186054727,0.0475166856622723,0.0588942758943811
0.051919889660603,0.0538325186054727,0.0475166856622723,0.0588942758943811
0.051919889660603,0.0538325186054727,0.0475166856622723,0.0588942758943811
0.051919889660603,0.0538325186054727,0.0475166856622723,0.0588942758943811
0.051919889660603,0.0538325186054727,0.0475166856622723,0.0588942758943811
0.051919889660603,0.0538325186054727,0.0475166856622723,0.0588942758943811
0.051919889660603,0.0538325186054727,0.0475166856622723,0.0588942758943811
0.051919889660603,0.0538325186054727,0.0475166856622723,0.0588942758943811
0.051919889660603,0.0538325186054727,0.0475166856622723,0.0588942758943811
0.051919889660603,0.0538325186054727,0.0475166856622723,0.0588942758943811
0.051919889660603,0.0538325186054727,0.0475166856622723,0.0588942758943811
0.051919889660603,0.0538325186054727,0.0475166856622723,0.0588942758943811
0.051919889660603,0.0538325186054727,0.0475166856622723,0.0588942758943811
0.051919889660603,0.0538325186054727,0.0475166856622723,0.0588942758943811
0.051919889660603,0.0538325186054727,0.0475166856622723,0.0588942758943811
0.051919889660603,0.0538325186054727,0.0475166856622723,0.0556927947413003
0.051919889660603,0.0538325186054727,0.0475166856622723,0.0556927947413003
0.051919889660603,0.0538325186054727,0.0475166856622723,0.0556927947413003
0.051919889660603,0.0538325186054727,0.0475166856622723,0.0654319563892204
0.051919889660603,0.0538325186054727,0.0475166856622723,0.0654319563892204
0.051919889660603,0.0467390837354598,0.0475166856622723,0.0654319563892204
0.051919889660603,0.0467390837354598,0.0475166856622723,0.0654319563892204
0.051919889660603,0.0467390837354598,0.0475166856622723,0.0654319563892204
0.051919889660603,0.0467390837354598,0.0475166856622723,0.0654319563892204
0.051919889660603,0.0467390837354598,0.0475166856622723,0.0654319563892204
0.051919889660603,0.0467390837354598,0.0475166856622723,0.0654319563892204
0.051919889660603,0.0467390837354598,0.0475166856622723,0.0654319563892204
0.051919889660603,0.0467390837354598,0.0475166856622723,0.0654319563892204
0.0515707778137988,0.0467390837354598,0.0475166856622723,0.0654319563892204
0.0515707778137988,0.0467390837354598,0.0475166856622723,0.0654319563892204
0.0515707778137988,0.0467390837354598,0.0475166856622723,0.0654319563892204
0.0515707778137988,0.0467390837354598,0.0475166856622723,0.0654319563892204
0.0515707778137988,0.0551185043202579,0.0475166856622723,0.0654319563892204
0.0515707778137988,0.0551185043202579,0.0565372917083269,0.0542279644644421
0.0515707778137988,0.0564079449446311,0.0565372917083269,0.0542279644644421
0.0515707778137988,0.0564079449446311,0.0565372917083269,0.0542279644644421
0.0515707778137988,0.0564079449446311,0.0565372917083269,0.0542279644644421
0.0515707778137988,0.0564079449446311,0.0565372917083269,0.0542279644644421
0.0515707778137988,0.0564079449446311,0.0565372917083269,0.0542279644644421
0.0515707778137988,0.0564079449446311,0.0561057290627315,0.0542279644644421
0.0515707778137988,0.0564079449446311,0.0561057290627315,0.0542279644644421
0.0515707778137988,0.0532875162877804,0.0561057290627315,0.0621200856745159
0.0515707778137988,0.0532875162877804,0.0561057290627315,0.0621200856745159
0.0515707778137988,0.0532875162877804,0.0561057290627315,0.0712372068292725
0.0515707778137988,0.0532875162877804,0.0561057290627315,0.068971793070621
0.0515707778137988,0.0463944390119434,0.0561057290627315,0.068971793070621
0.0515707778137988,0.0463944390119434,0.0561057290627315,0.068971793070621
0.0515707778137988,0.0463944390119434,0.0561057290627315,0.068971793070621
0.0515707778137988,0.0585580381797225,0.0561057290627315,0.068971793070621
0.0503992718277313,0.0585580381797225,0.0561057290627315,0.068971793070621
0.0503992718277313,0.0585580381797225,0.0561057290627315,0.068971793070621
0.0503992718277313,0.0585580381797225,0.0561057290627315,0.068971793070621
0.0503992718277313,0.0585580381797225,0.0561057290627315,0.068971793070621
0.0503992718277313,0.0585580381797225,0.0561057290627315,0.068971793070621
0.0503992718277313,0.0585580381797225,0.0561057290627315,0.068971793070621
0.0503992718277313,0.0585580381797225,0.0561057290627315,0.068971793070621
0.0503992718277313,0.0585580381797225,0.0561057290627315,0.068971793070621
0.0503992718277313,0.0585580381797225,0.0561057290627315,0.068971793070621
0.0503992718277313,0.0585580381797225,0.0561057290627315,0.068971793070621
0.0503992718277313,0.0585580381797225,0.0561057290627315,0.068971793070621
0.0503992718277313,0.0585580381797225,0.0561057290627315,0.068971793070621
0.0503992718277313,0.0585580381797225,0.0561057290627315,0.068971793070621
0.0503992718277313,0.0585580381797225,0.0561057290627315,0.068971793070621
0.0503992718277313,0.0585580381797225,0.0561057290627315,0.068971793070621
0.0503992718277313,0.0585580381797225,0.0561057290627315,0.068971793070621
0.0503992718277313,0.0585580381797225,0.0561057290627315,0.068971793070621
0.0503992718277313,0.0585580381797225,0.0561057290627315,0.068971793070621
0.0503992718277313,0.0585580381797225,0.0561057290627315,0.068971793070621
0.0503992718277313,0.0585580381797225,0.0561057290627315,0.0668507892489051
0.0503992718277313,0.0585580381797225,0.0561057290627315,0.0668507892489051
0.0503992718277313,0.0593197267694114,0.0561057290627315,0.0668507892489051
0.0503992718277313,0.0593197267694114,0.0561057290627315,0.0668507892489051
0.0491964708648358,0.0593197267694114,0.0561057290627315,0.0668507892489051
0.0491964708648358,0.0593197267694114,0.0561057290627315,0.0668507892489051
0.0491964708648358,0.0593197267694114,0.0561057290627315,0.0668507892489051
0.0491964708648358,0.0559433060701568,0.0561057290627315,0.0668507892489051
0.0491964708648358,0.0559433060701568,0.0561057290627315,0.0668507892489051
0.0491964708648358,0.0559433060701568,0.0561057290627315,0.0668507892489051
0.0491964708648358,0.0559433060701568,0.0561057290627315,0.0668507892489051
0.0491964708648358,0.0559433060701568,0.0561057290627315,0.0668507892489051
0.0491964708648358,0.0559433060701568,0.0561057290627315,0.0668507892489051
0.0491964708648358,0.0559433060701568,0.0561057290627315,0.0668507892489051
0.0491964708648358,0.0559433060701568,0.0561057290627315,0.0668507892489051
0.0491964708648358,0.0559433060701568,0.0561057290627315,0.0668507892489051
0.0491964708648358,0.0559433060701568,0.0561057290627315,0.0668507892489051
0.0491964708648358,0.0559433060701568,0.0561057290627315,0.0668507892489051
0.0491964708648358,0.0559433060701568,0.0561057290627315,0.0515685528080948
0.0491964708648358,0.0559433060701568,0.0561057290627315,0.0515685528080948
0.0491964708648358,0.0559433060701568,0.0561057290627315,0.0515685528080948
0.0491964708648358,0.0559433060701568,0.0561057290627315,0.0515685528080948
0.0491964708648358,0.0559433060701568,0.0561057290627315,0.0515685528080948
0.0491964708648358,0.056030511560769,0.0561057290627315,0.0515685528080948
0.0491964708648358,0.0588670511376951,0.0561057290627315,0.0515685528080948
0.0491964708648358,0.0588670511376951,0.0561057290627315,0.0515685528080948
0.0491964708648358,0.0588670511376951,0.0561057290627315,0.0515685528080948
0.0491964708648358,0.0588670511376951,0.0561057290627315,0.0515685528080948
0.0491964708648358,0.0588670511376951,0.0561057290627315,0.0515685528080948
0.0491964708648358,0.0588670511376951,0.0561057290627315,0.0515685528080948
0.0491964708648358,0.0588670511376951,0.0561057290627315,0.0515685528080948
0.0491964708648358,0.0588670511376951,0.0561057290627315,0.0515685528080948
0.0491964708648358,0.0588670511376951,0.0561057290627315,0.0570402812389574
0.0491964708648358,0.0588670511376951,0.0561057290627315,0.0570402812389574
0.0491964708648358,0.0588670511376951,0.0561057290627315,0.0570402812389574
0.0491964708648358,0.0588670511376951,0.0561057290627315,0.0570402812389574
0.0491964708648358,0.0588670511376951,0.0561057290627315,0.0570402812389574
0.0491964708648358,0.0588670511376951,0.0561057290627315,0.0570402812389574
0.0491964708648358,0.0540184146554392,0.0561057290627315,0.0570402812389574
0.0491964708648358,0.0540184146554392,0.0561057290627315,0.0570402812389574
0.0491964708648358,0.0540184146554392,0.0561057290627315,0.0570402812389574
0.0491964708648358,0.0540184146554392,0.0561057290627315,0.0570402812389574
0.0491964708648358,0.0540184146554392,0.0561057290627315,0.0570402812389574
0.0491964708648358,0.0540184146554392,0.0561057290627315,0.0570402812389574
0.0491964708648358,0.0540184146554392,0.0561057290627315,0.0570402812389574
0.0491964708648358,0.0540184146554392,0.0561057290627315,0.0570402812389574
0.0491964708648358,0.0540184146554392,0.0561057290627315,0.0570402812389574
0.0491964708648358,0.0540184146554392,0.0561057290627315,0.0570402812389574
0.0491964708648358,0.0540184146554392,0.0561057290627315,0.0570402812389574
0.0491964708648358,0.0540184146554392,0.0561057290627315,0.0570402812389574
0.0491964708648358,0.0540184146554392,0.0561057290627315,0.0570402812389574
0.0491964708648358,0.0540184146554392,0.0561057290627315,0.0570402812389574
0.0491964708648358,0.0540184146554392,0.0561057290627315,0.0570402812389574
0.0491964708648358,0.0540184146554392,0.0561057290627315,0.0570402812389574
0.0491964708648358,0.0540184146554392,0.0561057290627315,0.0570402812389574
0.0491964708648358,0.0540184146554392,0.0561057290627315,0.0570402812389574
0.0491964708648358,0.0540184146554392,0.0561057290627315,0.0570402812389574
0.0503713427515273,0.0540184146554392,0.0561057290627315,0.0570402812389574
0.0503713427515273,0.0540184146554392,0.0561057290627315,0.0570402812389574
0.0503713427515273,0.0540184146554392,0.0561057290627315,0.0570402812389574
0.0503713427515273,0.0540184146554392,0.0561057290627315,0.0570402812389574
0.0503713427515273,0.0540184146554392,0.0561057290627315,0.0570402812389574
0.0503713427515273,0.0540184146554392,0.0561057290627315,0.0570402812389574
0.0503713427515273,0.0540184146554392,0.0561057290627315,0.0584037762390977
0.0503713427515273,0.0540184146554392,0.0561057290627315,0.0584037762390977
0.0503713427515273,0.0540184146554392,0.0561057290627315,0.0584037762390977
0.0503713427515273,0.0540184146554392,0.0561057290627315,0.0584037762390977
0.0503713427515273,0.0540184146554392,0.0561057290627315,0.0584037762390977
0.0503713427515273,0.0540184146554392,0.0561057290627315,0.0584037762390977
0.0503713427515273,0.0540184146554392,0.0561057290627315,0.0584037762390977
0.0503713427515273,0.0540184146554392,0.0561057290627315,0.0584037762390977
0.0503713427515273,0.0540184146554392,0.0561057290627315,0.0584037762390977
0.0503713427515273,0.0540184146554392,0.0561057290627315,0.0584037762390977
0.0503713427515273,0.0540184146554392,0.0561057290627315,0.0584037762390977
0.0503713427515273,0.0540184146554392,0.0561057290627315,0.0584037762390977
0.0503713427515273,0.0540184146554392,0.0561057290627315,0.0584037762390977
0.0495848351450973,0.0540184146554392,0.0561057290627315,0.0584037762390977
0.0495848351450973,0.0540184146554392,0.0561057290627315,0.0584037762390977
0.0495848351450973,0.0540184146554392,0.0561057290627315,0.0584037762390977
0.0495848351450973,0.0540184146554392,0.0561057290627315,0.0584037762390977
0.0495848351450973,0.0540184146554392,0.0561057290627315,0.0584037762390977
0.0495848351450973,0.0540184146554392,0.0561057290627315,0.0584037762390977
0.0495848351450973,0.0540184146554392,0.0561057290627315,0.0584037762390977
0.0495848351450973,0.0540184146554392,0.0561057290627315,0.0584037762390977
0.0495848351450973,0.0540184146554392,0.0561057290627315,0.0584037762390977
0.0495848351450973,0.0540184146554392,0.0561057290627315,0.0584037762390977
0.0495848351450973,0.0540184146554392,0.0561057290627315,0.0584037762390977
0.0495848351450973,0.0540184146554392,0.0561057290627315,0.0584037762390977
0.0495848351450973,0.0540184146554392,0.0561057290627315,0.0584037762390977
0.0495848351450973,0.0540184146554392,0.0561057290627315,0.0584037762390977
0.0495848351450973,0.0540184146554392,0.0561057290627315,0.0584037762390977
0.0495848351450973,0.0540184146554392,0.0561057290627315,0.0584037762390977
0.0495848351450973,0.0540184146554392,0.0561057290627315,0.0584037762390977
0.0495848351450973,0.0540184146554392,0.0561057290627315,0.0584037762390977
0.0495848351450973,0.0550283803702305,0.0561057290627315,0.0584037762390977
0.0495848351450973,0.0550283803702305,0.0561057290627315,0.0584037762390977
0.0495848351450973,0.0550283803702305,0.0561057290627315,0.056694884665494
0.0495848351450973,0.0550283803702305,0.0561057290627315,0.056694884665494
0.0495848351450973,0.0550283803702305,0.0561057290627315,0.056694884665494
0.0495848351450973,0.0550283803702305,0.0561057290627315,0.056694884665494
0.0495848351450973,0.0550283803702305,0.0561057290627315,0.056694884665494
0.0495848351450973,0.0550283803702305,0.0561057290627315,0.056694884665494
0.0471234431845035,0.0550283803702305,0.0561057290627315,0.056694884665494
0.0471234431845035,0.0550283803702305,0.0561057290627315,0.056694884665494
0.0471234431845035,0.0550283803702305,0.0561057290627315,0.056694884665494
0.0471234431845035,0.0550283803702305,0.0561057290627315,0.056694884665494
0.0471234431845035,0.0550283803702305,0.0561057290627315,0.056694884665494
0.0471234431845035,0.0550283803702305,0.0561057290627315,0.056694884665494
0.0471234431845035,0.0550283803702305,0.0561057290627315,0.056694884665494
0.0469269468132318,0.0550283803702305,0.0561057290627315,0.056694884665494
0.0469269468132318,0.0550283803702305,0.0561057290627315,0.056694884665494
0.0469269468132318,0.0550283803702305,0.0561057290627315,0.056694884665494
0.0469269468132318,0.0550283803702305,0.0561057290627315,0.056694884665494
0.0469269468132318,0.0550283803702305,0.0561057290627315,0.056694884665494
0.0469269468132318,0.0550283803702305,0.0561057290627315,0.056694884665494
0.0469269468132318,0.0550283803702305,0.0561057290627315,0.056694884665494
0.0469269468132318,0.0550283803702305,0.0561057290627315,0.056694884665494
0.0469269468132318,0.0550283803702305,0.0561057290627315,0.056694884665494
0.0469269468132318,0.0550283803702305,0.0561057290627315,0.056694884665494
0.0449610287088655,0.0550283803702305,0.0561057290627315,0.056694884665494
0.0449610287088655,0.0550283803702305,0.0561057290627315,0.056694884665494
0.0449610287088655,0.0550283803702305,0.0561057290627315,0.056694884665494
0.0449610287088655,0.0550283803702305,0.0561057290627315,0.056694884665494
0.0449610287088655,0.0550283803702305,0.0561057290627315,0.0627374821802506
0.0449610287088655,0.0550283803702305,0.0561057290627315,0.0627374821802506
0.0449610287088655,0.0550283803702305,0.0561057290627315,0.0627374821802506
0.0449610287088655,0.0550283803702305,0.0561057290627315,0.0627374821802506
0.0449610287088655,0.0550283803702305,0.0561057290627315,0.0627374821802506
0.0449610287088655,0.0550283803702305,0.0561057290627315,0.0630054365644037
0.0449610287088655,0.0550283803702305,0.0561057290627315,0.0630054365644037
0.0449610287088655,0.0550283803702305,0.0561057290627315,0.0630054365644037
0.0449610287088655,0.0550283803702305,0.0561057290627315,0.0630054365644037
0.0449610287088655,0.0550283803702305,0.0561057290627315,0.0630054365644037
0.0449610287088655,0.0546813175710956,0.0561057290627315,0.0630054365644037
0.0449610287088655,0.0546813175710956,0.0561057290627315,0.0630054365644037
0.0449610287088655,0.0546813175710956,0.0561057290627315,0.0630054365644037
0.0449610287088655,0.0546813175710956,0.0561057290627315,0.0630054365644037
0.0449610287088655,0.0546813175710956,0.0561057290627315,0.0630054365644037
0.0449610287088655,0.0546813175710956,0.0561057290627315,0.0630054365644037
0.0449610287088655,0.0546813175710956,0.0561057290627315,0.0630054365644037
0.0449610287088655,0.0546813175710956,0.0561057290627315,0.0630054365644037
0.0449610287088655,0.0546813175710956,0.0561057290627315,0.0630054365644037
0.0449610287088655,0.0546813175710956,0.0561057290627315,0.0630054365644037
0.0449610287088655,0.0625724916327355,0.0561057290627315,0.0630054365644037
0.0449610287088655,0.0625724916327355,0.0561057290627315,0.0630054365644037
0.0449610287088655,0.0625724916327355,0.0561057290627315,0.0630054365644037
0.0449610287088655,0.0625724916327355,0.0561057290627315,0.0630054365644037
0.0449610287088655,0.0625724916327355,0.0561057290627315,0.0630054365644037
0.0449610287088655,0.0625724916327355,0.0561057290627315,0.0630054365644037
0.0449610287088655,0.0625724916327355,0.0561057290627315,0.0630054365644037
0.0449610287088655,0.0625724916327355,0.0561057290627315,0.0630054365644037
0.0449610287088655,0.0625724916327355,0.0561057290627315,0.0630054365644037
0.0449610287088655,0.0625724916327355,0.0561057290627315,0.0630054365644037
0.0449610287088655,0.0625724916327355,0.0561057290627315,0.0630054365644037
0.0449610287088655,0.0625724916327355,0.0561057290627315,0.0630054365644037
0.0449610287088655,0.0625724916327355,0.0561057290627315,0.0630054365644037
0.0449610287088655,0.0625724916327355,0.0561057290627315,0.0630054365644037
0.0449610287088655,0.0625724916327355,0.0561057290627315,0.0630054365644037
0.0449610287088655,0.0625724916327355,0.0561057290627315,0.0630054365644037
0.0449610287088655,0.0625724916327355,0.0561057290627315,0.0630054365644037
0.0449610287088655,0.0625724916327355,0.0561057290627315,0.0630054365644037
0.0449610287088655,0.0625724916327355,0.0561057290627315,0.0630054365644037
0.0449610287088655,0.0625724916327355,0.0561057290627315,0.0630054365644037
0.0449610287088655,0.0625724916327355,0.0561057290627315,0.0630054365644037
0.0449610287088655,0.0625724916327355,0.0561057290627315,0.0630054365644037
0.0449610287088655,0.0625724916327355,0.0561057290627315,0.0630054365644037
0.0449610287088655,0.0625724916327355,0.0561057290627315,0.0630054365644037
0.0449610287088655,0.0625724916327355,0.0561057290627315,0.0630054365644037
0.0449610287088655,0.0625724916327355,0.0561057290627315,0.0630054365644037
0.0449610287088655,0.0625724916327355,0.0561057290627315,0.0607352773365691
0.0449610287088655,0.0625724916327355,0.0561057290627315,0.0607352773365691
0.0449610287088655,0.0625724916327355,0.0561057290627315,0.0607352773365691
0.0449610287088655,0.0625724916327355,0.0561057290627315,0.0607352773365691
0.0449610287088655,0.0625724916327355,0.0561057290627315,0.0607352773365691
0.0449610287088655,0.0625724916327355,0.0561057290627315,0.0607352773365691
0.0449610287088655,0.0625724916327355,0.0561057290627315,0.0607352773365691
0.0449610287088655,0.0625724916327355,0.0561057290627315,0.0607352773365691
0.0449610287088655,0.0625724916327355,0.0561057290627315,0.0607352773365691
0.0449610287088655,0.0625724916327355,0.0561057290627315,0.0607352773365691
0.0449610287088655,0.0625724916327355,0.0561057290627315,0.0607352773365691
0.0449610287088655,0.0625724916327355,0.0561057290627315,0.0663626663233163
0.0449610287088655,0.0625724916327355,0.0561057290627315,0.0663626663233163
0.0449610287088655,0.0625724916327355,0.0561057290627315,0.0663626663233163
0.0449610287088655,0.0625724916327355,0.0561057290627315,0.0663626663233163
0.0449610287088655,0.0625724916327355,0.0561057290627315,0.0663626663233163
0.0449610287088655,0.0625724916327355,0.0561057290627315,0.0663626663233163
0.0449610287088655,0.0625724916327355,0.0561057290627315,0.0663626663233163
0.0449610287088655,0.0625724916327355,0.0561057290627315,0.0663626663233163
0.0449610287088655,0.0625724916327355,0.0561057290627315,0.0663626663233163
0.0449610287088655,0.0625724916327355,0.0561057290627315,0.0663626663233163
0.0449610287088655,0.0625724916327355,0.0561057290627315,0.0663626663233163
0.0449610287088655,0.0625724916327355,0.0561057290627315,0.0663626663233163
0.0449610287088655,0.0625724916327355,0.0561057290627315,0.0663626663233163
0.0449610287088655,0.0625724916327355,0.0561057290627315,0.0663626663233163
0.0449610287088655,0.0625724916327355,0.0561057290627315,0.0663626663233163
0.0449610287088655,0.0625724916327355,0.0561057290627315,0.0663626663233163
0.0449610287088655,0.0625724916327355,0.0561057290627315,0.0663626663233163
0.0449610287088655,0.0625724916327355,0.0561057290627315,0.0663626663233163
0.0449610287088655,0.0625724916327355,0.0561057290627315,0.0663626663233163
0.0449610287088655,0.0625724916327355,0.0561057290627315,0.0663626663233163
0.0449610287088655,0.0625724916327355,0.0561057290627315,0.0663626663233163
0.0449610287088655,0.0625724916327355,0.0561057290627315,0.0663626663233163
0.0449610287088655,0.0625724916327355,0.0561057290627315,0.0663626663233163
0.0449610287088655,0.0625724916327355,0.0561057290627315,0.0663626663233163
0.0449610287088655,0.0625724916327355,0.0561057290627315,0.0663626663233163
0.0449610287088655,0.0625724916327355,0.0561057290627315,0.0663626663233163
0.0449610287088655,0.0625724916327355,0.0561057290627315,0.0663626663233163
0.0449610287088655,0.0625724916327355,0.0561057290627315,0.0663626663233163
0.0449610287088655,0.0625724916327355,0.0505174871607275,0.0663626663233163
0.0449610287088655,0.0625724916327355,0.0505174871607275,0.0663626663233163
0.0449610287088655,0.0611598297024569,0.0505174871607275,0.0663626663233163
0.0449610287088655,0.0611598297024569,0.0548087591418756,0.0663626663233163
0.0449610287088655,0.0611598297024569,0.0548087591418756,0.0663626663233163
0.0449610287088655,0.0611598297024569,0.0548087591418756,0.0663626663233163
0.0449610287088655,0.0611598297024569,0.0548087591418756,0.0663626663233163
0.0449610287088655,0.0611598297024569,0.0548087591418756,0.0663626663233163
0.0449610287088655,0.0611598297024569,0.0548087591418756,0.0663626663233163
0.0449610287088655,0.0611598297024569,0.0548087591418756,0.0663626663233163
0.0449610287088655,0.0611598297024569,0.0548087591418756,0.0663626663233163
0.0449610287088655,0.0611598297024569,0.0548087591418756,0.0663626663233163
0.0449610287088655,0.0611598297024569,0.0548087591418756,0.0663626663233163
0.0449610287088655,0.0611598297024569,0.0548087591418756,0.0663626663233163
0.0449610287088655,0.0611598297024569,0.0548087591418756,0.0663626663233163
0.0449610287088655,0.0611598297024569,0.0548087591418756,0.0663626663233163
0.0449610287088655,0.0611598297024569,0.0548087591418756,0.0663626663233163
0.0449610287088655,0.0611598297024569,0.0548087591418756,0.0663626663233163
0.0449610287088655,0.0611598297024569,0.0548087591418756,0.0663626663233163
0.0449610287088655,0.0611598297024569,0.0548087591418756,0.0663626663233163
0.0449610287088655,0.0611598297024569,0.0548087591418756,0.0644731619607541
0.0449610287088655,0.0611598297024569,0.0548087591418756,0.0644731619607541
0.0449610287088655,0.0611598297024569,0.0548087591418756,0.0644731619607541
0.0449610287088655,0.0611598297024569,0.0548087591418756,0.0644731619607541
0.0449610287088655,0.0611598297024569,0.0548087591418756,0.0644731619607541
0.0449610287088655,0.0611598297024569,0.0548087591418756,0.0682434633209314
0.0449610287088655,0.0611598297024569,0.0548087591418756,0.0682434633209314
0.0449610287088655,0.0611598297024569,0.0548087591418756,0.0682434633209314
0.0449610287088655,0.0611598297024569,0.0548087591418756,0.0682434633209314
0.0449610287088655,0.0611598297024569,0.0548087591418756,0.0682434633209314
0.0449610287088655,0.0611598297024569,0.0548087591418756,0.0682434633209314
0.0449610287088655,0.0611598297024569,0.0548087591418756,0.0682434633209314
0.0449610287088655,0.0611598297024569,0.0518932514845417,0.0682434633209314
0.0449610287088655,0.0611598297024569,0.0518932514845417,0.0682434633209314
0.0449610287088655,0.0611598297024569,0.0542758862489448,0.0682434633209314
0.0449610287088655,0.0611598297024569,0.0542758862489448,0.0682434633209314
0.0449610287088655,0.0611598297024569,0.0542758862489448,0.0682434633209314
0.0449610287088655,0.0611598297024569,0.0542758862489448,0.0560754426052026
0.0449610287088655,0.0611598297024569,0.0542758862489448,0.0560754426052026
0.0449610287088655,0.0611598297024569,0.0542758862489448,0.0560754426052026
0.0449610287088655,0.0611598297024569,0.0542758862489448,0.0560754426052026
0.0449610287088655,0.0611598297024569,0.0542758862489448,0.0560754426052026
0.0449610287088655,0.0611598297024569,0.0542758862489448,0.0560754426052026
0.0449610287088655,0.0611598297024569,0.0542758862489448,0.0560754426052026
0.0449610287088655,0.0611598297024569,0.0542758862489448,0.0560754426052026
0.0449610287088655,0.0611598297024569,0.0542758862489448,0.0560754426052026
0.0449610287088655,0.0611598297024569,0.0542758862489448,0.0560754426052026
0.0449610287088655,0.0611598297024569,0.0542758862489448,0.0560754426052026
0.0449610287088655,0.0611598297024569,0.0542758862489448,0.0560754426052026
0.0449610287088655,0.0611598297024569,0.0571655753667928,0.0560754426052026
0.0449610287088655,0.0611598297024569,0.0571655753667928,0.0560754426052026
0.0449610287088655,0.056832778432669,0.0571655753667928,0.0560754426052026
0.0449610287088655,0.056832778432669,0.0571655753667928,0.0560754426052026
0.0449610287088655,0.0566280367034519,0.0571655753667928,0.0560754426052026
0.0449610287088655,0.0566280367034519,0.0571655753667928,0.0560754426052026
0.0449610287088655,0.0566280367034519,0.0571655753667928,0.0560754426052026
0.0449610287088655,0.0566280367034519,0.0571655753667928,0.0560754426052026
0.0449610287088655,0.0566280367034519,0.0571655753667928,0.0560754426052026
0.0449610287088655,0.0566280367034519,0.0571655753667928,0.0560754426052026
0.0449610287088655,0.0566280367034519,0.0571655753667928,0.0560754426052026
0.0449610287088655,0.0566280367034519,0.0571655753667928,0.0560754426052026
0.0449610287088655,0.0566280367034519,0.0571655753667928,0.0560754426052026
0.0449610287088655,0.0566280367034519,0.0571655753667928,0.0560754426052026
0.0449610287088655,0.0566280367034519,0.0571655753667928,0.0560754426052026
0.0449610287088655,0.0566280367034519,0.0571655753667928,0.0560754426052026
0.0449610287088655,0.0566280367034519,0.0571655753667928,0.0560754426052026
0.0449610287088655,0.0566280367034519,0.0571655753667928,0.0560754426052026
0.0449610287088655,0.0566280367034519,0.0571655753667928,0.0560754426052026
0.0449610287088655,0.0566280367034519,0.0571655753667928,0.0560754426052026
0.0449610287088655,0.0573385961244449,0.0571655753667928,0.0560754426052026
0.0449610287088655,0.0573385961244449,0.0571655753667928,0.0560754426052026
0.0449610287088655,0.0552815122732714,0.0571655753667928,0.0560754426052026
0.0449610287088655,0.0552815122732714,0.0571655753667928,0.0597286816297454
0.0449610287088655,0.0552815122732714,0.0571655753667928,0.0597286816297454
0.0449610287088655,0.0552815122732714,0.0571655753667928,0.0597286816297454
0.0449610287088655,0.0552815122732714,0.0571655753667928,0.0597286816297454
0.0449610287088655,0.0552815122732714,0.0571655753667928,0.0597286816297454
0.0449610287088655,0.0552815122732714,0.0571655753667928,0.0597286816297454
0.0449610287088655,0.0552815122732714,0.0571655753667928,0.0597286816297454
0.0449610287088655,0.0552815122732714,0.0571655753667928,0.0597286816297454
0.0449610287088655,0.0552815122732714,0.0571655753667928,0.0597286816297454
0.0449610287088655,0.0552815122732714,0.0571655753667928,0.0597286816297454
0.0449610287088655,0.0552815122732714,0.0571655753667928,0.0597286816297454
0.0449610287088655,0.0552815122732714,0.0571655753667928,0.0597286816297454
0.0449610287088655,0.0552815122732714,0.0571655753667928,0.0597286816297454
0.0449610287088655,0.0552815122732714,0.0571655753667928,0.0597286816297454
0.0449610287088655,0.0552815122732714,0.0571655753667928,0.0597286816297454
0.0449610287088655,0.0552815122732714,0.0571655753667928,0.0597286816297454
0.0449610287088655,0.0552815122732714,0.0571655753667928,0.0597286816297454
0.0449610287088655,0.0552815122732714,0.0571655753667928,0.0597286816297454
0.0449610287088655,0.0552815122732714,0.0571655753667928,0.0597286816297454
0.0449610287088655,0.0552815122732714,0.0571655753667928,0.0597286816297454
0.0449610287088655,0.0456764856260102,0.0571655753667928,0.0597286816297454
0.0449610287088655,0.0456764856260102,0.0571655753667928,0.0597286816297454
0.0449610287088655,0.0456764856260102,0.0571655753667928,0.0597286816297454
0.0449610287088655,0.0472680574378326,0.0571655753667928,0.0597286816297454
0.0449610287088655,0.0472680574378326,0.0571655753667928,0.0597286816297454
0.0449610287088655,0.0472680574378326,0.0571655753667928,0.0597286816297454
0.0449610287088655,0.0472680574378326,0.0571655753667928,0.0597286816297454
0.0449610287088655,0.0472680574378326,0.0571655753667928,0.0597286816297454
0.0449610287088655,0.0472680574378326,0.0571655753667928,0.0597286816297454
0.0449610287088655,0.0472680574378326,0.0571655753667928,0.0597286816297454
0.0449610287088655,0.0472680574378326,0.0571655753667928,0.0597286816297454
0.0449610287088655,0.0472680574378326,0.0571655753667928,0.0597286816297454
0.0449610287088655,0.0472680574378326,0.0571655753667928,0.0597286816297454
0.0449610287088655,0.0472680574378326,0.0571655753667928,0.0597286816297454
0.0449610287088655,0.0472680574378326,0.0571655753667928,0.0597286816297454
0.0449610287088655,0.0472680574378326,0.0571655753667928,0.0597286816297454
0.0449610287088655,0.0472680574378326,0.0571655753667928,0.0597286816297454
0.0449610287088655,0.0472680574378326,0.0571655753667928,0.0597286816297454
0.0449610287088655,0.0472680574378326,0.0571655753667928,0.0597286816297454
0.0449610287088655,0.0472680574378326,0.0571655753667928,0.0597286816297454
0.0449610287088655,0.0472680574378326,0.0571655753667928,0.0597286816297454
0.0449610287088655,0.0472680574378326,0.0599040542992298,0.0597286816297454
0.0449610287088655,0.0472680574378326,0.0599040542992298,0.0597286816297454
0.0449610287088655,0.0472680574378326,0.0599040542992298,0.0597286816297454
0.0449610287088655,0.0472680574378326,0.0599040542992298,0.0597286816297454
0.0449610287088655,0.0472680574378326,0.0599040542992298,0.0597286816297454
0.0449610287088655,0.0472680574378326,0.0599040542992298,0.0596545219547511
0.0449610287088655,0.0472680574378326,0.0599040542992298,0.0596545219547511
0.0449610287088655,0.0472680574378326,0.0599040542992298,0.0596545219547511
0.0449610287088655,0.0472680574378326,0.0544318133906854,0.0596545219547511
0.0449610287088655,0.0472680574378326,0.0544318133906854,0.0596545219547511
0.0449610287088655,0.0472680574378326,0.0544318133906854,0.0596545219547511
0.0449610287088655,0.0472680574378326,0.0544318133906854,0.0596545219547511
0.0449610287088655,0.0472680574378326,0.0544318133906854,0.0596545219547511
0.0460706102253896,0.0472680574378326,0.0595118083503781,0.0596545219547511
0.0460706102253896,0.0472680574378326,0.0595118083503781,0.0596545219547511
0.0460706102253896,0.0472680574378326,0.0595118083503781,0.0596545219547511
0.0460706102253896,0.047372405746266,0.0595118083503781,0.0596545219547511
0.0460706102253896,0.047372405746266,0.0595118083503781,0.0596545219547511
0.0460706102253896,0.047372405746266,0.0595118083503781,0.0596545219547511
0.0460706102253896,0.047372405746266,0.0595118083503781,0.0596545219547511
0.0460706102253896,0.047372405746266,0.0595118083503781,0.0596545219547511
0.0460706102253896,0.047372405746266,0.0595118083503781,0.0596545219547511
0.0460706102253896,0.047372405746266,0.0595118083503781,0.0596545219547511
0.0460706102253896,0.047372405746266,0.0595118083503781,0.0596545219547511
0.0460706102253896,0.047372405746266,0.0595118083503781,0.0596545219547511
0.0460706102253896,0.047372405746266,0.0595118083503781,0.0596545219547511
0.0460706102253896,0.047372405746266,0.0595118083503781,0.0596545219547511
0.0460706102253896,0.047372405746266,0.0595118083503781,0.0596545219547511
0.0460706102253896,0.047372405746266,0.0595118083503781,0.0596545219547511
0.0460706102253896,0.047372405746266,0.0595118083503781,0.0596545219547511
0.0460706102253896,0.047372405746266,0.0595118083503781,0.0557981421811306
0.0460706102253896,0.047372405746266,0.0595118083503781,0.0557981421811306
0.0460706102253896,0.047372405746266,0.0595118083503781,0.0557981421811306
0.0460706102253896,0.047372405746266,0.0595118083503781,0.0557981421811306
0.0460706102253896,0.047372405746266,0.0589976382857877,0.0557981421811306
0.0460706102253896,0.047372405746266,0.0589976382857877,0.0557981421811306
0.0460706102253896,0.047372405746266,0.0589976382857877,0.0557981421811306
0.0460706102253896,0.047372405746266,0.0589976382857877,0.0557981421811306
0.0460706102253896,0.047372405746266,0.0589976382857877,0.0615609562387252
0.0460706102253896,0.047372405746266,0.0589976382857877,0.0615609562387252
0.0460706102253896,0.047372405746266,0.0589976382857877,0.0615609562387252
0.0460706102253896,0.047372405746266,0.0589976382857877,0.0615609562387252
0.0460706102253896,0.047372405746266,0.0589976382857877,0.0615609562387252
0.0460706102253896,0.047372405746266,0.0589976382857877,0.0615609562387252
0.0460706102253896,0.047372405746266,0.0589976382857877,0.0615609562387252
0.0460706102253896,0.047372405746266,0.0589976382857877,0.0615609562387252
0.0460706102253896,0.047372405746266,0.0589976382857877,0.0615609562387252
0.0460706102253896,0.047372405746266,0.0469075896864063,0.0615609562387252
0.0460706102253896,0.047372405746266,0.0469075896864063,0.0615609562387252
0.0460706102253896,0.047372405746266,0.0568636099670474,0.0615609562387252
0.0460706102253896,0.047372405746266,0.0568636099670474,0.0615609562387252
0.0460706102253896,0.047372405746266,0.0568636099670474,0.0615609562387252
0.0460706102253896,0.047372405746266,0.0568636099670474,0.0615609562387252
0.0460706102253896,0.047372405746266,0.0568636099670474,0.0615609562387252
0.0460706102253896,0.047372405746266,0.0568636099670474,0.0615609562387252
0.0460706102253896,0.047372405746266,0.0568636099670474,0.0615609562387252
0.0460706102253896,0.047372405746266,0.0568636099670474,0.0615609562387252
0.0460706102253896,0.047372405746266,0.0568636099670474,0.0615609562387252
0.0460706102253896,0.047372405746266,0.0568636099670474,0.0615609562387252
0.0460706102253896,0.047372405746266,0.0568636099670474,0.0615609562387252
0.0460706102253896,0.047372405746266,0.0568636099670474,0.0615609562387252
0.0460706102253896,0.047372405746266,0.0568636099670474,0.0615609562387252
0.0460706102253896,0.047372405746266,0.0518257632300968,0.0615609562387252
0.0460706102253896,0.047372405746266,0.0518257632300968,0.06354341200208
0.0460706102253896,0.047372405746266,0.0518257632300968,0.06354341200208
0.0460706102253896,0.047372405746266,0.0518257632300968,0.06354341200208
0.0460706102253896,0.047372405746266,0.0518257632300968,0.06354341200208
0.0460706102253896,0.047372405746266,0.0518257632300968,0.06354341200208
0.0460706102253896,0.047372405746266,0.0518257632300968,0.06354341200208
0.0460706102253896,0.047372405746266,0.0518257632300968,0.06354341200208
0.0504338035485972,0.047372405746266,0.0518257632300968,0.06354341200208
0.0504338035485972,0.047372405746266,0.0518257632300968,0.06354341200208
0.0504338035485972,0.047372405746266,0.0518257632300968,0.06354341200208
0.0504338035485972,0.047372405746266,0.0557730396677468,0.06354341200208
0.0504338035485972,0.047372405746266,0.0557730396677468,0.06354341200208
0.0504338035485972,0.047372405746266,0.0557730396677468,0.06354341200208
0.0504338035485972,0.047372405746266,0.0557730396677468,0.06354341200208
0.0504338035485972,0.047372405746266,0.0557730396677468,0.06354341200208
0.0504338035485972,0.047372405746266,0.0557730396677468,0.06354341200208
0.0504338035485972,0.047372405746266,0.0557730396677468,0.06354341200208
0.0504338035485972,0.047372405746266,0.0557730396677468,0.06354341200208
0.0504338035485972,0.047372405746266,0.0557730396677468,0.06354341200208
0.0504338035485972,0.047372405746266,0.0557730396677468,0.06354341200208
0.0504338035485972,0.047372405746266,0.0557730396677468,0.06354341200208
0.0504338035485972,0.047372405746266,0.0557730396677468,0.06354341200208
0.0504338035485972,0.047372405746266,0.0557730396677468,0.06354341200208
0.0521156617903553,0.047372405746266,0.0557730396677468,0.06354341200208
0.0521156617903553,0.047372405746266,0.0557730396677468,0.06354341200208
0.0521156617903553,0.047372405746266,0.0557730396677468,0.06354341200208
0.0521156617903553,0.047372405746266,0.0557730396677468,0.06354341200208
0.0489993522169192,0.047372405746266,0.0557730396677468,0.06354341200208
0.0489993522169192,0.047372405746266,0.0557730396677468,0.06354341200208
0.0489993522169192,0.047372405746266,0.0557730396677468,0.06354341200208
0.0489993522169192,0.047372405746266,0.0557730396677468,0.06354341200208
0.0489993522169192,0.047372405746266,0.0557730396677468,0.06354341200208
0.0489993522169192,0.047372405746266,0.0557730396677468,0.06354341200208
0.0489993522169192,0.047372405746266,0.0557730396677468,0.06354341200208
0.0489993522169192,0.047372405746266,0.0557730396677468,0.06354341200208
0.0489993522169192,0.047372405746266,0.0557730396677468,0.06354341200208
0.0489993522169192,0.043818529729281,0.0557730396677468,0.06354341200208
0.0489993522169192,0.043818529729281,0.0557730396677468,0.06354341200208
0.0489993522169192,0.043818529729281,0.0557730396677468,0.06354341200208
0.0489993522169192,0.043818529729281,0.0557730396677468,0.06354341200208
0.0489993522169192,0.043818529729281,0.0557730396677468,0.06354341200208
0.0489993522169192,0.043818529729281,0.0557730396677468,0.06354341200208
0.0489993522169192,0.043818529729281,0.0557730396677468,0.06354341200208
0.0489993522169192,0.043818529729281,0.0557730396677468,0.06354341200208
0.0489993522169192,0.043818529729281,0.0557730396677468,0.06354341200208
0.0489993522169192,0.0554312906402195,0.0557730396677468,0.06354341200208
0.0489993522169192,0.0554312906402195,0.0557730396677468,0.06354341200208
0.0489993522169192,0.0554312906402195,0.0557730396677468,0.06354341200208
0.0489993522169192,0.0554312906402195,0.0491923388459971,0.06354341200208
0.0480859536794906,0.0554312906402195,0.0491923388459971,0.06354341200208
0.0480859536794906,0.0554312906402195,0.0491923388459971,0.06354341200208
0.0480859536794906,0.0554312906402195,0.0491923388459971,0.06354341200208
0.0480859536794906,0.0554312906402195,0.0491923388459971,0.06354341200208
0.0480859536794906,0.0554312906402195,0.0491923388459971,0.06354341200208
0.0480859536794906,0.0554312906402195,0.0491923388459971,0.06354341200208
0.0480859536794906,0.047532096098649,0.0491923388459971,0.06354341200208
0.0480859536794906,0.047532096098649,0.0491923388459971,0.06354341200208
0.0480859536794906,0.047532096098649,0.0491923388459971,0.06354341200208
0.0480859536794906,0.047532096098649,0.0579256564931957,0.06354341200208
0.0480859536794906,0.047532096098649,0.0579256564931957,0.06354341200208
0.0480859536794906,0.047532096098649,0.0579256564931957,0.0554154999953876
0.0480859536794906,0.047532096098649,0.0579256564931957,0.0554154999953876
0.0480859536794906,0.047532096098649,0.0579256564931957,0.0554154999953876
0.0480859536794906,0.047532096098649,0.0579256564931957,0.0524401446639684
0.0480859536794906,0.047532096098649,0.0579256564931957,0.0524401446639684
0.0480859536794906,0.047532096098649,0.0579256564931957,0.0524401446639684
0.0480859536794906,0.047532096098649,0.0579256564931957,0.0524401446639684
0.0480859536794906,0.047532096098649,0.0579256564931957,0.0524401446639684
0.0480859536794906,0.0578233372704002,0.0579256564931957,0.0524401446639684
0.0480859536794906,0.0578233372704002,0.0579256564931957,0.0524401446639684
0.0480859536794906,0.0578233372704002,0.0579256564931957,0.0524401446639684
0.0480859536794906,0.0578233372704002,0.0579256564931957,0.0524401446639684
0.0480859536794906,0.0578233372704002,0.0579256564931957,0.0524401446639684
0.0480859536794906,0.0578233372704002,0.0579256564931957,0.0524401446639684
0.0480859536794906,0.0578233372704002,0.0579256564931957,0.0524401446639684
0.0480859536794906,0.0578233372704002,0.0579256564931957,0.0524401446639684
0.0480859536794906,0.0578233372704002,0.0579256564931957,0.0524401446639684
0.0480859536794906,0.0578233372704002,0.0579256564931957,0.0524401446639684
0.0480859536794906,0.0578233372704002,0.0579256564931957,0.0619885026714376
0.0480859536794906,0.0578233372704002,0.0579256564931957,0.0619885026714376
0.0480859536794906,0.0578233372704002,0.0579256564931957,0.0619885026714376
0.0480859536794906,0.0578233372704002,0.0579256564931957,0.0619885026714376
0.0480859536794906,0.0578233372704002,0.0579256564931957,0.0619885026714376
0.0480859536794906,0.0578233372704002,0.0579256564931957,0.0619885026714376
0.0480859536794906,0.0578233372704002,0.0579256564931957,0.0619885026714376
0.0480859536794906,0.0578233372704002,0.0579256564931957,0.0619885026714376
0.0480859536794906,0.0578233372704002,0.0579256564931957,0.0619885026714376
0.0480859536794906,0.0578233372704002,0.0579256564931957,0.0619885026714376
0.0480859536794906,0.0578233372704002,0.0579256564931957,0.0619885026714376
0.0480859536794906,0.0578233372704002,0.0579256564931957,0.0619885026714376
0.0480859536794906,0.0578233372704002,0.0579256564931957,0.0619885026714376
0.0480859536794906,0.0578233372704002,0.0579256564931957,0.0619885026714376
0.0480859536794906,0.0578233372704002,0.0579256564931957,0.0619885026714376
0.0480859536794906,0.0578233372704002,0.0579256564931957,0.0619885026714376
0.0480859536794906,0.0578233372704002,0.0579256564931957,0.0619885026714376
0.0480859536794906,0.0578233372704002,0.0579256564931957,0.0619885026714376
0.0480859536794906,0.0578233372704002,0.0579256564931957,0.0619885026714376
0.0480859536794906,0.0578233372704002,0.0579256564931957,0.0619885026714376
0.0480859536794906,0.0578233372704002,0.0579256564931957,0.0619885026714376
0.0480859536794906,0.0578233372704002,0.0579256564931957,0.0619885026714376
0.0480859536794906,0.0578233372704002,0.0579256564931957,0.0619885026714376
0.0480859536794906,0.0578233372704002,0.0579256564931957,0.0619885026714376
0.0507166046176913,0.0578233372704002,0.0579256564931957,0.0619885026714376
0.0507166046176913,0.0578233372704002,0.0579256564931957,0.0619885026714376
0.0507166046176913,0.0578233372704002,0.0579256564931957,0.0619885026714376
0.0507166046176913,0.0578233372704002,0.0579256564931957,0.0619885026714376
0.0507166046176913,0.0578233372704002,0.0579256564931957,0.0619885026714376
0.0507166046176913,0.0578233372704002,0.0579256564931957,0.0619885026714376
0.0507166046176913,0.0578233372704002,0.0579256564931957,0.0619885026714376
0.0507166046176913,0.0578233372704002,0.0579256564931957,0.0619885026714376
0.0507166046176913,0.0578233372704002,0.0483493364049306,0.0619885026714376
0.0507166046176913,0.0578233372704002,0.0483493364049306,0.0619885026714376
0.0507166046176913,0.0578233372704002,0.0483493364049306,0.0619885026714376
0.0507166046176913,0.0578233372704002,0.0483493364049306,0.0619885026714376
0.0507166046176913,0.0578233372704002,0.0483493364049306,0.0619885026714376
0.0507166046176913,0.0578233372704002,0.055599715089536,0.0619885026714376
0.0507166046176913,0.0578233372704002,0.055599715089536,0.0619885026714376
0.0507166046176913,0.0578233372704002,0.055599715089536,0.0619885026714376
0.0507166046176913,0.0578233372704002,0.0546130141246311,0.0619885026714376
0.0507166046176913,0.0578233372704002,0.0546130141246311,0.0619885026714376
0.0507166046176913,0.0578233372704002,0.0546130141246311,0.0619885026714376
0.0507166046176913,0.0578233372704002,0.0546130141246311,0.0619885026714376
0.0507166046176913,0.0578233372704002,0.0546130141246311,0.0619885026714376
0.0507166046176913,0.0578233372704002,0.0546130141246311,0.0578623665290925
0.0507166046176913,0.050226985808008,0.0525914199975616,0.0578623665290925
0.0507166046176913,0.0526624919100012,0.0525914199975616,0.0578623665290925
0.0546305337840881,0.0526624919100012,0.0525914199975616,0.0578623665290925
0.0546305337840881,0.0526624919100012,0.0525914199975616,0.0578623665290925
0.0546305337840881,0.0526624919100012,0.0525914199975616,0.0578623665290925
0.0546305337840881,0.0526624919100012,0.0525914199975616,0.0578623665290925
0.0546305337840881,0.0526624919100012,0.0525914199975616,0.0578623665290925
0.0546305337840881,0.0526624919100012,0.0525914199975616,0.0578623665290925
0.0546305337840881,0.0526624919100012,0.0525914199975616,0.0578623665290925
0.0546305337840881,0.0526624919100012,0.0525914199975616,0.0578623665290925
0.0546305337840881,0.0526624919100012,0.0525914199975616,0.0520264485556701
0.0546305337840881,0.0526624919100012,0.0525914199975616,0.0520264485556701
0.0546305337840881,0.0526624919100012,0.0525914199975616,0.0520264485556701
0.0546305337840881,0.0526624919100012,0.0525914199975616,0.0520264485556701
0.0546305337840881,0.0526624919100012,0.0525914199975616,0.0520264485556701
0.0546305337840881,0.0526624919100012,0.0525914199975616,0.0520264485556701
0.0546305337840881,0.0526624919100012,0.0525914199975616,0.0520264485556701
0.0546305337840881,0.0526624919100012,0.0525914199975616,0.0520264485556701
0.0546305337840881,0.0526624919100012,0.0525914199975616,0.0520264485556701
0.0546305337840881,0.0526624919100012,0.0525914199975616,0.0520264485556701
0.0546305337840881,0.0526624919100012,0.0525914199975616,0.0520264485556701
0.0546305337840881,0.0526624919100012,0.0525914199975616,0.0520264485556701
0.0546305337840881,0.0526624919100012,0.0525914199975616,0.0520264485556701
0.0546305337840881,0.0511059733180378,0.0525914199975616,0.0520264485556701
0.0546305337840881,0.0514577719229685,0.0525914199975616,0.0520264485556701
0.0546305337840881,0.0514577719229685,0.0525914199975616,0.0520264485556701
0.0546305337840881,0.0514577719229685,0.0525914199975616,0.0520264485556701
0.0546305337840881,0.0514577719229685,0.0525914199975616,0.0520264485556701
0.0546305337840881,0.0514577719229685,0.0525914199975616,0.0520264485556701
0.0546305337840881,0.0514577719229685,0.0525914199975616,0.0520264485556701
0.055111616557084,0.0514577719229685,0.0502760481074315,0.0520264485556701
0.055111616557084,0.0514577719229685,0.0502760481074315,0.0520264485556701
0.055111616557084,0.0514577719229685,0.0502760481074315,0.0520264485556701
0.055111616557084,0.0514577719229685,0.0502760481074315,0.0520264485556701
0.055111616557084,0.0514577719229685,0.0502760481074315,0.0520264485556701
0.055111616557084,0.0514577719229685,0.0502760481074315,0.0520264485556701
0.055111616557084,0.0514577719229685,0.0502760481074315,0.0520264485556701
0.055111616557084,0.0632198963428157,0.0502760481074315,0.0520264485556701
0.055111616557084,0.0632198963428157,0.0502760481074315,0.0520264485556701
0.055111616557084,0.0632198963428157,0.0502760481074315,0.0520264485556701
0.055111616557084,0.0590159959638267,0.0502760481074315,0.0520264485556701
0.055111616557084,0.0590159959638267,0.0502760481074315,0.0520264485556701
0.055111616557084,0.0590159959638267,0.0502760481074315,0.0520264485556701
0.055111616557084,0.0590159959638267,0.0502760481074315,0.0520264485556701
0.055111616557084,0.0590159959638267,0.0502760481074315,0.0520264485556701
0.055111616557084,0.0590159959638267,0.0547239822344336,0.0520264485556701
0.055111616557084,0.0590159959638267,0.0547239822344336,0.0485429733190441
0.055111616557084,0.0590159959638267,0.0547239822344336,0.0485429733190441
0.055111616557084,0.0578499019893621,0.0547239822344336,0.0485429733190441
0.055111616557084,0.0578499019893621,0.0547239822344336,0.0524673628592055
0.055111616557084,0.0578499019893621,0.0547239822344336,0.0524673628592055
0.055111616557084,0.0578499019893621,0.0547239822344336,0.0524673628592055
0.055111616557084,0.0578499019893621,0.0547239822344336,0.0524673628592055
0.055111616557084,0.0578499019893621,0.0547239822344336,0.0524673628592055
0.055111616557084,0.0578499019893621,0.0547239822344336,0.0524673628592055
0.055111616557084,0.0578499019893621,0.0547239822344336,0.0524673628592055
0.055111616557084,0.0578499019893621,0.0547239822344336,0.0524673628592055
0.055111616557084,0.0578499019893621,0.0547239822344336,0.0524673628592055
0.055111616557084,0.0578499019893621,0.0547239822344336,0.0524673628592055
0.055111616557084,0.0578499019893621,0.0547239822344336,0.0524673628592055
0.055111616557084,0.0578499019893621,0.0547239822344336,0.0524673628592055
0.055111616557084,0.0578499019893621,0.0547239822344336,0.0524673628592055
0.055111616557084,0.0578499019893621,0.0547239822344336,0.0524673628592055
0.055111616557084,0.0578499019893621,0.0547239822344336,0.0524673628592055
0.055111616557084,0.0578499019893621,0.0547239822344336,0.0524673628592055
0.055111616557084,0.0578499019893621,0.0547239822344336,0.0524673628592055
0.055111616557084,0.0578499019893621,0.0547239822344336,0.0524673628592055
0.055111616557084,0.0578499019893621,0.0547239822344336,0.0524673628592055
0.055111616557084,0.0578499019893621,0.0547239822344336,0.0524673628592055
0.055111616557084,0.0578499019893621,0.0547239822344336,0.0524673628592055
0.055111616557084,0.0578499019893621,0.0530891521102637,0.0524673628592055
0.055111616557084,0.0578499019893621,0.0530891521102637,0.0524673628592055
0.055111616557084,0.0578499019893621,0.0530891521102637,0.0524673628592055
0.055111616557084,0.0578499019893621,0.0530891521102637,0.0524673628592055
0.055111616557084,0.0578499019893621,0.0530891521102637,0.0524673628592055
0.055111616557084,0.0578499019893621,0.0530891521102637,0.0524673628592055
0.055111616557084,0.0578499019893621,0.0530891521102637,0.0524673628592055
0.055111616557084,0.0578499019893621,0.0530891521102637,0.0524673628592055
0.055111616557084,0.0578499019893621,0.0530891521102637,0.0524673628592055
0.055111616557084,0.0578499019893621,0.0530891521102637,0.0524673628592055
0.055111616557084,0.0578499019893621,0.0530891521102637,0.0524673628592055
0.055111616557084,0.0578499019893621,0.0530891521102637,0.0524673628592055
0.055111616557084,0.0578499019893621,0.0530891521102637,0.0524673628592055
0.055111616557084,0.0578499019893621,0.0530891521102637,0.0524673628592055
0.055111616557084,0.0578499019893621,0.0530891521102637,0.0524673628592055
0.055111616557084,0.0578499019893621,0.0530891521102637,0.0524673628592055
0.0563731597193583,0.0578499019893621,0.0530891521102637,0.0524673628592055
0.0563731597193583,0.0578499019893621,0.0530891521102637,0.0524673628592055
0.0563731597193583,0.0578499019893621,0.0530891521102637,0.0524673628592055
0.0563731597193583,0.0578499019893621,0.0530891521102637,0.0524673628592055
0.0563731597193583,0.0578499019893621,0.0530891521102637,0.0524673628592055
0.0563731597193583,0.0578499019893621,0.0530891521102637,0.0524673628592055
0.0563731597193583,0.0578499019893621,0.0530891521102637,0.0524673628592055
0.0563731597193583,0.0578499019893621,0.0530891521102637,0.0524673628592055
0.0563731597193583,0.0578499019893621,0.0530891521102637,0.0524673628592055
0.0563731597193583,0.0578499019893621,0.0530891521102637,0.0524673628592055
0.0563731597193583,0.0578499019893621,0.0530891521102637,0.0524673628592055
0.0563731597193583,0.0578499019893621,0.0530891521102637,0.0472440090310812
0.0563731597193583,0.0578499019893621,0.0530891521102637,0.0472440090310812
0.0563731597193583,0.0578499019893621,0.0530891521102637,0.0472440090310812
0.0563731597193583,0.0578499019893621,0.0530891521102637,0.0472440090310812
0.0563731597193583,0.0578499019893621,0.0530891521102637,0.0472440090310812
0.0563731597193583,0.0578499019893621,0.0530891521102637,0.0472440090310812
0.0563731597193583,0.0578499019893621,0.0530891521102637,0.0472440090310812
0.0563731597193583,0.0578499019893621,0.0530891521102637,0.0472440090310812
0.0563731597193583,0.0578499019893621,0.0530891521102637,0.0472440090310812
0.0563731597193583,0.0578499019893621,0.0530891521102637,0.0472440090310812
0.0563731597193583,0.0578499019893621,0.0530891521102637,0.0472440090310812
0.0563731597193583,0.0578499019893621,0.0530891521102637,0.0472440090310812
0.0563731597193583,0.0578499019893621,0.0530891521102637,0.0532228181940665
0.0563731597193583,0.0554144660898327,0.0530891521102637,0.0532228181940665
0.0563731597193583,0.0554144660898327,0.0530891521102637,0.0532228181940665
0.0563731597193583,0.0554144660898327,0.0530891521102637,0.0532228181940665
0.0563731597193583,0.0554144660898327,0.0530891521102637,0.0510802634137551
0.0563731597193583,0.0554144660898327,0.0530891521102637,0.0510802634137551
0.0530377203888126,0.0554144660898327,0.0530891521102637,0.0510802634137551
0.0520981213662919,0.0554144660898327,0.0530891521102637,0.0510802634137551
0.0520981213662919,0.0554144660898327,0.0530891521102637,0.0510802634137551
0.0520981213662919,0.0554144660898327,0.0530891521102637,0.0510802634137551
0.0520981213662919,0.0554144660898327,0.0530891521102637,0.0510802634137551
0.0520981213662919,0.0554144660898327,0.0530891521102637,0.0510802634137551
0.0520981213662919,0.0554144660898327,0.0530891521102637,0.0510802634137551
0.0520981213662919,0.0554144660898327,0.0546456642367145,0.0510802634137551
0.0520981213662919,0.0554144660898327,0.0546456642367145,0.0510802634137551
0.0520981213662919,0.0554144660898327,0.0546456642367145,0.0510802634137551
0.0520981213662919,0.0554144660898327,0.0546456642367145,0.0510802634137551
0.0520981213662919,0.0554144660898327,0.0546456642367145,0.0510802634137551
0.0520981213662919,0.0554144660898327,0.0546456642367145,0.0510802634137551
0.0520981213662919,0.0554144660898327,0.0546456642367145,0.0510802634137551
0.0520981213662919,0.0554144660898327,0.0546456642367145,0.0554248709203856
0.0520981213662919,0.0554144660898327,0.0546456642367145,0.0554248709203856
0.0520981213662919,0.0554144660898327,0.0546456642367145,0.0554248709203856
0.0520981213662919,0.0554144660898327,0.0546456642367145,0.0554248709203856
0.0520981213662919,0.0554144660898327,0.0546456642367145,0.0554248709203856
0.0520981213662919,0.0554144660898327,0.0546456642367145,0.0554248709203856
0.0520981213662919,0.0554144660898327,0.0546456642367145,0.0606879805890949
0.0520981213662919,0.0554144660898327,0.0546456642367145,0.0606879805890949
0.0520981213662919,0.0554144660898327,0.0546456642367145,0.0606879805890949
0.0520981213662919,0.0554144660898327,0.0546456642367145,0.0606879805890949
0.0520981213662919,0.0554144660898327,0.0546456642367145,0.0606879805890949
0.0520981213662919,0.0554144660898327,0.0546456642367145,0.0606879805890949
0.0520981213662919,0.0554144660898327,0.0546456642367145,0.0606879805890949
0.0520981213662919,0.0554144660898327,0.0546456642367145,0.0606879805890949
0.0520981213662919,0.0554144660898327,0.0546456642367145,0.0606879805890949
0.0520981213662919,0.0554144660898327,0.0546456642367145,0.0606879805890949
0.0520981213662919,0.0554144660898327,0.0546456642367145,0.0606879805890949
0.0520981213662919,0.0554144660898327,0.0546456642367145,0.0606879805890949
0.0520981213662919,0.0629718398082528,0.0546456642367145,0.0606879805890949
0.0520981213662919,0.0520390063022929,0.0544293208987143,0.0606879805890949
0.0520981213662919,0.0520390063022929,0.0544293208987143,0.0606879805890949
0.0520981213662919,0.0520390063022929,0.0544293208987143,0.0606879805890949
0.0520981213662919,0.0520390063022929,0.0544293208987143,0.0606879805890949
0.0520981213662919,0.0520390063022929,0.0544293208987143,0.0606879805890949
0.0520981213662919,0.0520390063022929,0.0544293208987143,0.0606879805890949
0.0520981213662919,0.0520390063022929,0.0544293208987143,0.0606879805890949
0.0520981213662919,0.0520390063022929,0.0544293208987143,0.0606879805890949
0.0520981213662919,0.0520390063022929,0.0544293208987143,0.0606879805890949
0.0520981213662919,0.0520390063022929,0.0544293208987143,0.0606879805890949
0.0520981213662919,0.0520390063022929,0.0544293208987143,0.0606879805890949
0.0520981213662919,0.0520390063022929,0.0544293208987143,0.0606879805890949
0.0520981213662919,0.0520390063022929,0.0544293208987143,0.0606879805890949
0.0520981213662919,0.0520390063022929,0.0544293208987143,0.0606879805890949
0.0520981213662919,0.0520390063022929,0.0544293208987143,0.0606879805890949
0.0520981213662919,0.0520390063022929,0.0544293208987143,0.0606879805890949
0.0520981213662919,0.0520390063022929,0.0544293208987143,0.0606879805890949
0.0520981213662919,0.0520390063022929,0.0544293208987143,0.0606879805890949
0.0520981213662919,0.0520390063022929,0.0544293208987143,0.0606879805890949
0.0520981213662919,0.0520390063022929,0.0544293208987143,0.0606879805890949
0.0520981213662919,0.0520390063022929,0.0544293208987143,0.0606879805890949
0.0520981213662919,0.0520390063022929,0.0544293208987143,0.0606879805890949
0.0555735122518645,0.0520390063022929,0.0544293208987143,0.0606879805890949
0.0555735122518645,0.0520390063022929,0.0544293208987143,0.0606879805890949
0.0555735122518645,0.0520390063022929,0.0544293208987143,0.0606879805890949
0.0555735122518645,0.0552317415331879,0.0544293208987143,0.0606879805890949
0.0555735122518645,0.0552317415331879,0.0544293208987143,0.0606879805890949
0.0555735122518645,0.0552317415331879,0.0544293208987143,0.0606879805890949
0.0555735122518645,0.0552317415331879,0.0544293208987143,0.0606879805890949
0.0555735122518645,0.0552317415331879,0.0544293208987143,0.0606879805890949
0.0555735122518645,0.0583866312513328,0.0544293208987143,0.0606879805890949
0.0555735122518645,0.0583866312513328,0.0544293208987143,0.0606879805890949
0.0555735122518645,0.0583866312513328,0.0544293208987143,0.0606879805890949
0.0555735122518645,0.0583866312513328,0.0544293208987143,0.0606879805890949
0.0555735122518645,0.0583866312513328,0.0544293208987143,0.0606879805890949
0.0555735122518645,0.0583866312513328,0.0544293208987143,0.0606879805890949
0.0555735122518645,0.0583866312513328,0.0544293208987143,0.0606879805890949
0.0555735122518645,0.0583866312513328,0.0544293208987143,0.0606879805890949
0.0555735122518645,0.045028690378892,0.0544293208987143,0.0606879805890949
0.0555735122518645,0.045028690378892,0.0544293208987143,0.0606879805890949
0.0555735122518645,0.045028690378892,0.0544293208987143,0.0606879805890949
0.0555735122518645,0.045028690378892,0.0544293208987143,0.0606879805890949
0.0555735122518645,0.045028690378892,0.0544293208987143,0.0606879805890949
0.0555735122518645,0.045028690378892,0.0501203015974741,0.0606879805890949
0.0555735122518645,0.0527530222831986,0.0501203015974741,0.0606879805890949
0.0555735122518645,0.0527530222831986,0.0501203015974741,0.0606879805890949
0.0555735122518645,0.0527530222831986,0.0501203015974741,0.0606879805890949
0.0555735122518645,0.0527530222831986,0.0501203015974741,0.0606879805890949
0.0555735122518645,0.0527530222831986,0.0501203015974741,0.0606879805890949
0.0555735122518645,0.0527530222831986,0.0501203015974741,0.0606879805890949
0.0555735122518645,0.0527530222831986,0.0511312127480709,0.0606879805890949
0.0555735122518645,0.0527530222831986,0.0511312127480709,0.0606879805890949
0.0555735122518645,0.0527530222831986,0.0511312127480709,0.0606879805890949
0.0555735122518645,0.0527530222831986,0.0511312127480709,0.0606879805890949
0.0555735122518645,0.0527530222831986,0.0511312127480709,0.0606879805890949
0.0555735122518645,0.0527530222831986,0.0511312127480709,0.0606879805890949
0.0555735122518645,0.0527530222831986,0.0511312127480709,0.0606879805890949
0.0555735122518645,0.0527530222831986,0.0511312127480709,0.0606879805890949
0.0555735122518645,0.0527530222831986,0.0511312127480709,0.0606879805890949
0.0555735122518645,0.0527530222831986,0.0511312127480709,0.0606879805890949
0.0555735122518645,0.0527530222831986,0.0511312127480709,0.0606879805890949
0.0555735122518645,0.0527530222831986,0.0511312127480709,0.0606879805890949
0.0555735122518645,0.0527530222831986,0.0511312127480709,0.0606879805890949
0.0555735122518645,0.0527530222831986,0.0511312127480709,0.0606879805890949
0.0555735122518645,0.0527530222831986,0.0511312127480709,0.0606879805890949
0.0555735122518645,0.0527530222831986,0.0511312127480709,0.0606879805890949
0.0555735122518645,0.0527530222831986,0.0511312127480709,0.0606879805890949
0.0555735122518645,0.0527530222831986,0.0511312127480709,0.0606879805890949
0.0555735122518645,0.0527530222831986,0.0511312127480709,0.0606879805890949
0.0555735122518645,0.0527530222831986,0.0511312127480709,0.0606879805890949
0.0555735122518645,0.0527530222831986,0.0511312127480709,0.0606879805890949
0.0555735122518645,0.0485290893542816,0.0511312127480709,0.0606879805890949
0.0555735122518645,0.0485290893542816,0.0511312127480709,0.0606879805890949
0.0555735122518645,0.0485290893542816,0.0511312127480709,0.0606879805890949
0.0555735122518645,0.0485290893542816,0.0511312127480709,0.0606879805890949
0.0555735122518645,0.0485290893542816,0.0511312127480709,0.0606879805890949
0.0555735122518645,0.0485290893542816,0.0511312127480709,0.0606879805890949
0.0555735122518645,0.0485290893542816,0.0511312127480709,0.0606879805890949
0.0555735122518645,0.0485290893542816,0.0511312127480709,0.0606879805890949
0.0555735122518645,0.0485290893542816,0.0511312127480709,0.0606879805890949
0.0555735122518645,0.0485290893542816,0.0511312127480709,0.0606879805890949
0.0555735122518645,0.0485290893542816,0.0511312127480709,0.0606879805890949
0.0555735122518645,0.0485290893542816,0.0511312127480709,0.0606879805890949
0.0555735122518645,0.0485290893542816,0.0511312127480709,0.0606879805890949
0.0555735122518645,0.0485290893542816,0.0511312127480709,0.0606879805890949
0.0555735122518645,0.0485290893542816,0.0511312127480709,0.0606879805890949
0.0555735122518645,0.0453861548771524,0.0511312127480709,0.0606879805890949
0.0555735122518645,0.0507810585411506,0.0511312127480709,0.0606879805890949
0.0497701024574365,0.0507810585411506,0.0511312127480709,0.0606879805890949
0.0497701024574365,0.0507810585411506,0.0511312127480709,0.0606879805890949
0.0497701024574365,0.0507810585411506,0.0511312127480709,0.0606879805890949
0.0497701024574365,0.0507810585411506,0.0511312127480709,0.0606879805890949
0.0497701024574365,0.0507810585411506,0.0511312127480709,0.0606879805890949
0.0497701024574365,0.0507810585411506,0.0511312127480709,0.0606879805890949
0.0497701024574365,0.0507810585411506,0.0511312127480709,0.0606879805890949
0.0497701024574365,0.0507810585411506,0.0511312127480709,0.0606879805890949
0.0497701024574365,0.0507810585411506,0.0511312127480709,0.0606879805890949
0.0497701024574365,0.0507810585411506,0.0511312127480709,0.0606879805890949
0.0497701024574365,0.0507810585411506,0.0511312127480709,0.0606879805890949
0.0497701024574365,0.0507810585411506,0.0511312127480709,0.0606879805890949
0.0497701024574365,0.0507810585411506,0.0511312127480709,0.0606879805890949
0.0497701024574365,0.0507810585411506,0.0511312127480709,0.0606879805890949
0.0497701024574365,0.0507810585411506,0.0511312127480709,0.0606879805890949
0.0497701024574365,0.0507810585411506,0.0511312127480709,0.0606879805890949
0.0497701024574365,0.0507810585411506,0.0511312127480709,0.0610842351039397
0.0497701024574365,0.0507810585411506,0.0511312127480709,0.0610842351039397
0.0497701024574365,0.0507810585411506,0.0511312127480709,0.0610842351039397
0.0497701024574365,0.0507810585411506,0.0481800326624795,0.0610842351039397
0.0497701024574365,0.0507810585411506,0.0481800326624795,0.0610842351039397
0.0497701024574365,0.0507810585411506,0.0481800326624795,0.0610842351039397
0.0497701024574365,0.0507810585411506,0.0481800326624795,0.0610842351039397
0.0497701024574365,0.0507810585411506,0.0481800326624795,0.0610842351039397
0.051938575431977,0.0507810585411506,0.0481800326624795,0.0610842351039397
0.051938575431977,0.0507810585411506,0.0554195955145906,0.0610842351039397
0.051938575431977,0.0507810585411506,0.0554195955145906,0.0610842351039397
0.051938575431977,0.0507810585411506,0.0469182271439862,0.0610842351039397
0.051938575431977,0.0507810585411506,0.0469182271439862,0.0610842351039397
0.051938575431977,0.0507810585411506,0.0469182271439862,0.0662602387965552
0.051938575431977,0.0507810585411506,0.0469182271439862,0.0662602387965552
0.051938575431977,0.0507810585411506,0.0469182271439862,0.0662602387965552
0.051938575431977,0.0507810585411506,0.0469182271439862,0.0662602387965552
0.051938575431977,0.0507810585411506,0.0469182271439862,0.0662602387965552
0.051938575431977,0.0507810585411506,0.0469182271439862,0.0662602387965552
0.051938575431977,0.0507810585411506,0.0469182271439862,0.0621856772927563
0.051938575431977,0.0507810585411506,0.0469182271439862,0.0621856772927563
0.051938575431977,0.0507810585411506,0.0469182271439862,0.0621856772927563
0.051938575431977,0.0507810585411506,0.0469182271439862,0.0621856772927563
0.051938575431977,0.0507810585411506,0.0469182271439862,0.0621856772927563
0.051938575431977,0.0507810585411506,0.0469182271439862,0.0621856772927563
0.051938575431977,0.0507810585411506,0.0469182271439862,0.0621856772927563
0.051938575431977,0.0507810585411506,0.0469182271439862,0.0621856772927563
0.051938575431977,0.0507810585411506,0.0469182271439862,0.0621856772927563
0.051938575431977,0.0507810585411506,0.0469182271439862,0.0577063304026905
0.051938575431977,0.0507810585411506,0.0520848469258398,0.0577063304026905
0.051938575431977,0.0507810585411506,0.0520848469258398,0.0577063304026905
0.051938575431977,0.0507810585411506,0.0520848469258398,0.0577063304026905
0.051938575431977,0.0507810585411506,0.0520848469258398,0.0577063304026905
0.051938575431977,0.0507810585411506,0.0520848469258398,0.0577063304026905
0.051938575431977,0.0507810585411506,0.0459497719666752,0.0577063304026905
0.051938575431977,0.0507810585411506,0.0459497719666752,0.0577063304026905
0.051938575431977,0.0507810585411506,0.0459497719666752,0.0577063304026905
0.051938575431977,0.0507810585411506,0.0459497719666752,0.0577063304026905
0.051938575431977,0.0507810585411506,0.0459497719666752,0.0577063304026905
0.051938575431977,0.0507810585411506,0.0459497719666752,0.0577063304026905
0.051938575431977,0.0507810585411506,0.0459497719666752,0.0577063304026905
0.051938575431977,0.0507810585411506,0.0459497719666752,0.0577063304026905
0.051938575431977,0.0507810585411506,0.0459497719666752,0.0577063304026905
0.051938575431977,0.0507810585411506,0.0459497719666752,0.0577063304026905
0.051938575431977,0.0507810585411506,0.0459497719666752,0.0577063304026905
0.051938575431977,0.0507810585411506,0.0459497719666752,0.0577063304026905
0.051938575431977,0.0515953619195652,0.0459497719666752,0.0577063304026905
0.051938575431977,0.0515953619195652,0.0459497719666752,0.0577063304026905
0.051938575431977,0.0515953619195652,0.0459497719666752,0.0577063304026905
0.051938575431977,0.0515953619195652,0.0459497719666752,0.0577063304026905
0.051938575431977,0.0515953619195652,0.0459497719666752,0.0577063304026905
0.051938575431977,0.0515953619195652,0.0459497719666752,0.0577063304026905
0.051938575431977,0.0515953619195652,0.0459497719666752,0.0577063304026905
0.051938575431977,0.0515953619195652,0.0459497719666752,0.0577063304026905
0.051938575431977,0.0515953619195652,0.0459497719666752,0.0577063304026905
0.051938575431977,0.0515953619195652,0.0459497719666752,0.0577063304026905
0.051938575431977,0.0515953619195652,0.0459497719666752,0.0577063304026905
0.051938575431977,0.0515953619195652,0.0459497719666752,0.0577063304026905
0.051938575431977,0.0515953619195652,0.0459497719666752,0.0577063304026905
0.051938575431977,0.0515953619195652,0.0459497719666752,0.0610068405127775
0.051938575431977,0.0515953619195652,0.0459497719666752,0.0610068405127775
0.051938575431977,0.0515953619195652,0.0459497719666752,0.0610068405127775
0.051938575431977,0.0515953619195652,0.0459497719666752,0.0610068405127775
0.051938575431977,0.0515953619195652,0.0459497719666752,0.0610068405127775
0.051938575431977,0.0515953619195652,0.0459497719666752,0.0610068405127775
0.051938575431977,0.0515953619195652,0.0459497719666752,0.0610068405127775
0.051938575431977,0.0515953619195652,0.0459497719666752,0.0610068405127775
0.051938575431977,0.0515953619195652,0.0459497719666752,0.0610068405127775
0.051938575431977,0.0515953619195652,0.0459497719666752,0.0610068405127775
0.051938575431977,0.0515953619195652,0.0459497719666752,0.0610068405127775
0.051938575431977,0.0515953619195652,0.0459497719666752,0.0610068405127775
0.051938575431977,0.0515953619195652,0.0459497719666752,0.0610068405127775
0.051938575431977,0.0515953619195652,0.0459497719666752,0.0610068405127775
0.051938575431977,0.0515953619195652,0.0459497719666752,0.0610068405127775
0.051938575431977,0.0515953619195652,0.0459497719666752,0.0610068405127775
0.051938575431977,0.0515953619195652,0.0459497719666752,0.0610068405127775
0.051938575431977,0.0515953619195652,0.0459497719666752,0.0610068405127775
0.051938575431977,0.0515953619195652,0.0459497719666752,0.0537699696614793
0.051938575431977,0.0515953619195652,0.0459497719666752,0.0537699696614793
0.051938575431977,0.0515953619195652,0.0459497719666752,0.0537699696614793
0.051938575431977,0.0515953619195652,0.0459497719666752,0.0537699696614793
0.051938575431977,0.0515953619195652,0.0459497719666752,0.0537699696614793
0.051938575431977,0.0515953619195652,0.0459497719666752,0.0537699696614793
0.051938575431977,0.0515953619195652,0.0459497719666752,0.0537699696614793
0.051938575431977,0.0471845849787936,0.0459497719666752,0.0537699696614793
0.051938575431977,0.0471845849787936,0.0459497719666752,0.0537699696614793
0.051938575431977,0.0471845849787936,0.0459497719666752,0.0537699696614793
0.051938575431977,0.0471845849787936,0.0459497719666752,0.0537699696614793
0.051938575431977,0.0471845849787936,0.0459497719666752,0.0537699696614793
0.051938575431977,0.0471845849787936,0.0459497719666752,0.0537699696614793
0.051938575431977,0.0471845849787936,0.0459497719666752,0.0537699696614793
0.051938575431977,0.0471845849787936,0.0459497719666752,0.0537699696614793
0.051938575431977,0.0471845849787936,0.0459497719666752,0.0537699696614793
0.051938575431977,0.0471845849787936,0.0459497719666752,0.0537699696614793
0.051938575431977,0.0471845849787936,0.0459497719666752,0.0537699696614793
0.051938575431977,0.0471845849787936,0.0459497719666752,0.0601151692009272
0.051938575431977,0.0471845849787936,0.0459497719666752,0.0601151692009272
0.051938575431977,0.0471845849787936,0.0459497719666752,0.0601151692009272
0.051938575431977,0.0471845849787936,0.0459497719666752,0.0601151692009272
0.051938575431977,0.0471845849787936,0.0459497719666752,0.0601151692009272
0.051938575431977,0.0471845849787936,0.0459497719666752,0.0601151692009272
0.051938575431977,0.0471845849787936,0.0459497719666752,0.0601151692009272
0.051938575431977,0.0471845849787936,0.0459497719666752,0.0601151692009272
0.051938575431977,0.0471845849787936,0.0459497719666752,0.0601151692009272
0.051938575431977,0.0471845849787936,0.0459497719666752,0.0601151692009272
0.051938575431977,0.0471845849787936,0.0459497719666752,0.0601151692009272
0.051938575431977,0.0471845849787936,0.0495498616188086,0.0601151692009272
0.051938575431977,0.0471845849787936,0.0495498616188086,0.0601151692009272
0.051938575431977,0.0471845849787936,0.0494505251190475,0.0601151692009272
0.051938575431977,0.0471845849787936,0.0494505251190475,0.0601151692009272
0.051938575431977,0.0471845849787936,0.0494505251190475,0.0601151692009272
0.051938575431977,0.0471845849787936,0.0494505251190475,0.0601151692009272
0.051938575431977,0.0471845849787936,0.0494505251190475,0.0601151692009272
0.051938575431977,0.0471845849787936,0.0494505251190475,0.0601151692009272
0.051938575431977,0.0471845849787936,0.0494505251190475,0.0601151692009272
0.051938575431977,0.0471845849787936,0.0494505251190475,0.0601151692009272
0.051938575431977,0.0536041913662198,0.0494505251190475,0.0515594350767122
0.051938575431977,0.0536041913662198,0.0494505251190475,0.0515594350767122
0.051938575431977,0.0536041913662198,0.0494505251190475,0.0515594350767122
0.051938575431977,0.0536041913662198,0.0494505251190475,0.0515594350767122
0.051938575431977,0.0455564825494581,0.0494505251190475,0.0515594350767122
0.051938575431977,0.0455564825494581,0.0494505251190475,0.0515594350767122
0.051938575431977,0.0455564825494581,0.0494505251190475,0.0515594350767122
0.051938575431977,0.0455564825494581,0.0494505251190475,0.0515594350767122
0.051938575431977,0.0455564825494581,0.0494505251190475,0.0515594350767122
0.051938575431977,0.0455564825494581,0.0494505251190475,0.0515594350767122
0.051938575431977,0.0455564825494581,0.0569513396694244,0.0515594350767122
0.051938575431977,0.0455564825494581,0.0569513396694244,0.0515594350767122
0.051938575431977,0.0542349180601093,0.0569513396694244,0.0515594350767122
0.051938575431977,0.0542349180601093,0.0569513396694244,0.0515594350767122
0.051938575431977,0.0542349180601093,0.0569513396694244,0.0515594350767122
0.051938575431977,0.0542349180601093,0.0569513396694244,0.0515594350767122
0.051938575431977,0.052313817367564,0.0569513396694244,0.0515594350767122
0.051938575431977,0.052313817367564,0.0569513396694244,0.0515594350767122
0.051938575431977,0.052313817367564,0.0569513396694244,0.0515594350767122
0.051938575431977,0.052313817367564,0.0569513396694244,0.0515594350767122
0.0541674651402443,0.052313817367564,0.0569513396694244,0.0515594350767122
0.0541674651402443,0.052313817367564,0.0569513396694244,0.0515594350767122
0.0541674651402443,0.052313817367564,0.0569513396694244,0.0515594350767122
0.0541674651402443,0.052313817367564,0.0569513396694244,0.0515594350767122
0.0541674651402443,0.052313817367564,0.0569513396694244,0.0515594350767122
0.0541674651402443,0.052313817367564,0.0569513396694244,0.0515594350767122
0.0541674651402443,0.052313817367564,0.0569513396694244,0.0515594350767122
0.0552945598640535,0.052313817367564,0.0569513396694244,0.0515594350767122
0.0552945598640535,0.0591771820523306,0.0569513396694244,0.0515594350767122
0.0552945598640535,0.0591771820523306,0.0569513396694244,0.0515594350767122
0.0552945598640535,0.0591771820523306,0.0569513396694244,0.0515594350767122
0.0552945598640535,0.0591771820523306,0.0569513396694244,0.0532322721577918
0.0552945598640535,0.0591771820523306,0.0569513396694244,0.0532322721577918
0.0552945598640535,0.0591771820523306,0.0569513396694244,0.0532322721577918
0.0552945598640535,0.0591771820523306,0.0569513396694244,0.0532322721577918
0.0552945598640535,0.0591771820523306,0.0569513396694244,0.0532322721577918
0.0552945598640535,0.0591771820523306,0.0569513396694244,0.0458752995948108
0.0552945598640535,0.0591771820523306,0.0569513396694244,0.0458752995948108
0.0552945598640535,0.0591771820523306,0.0569513396694244,0.0458752995948108
0.0552945598640535,0.0591771820523306,0.0569513396694244,0.0458752995948108
0.0552945598640535,0.0591771820523306,0.0545874028709943,0.0458752995948108
0.0552945598640535,0.0591771820523306,0.0545874028709943,0.0458752995948108
0.0552945598640535,0.0591771820523306,0.0545874028709943,0.0458752995948108
0.0552945598640535,0.0591771820523306,0.0545874028709943,0.0458752995948108
0.0552945598640535,0.0591771820523306,0.0545874028709943,0.0458752995948108
0.0552945598640535,0.0591771820523306,0.0545874028709943,0.0458752995948108
0.0552945598640535,0.0591771820523306,0.0545874028709943,0.0458752995948108
0.0552945598640535,0.0591771820523306,0.0545874028709943,0.0458752995948108
0.0552945598640535,0.0591771820523306,0.0545874028709943,0.0458752995948108
0.0552945598640535,0.0591771820523306,0.0545874028709943,0.0458752995948108
0.0552945598640535,0.0591771820523306,0.0545874028709943,0.0458752995948108
0.0552945598640535,0.0591771820523306,0.0545874028709943,0.0458752995948108
0.0552945598640535,0.0591771820523306,0.0545874028709943,0.0458752995948108
0.0552945598640535,0.0591771820523306,0.0545874028709943,0.0458752995948108
0.0552945598640535,0.0591771820523306,0.0545874028709943,0.0458752995948108
0.0552945598640535,0.0591771820523306,0.0548833489209621,0.0458752995948108
0.0552945598640535,0.0591771820523306,0.0548833489209621,0.0458752995948108
0.0552945598640535,0.0591771820523306,0.0548833489209621,0.0458752995948108
0.0552945598640535,0.0591771820523306,0.0548833489209621,0.0458752995948108
0.0552945598640535,0.0591771820523306,0.0548833489209621,0.0458752995948108
0.0552945598640535,0.0591771820523306,0.0548833489209621,0.0458752995948108
0.0552945598640535,0.0591771820523306,0.0548833489209621,0.0458752995948108
0.0552945598640535,0.0591771820523306,0.0548833489209621,0.0458752995948108
0.0552945598640535,0.0591771820523306,0.0548833489209621,0.0458752995948108
0.0552945598640535,0.0591771820523306,0.0548833489209621,0.0458752995948108
0.0552945598640535,0.0591771820523306,0.0548833489209621,0.0458752995948108
0.0552945598640535,0.0591771820523306,0.0548833489209621,0.0458752995948108
0.0552945598640535,0.0591771820523306,0.0548833489209621,0.0458752995948108
0.0552945598640535,0.0591771820523306,0.0548833489209621,0.0458752995948108
0.0552945598640535,0.0591771820523306,0.0548833489209621,0.0458752995948108
0.0552945598640535,0.0591771820523306,0.0548833489209621,0.0450483710995124
0.0552945598640535,0.0591771820523306,0.0548833489209621,0.0450483710995124
0.0552945598640535,0.0591771820523306,0.0548833489209621,0.0450483710995124
0.0552945598640535,0.0591771820523306,0.0548833489209621,0.0450483710995124
0.0552945598640535,0.0591771820523306,0.0548833489209621,0.0450483710995124
0.0552945598640535,0.0591771820523306,0.0548833489209621,0.0450483710995124
0.0552945598640535,0.0591771820523306,0.0548833489209621,0.0450483710995124
0.0552945598640535,0.0591771820523306,0.0548833489209621,0.0450483710995124
0.0552945598640535,0.0591771820523306,0.0548833489209621,0.0542491323251717
0.0552945598640535,0.0591771820523306,0.0548833489209621,0.0542491323251717
0.0552945598640535,0.0591771820523306,0.0548833489209621,0.0542491323251717
0.0552945598640535,0.0591771820523306,0.0548833489209621,0.0542491323251717
0.0552945598640535,0.0591771820523306,0.0548833489209621,0.0542491323251717
0.0552945598640535,0.0591771820523306,0.0548833489209621,0.0542491323251717
0.0552945598640535,0.0591771820523306,0.0548833489209621,0.0542491323251717
0.0552945598640535,0.0591771820523306,0.0548833489209621,0.0542491323251717
0.0552945598640535,0.0591771820523306,0.0548833489209621,0.0542491323251717
0.0552945598640535,0.0591771820523306,0.0548833489209621,0.0542491323251717
0.0552945598640535,0.0591771820523306,0.0548833489209621,0.0542491323251717
0.0552945598640535,0.0591771820523306,0.0548833489209621,0.0542491323251717
0.0552945598640535,0.0591771820523306,0.0548833489209621,0.0542491323251717
0.0552945598640535,0.0591771820523306,0.0548833489209621,0.0542491323251717
0.0552945598640535,0.0591771820523306,0.0548833489209621,0.0542491323251717
0.0552945598640535,0.0591771820523306,0.0548833489209621,0.0542491323251717
0.0552945598640535,0.0591771820523306,0.0548833489209621,0.0542491323251717
0.0552945598640535,0.0591771820523306,0.0548833489209621,0.0542491323251717
0.0552945598640535,0.0591771820523306,0.0548833489209621,0.0542491323251717
0.0552945598640535,0.0591771820523306,0.0548833489209621,0.0542491323251717
0.0552945598640535,0.0591771820523306,0.0548833489209621,0.0542491323251717
0.0552945598640535,0.0591771820523306,0.0548833489209621,0.0542491323251717
0.0552945598640535,0.0591771820523306,0.0548833489209621,0.0542491323251717
0.0552945598640535,0.0591771820523306,0.0548833489209621,0.0542491323251717
0.0552945598640535,0.0591771820523306,0.0548833489209621,0.0542491323251717
0.0561488244921317,0.0591771820523306,0.0548833489209621,0.0542491323251717
0.0561488244921317,0.0591771820523306,0.0548833489209621,0.0542491323251717
0.058095885679703,0.0591771820523306,0.0491443244448077,0.0542491323251717
0.058095885679703,0.0591771820523306,0.0491443244448077,0.0542491323251717
0.058095885679703,0.0591771820523306,0.0491443244448077,0.0542491323251717
0.058095885679703,0.0591771820523306,0.0491443244448077,0.0542491323251717
0.058095885679703,0.0591771820523306,0.0491443244448077,0.0542491323251717
0.058095885679703,0.0591771820523306,0.0491443244448077,0.0542491323251717
0.058095885679703,0.0591771820523306,0.0491443244448077,0.0542491323251717
0.058095885679703,0.0591771820523306,0.0491443244448077,0.0532832584900526
0.058095885679703,0.0591771820523306,0.0491443244448077,0.0532832584900526
0.058095885679703,0.0591771820523306,0.0491443244448077,0.0528596096501689
0.058095885679703,0.0591771820523306,0.0491443244448077,0.0528596096501689
0.058095885679703,0.0591771820523306,0.0491443244448077,0.0659445776140158
0.058095885679703,0.0591771820523306,0.0491443244448077,0.0659445776140158
0.0586915012263051,0.0591771820523306,0.0491443244448077,0.0659445776140158
0.0586915012263051,0.0591771820523306,0.0491443244448077,0.0659445776140158
0.0586915012263051,0.0591771820523306,0.0491443244448077,0.0659445776140158
0.0586915012263051,0.0591771820523306,0.0491443244448077,0.0659445776140158
0.0586915012263051,0.0591771820523306,0.0491443244448077,0.0659445776140158
0.0586915012263051,0.0591771820523306,0.0491443244448077,0.0659445776140158
0.0586915012263051,0.0591771820523306,0.0491443244448077,0.0659445776140158
0.0586915012263051,0.0591771820523306,0.0491443244448077,0.0659445776140158
0.0586915012263051,0.0591771820523306,0.0491443244448077,0.0637452057940212
0.0586915012263051,0.0591771820523306,0.0491443244448077,0.0637452057940212
0.0586915012263051,0.0591771820523306,0.052940075035097,0.0637452057940212
0.0586915012263051,0.0591771820523306,0.052940075035097,0.0637452057940212
0.0586915012263051,0.0591771820523306,0.052940075035097,0.0637452057940212
0.0586915012263051,0.0591771820523306,0.052940075035097,0.0637452057940212
0.0586915012263051,0.0591771820523306,0.052940075035097,0.0637452057940212
0.0586915012263051,0.0591771820523306,0.052940075035097,0.0637452057940212
0.0586915012263051,0.0591771820523306,0.052940075035097,0.0637452057940212
0.0586915012263051,0.0591771820523306,0.052940075035097,0.0637452057940212
0.0586915012263051,0.0591771820523306,0.052940075035097,0.0637452057940212
0.0586915012263051,0.0591771820523306,0.052940075035097,0.0637452057940212
0.0586915012263051,0.0574856392391963,0.052940075035097,0.0637452057940212
0.0586915012263051,0.0574856392391963,0.052940075035097,0.0637452057940212
0.0586915012263051,0.0574856392391963,0.052940075035097,0.0637452057940212
0.0586915012263051,0.0574856392391963,0.052940075035097,0.0637452057940212
0.0586915012263051,0.0574856392391963,0.052940075035097,0.0637452057940212
0.0586915012263051,0.0574856392391963,0.052940075035097,0.0637452057940212
0.0586915012263051,0.0574856392391963,0.052940075035097,0.0637452057940212
0.0586915012263051,0.0574856392391963,0.052940075035097,0.067713757746388
0.0586915012263051,0.0574856392391963,0.052940075035097,0.0610395538554892
0.0586915012263051,0.0574856392391963,0.052940075035097,0.0610395538554892
0.0586915012263051,0.0574856392391963,0.052940075035097,0.0610395538554892
0.0586915012263051,0.0574856392391963,0.052940075035097,0.0610395538554892
0.0586915012263051,0.0574856392391963,0.052940075035097,0.0610395538554892
0.0564258207541229,0.0574856392391963,0.052940075035097,0.0610395538554892
0.0564258207541229,0.0574856392391963,0.052940075035097,0.0610395538554892
0.0564258207541229,0.0574856392391963,0.052940075035097,0.0610395538554892
0.0564258207541229,0.0574856392391963,0.052940075035097,0.0610395538554892
0.0564258207541229,0.0574856392391963,0.052940075035097,0.0610395538554892
0.0564258207541229,0.0574856392391963,0.052940075035097,0.0610395538554892
0.0564258207541229,0.0574856392391963,0.052940075035097,0.0610395538554892
0.0564258207541229,0.0574856392391963,0.052940075035097,0.0610395538554892
0.0564258207541229,0.0574856392391963,0.052940075035097,0.0610395538554892
0.0564258207541229,0.0574856392391963,0.052940075035097,0.0610395538554892
0.0564258207541229,0.0574856392391963,0.052940075035097,0.0610395538554892
0.0564258207541229,0.0574856392391963,0.052940075035097,0.0610395538554892
0.0578372523547476,0.0574856392391963,0.052940075035097,0.0610395538554892
0.0578372523547476,0.0574856392391963,0.052940075035097,0.0610395538554892
0.0578372523547476,0.0574856392391963,0.052940075035097,0.0610395538554892
0.0578372523547476,0.0574856392391963,0.052940075035097,0.0610395538554892
0.0578372523547476,0.0574856392391963,0.052940075035097,0.0610395538554892
0.0578372523547476,0.0574856392391963,0.052940075035097,0.0610395538554892
0.0578372523547476,0.0574856392391963,0.052940075035097,0.0610395538554892
0.0578372523547476,0.0574856392391963,0.052940075035097,0.0538792320264313
0.0578372523547476,0.0574856392391963,0.052940075035097,0.0538792320264313
0.0578372523547476,0.0574856392391963,0.052940075035097,0.0538792320264313
0.0578372523547476,0.0574856392391963,0.052940075035097,0.0538792320264313
0.0578372523547476,0.0574856392391963,0.052940075035097,0.0538792320264313
0.0578372523547476,0.0574856392391963,0.052940075035097,0.0538792320264313
0.0578372523547476,0.0574856392391963,0.052940075035097,0.0538792320264313
0.0578372523547476,0.0574856392391963,0.052940075035097,0.0538792320264313
0.0578372523547476,0.0574856392391963,0.052940075035097,0.0538792320264313
0.0578372523547476,0.0574856392391963,0.052940075035097,0.0538792320264313
0.0578372523547476,0.0574856392391963,0.052940075035097,0.0538792320264313
0.0578372523547476,0.0574856392391963,0.052940075035097,0.0538792320264313
0.0578372523547476,0.0574856392391963,0.052940075035097,0.0538792320264313
0.0578372523547476,0.0574856392391963,0.052940075035097,0.0538792320264313
0.0578372523547476,0.0574856392391963,0.052940075035097,0.0538792320264313
0.0578372523547476,0.0574856392391963,0.052940075035097,0.0538792320264313
0.0578372523547476,0.0574856392391963,0.052940075035097,0.0538792320264313
0.0578372523547476,0.0574856392391963,0.052940075035097,0.0538792320264313
0.0578372523547476,0.0574856392391963,0.052940075035097,0.0538792320264313
0.0578372523547476,0.0574856392391963,0.052940075035097,0.0538792320264313
0.0578372523547476,0.0574856392391963,0.052940075035097,0.0538792320264313
0.0578372523547476,0.0574856392391963,0.052940075035097,0.0538792320264313
0.0578372523547476,0.0574856392391963,0.052940075035097,0.0538792320264313
0.0578372523547476,0.0574856392391963,0.052940075035097,0.0538792320264313
0.0578372523547476,0.0574856392391963,0.052940075035097,0.0550664248041321
0.0578372523547476,0.0574856392391963,0.052940075035097,0.0550664248041321
0.0578372523547476,0.0574856392391963,0.052940075035097,0.0550664248041321
0.0578372523547476,0.059897114541959,0.052940075035097,0.0550664248041321
0.0578372523547476,0.059897114541959,0.052940075035097,0.0550664248041321
0.0578372523547476,0.059897114541959,0.052940075035097,0.0550664248041321
0.0578372523547476,0.055443593815588,0.052940075035097,0.0550664248041321
0.0578372523547476,0.055443593815588,0.052940075035097,0.0550664248041321
0.0578372523547476,0.055443593815588,0.052940075035097,0.0550664248041321
0.0578372523547476,0.055443593815588,0.052940075035097,0.0609059929316013
0.0578372523547476,0.055443593815588,0.052940075035097,0.0609059929316013
0.0578372523547476,0.055443593815588,0.052940075035097,0.0609059929316013
0.0578372523547476,0.055443593815588,0.052940075035097,0.0661570969371769
0.0578372523547476,0.055443593815588,0.052940075035097,0.0661570969371769
0.0578372523547476,0.055443593815588,0.052940075035097,0.0661570969371769
0.0578372523547476,0.055443593815588,0.052940075035097,0.0600645871623136
0.0578372523547476,0.055443593815588,0.052940075035097,0.0600645871623136
0.0578372523547476,0.055443593815588,0.052940075035097,0.0600645871623136
0.0578372523547476,0.055443593815588,0.052940075035097,0.0600645871623136
0.0578372523547476,0.055443593815588,0.052940075035097,0.0600645871623136
0.0578372523547476,0.055443593815588,0.052940075035097,0.0600645871623136
0.0578372523547476,0.0556014612239047,0.052940075035097,0.0600645871623136
0.0578372523547476,0.0556014612239047,0.052940075035097,0.0600645871623136
0.0578372523547476,0.0556014612239047,0.052940075035097,0.0600645871623136
0.0578372523547476,0.0556014612239047,0.052940075035097,0.0645821650709486
0.0578372523547476,0.0556014612239047,0.052940075035097,0.0645821650709486
0.0578372523547476,0.0556014612239047,0.052940075035097,0.0645821650709486
0.0578372523547476,0.0556014612239047,0.052940075035097,0.0645821650709486
0.0578372523547476,0.0556014612239047,0.052940075035097,0.0645821650709486
0.0578372523547476,0.0556014612239047,0.0515028689667113,0.0645821650709486
0.0578372523547476,0.0556014612239047,0.0515028689667113,0.0645821650709486
0.0578372523547476,0.0528729347028113,0.0515028689667113,0.0645821650709486
0.0578372523547476,0.0528729347028113,0.0515028689667113,0.0645821650709486
0.0578372523547476,0.0528729347028113,0.0515028689667113,0.0612231585832719
0.0578372523547476,0.0528729347028113,0.0515028689667113,0.0612231585832719
0.0578372523547476,0.0528729347028113,0.0515028689667113,0.0612231585832719
0.0578372523547476,0.0528729347028113,0.0515028689667113,0.0612231585832719
0.0578372523547476,0.0528729347028113,0.0515028689667113,0.0612231585832719
0.0578372523547476,0.0528729347028113,0.0515028689667113,0.0612231585832719
0.0578372523547476,0.0528729347028113,0.0515028689667113,0.0612231585832719
0.0578372523547476,0.0528729347028113,0.0515028689667113,0.0612231585832719
0.0578372523547476,0.0528729347028113,0.0515028689667113,0.0612231585832719
0.0578372523547476,0.0528729347028113,0.0557814659143348,0.0612231585832719
0.0578372523547476,0.0528729347028113,0.0557814659143348,0.0612231585832719
0.0578372523547476,0.0528729347028113,0.0557814659143348,0.0612231585832719
0.0578372523547476,0.0528729347028113,0.0557814659143348,0.0612231585832719
0.0578372523547476,0.0528729347028113,0.0557814659143348,0.0612231585832719
0.0578372523547476,0.0528729347028113,0.0557814659143348,0.0612231585832719
0.0578372523547476,0.0528729347028113,0.0557814659143348,0.0612231585832719
0.0578372523547476,0.0528729347028113,0.0557814659143348,0.0612231585832719
0.0578372523547476,0.0528729347028113,0.0557814659143348,0.0612231585832719
0.0578372523547476,0.0528729347028113,0.0557814659143348,0.0612231585832719
0.0578372523547476,0.0528729347028113,0.0557814659143348,0.0612231585832719
0.0578372523547476,0.0528729347028113,0.0557814659143348,0.0612231585832719
0.0578372523547476,0.0528729347028113,0.0557814659143348,0.0612231585832719
0.0578372523547476,0.0528729347028113,0.0557814659143348,0.0612231585832719
0.0578372523547476,0.0528729347028113,0.0557814659143348,0.0612231585832719
0.0578372523547476,0.0528729347028113,0.0557814659143348,0.0488178084761205
0.0578372523547476,0.0528729347028113,0.0557814659143348,0.0488178084761205
0.0578372523547476,0.0528729347028113,0.0557814659143348,0.0488178084761205
0.0578372523547476,0.0586915011820381,0.0557814659143348,0.0488178084761205
0.0578372523547476,0.0586915011820381,0.0557814659143348,0.0488178084761205
0.0578372523547476,0.0586915011820381,0.0557814659143348,0.0488178084761205
0.0578372523547476,0.0586915011820381,0.0557814659143348,0.0488178084761205
0.0578372523547476,0.0586915011820381,0.0557814659143348,0.0488178084761205
0.0578372523547476,0.0586915011820381,0.0557814659143348,0.0488178084761205
0.0578372523547476,0.0586915011820381,0.0557814659143348,0.0488178084761205
0.0578372523547476,0.0586915011820381,0.0557814659143348,0.0488178084761205
0.0578372523547476,0.0586915011820381,0.0557814659143348,0.0488178084761205
0.0578372523547476,0.0586915011820381,0.0557814659143348,0.0488178084761205
0.0578372523547476,0.0586915011820381,0.0557814659143348,0.0488178084761205
0.0578372523547476,0.0586915011820381,0.0557814659143348,0.0488178084761205
0.0578372523547476,0.0586915011820381,0.0557814659143348,0.0563009195903143
0.0578372523547476,0.0586915011820381,0.0557814659143348,0.0563009195903143
0.0578372523547476,0.0586915011820381,0.0557814659143348,0.0563009195903143
0.0578372523547476,0.0586915011820381,0.0557814659143348,0.0563009195903143
0.0578372523547476,0.0586915011820381,0.0498420971402641,0.0563009195903143
0.0578372523547476,0.0586915011820381,0.0498420971402641,0.0563009195903143
0.0578372523547476,0.0586915011820381,0.0498420971402641,0.0563009195903143
0.0578372523547476,0.0586915011820381,0.0498420971402641,0.0563009195903143
0.0578372523547476,0.0586915011820381,0.0498420971402641,0.0563009195903143
0.0578372523547476,0.0586915011820381,0.0498420971402641,0.0563009195903143
0.0578372523547476,0.0586915011820381,0.0498420971402641,0.0563009195903143
0.0578372523547476,0.0586915011820381,0.0481440302258286,0.0563009195903143
0.0578372523547476,0.0586915011820381,0.0481440302258286,0.0563009195903143
0.0578372523547476,0.0586915011820381,0.0481440302258286,0.0563009195903143
0.0578372523547476,0.0586915011820381,0.0481440302258286,0.0563009195903143
0.0578372523547476,0.0586915011820381,0.0487044443964785,0.0563009195903143
0.0578372523547476,0.0586915011820381,0.0487044443964785,0.0563009195903143
0.0578372523547476,0.0586915011820381,0.0487044443964785,0.0563009195903143
0.0578372523547476,0.0586915011820381,0.0487044443964785,0.0563009195903143
0.0578372523547476,0.0586915011820381,0.0487044443964785,0.0563009195903143
0.0578372523547476,0.0586915011820381,0.0487044443964785,0.0563009195903143
0.0578372523547476,0.0586915011820381,0.0487044443964785,0.0563009195903143
0.0578372523547476,0.0586915011820381,0.0487044443964785,0.0563009195903143
0.0578372523547476,0.0586915011820381,0.0487044443964785,0.0563009195903143
0.0578372523547476,0.0586915011820381,0.0487044443964785,0.0563009195903143
0.0578372523547476,0.0586915011820381,0.0487044443964785,0.0563009195903143
0.0578372523547476,0.0586915011820381,0.0487044443964785,0.0563009195903143
0.0578372523547476,0.0586915011820381,0.0487044443964785,0.0563009195903143
0.0578372523547476,0.0586915011820381,0.0487044443964785,0.0563009195903143
0.0578372523547476,0.0586915011820381,0.0487044443964785,0.0565649227472077
0.0578372523547476,0.0586915011820381,0.0487044443964785,0.0565649227472077
0.0578372523547476,0.0586915011820381,0.0487044443964785,0.0565649227472077
0.0578372523547476,0.0586915011820381,0.0487044443964785,0.0565649227472077
0.0578372523547476,0.0586915011820381,0.0487044443964785,0.0565649227472077
0.0578372523547476,0.0586915011820381,0.0487044443964785,0.0565649227472077
0.0578372523547476,0.0586915011820381,0.0487044443964785,0.0565649227472077
0.0578372523547476,0.0586915011820381,0.0487044443964785,0.0565649227472077
0.0578372523547476,0.0586915011820381,0.0487044443964785,0.0565649227472077
0.0578372523547476,0.0586915011820381,0.0487044443964785,0.0565649227472077
0.0578372523547476,0.0586915011820381,0.0487044443964785,0.0565649227472077
0.0578372523547476,0.0586915011820381,0.0487044443964785,0.0565649227472077
0.0578372523547476,0.0586915011820381,0.0487044443964785,0.0565649227472077
0.0578372523547476,0.0586915011820381,0.0487044443964785,0.0498974613537811
0.0578372523547476,0.0586915011820381,0.0487044443964785,0.0498974613537811
0.0578372523547476,0.0586915011820381,0.0487044443964785,0.0498974613537811
0.0578372523547476,0.0586915011820381,0.0487044443964785,0.0498974613537811
0.0578372523547476,0.0586915011820381,0.0487044443964785,0.0498974613537811
0.0578372523547476,0.0586915011820381,0.0487044443964785,0.0498974613537811
0.0578372523547476,0.0586915011820381,0.0487044443964785,0.0498974613537811
0.0578372523547476,0.0586915011820381,0.0487044443964785,0.0498974613537811
0.0578372523547476,0.0586915011820381,0.0487044443964785,0.0498974613537811
0.0578372523547476,0.0586915011820381,0.0487044443964785,0.0498974613537811
0.0578372523547476,0.0586915011820381,0.0487044443964785,0.0498974613537811
0.0578372523547476,0.0586915011820381,0.0487044443964785,0.0498974613537811
0.0578372523547476,0.0586915011820381,0.0487044443964785,0.0498974613537811
0.0578372523547476,0.0586915011820381,0.0487044443964785,0.0498974613537811
0.0578372523547476,0.0586915011820381,0.0487044443964785,0.0498974613537811
0.0578372523547476,0.0586915011820381,0.0487044443964785,0.0498974613537811
0.0568912559528446,0.0586915011820381,0.0487044443964785,0.0498974613537811
0.0568912559528446,0.0586915011820381,0.0487044443964785,0.0498974613537811
0.0568912559528446,0.0586915011820381,0.0487044443964785,0.0498974613537811
0.0577962844689035,0.0586915011820381,0.0487044443964785,0.0498974613537811
0.0577962844689035,0.0586915011820381,0.0487044443964785,0.0498974613537811
0.0577962844689035,0.0586915011820381,0.0487044443964785,0.0498974613537811
0.0577962844689035,0.0586915011820381,0.0487044443964785,0.0498974613537811
0.0577962844689035,0.0586915011820381,0.0487044443964785,0.0498974613537811
0.0577962844689035,0.0578409683723366,0.0487044443964785,0.0498974613537811
0.0577962844689035,0.0578409683723366,0.0487044443964785,0.0498974613537811
0.0577962844689035,0.0578409683723366,0.0487044443964785,0.0498974613537811
0.0577962844689035,0.0578409683723366,0.0487044443964785,0.0498974613537811
0.0577962844689035,0.0578409683723366,0.0487044443964785,0.0498974613537811
0.0577962844689035,0.0578409683723366,0.0487044443964785,0.0498974613537811
0.0577962844689035,0.0578409683723366,0.0487044443964785,0.0498974613537811
0.0577962844689035,0.0578409683723366,0.0487044443964785,0.0498974613537811
0.0577962844689035,0.0578409683723366,0.0487044443964785,0.0498974613537811
0.0577962844689035,0.0578409683723366,0.0487044443964785,0.0498974613537811
0.0577962844689035,0.0578409683723366,0.0487044443964785,0.0498974613537811
0.0577962844689035,0.0578409683723366,0.0487044443964785,0.0498974613537811
0.0577962844689035,0.0578409683723366,0.0487044443964785,0.0498974613537811
0.0577962844689035,0.0578409683723366,0.0487044443964785,0.0430718079205368
0.0577962844689035,0.0578409683723366,0.0487044443964785,0.0430718079205368
0.0577962844689035,0.0578409683723366,0.0487044443964785,0.0430718079205368
0.0577962844689035,0.0578409683723366,0.0487044443964785,0.0430718079205368
0.0577962844689035,0.0578409683723366,0.0487044443964785,0.0430718079205368
0.0577962844689035,0.0578409683723366,0.0487044443964785,0.0430718079205368
0.0577962844689035,0.0578409683723366,0.0480487048335204,0.0430718079205368
0.0577962844689035,0.0578409683723366,0.0480487048335204,0.0430718079205368
0.0577962844689035,0.0578409683723366,0.0480487048335204,0.0430718079205368
0.0577962844689035,0.0578409683723366,0.0480487048335204,0.0430718079205368
0.0577962844689035,0.0578409683723366,0.0480487048335204,0.0430718079205368
0.0577962844689035,0.0578409683723366,0.0480487048335204,0.0430718079205368
0.0577962844689035,0.0578409683723366,0.0480487048335204,0.0430718079205368
0.0577962844689035,0.0578409683723366,0.0480487048335204,0.0430718079205368
0.0577962844689035,0.0578409683723366,0.0480487048335204,0.0430718079205368
0.0604101694521209,0.0578409683723366,0.0480487048335204,0.0430718079205368
0.0604101694521209,0.0578409683723366,0.0480487048335204,0.0430718079205368
0.0604101694521209,0.0578409683723366,0.0480487048335204,0.0430718079205368
0.0604101694521209,0.0568441720855615,0.0480487048335204,0.0430718079205368
0.0604101694521209,0.0568441720855615,0.0480487048335204,0.0430718079205368
0.0604101694521209,0.0568441720855615,0.0480487048335204,0.0430718079205368
0.0604101694521209,0.0568441720855615,0.0480487048335204,0.0430718079205368
0.0604101694521209,0.0568441720855615,0.0480487048335204,0.0430718079205368
0.0564954652753511,0.0568441720855615,0.0480487048335204,0.0430718079205368
0.0564954652753511,0.0568441720855615,0.0480487048335204,0.0430718079205368
0.0564954652753511,0.0568441720855615,0.0480487048335204,0.0430718079205368
0.0564954652753511,0.0568441720855615,0.0480487048335204,0.0430718079205368
0.0564954652753511,0.0568441720855615,0.0480487048335204,0.0430718079205368
0.0564954652753511,0.0568441720855615,0.0498150933481045,0.0430718079205368
0.0564954652753511,0.0568441720855615,0.0498150933481045,0.0430718079205368
0.0564954652753511,0.0568441720855615,0.0498150933481045,0.0430718079205368
0.0564954652753511,0.0568441720855615,0.0498150933481045,0.0430718079205368
0.0564954652753511,0.0568441720855615,0.0498150933481045,0.0430718079205368
0.0564954652753511,0.0568441720855615,0.0498150933481045,0.0430718079205368
0.0564954652753511,0.0568441720855615,0.0498150933481045,0.0430718079205368
0.0564954652753511,0.0568441720855615,0.0498150933481045,0.0430718079205368
0.0564954652753511,0.0568441720855615,0.0498150933481045,0.0506053533487169
0.0564954652753511,0.0568441720855615,0.0498150933481045,0.0506053533487169
0.0564954652753511,0.0568441720855615,0.0498150933481045,0.0506053533487169
0.0564954652753511,0.0568441720855615,0.0498150933481045,0.0499101478863783
0.0564954652753511,0.0568441720855615,0.0498150933481045,0.0499101478863783
0.0564954652753511,0.0568441720855615,0.0498150933481045,0.0499101478863783
0.0564954652753511,0.0568441720855615,0.0498150933481045,0.0499101478863783
0.0564954652753511,0.0568441720855615,0.0498150933481045,0.0525439163041155
0.0564954652753511,0.0632289910901842,0.0498150933481045,0.0525439163041155
0.0564954652753511,0.0632289910901842,0.0498150933481045,0.0525439163041155
0.0564954652753511,0.0632289910901842,0.0498150933481045,0.0446025967669039
0.0564954652753511,0.0632289910901842,0.0498150933481045,0.0446025967669039
0.0564954652753511,0.0632289910901842,0.0498150933481045,0.0446025967669039
0.0564954652753511,0.0632289910901842,0.0498150933481045,0.0446025967669039
0.0564954652753511,0.0632289910901842,0.0498150933481045,0.0446025967669039
0.0564954652753511,0.0632289910901842,0.0498150933481045,0.0446025967669039
0.0564954652753511,0.0632289910901842,0.0498150933481045,0.0446025967669039
0.0564954652753511,0.0632289910901842,0.0498150933481045,0.0446025967669039
0.0564954652753511,0.0632289910901842,0.0498150933481045,0.0446025967669039
0.0564954652753511,0.0632289910901842,0.0498150933481045,0.0446025967669039
0.0564954652753511,0.0632289910901842,0.0498150933481045,0.0446025967669039
0.0564954652753511,0.0632289910901842,0.0456471527236541,0.0446025967669039
0.0564954652753511,0.0632289910901842,0.0456471527236541,0.0446025967669039
0.0564954652753511,0.0632289910901842,0.0456471527236541,0.0604626860766587
0.0564954652753511,0.0632289910901842,0.0456471527236541,0.0604626860766587
0.0564954652753511,0.0632289910901842,0.0456471527236541,0.0604626860766587
0.0564954652753511,0.0632289910901842,0.0456471527236541,0.0604626860766587
0.0564954652753511,0.0632289910901842,0.0456471527236541,0.0604626860766587
0.0564954652753511,0.0632289910901842,0.0456471527236541,0.0604626860766587
0.0564954652753511,0.0632289910901842,0.0456471527236541,0.0655109241859555
0.0564954652753511,0.0632289910901842,0.0456471527236541,0.0655109241859555
0.0564954652753511,0.0632289910901842,0.0456471527236541,0.0655109241859555
0.0629083357781159,0.0632289910901842,0.0456471527236541,0.0655109241859555
0.0629083357781159,0.0632289910901842,0.0456471527236541,0.0655109241859555
0.0629083357781159,0.0632289910901842,0.0491480927994863,0.0655109241859555
0.0629083357781159,0.0599876951722044,0.0491480927994863,0.0655109241859555
0.0629083357781159,0.0599876951722044,0.0491480927994863,0.0655109241859555
0.0629083357781159,0.0599876951722044,0.0491480927994863,0.0655109241859555
0.0629083357781159,0.0599876951722044,0.0491480927994863,0.0655109241859555
0.0618730235053096,0.0599876951722044,0.0491480927994863,0.0655109241859555
0.0618730235053096,0.0599876951722044,0.0491480927994863,0.0655109241859555
0.0618730235053096,0.0599876951722044,0.0491480927994863,0.0655109241859555
0.0607443741342662,0.0599876951722044,0.0491480927994863,0.0655109241859555
0.0607443741342662,0.0599876951722044,0.0491480927994863,0.0655109241859555
0.0607443741342662,0.0599876951722044,0.0491480927994863,0.0655109241859555
0.0607443741342662,0.0599876951722044,0.0491480927994863,0.0655109241859555
0.0607443741342662,0.0599876951722044,0.0491480927994863,0.0655109241859555
0.0607443741342662,0.0599876951722044,0.0498772103259304,0.0655109241859555
0.0607443741342662,0.0599876951722044,0.0498772103259304,0.0707658410377938
0.0607443741342662,0.0599876951722044,0.0498772103259304,0.0707658410377938
0.0607443741342662,0.0599876951722044,0.0498772103259304,0.0707658410377938
0.0607443741342662,0.0599876951722044,0.0498772103259304,0.0707658410377938
0.0607443741342662,0.0599876951722044,0.0498772103259304,0.0707658410377938
0.0607443741342662,0.0599876951722044,0.0498772103259304,0.0707658410377938
0.0607443741342662,0.0599876951722044,0.0498772103259304,0.0707658410377938
0.0607443741342662,0.0599876951722044,0.0498772103259304,0.0712829188273466
0.0607443741342662,0.0599876951722044,0.0498772103259304,0.0712829188273466
0.0607443741342662,0.0599876951722044,0.0498772103259304,0.0712829188273466
0.0607443741342662,0.0599876951722044,0.0498772103259304,0.0712829188273466
0.0607443741342662,0.0599876951722044,0.0498772103259304,0.0712829188273466
0.0607443741342662,0.0599876951722044,0.0498772103259304,0.0712829188273466
0.0607443741342662,0.0599876951722044,0.0498772103259304,0.0712829188273466
0.0607443741342662,0.0599876951722044,0.0498772103259304,0.0712829188273466
0.0607443741342662,0.0599876951722044,0.0498772103259304,0.0712829188273466
0.0607443741342662,0.0599876951722044,0.0498772103259304,0.0712829188273466
0.0607443741342662,0.0599876951722044,0.0498772103259304,0.0712829188273466
0.0607443741342662,0.0599876951722044,0.0498772103259304,0.0712829188273466
0.0607443741342662,0.0599876951722044,0.0498772103259304,0.0712829188273466
0.0607443741342662,0.054185916799528,0.0493660134805251,0.0712829188273466
0.0607443741342662,0.054185916799528,0.0478350731452445,0.0712829188273466
0.0607443741342662,0.054185916799528,0.0478350731452445,0.0712829188273466
0.0607443741342662,0.054185916799528,0.0478350731452445,0.0712829188273466
0.0607443741342662,0.054185916799528,0.0478350731452445,0.0712829188273466
0.0607443741342662,0.054185916799528,0.0478350731452445,0.0712829188273466
0.0607443741342662,0.056409585917448,0.0478350731452445,0.0712829188273466
0.0607443741342662,0.056409585917448,0.0478350731452445,0.0712829188273466
0.0607443741342662,0.056409585917448,0.0478350731452445,0.0728658571996239
0.0607443741342662,0.056409585917448,0.0478350731452445,0.0728658571996239
0.0607443741342662,0.056409585917448,0.0478350731452445,0.0728658571996239
0.0607443741342662,0.056409585917448,0.0478350731452445,0.0728658571996239
0.0607443741342662,0.056409585917448,0.0478350731452445,0.0728658571996239
0.0607443741342662,0.056409585917448,0.0478350731452445,0.0728658571996239
0.0607443741342662,0.056409585917448,0.0478350731452445,0.0728658571996239
0.0607443741342662,0.056409585917448,0.0478350731452445,0.0728658571996239
0.0607443741342662,0.056409585917448,0.0478350731452445,0.0728658571996239
0.0607443741342662,0.056409585917448,0.0478350731452445,0.0728658571996239
0.0607443741342662,0.056409585917448,0.0478350731452445,0.0728658571996239
0.0607443741342662,0.056409585917448,0.0478350731452445,0.0728658571996239
0.0607443741342662,0.056409585917448,0.0478350731452445,0.0728658571996239
0.0607443741342662,0.056409585917448,0.0478350731452445,0.0728658571996239
0.0607443741342662,0.056409585917448,0.0478350731452445,0.0728658571996239
0.0607443741342662,0.056409585917448,0.0478350731452445,0.0728658571996239
0.0607443741342662,0.056409585917448,0.0478350731452445,0.0728658571996239
0.0607443741342662,0.056409585917448,0.0478350731452445,0.0728658571996239
0.0607443741342662,0.056409585917448,0.0478350731452445,0.0728658571996239
0.0607443741342662,0.056409585917448,0.0478350731452445,0.0728658571996239
0.0607443741342662,0.056409585917448,0.0441569325268146,0.0728658571996239
0.0607443741342662,0.056409585917448,0.0441569325268146,0.0728658571996239
0.0607443741342662,0.056409585917448,0.0441569325268146,0.0728658571996239
0.0607443741342662,0.056409585917448,0.0441569325268146,0.0728658571996239
0.0607443741342662,0.056409585917448,0.0441569325268146,0.0728658571996239
0.0607443741342662,0.056409585917448,0.0441569325268146,0.0728658571996239
0.0607443741342662,0.056409585917448,0.0441569325268146,0.0728658571996239
0.0607443741342662,0.056409585917448,0.0441569325268146,0.0728658571996239
0.0607443741342662,0.056409585917448,0.0441569325268146,0.0686967637315106
0.0607443741342662,0.056409585917448,0.0441569325268146,0.0686967637315106
0.0607443741342662,0.056409585917448,0.0509726198850478,0.0686967637315106
0.0625927074378423,0.056409585917448,0.0509726198850478,0.0686967637315106
0.0625927074378423,0.056409585917448,0.0509726198850478,0.0686967637315106
0.0625927074378423,0.056409585917448,0.0509726198850478,0.0686967637315106
0.0625927074378423,0.056409585917448,0.0509726198850478,0.0686967637315106
0.0625927074378423,0.056409585917448,0.0509726198850478,0.0686967637315106
0.0625927074378423,0.056409585917448,0.0509726198850478,0.0683988164828979
0.0625927074378423,0.056409585917448,0.0509726198850478,0.0683988164828979
0.0625927074378423,0.056409585917448,0.0509726198850478,0.069346375993021
0.0625927074378423,0.056409585917448,0.0509726198850478,0.0660442121893122
0.0625927074378423,0.056409585917448,0.0509726198850478,0.0660442121893122
0.0625927074378423,0.056409585917448,0.0509726198850478,0.0660442121893122
0.0625927074378423,0.056409585917448,0.0509726198850478,0.0660442121893122
0.0625927074378423,0.056409585917448,0.0509726198850478,0.0660442121893122
0.0625927074378423,0.056409585917448,0.0509726198850478,0.0660442121893122
0.0625927074378423,0.056409585917448,0.0509726198850478,0.0660442121893122
0.0625927074378423,0.056409585917448,0.0509726198850478,0.0660442121893122
0.0625927074378423,0.056409585917448,0.0509726198850478,0.0660442121893122
0.0625927074378423,0.056409585917448,0.0509726198850478,0.0660442121893122
0.0625927074378423,0.056409585917448,0.0509726198850478,0.0660442121893122
0.0625927074378423,0.056409585917448,0.0509726198850478,0.0660442121893122
0.0625927074378423,0.056409585917448,0.0509726198850478,0.0660442121893122
0.0625927074378423,0.056409585917448,0.0509726198850478,0.0660442121893122
0.0625927074378423,0.056409585917448,0.0509726198850478,0.0660442121893122
0.0625927074378423,0.056409585917448,0.0509726198850478,0.0660442121893122
0.0625927074378423,0.056409585917448,0.0509726198850478,0.0660442121893122
0.0625927074378423,0.0605257876561166,0.0509726198850478,0.0660442121893122
0.0625927074378423,0.0605257876561166,0.0509726198850478,0.0660442121893122
0.0625927074378423,0.0605257876561166,0.0509726198850478,0.0660442121893122
0.0625927074378423,0.0605257876561166,0.0509726198850478,0.0660442121893122
0.0625927074378423,0.0605257876561166,0.0509726198850478,0.0660442121893122
0.0625927074378423,0.0605257876561166,0.0509726198850478,0.0660442121893122
0.0625927074378423,0.0605257876561166,0.0509726198850478,0.0660442121893122
0.0625927074378423,0.0605257876561166,0.0509726198850478,0.0660442121893122
0.0625927074378423,0.0605257876561166,0.0509726198850478,0.0660442121893122
0.0625927074378423,0.0623475421539166,0.0509726198850478,0.0523880061843742
0.0625927074378423,0.0623475421539166,0.0509726198850478,0.0523880061843742
0.0625927074378423,0.0623475421539166,0.0509726198850478,0.0523880061843742
0.0625927074378423,0.0623475421539166,0.0509726198850478,0.0523880061843742
0.0625927074378423,0.0662719288937276,0.0488299785542698,0.0523880061843742
0.0625927074378423,0.0662719288937276,0.0488299785542698,0.0523880061843742
0.0625927074378423,0.0662719288937276,0.0488299785542698,0.0523880061843742
0.0625927074378423,0.0662719288937276,0.0488299785542698,0.0523880061843742
0.0625927074378423,0.0662719288937276,0.0488299785542698,0.0523880061843742
0.0625927074378423,0.0662719288937276,0.0488299785542698,0.0523880061843742
0.0625927074378423,0.0662719288937276,0.0488299785542698,0.0523880061843742
0.0625927074378423,0.0662719288937276,0.0488299785542698,0.0523880061843742
0.0625927074378423,0.0662719288937276,0.0488299785542698,0.0523880061843742
0.0625927074378423,0.0662719288937276,0.0488299785542698,0.0523880061843742
0.0625927074378423,0.0662719288937276,0.0488299785542698,0.0523880061843742
0.0625927074378423,0.0662719288937276,0.0488299785542698,0.0523880061843742
0.0625927074378423,0.0662719288937276,0.0488299785542698,0.0523880061843742
0.0625927074378423,0.0662719288937276,0.0488299785542698,0.0523880061843742
0.0643157037056635,0.0662719288937276,0.0488299785542698,0.0523880061843742
0.0643157037056635,0.0596960655223798,0.0488299785542698,0.0523880061843742
0.0643157037056635,0.0596960655223798,0.0488299785542698,0.0523880061843742
0.0643157037056635,0.0596960655223798,0.0488299785542698,0.0523880061843742
0.0644337204918224,0.0596960655223798,0.0488299785542698,0.0523880061843742
0.0644337204918224,0.0596960655223798,0.0488299785542698,0.0523880061843742
0.0644337204918224,0.0596960655223798,0.0488299785542698,0.0523880061843742
0.0644337204918224,0.0596960655223798,0.0488299785542698,0.0523880061843742
0.0644337204918224,0.0596960655223798,0.0488299785542698,0.0523880061843742
0.0644337204918224,0.0596960655223798,0.0488299785542698,0.0523880061843742
0.0644337204918224,0.0596960655223798,0.0488299785542698,0.0523880061843742
0.0644337204918224,0.0596960655223798,0.0488299785542698,0.0523880061843742
0.0644337204918224,0.0596960655223798,0.0488299785542698,0.0523880061843742
0.0644337204918224,0.0596960655223798,0.0488299785542698,0.0523880061843742
0.0644337204918224,0.0596960655223798,0.0488299785542698,0.0523880061843742
0.0611239984625205,0.0596960655223798,0.0488299785542698,0.0523880061843742
0.0611239984625205,0.0596960655223798,0.0488299785542698,0.0523880061843742
0.0611239984625205,0.0596960655223798,0.0488299785542698,0.0523880061843742
0.0611239984625205,0.0596960655223798,0.0488299785542698,0.0523880061843742
0.0611239984625205,0.0596960655223798,0.0488299785542698,0.0523880061843742
0.0611239984625205,0.0596960655223798,0.0488299785542698,0.0568191665812784
0.0611239984625205,0.0596960655223798,0.0488299785542698,0.0568191665812784
0.060566852481842,0.0596960655223798,0.0488299785542698,0.0568191665812784
0.060566852481842,0.0596960655223798,0.0488299785542698,0.0568191665812784
0.060566852481842,0.0596960655223798,0.0488299785542698,0.0568191665812784
0.060566852481842,0.0596960655223798,0.0488299785542698,0.0568191665812784
0.060566852481842,0.0596960655223798,0.0488299785542698,0.0568191665812784
0.060566852481842,0.0596960655223798,0.0488299785542698,0.0568191665812784
0.060566852481842,0.0596960655223798,0.0488299785542698,0.0568191665812784
0.060566852481842,0.0596960655223798,0.0488299785542698,0.0568191665812784
0.060566852481842,0.0596960655223798,0.0488299785542698,0.0568191665812784
0.060566852481842,0.0596960655223798,0.0488299785542698,0.0568191665812784
0.060566852481842,0.0596960655223798,0.0488299785542698,0.0568191665812784
0.060566852481842,0.0596960655223798,0.0488299785542698,0.0568191665812784
0.0580731073725034,0.0596960655223798,0.0488299785542698,0.0568191665812784
0.0580731073725034,0.0596960655223798,0.0488299785542698,0.0568191665812784
0.0580731073725034,0.0596960655223798,0.0462639909811811,0.0568191665812784
0.0580731073725034,0.0596960655223798,0.0462639909811811,0.0568191665812784
0.0580731073725034,0.0596960655223798,0.0462639909811811,0.0655390732062919
0.0580731073725034,0.0596960655223798,0.0462639909811811,0.0655390732062919
0.0580731073725034,0.0596960655223798,0.0462639909811811,0.0655390732062919
0.0580731073725034,0.0596960655223798,0.0462639909811811,0.0655390732062919
0.0580731073725034,0.0596960655223798,0.0462639909811811,0.0655390732062919
0.0577773411074297,0.0596960655223798,0.0462639909811811,0.0655390732062919
0.0577773411074297,0.0596960655223798,0.0462639909811811,0.0655390732062919
0.0577773411074297,0.0596960655223798,0.0462639909811811,0.0655390732062919
0.0577773411074297,0.0596960655223798,0.0462639909811811,0.0655390732062919
0.0577773411074297,0.0596960655223798,0.0462639909811811,0.0655390732062919
0.0577773411074297,0.0596960655223798,0.0462639909811811,0.0655390732062919
0.0577773411074297,0.0596960655223798,0.0462639909811811,0.0655390732062919
0.0577773411074297,0.0596960655223798,0.0462639909811811,0.0655390732062919
0.0577773411074297,0.0596960655223798,0.0462639909811811,0.0630480403212147
0.0577773411074297,0.0596960655223798,0.0462639909811811,0.0630480403212147
0.0577773411074297,0.0596960655223798,0.0462639909811811,0.0630480403212147
0.0577773411074297,0.0596960655223798,0.0462639909811811,0.0630480403212147
0.0577773411074297,0.0596960655223798,0.0462639909811811,0.0630480403212147
0.0577773411074297,0.0596960655223798,0.0462639909811811,0.0630480403212147
0.0577773411074297,0.0596960655223798,0.0462639909811811,0.0630480403212147
0.0577773411074297,0.0596960655223798,0.0462639909811811,0.0575865867533336
0.0577773411074297,0.0596960655223798,0.0462639909811811,0.0575865867533336
0.0577773411074297,0.0596960655223798,0.0462639909811811,0.0575865867533336
0.0577773411074297,0.0596960655223798,0.0462639909811811,0.0575865867533336
0.0577773411074297,0.0596960655223798,0.0462639909811811,0.0575865867533336
0.0577773411074297,0.0596960655223798,0.0462639909811811,0.0575865867533336
0.0577773411074297,0.0596960655223798,0.0462639909811811,0.0575865867533336
0.0577773411074297,0.0596960655223798,0.0462639909811811,0.0559920174980733
0.0577773411074297,0.0596960655223798,0.0451111567629029,0.0559920174980733
0.0577773411074297,0.0596960655223798,0.0451111567629029,0.0559920174980733
0.0577773411074297,0.0596960655223798,0.0451111567629029,0.0559920174980733
0.0577773411074297,0.0596960655223798,0.0451111567629029,0.0559920174980733
0.0577773411074297,0.0596960655223798,0.0451111567629029,0.0559920174980733
0.0577773411074297,0.0596960655223798,0.0451111567629029,0.0559920174980733
0.0577773411074297,0.0596960655223798,0.0451111567629029,0.0559920174980733
0.0577773411074297,0.0596960655223798,0.0451111567629029,0.0559920174980733
0.0577773411074297,0.0596960655223798,0.0451111567629029,0.0559920174980733
0.0577773411074297,0.0596960655223798,0.0451111567629029,0.0559920174980733
0.0577773411074297,0.0596960655223798,0.0451111567629029,0.0559920174980733
0.0577773411074297,0.0596960655223798,0.0451111567629029,0.0559920174980733
0.0577773411074297,0.0596960655223798,0.0451111567629029,0.0559920174980733
0.0577773411074297,0.0596960655223798,0.0451111567629029,0.0559920174980733
0.0577773411074297,0.0596960655223798,0.0457401397755103,0.0559920174980733
0.0577773411074297,0.0596960655223798,0.0457401397755103,0.0559920174980733
0.0577773411074297,0.0596960655223798,0.0457401397755103,0.0559920174980733
0.0577773411074297,0.0596960655223798,0.0457401397755103,0.0559920174980733
0.0577773411074297,0.0596960655223798,0.0457401397755103,0.0559920174980733
0.0577773411074297,0.0596960655223798,0.0457401397755103,0.0559920174980733
0.0577773411074297,0.0596960655223798,0.0457401397755103,0.0559920174980733
0.0577773411074297,0.0596960655223798,0.0457401397755103,0.0559920174980733
0.0577773411074297,0.0596960655223798,0.0457401397755103,0.0559920174980733
0.0577773411074297,0.0596960655223798,0.0457401397755103,0.0559920174980733
0.0577773411074297,0.0596960655223798,0.0457401397755103,0.0559920174980733
0.0577773411074297,0.0596960655223798,0.0457401397755103,0.0559920174980733
0.0577773411074297,0.0596960655223798,0.0457401397755103,0.0559920174980733
0.0577773411074297,0.0596960655223798,0.0457401397755103,0.0559920174980733
0.0577773411074297,0.0596960655223798,0.0457401397755103,0.0559920174980733
0.0577773411074297,0.0596960655223798,0.0457401397755103,0.0559920174980733
0.0577773411074297,0.0596960655223798,0.0457401397755103,0.0559920174980733
0.0577773411074297,0.0596960655223798,0.0457401397755103,0.0559920174980733
0.056199837253643,0.0596960655223798,0.0457401397755103,0.0559920174980733
0.056199837253643,0.0596960655223798,0.0457401397755103,0.0559920174980733
0.056199837253643,0.0596960655223798,0.0457401397755103,0.0559920174980733
0.056199837253643,0.0596960655223798,0.0457401397755103,0.0559920174980733
0.056199837253643,0.0596960655223798,0.0457401397755103,0.0559920174980733
0.056199837253643,0.0596960655223798,0.0457401397755103,0.0559920174980733
0.056199837253643,0.0596960655223798,0.0457401397755103,0.0559920174980733
0.056199837253643,0.0596960655223798,0.0457401397755103,0.0559920174980733
0.056199837253643,0.0596960655223798,0.0457401397755103,0.0559920174980733
0.056199837253643,0.0596960655223798,0.0457401397755103,0.0559920174980733
0.056199837253643,0.0596960655223798,0.0457401397755103,0.0559920174980733
0.056199837253643,0.0596960655223798,0.0457401397755103,0.0559920174980733
0.056199837253643,0.0596960655223798,0.0457401397755103,0.0559920174980733
0.056199837253643,0.0596960655223798,0.0457401397755103,0.0559920174980733
0.056199837253643,0.0596960655223798,0.0457401397755103,0.0559920174980733
0.056199837253643,0.0596960655223798,0.0457401397755103,0.0559920174980733
0.056199837253643,0.0590250850634421,0.0457401397755103,0.0559920174980733
0.056199837253643,0.0590250850634421,0.0457401397755103,0.0559920174980733
0.056199837253643,0.0590250850634421,0.0457401397755103,0.0559920174980733
0.056199837253643,0.0590250850634421,0.0457401397755103,0.0559920174980733
0.056199837253643,0.0590250850634421,0.0457401397755103,0.0559920174980733
0.056199837253643,0.0590250850634421,0.0457401397755103,0.0559920174980733
0.056199837253643,0.0590250850634421,0.0457401397755103,0.0559920174980733
0.056199837253643,0.0590250850634421,0.0457401397755103,0.0559920174980733
0.056199837253643,0.0590250850634421,0.0457401397755103,0.0559920174980733
0.056199837253643,0.0590250850634421,0.0457401397755103,0.0559920174980733
0.0541717969033111,0.0590250850634421,0.0457401397755103,0.0559920174980733
0.0541717969033111,0.0590250850634421,0.0457401397755103,0.0559920174980733
0.0541717969033111,0.0590250850634421,0.0457401397755103,0.0559920174980733
0.0541717969033111,0.0590250850634421,0.0457401397755103,0.0559920174980733
0.0541717969033111,0.0590250850634421,0.0457401397755103,0.0559920174980733
0.0541717969033111,0.0590250850634421,0.0457401397755103,0.0559920174980733
0.0541717969033111,0.0590250850634421,0.0457401397755103,0.0559920174980733
0.0541717969033111,0.0590250850634421,0.0457401397755103,0.0559920174980733
0.0541717969033111,0.0590250850634421,0.0457401397755103,0.0559920174980733
0.0541717969033111,0.0590250850634421,0.0457401397755103,0.0559920174980733
0.0541717969033111,0.0590250850634421,0.0457401397755103,0.0559920174980733
0.0541717969033111,0.0556328898729706,0.0457401397755103,0.0559920174980733
0.0541717969033111,0.0515589940996475,0.0457401397755103,0.0559920174980733
0.0541717969033111,0.0515589940996475,0.0457401397755103,0.0559920174980733
0.0541717969033111,0.0515589940996475,0.0457401397755103,0.0559920174980733
0.0541717969033111,0.0515589940996475,0.0457401397755103,0.0559920174980733
0.0541717969033111,0.0515589940996475,0.0457401397755103,0.0559920174980733
0.0541717969033111,0.0515589940996475,0.0457401397755103,0.0559920174980733
0.0541717969033111,0.0515589940996475,0.0457401397755103,0.0559920174980733
0.0541717969033111,0.0515589940996475,0.043163069690379,0.0559920174980733
0.0541717969033111,0.0515589940996475,0.043163069690379,0.0559920174980733
0.0541717969033111,0.0515589940996475,0.043163069690379,0.0559920174980733
0.0541717969033111,0.0515589940996475,0.043163069690379,0.0540778164684029
0.0541717969033111,0.0515589940996475,0.043163069690379,0.0540778164684029
0.0541717969033111,0.0515589940996475,0.043163069690379,0.0540778164684029
0.0541717969033111,0.0515589940996475,0.043163069690379,0.0540778164684029
0.0541717969033111,0.0515589940996475,0.043163069690379,0.0540778164684029
0.0541717969033111,0.0515589940996475,0.043163069690379,0.0540778164684029
0.0541717969033111,0.0515589940996475,0.043163069690379,0.052108012703339
0.0541717969033111,0.0515589940996475,0.043163069690379,0.052108012703339
0.0541717969033111,0.0515589940996475,0.043163069690379,0.052108012703339
0.0541717969033111,0.0515589940996475,0.043163069690379,0.052108012703339
0.0541717969033111,0.0515589940996475,0.043163069690379,0.052108012703339
0.0541717969033111,0.0515589940996475,0.043163069690379,0.052108012703339
0.0541717969033111,0.0515589940996475,0.043163069690379,0.052108012703339
0.0541717969033111,0.0515589940996475,0.043163069690379,0.052108012703339
0.0541717969033111,0.0515589940996475,0.043163069690379,0.052108012703339
0.0541717969033111,0.0515589940996475,0.043163069690379,0.0565003190718443
0.0541717969033111,0.0515589940996475,0.043163069690379,0.0565003190718443
0.0541717969033111,0.0515589940996475,0.043163069690379,0.0565003190718443
0.0541717969033111,0.0515589940996475,0.043163069690379,0.0565003190718443
0.0541717969033111,0.0515589940996475,0.043163069690379,0.0565003190718443
0.0541717969033111,0.0515589940996475,0.043163069690379,0.0565003190718443
0.0564729730408628,0.0515589940996475,0.043163069690379,0.0565003190718443
0.0564729730408628,0.0515589940996475,0.043163069690379,0.0565003190718443
0.0564729730408628,0.0515589940996475,0.043163069690379,0.0565003190718443
0.0564729730408628,0.0515589940996475,0.043163069690379,0.0565003190718443
0.0564729730408628,0.0515589940996475,0.043163069690379,0.0565003190718443
0.0564729730408628,0.0515589940996475,0.043163069690379,0.0565003190718443
0.0564729730408628,0.0515589940996475,0.043163069690379,0.0565003190718443
0.0564729730408628,0.0515589940996475,0.043163069690379,0.0565003190718443
0.0564729730408628,0.0515589940996475,0.043163069690379,0.0565003190718443
0.0564729730408628,0.0515589940996475,0.043163069690379,0.0565003190718443
0.0564729730408628,0.0515589940996475,0.043163069690379,0.0565003190718443
0.0564729730408628,0.0515589940996475,0.043163069690379,0.0565003190718443
0.0564729730408628,0.0515589940996475,0.043163069690379,0.0565003190718443
0.0564729730408628,0.051220002807408,0.043163069690379,0.0565003190718443
0.0564729730408628,0.051220002807408,0.043163069690379,0.0565003190718443
0.0564729730408628,0.051220002807408,0.043163069690379,0.0565003190718443
0.0564729730408628,0.051220002807408,0.043163069690379,0.0565003190718443
0.0564729730408628,0.051220002807408,0.043163069690379,0.0565003190718443
0.0564729730408628,0.051220002807408,0.043163069690379,0.0565003190718443
0.0564729730408628,0.051220002807408,0.043163069690379,0.0565003190718443
0.0564729730408628,0.051220002807408,0.043163069690379,0.0565003190718443
0.0564729730408628,0.051220002807408,0.043163069690379,0.0565003190718443
0.0564729730408628,0.051220002807408,0.043163069690379,0.0565003190718443
0.0564729730408628,0.051220002807408,0.043163069690379,0.0565003190718443
0.0564729730408628,0.051220002807408,0.043163069690379,0.0565003190718443
0.0564729730408628,0.051220002807408,0.043163069690379,0.0565003190718443
0.0564729730408628,0.051220002807408,0.043163069690379,0.0565003190718443
0.0564729730408628,0.051220002807408,0.043163069690379,0.0565003190718443
0.0564729730408628,0.051220002807408,0.043163069690379,0.0565003190718443
0.0564729730408628,0.051220002807408,0.043163069690379,0.0565003190718443
0.0564729730408628,0.051220002807408,0.043163069690379,0.0565003190718443
0.0564729730408628,0.051220002807408,0.043163069690379,0.0565003190718443
0.0564729730408628,0.051220002807408,0.043163069690379,0.0565003190718443
0.0564729730408628,0.051220002807408,0.043163069690379,0.0565003190718443
0.0564729730408628,0.0572912526430537,0.043163069690379,0.0565003190718443
0.0564729730408628,0.0572912526430537,0.043163069690379,0.0565003190718443
0.0564729730408628,0.0572912526430537,0.043163069690379,0.0565003190718443
0.0564729730408628,0.0572912526430537,0.043163069690379,0.0565003190718443
0.0564729730408628,0.0572912526430537,0.043163069690379,0.0565003190718443
0.0564729730408628,0.0572912526430537,0.043163069690379,0.0565003190718443
0.0564729730408628,0.0572912526430537,0.043163069690379,0.0565003190718443
0.0564729730408628,0.0572912526430537,0.043163069690379,0.0565003190718443
0.0564729730408628,0.0572912526430537,0.043163069690379,0.0565003190718443
0.0564729730408628,0.0572912526430537,0.043163069690379,0.0565003190718443
0.0564729730408628,0.0572912526430537,0.043163069690379,0.0565003190718443
0.0564729730408628,0.0572912526430537,0.043163069690379,0.0565003190718443
0.0564729730408628,0.0572912526430537,0.043163069690379,0.0565003190718443
0.0564729730408628,0.0572912526430537,0.043163069690379,0.0428092397287738
0.0564729730408628,0.0572912526430537,0.043163069690379,0.0428092397287738
0.0564729730408628,0.0572912526430537,0.043163069690379,0.0428092397287738
0.0564729730408628,0.0572912526430537,0.043163069690379,0.0428092397287738
0.0564729730408628,0.0572912526430537,0.043163069690379,0.0428092397287738
0.0564729730408628,0.0572912526430537,0.043163069690379,0.0428092397287738
0.0564729730408628,0.0572912526430537,0.043163069690379,0.0428092397287738
0.0564729730408628,0.0519054863473565,0.043163069690379,0.0428092397287738
0.0564729730408628,0.0519054863473565,0.043163069690379,0.0428092397287738
0.0564729730408628,0.0519054863473565,0.043163069690379,0.0428092397287738
0.0564729730408628,0.0519054863473565,0.043163069690379,0.0428092397287738
0.0564729730408628,0.0519054863473565,0.043163069690379,0.0428092397287738
0.0564729730408628,0.0519054863473565,0.043163069690379,0.0428092397287738
0.0564729730408628,0.0519054863473565,0.043163069690379,0.0428092397287738
0.0564729730408628,0.0519054863473565,0.043163069690379,0.0428092397287738
0.0564729730408628,0.0519054863473565,0.043163069690379,0.0428092397287738
0.0564729730408628,0.0519054863473565,0.043163069690379,0.0428092397287738
0.0564729730408628,0.0519054863473565,0.043163069690379,0.0428092397287738
0.0564729730408628,0.0519054863473565,0.043163069690379,0.046744427448841
0.0564729730408628,0.0519054863473565,0.043163069690379,0.046744427448841
0.0564729730408628,0.0519054863473565,0.043163069690379,0.046744427448841
0.0564729730408628,0.0519054863473565,0.043163069690379,0.046744427448841
0.0564729730408628,0.0519054863473565,0.043163069690379,0.046744427448841
0.0564729730408628,0.0519054863473565,0.043163069690379,0.046744427448841
0.0564729730408628,0.0519054863473565,0.043163069690379,0.046744427448841
0.0564729730408628,0.0519054863473565,0.043163069690379,0.046744427448841
0.0564729730408628,0.0561740315245303,0.043163069690379,0.046744427448841
0.0564729730408628,0.0561740315245303,0.043163069690379,0.046744427448841
0.0564729730408628,0.0561740315245303,0.043163069690379,0.046744427448841
0.0564729730408628,0.0561667734489849,0.043163069690379,0.046744427448841
0.0564729730408628,0.0561667734489849,0.0400842787873827,0.046744427448841
0.0564729730408628,0.0561667734489849,0.0400842787873827,0.046744427448841
0.0564729730408628,0.0561667734489849,0.0400842787873827,0.046744427448841
0.0564729730408628,0.0561667734489849,0.0400842787873827,0.046744427448841
0.0564729730408628,0.0561667734489849,0.0400842787873827,0.046744427448841
0.0564729730408628,0.0561667734489849,0.0400842787873827,0.046744427448841
0.0564729730408628,0.0561667734489849,0.0421475154337324,0.046744427448841
0.0564729730408628,0.0524664633472221,0.0421475154337324,0.046744427448841
0.0564729730408628,0.0524664633472221,0.0421475154337324,0.0475544323337851
0.0564729730408628,0.0524664633472221,0.0421475154337324,0.0475544323337851
0.0564729730408628,0.0587014670496625,0.0421475154337324,0.0475544323337851
0.0564729730408628,0.0587014670496625,0.0421475154337324,0.0475544323337851
0.0564729730408628,0.0587014670496625,0.0421475154337324,0.0475544323337851
0.0564729730408628,0.0513911800305076,0.0421475154337324,0.0475544323337851
0.0564729730408628,0.0513911800305076,0.0421475154337324,0.0475544323337851
0.0564729730408628,0.0513911800305076,0.0421475154337324,0.0475544323337851
0.0564729730408628,0.0513911800305076,0.0421475154337324,0.0475544323337851
0.0578024027375286,0.0513911800305076,0.0421475154337324,0.0475544323337851
0.0578024027375286,0.0513911800305076,0.0421475154337324,0.0475544323337851
0.0578024027375286,0.0513911800305076,0.0421475154337324,0.0475544323337851
0.0578024027375286,0.0513911800305076,0.0421475154337324,0.0475544323337851
0.0578024027375286,0.0513911800305076,0.0421475154337324,0.0475544323337851
0.0578024027375286,0.0513911800305076,0.0421475154337324,0.0421088446820171
0.0578024027375286,0.0542347311593624,0.0421475154337324,0.0421088446820171
0.0578024027375286,0.0542347311593624,0.0421475154337324,0.0421088446820171
0.0578024027375286,0.0542347311593624,0.0421475154337324,0.0421088446820171
0.0578024027375286,0.0542347311593624,0.0421475154337324,0.0421088446820171
0.0578024027375286,0.0542347311593624,0.0421475154337324,0.0421088446820171
0.0578024027375286,0.0540021924835484,0.0421475154337324,0.0421088446820171
0.0578024027375286,0.0540021924835484,0.0421475154337324,0.0421088446820171
0.0578024027375286,0.0540021924835484,0.0421475154337324,0.0421088446820171
0.0578024027375286,0.0540021924835484,0.0421475154337324,0.0421088446820171
0.0578024027375286,0.0540021924835484,0.0421475154337324,0.0421088446820171
0.0608901141982883,0.0540021924835484,0.0421475154337324,0.0421088446820171
0.0608901141982883,0.0540021924835484,0.0421475154337324,0.0421088446820171
0.0608901141982883,0.0540021924835484,0.0421475154337324,0.0421088446820171
0.0608901141982883,0.0540021924835484,0.0421475154337324,0.0421088446820171
0.0608901141982883,0.0540021924835484,0.0421475154337324,0.0421088446820171
0.0608901141982883,0.0540021924835484,0.0421475154337324,0.0421088446820171
0.0608901141982883,0.0540021924835484,0.0421475154337324,0.0421088446820171
0.0608901141982883,0.0540021924835484,0.0421475154337324,0.0421088446820171
0.0608901141982883,0.0540021924835484,0.0421475154337324,0.0421088446820171
0.0608901141982883,0.0540021924835484,0.0421475154337324,0.0421088446820171
0.0608901141982883,0.0540021924835484,0.0421475154337324,0.0421088446820171
0.0608901141982883,0.0540021924835484,0.0421475154337324,0.0421088446820171
0.0608901141982883,0.0540021924835484,0.0421475154337324,0.0421088446820171
0.0608901141982883,0.0540021924835484,0.0421475154337324,0.0421088446820171
0.0608901141982883,0.0540021924835484,0.0421475154337324,0.0421088446820171
0.059793236191236,0.0540021924835484,0.0421475154337324,0.0421088446820171
0.059793236191236,0.0540021924835484,0.0421475154337324,0.0421088446820171
0.059793236191236,0.0540021924835484,0.0421475154337324,0.0421088446820171
0.059793236191236,0.0540021924835484,0.0421475154337324,0.0421088446820171
0.059793236191236,0.0540021924835484,0.0421475154337324,0.0421088446820171
0.062233128885014,0.0540021924835484,0.0452629000683209,0.0421088446820171
0.062233128885014,0.0540021924835484,0.0452629000683209,0.0421088446820171
0.062233128885014,0.0540021924835484,0.0452629000683209,0.0421088446820171
0.062233128885014,0.0540021924835484,0.0452629000683209,0.0421088446820171
0.062233128885014,0.0540021924835484,0.0452629000683209,0.0421088446820171
0.062233128885014,0.0540021924835484,0.0452629000683209,0.0421088446820171
0.062233128885014,0.0540021924835484,0.0452629000683209,0.0421088446820171
0.062233128885014,0.0540021924835484,0.0452629000683209,0.0421088446820171
0.062233128885014,0.0540021924835484,0.0452629000683209,0.0421088446820171
0.062233128885014,0.0540021924835484,0.0452629000683209,0.0421088446820171
0.062233128885014,0.0540021924835484,0.0452629000683209,0.0421088446820171
0.062233128885014,0.0540021924835484,0.0452629000683209,0.0421088446820171
0.062233128885014,0.0540021924835484,0.0452629000683209,0.0421088446820171
0.0619921766037448,0.0540021924835484,0.0452629000683209,0.0421088446820171
0.0619921766037448,0.0539412185171294,0.0452629000683209,0.0421088446820171
0.0619921766037448,0.0539412185171294,0.0452629000683209,0.0421088446820171
0.0619921766037448,0.0539412185171294,0.0452629000683209,0.0421088446820171
0.0619921766037448,0.0539412185171294,0.0452629000683209,0.0421088446820171
0.0619921766037448,0.048282946909091,0.0452629000683209,0.0421088446820171
0.0619921766037448,0.0541389007451639,0.0452629000683209,0.0421088446820171
0.0619921766037448,0.0541389007451639,0.0452629000683209,0.0454304982761536
0.0619921766037448,0.0541389007451639,0.0452629000683209,0.0454304982761536
0.0619921766037448,0.0541389007451639,0.0452629000683209,0.0454304982761536
0.0619921766037448,0.0541389007451639,0.0452629000683209,0.0454304982761536
0.0619921766037448,0.0541389007451639,0.0452629000683209,0.0454304982761536
0.0619921766037448,0.0541389007451639,0.0452629000683209,0.0454304982761536
0.0619921766037448,0.0541389007451639,0.0452629000683209,0.0454304982761536
0.0619921766037448,0.0541389007451639,0.0452629000683209,0.0454304982761536
0.0619921766037448,0.0541389007451639,0.0452629000683209,0.0463876884702884
0.0619921766037448,0.0541389007451639,0.0452629000683209,0.0459324050717641
0.0619921766037448,0.0541389007451639,0.0452629000683209,0.0459324050717641
0.0619921766037448,0.0541389007451639,0.0452629000683209,0.0459324050717641
0.0619921766037448,0.0541389007451639,0.0452629000683209,0.0459324050717641
0.0619921766037448,0.0541389007451639,0.0452629000683209,0.0459324050717641
0.0619921766037448,0.0541389007451639,0.0452629000683209,0.0459324050717641
0.0619921766037448,0.0541389007451639,0.0452629000683209,0.0459324050717641
0.0586448168407773,0.0541389007451639,0.0452629000683209,0.0459324050717641
0.0586448168407773,0.0541389007451639,0.0452629000683209,0.0459324050717641
0.0586448168407773,0.0541389007451639,0.0452629000683209,0.0459324050717641
0.0586448168407773,0.0541389007451639,0.0452629000683209,0.0459324050717641
0.0586448168407773,0.0541389007451639,0.0452629000683209,0.0459324050717641
0.0586448168407773,0.0541389007451639,0.0452629000683209,0.0459324050717641
0.0586448168407773,0.0541389007451639,0.0452629000683209,0.0459324050717641
0.0586448168407773,0.0541389007451639,0.0452629000683209,0.0459324050717641
0.0586448168407773,0.0541389007451639,0.0452629000683209,0.0459324050717641
0.0586448168407773,0.0541389007451639,0.0452629000683209,0.0459324050717641
0.0586448168407773,0.0541389007451639,0.0452629000683209,0.0459324050717641
0.0586448168407773,0.0541389007451639,0.0452629000683209,0.0459324050717641
0.0586448168407773,0.0541389007451639,0.0452629000683209,0.0459324050717641
0.0586448168407773,0.0541389007451639,0.0452629000683209,0.0459324050717641
0.0586448168407773,0.0541389007451639,0.0452629000683209,0.0459324050717641
0.0586448168407773,0.0541389007451639,0.0452629000683209,0.0459324050717641
0.0586448168407773,0.0541389007451639,0.0452629000683209,0.0459324050717641
0.0586448168407773,0.0541389007451639,0.0452629000683209,0.0459324050717641
0.0586448168407773,0.0541389007451639,0.0452629000683209,0.0459324050717641
0.0586448168407773,0.0541389007451639,0.0452629000683209,0.0459324050717641
0.0586448168407773,0.0541389007451639,0.0452629000683209,0.0459324050717641
0.0586448168407773,0.0541389007451639,0.0452629000683209,0.0459324050717641
0.0586448168407773,0.0541389007451639,0.0452629000683209,0.0459324050717641
0.0586448168407773,0.0541389007451639,0.0452629000683209,0.0440448202462123
0.0586448168407773,0.0541389007451639,0.0452629000683209,0.0440448202462123
0.0586448168407773,0.0541389007451639,0.0452629000683209,0.0440448202462123
0.0586448168407773,0.0541389007451639,0.0452629000683209,0.0440448202462123
0.0586448168407773,0.0534863886573189,0.0452629000683209,0.0440448202462123
0.0586448168407773,0.0534863886573189,0.0452629000683209,0.0440448202462123
0.0586448168407773,0.0534863886573189,0.0452629000683209,0.0440448202462123
0.0586448168407773,0.0534863886573189,0.0452629000683209,0.0440448202462123
0.0586448168407773,0.0534863886573189,0.0452629000683209,0.0407895892689729
0.0586448168407773,0.0534863886573189,0.0452629000683209,0.0407895892689729
0.0586448168407773,0.0534863886573189,0.0452629000683209,0.0407895892689729
0.0586448168407773,0.0534863886573189,0.0452629000683209,0.0407895892689729
0.0586448168407773,0.0534863886573189,0.0452629000683209,0.0407895892689729
0.0586448168407773,0.0534863886573189,0.0452629000683209,0.0407895892689729
0.0586448168407773,0.0534863886573189,0.0452629000683209,0.0407119547481041
0.0586448168407773,0.0534863886573189,0.0452629000683209,0.0407119547481041
0.0586448168407773,0.0534863886573189,0.0452629000683209,0.0407119547481041
0.0586448168407773,0.0534863886573189,0.0452629000683209,0.0407119547481041
0.0586448168407773,0.0534863886573189,0.0452629000683209,0.0407119547481041
0.0586448168407773,0.0534863886573189,0.0452629000683209,0.0412292739788354
0.0586448168407773,0.0534863886573189,0.0452629000683209,0.0412292739788354
0.0586448168407773,0.0534863886573189,0.0452629000683209,0.0412292739788354
0.0586448168407773,0.0534863886573189,0.0452629000683209,0.0410416203951517
0.0586448168407773,0.0534863886573189,0.0452629000683209,0.0410416203951517
0.0586448168407773,0.0534863886573189,0.0452629000683209,0.0410416203951517
0.0586448168407773,0.0534863886573189,0.0452629000683209,0.0452947472845687
0.0600108428226956,0.0534863886573189,0.0452629000683209,0.0452947472845687
0.0600108428226956,0.0534863886573189,0.0452629000683209,0.0452947472845687
0.0600108428226956,0.0534863886573189,0.0452629000683209,0.0452947472845687
0.0600108428226956,0.0521059452060968,0.0452629000683209,0.0438628403799629
0.0600108428226956,0.0521059452060968,0.0452629000683209,0.0438628403799629
0.0600108428226956,0.0521059452060968,0.0452629000683209,0.0438628403799629
0.0600108428226956,0.0521059452060968,0.0452629000683209,0.0438628403799629
0.0600108428226956,0.0521059452060968,0.0452629000683209,0.0438628403799629
0.0600108428226956,0.0521059452060968,0.0452629000683209,0.0438628403799629
0.0600108428226956,0.0579502568644652,0.0452629000683209,0.0438628403799629
0.0600108428226956,0.0579502568644652,0.0524402418959681,0.0438628403799629
0.0600108428226956,0.0579502568644652,0.0524402418959681,0.0438628403799629
0.0600108428226956,0.0579502568644652,0.0524402418959681,0.0438628403799629
0.0600108428226956,0.0579502568644652,0.0524402418959681,0.0438628403799629
0.0600108428226956,0.0523656883540669,0.0524402418959681,0.0438628403799629
0.0600108428226956,0.0523656883540669,0.0524402418959681,0.0438628403799629
0.0600108428226956,0.0523656883540669,0.0524402418959681,0.0438628403799629
0.0600108428226956,0.0523656883540669,0.0524402418959681,0.0438628403799629
0.0600108428226956,0.0523656883540669,0.0524402418959681,0.0438628403799629
0.0600108428226956,0.0523656883540669,0.0524402418959681,0.0438628403799629
0.0600108428226956,0.0523656883540669,0.0524402418959681,0.0438628403799629
0.0600108428226956,0.0523656883540669,0.0524402418959681,0.0369902710007591
0.0600108428226956,0.0523656883540669,0.0524402418959681,0.0369902710007591
0.0600108428226956,0.0523656883540669,0.0524402418959681,0.0369902710007591
0.0600108428226956,0.0523656883540669,0.0524402418959681,0.0369902710007591
0.0600108428226956,0.0523656883540669,0.0524402418959681,0.0369902710007591
0.0600108428226956,0.0561921375360177,0.0524402418959681,0.0369902710007591
0.0600108428226956,0.0561921375360177,0.0524402418959681,0.0369902710007591
0.0600108428226956,0.0561921375360177,0.0524402418959681,0.0369902710007591
0.0600108428226956,0.0561921375360177,0.0524402418959681,0.0369902710007591
0.0600108428226956,0.0561921375360177,0.0524402418959681,0.0369902710007591
0.0600108428226956,0.0561921375360177,0.0524402418959681,0.0369902710007591
0.0600108428226956,0.0561921375360177,0.0524402418959681,0.0369902710007591
0.0600108428226956,0.0561921375360177,0.0524402418959681,0.0369902710007591
0.0600108428226956,0.0561921375360177,0.0524402418959681,0.0369902710007591
0.0600108428226956,0.0561921375360177,0.0524402418959681,0.0369902710007591
0.0600108428226956,0.0561921375360177,0.0524402418959681,0.0369902710007591
0.0600108428226956,0.0561921375360177,0.0524402418959681,0.0369902710007591
0.0600108428226956,0.0561921375360177,0.0524402418959681,0.0369902710007591
0.0600108428226956,0.0591495005671692,0.0524402418959681,0.0369902710007591
0.0600108428226956,0.0591495005671692,0.0524402418959681,0.0383851119286294
0.0600108428226956,0.0591495005671692,0.050699363257085,0.0383851119286294
0.0600108428226956,0.0591495005671692,0.050699363257085,0.0383851119286294
0.0600108428226956,0.0591495005671692,0.050699363257085,0.0383851119286294
0.0600108428226956,0.0591495005671692,0.050699363257085,0.0383851119286294
0.0600108428226956,0.0591495005671692,0.050699363257085,0.0383851119286294
0.0600108428226956,0.0591495005671692,0.050699363257085,0.0383851119286294
0.0600108428226956,0.0591495005671692,0.050699363257085,0.0427588498745791
0.0600108428226956,0.0591495005671692,0.050699363257085,0.0427588498745791
0.0600108428226956,0.0591495005671692,0.050699363257085,0.0427588498745791
0.0600108428226956,0.0591495005671692,0.050699363257085,0.0427588498745791
0.0600108428226956,0.0591495005671692,0.050699363257085,0.0427588498745791
0.0600108428226956,0.0591495005671692,0.050699363257085,0.0427588498745791
0.0600108428226956,0.0591495005671692,0.050699363257085,0.0427588498745791
0.0600108428226956,0.0591495005671692,0.050699363257085,0.0427588498745791
0.0600108428226956,0.0591495005671692,0.050699363257085,0.0427588498745791
0.0600108428226956,0.0591495005671692,0.050699363257085,0.0427588498745791
0.0600108428226956,0.0591495005671692,0.050699363257085,0.0427588498745791
0.0600108428226956,0.0591495005671692,0.050699363257085,0.0427588498745791
0.0600108428226956,0.0591495005671692,0.048843126457849,0.0427588498745791
0.0600108428226956,0.0591495005671692,0.048843126457849,0.0457867622670442
0.0600108428226956,0.0591495005671692,0.048843126457849,0.046153438079543
0.0600108428226956,0.0591495005671692,0.0479534141610161,0.046153438079543
0.0600108428226956,0.0591495005671692,0.0479534141610161,0.046153438079543
0.0600108428226956,0.0591495005671692,0.0479534141610161,0.046153438079543
0.0600108428226956,0.0591495005671692,0.0479534141610161,0.046153438079543
0.0600108428226956,0.0591495005671692,0.0479534141610161,0.046153438079543
0.0600108428226956,0.0591495005671692,0.0479534141610161,0.046153438079543
0.0600108428226956,0.0591495005671692,0.0479534141610161,0.046153438079543
0.0600108428226956,0.0591495005671692,0.0479534141610161,0.046153438079543
0.0600108428226956,0.0591495005671692,0.0479534141610161,0.046153438079543
0.0600108428226956,0.0591495005671692,0.0479534141610161,0.0371932170112233
0.0600108428226956,0.0591495005671692,0.0479534141610161,0.0371932170112233
0.0600108428226956,0.0591495005671692,0.0479534141610161,0.0371932170112233
0.0600108428226956,0.0591495005671692,0.0452453123071725,0.0371932170112233
0.0600108428226956,0.0591495005671692,0.0452453123071725,0.0452800414552804
0.0600108428226956,0.0591495005671692,0.0452453123071725,0.0452800414552804
0.0600108428226956,0.0591495005671692,0.0452453123071725,0.0452800414552804
0.0600108428226956,0.0591495005671692,0.0435303725991256,0.0452800414552804
0.0600108428226956,0.0591495005671692,0.0435303725991256,0.0452800414552804
0.0600108428226956,0.0591495005671692,0.0435303725991256,0.0452800414552804
0.0600108428226956,0.0591495005671692,0.0435303725991256,0.0452800414552804
0.0600108428226956,0.0591495005671692,0.0435303725991256,0.0452800414552804
0.0600108428226956,0.0591495005671692,0.0435303725991256,0.0452800414552804
0.0600108428226956,0.0591495005671692,0.0435303725991256,0.0452800414552804
0.0600108428226956,0.0591495005671692,0.0435303725991256,0.0452800414552804
0.0600108428226956,0.0591495005671692,0.0435303725991256,0.0452800414552804
0.0600108428226956,0.0591495005671692,0.0435303725991256,0.0452800414552804
0.0600108428226956,0.0591495005671692,0.0435303725991256,0.0452800414552804
0.0600108428226956,0.0591495005671692,0.0435303725991256,0.0452800414552804
0.0600108428226956,0.0591495005671692,0.0435303725991256,0.0452800414552804
0.0600108428226956,0.0591495005671692,0.0435303725991256,0.0452800414552804
0.0600108428226956,0.0591495005671692,0.0435303725991256,0.0452800414552804
0.0600108428226956,0.0591495005671692,0.0435303725991256,0.0502619532597127
0.0600108428226956,0.0591495005671692,0.0435303725991256,0.0502619532597127
0.0600108428226956,0.0591495005671692,0.0435303725991256,0.0502619532597127
0.0600108428226956,0.0591495005671692,0.0444024764121404,0.0502619532597127
0.0600108428226956,0.0591495005671692,0.0444024764121404,0.0502619532597127
0.0600108428226956,0.0591495005671692,0.0444024764121404,0.0502619532597127
0.0602857752416779,0.0591495005671692,0.0444024764121404,0.0502619532597127
0.0602857752416779,0.0591495005671692,0.0444024764121404,0.0502619532597127
0.0602857752416779,0.0591495005671692,0.0444024764121404,0.0502619532597127
0.0602857752416779,0.0591495005671692,0.0444024764121404,0.0502619532597127
0.0595534493445608,0.0591495005671692,0.0444024764121404,0.0502619532597127
0.0595534493445608,0.0591495005671692,0.0444024764121404,0.0502619532597127
0.0595534493445608,0.0591495005671692,0.0444024764121404,0.0502619532597127
0.0595534493445608,0.0591495005671692,0.0444024764121404,0.0502619532597127
0.0595534493445608,0.0591495005671692,0.0444024764121404,0.0502619532597127
0.0595534493445608,0.0591495005671692,0.0444024764121404,0.0502619532597127
0.0595534493445608,0.0591495005671692,0.0444024764121404,0.0498902332660895
0.0595534493445608,0.0591495005671692,0.0444024764121404,0.0498902332660895
0.0595534493445608,0.0591495005671692,0.0444024764121404,0.0498902332660895
0.0595534493445608,0.0591495005671692,0.0444024764121404,0.0498902332660895
0.0580480359243156,0.0591495005671692,0.0444024764121404,0.0498902332660895
0.0580480359243156,0.0591495005671692,0.0444024764121404,0.0498902332660895
0.0580480359243156,0.0591495005671692,0.0444024764121404,0.0498902332660895
0.0580480359243156,0.0591495005671692,0.0444024764121404,0.0498902332660895
0.0580480359243156,0.0591495005671692,0.0444024764121404,0.0467229180536212
0.0580480359243156,0.0591495005671692,0.0444024764121404,0.0467229180536212
0.0580480359243156,0.0591495005671692,0.0444024764121404,0.0467229180536212
0.0580480359243156,0.0591495005671692,0.0444024764121404,0.0467229180536212
0.0580480359243156,0.0591495005671692,0.0444024764121404,0.0467229180536212
0.0580480359243156,0.0591495005671692,0.0444024764121404,0.0467229180536212
0.0580480359243156,0.0591495005671692,0.0444024764121404,0.0467229180536212
0.0580480359243156,0.0534559692269557,0.0444024764121404,0.0467229180536212
0.0580480359243156,0.0534559692269557,0.0444024764121404,0.0468775625612597
0.0580480359243156,0.0534559692269557,0.0444024764121404,0.0468775625612597
0.0580480359243156,0.0534559692269557,0.0444024764121404,0.0468775625612597
0.0580480359243156,0.0534559692269557,0.0444024764121404,0.0468775625612597
0.0580480359243156,0.055953855078439,0.0444024764121404,0.0468775625612597
0.0580480359243156,0.055953855078439,0.0444024764121404,0.0468775625612597
0.0580480359243156,0.055953855078439,0.0444024764121404,0.0468775625612597
0.0580480359243156,0.055953855078439,0.0444024764121404,0.0468775625612597
0.0580480359243156,0.055953855078439,0.0444024764121404,0.0468775625612597
0.0580480359243156,0.055953855078439,0.0444024764121404,0.0468775625612597
0.0580480359243156,0.055953855078439,0.0444024764121404,0.0468775625612597
0.0580480359243156,0.055953855078439,0.0444024764121404,0.0468775625612597
0.0580480359243156,0.055953855078439,0.0444024764121404,0.0468775625612597
0.0580480359243156,0.055953855078439,0.0444024764121404,0.0468775625612597
0.0580480359243156,0.055953855078439,0.0444024764121404,0.0468775625612597
0.0580480359243156,0.055953855078439,0.0444024764121404,0.0468775625612597
0.0580480359243156,0.055953855078439,0.0444024764121404,0.0468775625612597
0.0580480359243156,0.055953855078439,0.0444024764121404,0.0468775625612597
0.0580480359243156,0.055953855078439,0.0444024764121404,0.0468775625612597
0.0580480359243156,0.055953855078439,0.0444024764121404,0.0468775625612597
0.0580480359243156,0.055953855078439,0.0444024764121404,0.0468775625612597
0.0580480359243156,0.055953855078439,0.0444024764121404,0.0468775625612597
0.0580480359243156,0.055953855078439,0.0444024764121404,0.0468775625612597
0.0580480359243156,0.055953855078439,0.0444024764121404,0.0468775625612597
0.0580480359243156,0.055953855078439,0.0444024764121404,0.0468775625612597
0.0580480359243156,0.055953855078439,0.0444024764121404,0.0468775625612597
0.0580480359243156,0.055953855078439,0.0444024764121404,0.0468775625612597
0.0580480359243156,0.055953855078439,0.0444024764121404,0.0468775625612597
0.0580480359243156,0.055953855078439,0.0444024764121404,0.0468775625612597
0.0580480359243156,0.055953855078439,0.0444024764121404,0.0468775625612597
0.0580480359243156,0.055953855078439,0.0444024764121404,0.0457405177075144
0.0580480359243156,0.055953855078439,0.0444024764121404,0.0457405177075144
0.0580480359243156,0.055953855078439,0.0444024764121404,0.0457405177075144
0.0580480359243156,0.055953855078439,0.0444024764121404,0.0457405177075144
0.0580480359243156,0.055953855078439,0.0444024764121404,0.0457405177075144
0.0580480359243156,0.055953855078439,0.0444024764121404,0.0457405177075144
0.0580480359243156,0.055953855078439,0.0444024764121404,0.0457405177075144
0.0580480359243156,0.055953855078439,0.0444024764121404,0.0457405177075144
0.0580480359243156,0.055953855078439,0.0444024764121404,0.0457405177075144
0.0580480359243156,0.055953855078439,0.0444024764121404,0.0457405177075144
0.0580480359243156,0.055953855078439,0.0444024764121404,0.0457405177075144
0.0580480359243156,0.055953855078439,0.0444024764121404,0.0457405177075144
0.0580480359243156,0.055953855078439,0.0444024764121404,0.0457405177075144
0.0580480359243156,0.055953855078439,0.0444024764121404,0.0457405177075144
0.0580480359243156,0.0534515885078269,0.0444024764121404,0.0457405177075144
0.0580480359243156,0.0534515885078269,0.0444024764121404,0.0457405177075144
0.0580480359243156,0.0534515885078269,0.0444024764121404,0.0457405177075144
0.0580480359243156,0.0534515885078269,0.040575392180626,0.0457405177075144
0.0580480359243156,0.0534515885078269,0.040575392180626,0.0457405177075144
0.0580480359243156,0.0534515885078269,0.040575392180626,0.0457405177075144
0.0580480359243156,0.0534515885078269,0.040575392180626,0.0457405177075144
0.0580480359243156,0.0534515885078269,0.040575392180626,0.0457405177075144
0.0580480359243156,0.0534515885078269,0.040575392180626,0.0457405177075144
0.0580480359243156,0.0534515885078269,0.040575392180626,0.0457405177075144
0.0580480359243156,0.0534515885078269,0.040575392180626,0.0457405177075144
0.0580480359243156,0.0534515885078269,0.040575392180626,0.0457405177075144
0.0580480359243156,0.0534515885078269,0.040575392180626,0.0457405177075144
0.0580480359243156,0.0534515885078269,0.040575392180626,0.0457405177075144
0.0580480359243156,0.0534515885078269,0.040575392180626,0.0457405177075144
0.0580480359243156,0.0534515885078269,0.040575392180626,0.0457405177075144
0.0580480359243156,0.0534515885078269,0.040575392180626,0.0457405177075144
0.0580480359243156,0.0534515885078269,0.040575392180626,0.0457405177075144
0.0580480359243156,0.0534515885078269,0.040575392180626,0.0457405177075144
0.0580480359243156,0.0534515885078269,0.040575392180626,0.0488174249131326
0.0580480359243156,0.0534515885078269,0.040575392180626,0.0488174249131326
0.0580480359243156,0.0534515885078269,0.040575392180626,0.0488174249131326
0.0580480359243156,0.0534515885078269,0.040575392180626,0.0488174249131326
0.0580480359243156,0.0534515885078269,0.040575392180626,0.0488174249131326
0.0580480359243156,0.0534515885078269,0.040575392180626,0.0488174249131326
0.0580480359243156,0.0534515885078269,0.040575392180626,0.0488174249131326
0.0580480359243156,0.0534515885078269,0.040575392180626,0.0469877945835563
0.0580480359243156,0.0534515885078269,0.040575392180626,0.0469877945835563
0.0580480359243156,0.0534515885078269,0.040575392180626,0.0469877945835563
0.0580480359243156,0.0534515885078269,0.040575392180626,0.0469877945835563
0.0580480359243156,0.0534515885078269,0.040575392180626,0.0469877945835563
0.0580480359243156,0.0534515885078269,0.040575392180626,0.0469877945835563
0.0580480359243156,0.0534515885078269,0.0450774444614626,0.0469877945835563
0.0580480359243156,0.0534515885078269,0.0450774444614626,0.0469877945835563
0.0580480359243156,0.0566688141271144,0.0450774444614626,0.0469877945835563
0.0580480359243156,0.0566688141271144,0.0450774444614626,0.0469877945835563
0.0580480359243156,0.0516497440249595,0.0450774444614626,0.0469877945835563
0.0580480359243156,0.0516497440249595,0.0450774444614626,0.0469877945835563
0.0580480359243156,0.0516497440249595,0.0450774444614626,0.0417089407391428
0.0580480359243156,0.0516497440249595,0.0450774444614626,0.0417089407391428
0.0580480359243156,0.0516497440249595,0.0450774444614626,0.0417089407391428
0.0580480359243156,0.0516497440249595,0.0450774444614626,0.0417089407391428
0.0580480359243156,0.0516497440249595,0.0450774444614626,0.0417089407391428
0.0580480359243156,0.0516497440249595,0.0450774444614626,0.0417089407391428
0.0580480359243156,0.0516497440249595,0.0450774444614626,0.0417089407391428
0.0580480359243156,0.0516497440249595,0.0450774444614626,0.0417089407391428
0.0580480359243156,0.0516497440249595,0.0450774444614626,0.0417089407391428
0.0580480359243156,0.0516497440249595,0.0450774444614626,0.0417089407391428
0.0580480359243156,0.0516497440249595,0.0480489845903392,0.0417089407391428
0.0580480359243156,0.0516497440249595,0.0480489845903392,0.0417089407391428
0.0628422314349194,0.0516497440249595,0.0480489845903392,0.0417089407391428
0.0628422314349194,0.0516497440249595,0.0480489845903392,0.0400375449768365
0.0628422314349194,0.0516497440249595,0.0480489845903392,0.0400375449768365
0.0628422314349194,0.0516497440249595,0.0480489845903392,0.0400375449768365
0.0628422314349194,0.0516497440249595,0.0480489845903392,0.0492406391941957
0.0628422314349194,0.0516497440249595,0.0480489845903392,0.0492406391941957
0.0628422314349194,0.0516497440249595,0.0480489845903392,0.0492406391941957
0.0628422314349194,0.0516497440249595,0.0480489845903392,0.0492406391941957
0.0628422314349194,0.0516497440249595,0.0480489845903392,0.0492406391941957
0.0628422314349194,0.0516497440249595,0.0480489845903392,0.0492406391941957
0.0628422314349194,0.0516497440249595,0.0480489845903392,0.0492406391941957
0.0628422314349194,0.0516497440249595,0.0480489845903392,0.0492406391941957
0.0628422314349194,0.0516497440249595,0.0480489845903392,0.0492406391941957
0.0628422314349194,0.0516497440249595,0.0480489845903392,0.0492406391941957
0.0628422314349194,0.0516497440249595,0.0480489845903392,0.0492406391941957
0.0628422314349194,0.0516497440249595,0.0480489845903392,0.0492406391941957
0.0628422314349194,0.0516497440249595,0.0480489845903392,0.0492406391941957
0.0628422314349194,0.0516497440249595,0.0480489845903392,0.0492406391941957
0.0628422314349194,0.0516497440249595,0.0480489845903392,0.0492406391941957
0.0628422314349194,0.0516497440249595,0.0480489845903392,0.0492406391941957
0.0628422314349194,0.0516497440249595,0.0480489845903392,0.0492406391941957
0.0628422314349194,0.0516497440249595,0.0480489845903392,0.0492406391941957
0.0628422314349194,0.0516497440249595,0.0480489845903392,0.0492406391941957
0.0628422314349194,0.0516497440249595,0.0480489845903392,0.0492406391941957
0.0610321386610175,0.0516497440249595,0.0480489845903392,0.0492406391941957
0.0610321386610175,0.0516497440249595,0.0480489845903392,0.0492406391941957
0.0610321386610175,0.0516497440249595,0.0470307157261396,0.0492406391941957
0.0610321386610175,0.0516497440249595,0.0470307157261396,0.0492406391941957
0.0610321386610175,0.0516497440249595,0.0470307157261396,0.0492406391941957
0.0624618235982064,0.0516497440249595,0.0470307157261396,0.0492406391941957
0.0624618235982064,0.0516497440249595,0.0470307157261396,0.0492406391941957
0.0624618235982064,0.0516497440249595,0.0470307157261396,0.0492406391941957
0.0624618235982064,0.0516497440249595,0.0430976132754773,0.0492406391941957
0.0624618235982064,0.0516497440249595,0.0430976132754773,0.0492406391941957
0.0624618235982064,0.0516497440249595,0.0430976132754773,0.0492406391941957
0.0624618235982064,0.0516497440249595,0.0430976132754773,0.0492406391941957
0.0624618235982064,0.0516497440249595,0.0430976132754773,0.0492406391941957
0.0624618235982064,0.0516497440249595,0.0430976132754773,0.0492406391941957
0.0624618235982064,0.0516497440249595,0.0430976132754773,0.0492406391941957
0.0624618235982064,0.0516497440249595,0.0430976132754773,0.0538037066270034
0.0624618235982064,0.0516497440249595,0.0430976132754773,0.0538037066270034
0.0624618235982064,0.0516497440249595,0.0430976132754773,0.0538037066270034
0.0624618235982064,0.0516497440249595,0.0430976132754773,0.0538037066270034
0.0624618235982064,0.0516497440249595,0.0430976132754773,0.0538037066270034
0.0624618235982064,0.0516497440249595,0.0430976132754773,0.0538037066270034
0.0624618235982064,0.0516497440249595,0.0430976132754773,0.0538037066270034
0.0634590208629334,0.0516497440249595,0.0430976132754773,0.0538037066270034
0.0634590208629334,0.0516497440249595,0.0430976132754773,0.0538037066270034
0.0634590208629334,0.0516497440249595,0.0430976132754773,0.0538037066270034
0.0634590208629334,0.0516497440249595,0.0430976132754773,0.0538037066270034
0.0634590208629334,0.0516497440249595,0.0430976132754773,0.0538037066270034
0.0634590208629334,0.0516497440249595,0.0430976132754773,0.0538037066270034
0.0634590208629334,0.0516497440249595,0.0430976132754773,0.0538037066270034
0.0634590208629334,0.0516497440249595,0.0430976132754773,0.0538037066270034
0.0634590208629334,0.0516497440249595,0.0430976132754773,0.0538037066270034
0.0634590208629334,0.0516497440249595,0.0430976132754773,0.0538037066270034
0.0634590208629334,0.0516497440249595,0.0430976132754773,0.0538037066270034
0.0634590208629334,0.0516497440249595,0.0430976132754773,0.0538037066270034
0.0634590208629334,0.0516497440249595,0.0430976132754773,0.0538037066270034
0.0634590208629334,0.0516497440249595,0.0430976132754773,0.0538037066270034
0.0634590208629334,0.0516497440249595,0.0430976132754773,0.0538037066270034
0.0634590208629334,0.0516497440249595,0.0430976132754773,0.0538037066270034
0.0634590208629334,0.0516497440249595,0.0430976132754773,0.0538037066270034
0.0634590208629334,0.0516497440249595,0.0430976132754773,0.0538037066270034
0.0634590208629334,0.0516497440249595,0.0430976132754773,0.0538037066270034
0.0634590208629334,0.0516497440249595,0.0430976132754773,0.0538037066270034
0.0634590208629334,0.0516497440249595,0.0430976132754773,0.0538037066270034
0.0634590208629334,0.0516497440249595,0.0430976132754773,0.0538037066270034
0.0634590208629334,0.0516497440249595,0.0430976132754773,0.0538037066270034
0.0634590208629334,0.0516497440249595,0.0430976132754773,0.0538037066270034
0.0634590208629334,0.0516497440249595,0.0430976132754773,0.0538037066270034
0.0634590208629334,0.0516497440249595,0.0430976132754773,0.0538037066270034
0.0634590208629334,0.0516497440249595,0.0430976132754773,0.0538037066270034
0.0634590208629334,0.0516497440249595,0.0430976132754773,0.0538037066270034
0.0634590208629334,0.0516497440249595,0.0430976132754773,0.0538037066270034
0.0634590208629334,0.0516497440249595,0.0430976132754773,0.0538037066270034
0.0634590208629334,0.0516497440249595,0.0430976132754773,0.0538037066270034
0.0634590208629334,0.0516497440249595,0.0430976132754773,0.0538037066270034
0.0634590208629334,0.0516497440249595,0.0430976132754773,0.0538037066270034
0.0634590208629334,0.0516497440249595,0.0430976132754773,0.0538037066270034
0.0634590208629334,0.0516497440249595,0.0430976132754773,0.0538037066270034
0.0634590208629334,0.0516497440249595,0.0430976132754773,0.0538037066270034
0.0634590208629334,0.0516497440249595,0.0430976132754773,0.0538037066270034
0.0634590208629334,0.0516497440249595,0.0430976132754773,0.0538037066270034
0.0634590208629334,0.0516497440249595,0.0430976132754773,0.0538037066270034
0.0634590208629334,0.0516497440249595,0.0430976132754773,0.0538037066270034
0.0634590208629334,0.0516497440249595,0.0430976132754773,0.0538037066270034
0.0634590208629334,0.0516497440249595,0.0430976132754773,0.0538037066270034
0.0634590208629334,0.0516497440249595,0.0430976132754773,0.0538037066270034
0.0634590208629334,0.0516497440249595,0.0430976132754773,0.0538037066270034
0.0634590208629334,0.0516497440249595,0.0430976132754773,0.0538037066270034
0.0634590208629334,0.0516497440249595,0.0430976132754773,0.0538037066270034
0.0634590208629334,0.0516497440249595,0.0430976132754773,0.0538037066270034
0.0634590208629334,0.0516497440249595,0.0430976132754773,0.0538037066270034
0.0634590208629334,0.0516497440249595,0.0430976132754773,0.0538037066270034
0.0634590208629334,0.0516497440249595,0.0430976132754773,0.0538037066270034
0.0634590208629334,0.0516497440249595,0.0430976132754773,0.0538037066270034
0.0634590208629334,0.0516497440249595,0.0430976132754773,0.0538037066270034
0.0634590208629334,0.0516497440249595,0.0430976132754773,0.0538037066270034
0.0634590208629334,0.0516497440249595,0.0430976132754773,0.0538037066270034
0.0634590208629334,0.0516497440249595,0.0430976132754773,0.0538037066270034
0.0634590208629334,0.0516497440249595,0.0430976132754773,0.0538037066270034
0.0634590208629334,0.0516497440249595,0.0430976132754773,0.0538037066270034
0.0634590208629334,0.0516497440249595,0.0430976132754773,0.0538037066270034
0.0634590208629334,0.0516497440249595,0.0430976132754773,0.0538037066270034
0.0634590208629334,0.0516497440249595,0.0430976132754773,0.0538037066270034
0.0634590208629334,0.0516497440249595,0.0430976132754773,0.0538037066270034
0.0634590208629334,0.0516497440249595,0.0430976132754773,0.0538037066270034
0.0634590208629334,0.0516497440249595,0.0430976132754773,0.0538037066270034
0.0634590208629334,0.0467678227006187,0.0430976132754773,0.0538037066270034
0.0634590208629334,0.0467678227006187,0.0430976132754773,0.0538037066270034
0.0634590208629334,0.0467678227006187,0.0430976132754773,0.0538037066270034
0.0634590208629334,0.0467678227006187,0.0430976132754773,0.0538037066270034
0.0634590208629334,0.0467678227006187,0.0430976132754773,0.0538037066270034
0.0634590208629334,0.0467678227006187,0.0430976132754773,0.0538037066270034
0.0634590208629334,0.0467678227006187,0.0430976132754773,0.0538037066270034
0.0634590208629334,0.0467678227006187,0.0430976132754773,0.0538037066270034
0.0634590208629334,0.0467678227006187,0.0430976132754773,0.0499203017308681
0.0634590208629334,0.0467678227006187,0.0430976132754773,0.0499203017308681
0.0634590208629334,0.0467678227006187,0.0430976132754773,0.0457907560637052
0.0634590208629334,0.0467678227006187,0.0430976132754773,0.0457907560637052
0.0634590208629334,0.0467678227006187,0.0430976132754773,0.0457907560637052
0.0634590208629334,0.0467678227006187,0.0430976132754773,0.0457907560637052
0.0634590208629334,0.0467678227006187,0.0430976132754773,0.0457907560637052
0.0634590208629334,0.0467678227006187,0.0430976132754773,0.0457907560637052
0.0634590208629334,0.0467678227006187,0.0430976132754773,0.0457907560637052
0.0634590208629334,0.0499942625607058,0.0430976132754773,0.0457907560637052
0.0634590208629334,0.0499942625607058,0.0430976132754773,0.0457907560637052
0.0634590208629334,0.0499942625607058,0.0430976132754773,0.0457907560637052
0.0634590208629334,0.0499942625607058,0.0430976132754773,0.0457907560637052
0.0634590208629334,0.0499942625607058,0.0430976132754773,0.0457907560637052
0.0634590208629334,0.0499942625607058,0.0430976132754773,0.0457907560637052
0.0634590208629334,0.0499942625607058,0.0430976132754773,0.0457907560637052
0.0634590208629334,0.0499942625607058,0.0430976132754773,0.0457907560637052
0.0634590208629334,0.0499942625607058,0.0430976132754773,0.0457907560637052
0.0634590208629334,0.0499942625607058,0.0430976132754773,0.0487240829140356
0.0634590208629334,0.0494020021518115,0.0430976132754773,0.0487240829140356
0.0634590208629334,0.0494020021518115,0.0430976132754773,0.0487240829140356
0.0634590208629334,0.0494020021518115,0.0430976132754773,0.0487240829140356
0.0634590208629334,0.0494020021518115,0.0430976132754773,0.0487240829140356
0.0634590208629334,0.0494020021518115,0.0430976132754773,0.0487240829140356
0.0634590208629334,0.0494020021518115,0.0430976132754773,0.0487240829140356
0.0634590208629334,0.0494020021518115,0.0438591400440523,0.0487240829140356
0.0634590208629334,0.0494020021518115,0.0438591400440523,0.0487240829140356
0.0634590208629334,0.0494020021518115,0.0438591400440523,0.0487240829140356
0.0634590208629334,0.0494020021518115,0.0438591400440523,0.0487240829140356
0.0634590208629334,0.0494020021518115,0.0438591400440523,0.0487240829140356
0.0634590208629334,0.0494020021518115,0.0438591400440523,0.0487240829140356
0.0634590208629334,0.0494020021518115,0.0438591400440523,0.0487240829140356
0.0634590208629334,0.0494020021518115,0.0438591400440523,0.0487240829140356
0.0634590208629334,0.0494020021518115,0.0438591400440523,0.0487240829140356
0.0590772165169801,0.0494020021518115,0.0438591400440523,0.0487240829140356
0.0590772165169801,0.0494020021518115,0.0438591400440523,0.0487240829140356
0.0590772165169801,0.0494020021518115,0.0438591400440523,0.0487240829140356
0.0590772165169801,0.0494020021518115,0.0438591400440523,0.0487240829140356
0.0590772165169801,0.0494020021518115,0.0438591400440523,0.0487240829140356
0.0590772165169801,0.0494020021518115,0.0438591400440523,0.0487240829140356
0.0590772165169801,0.0494020021518115,0.0438591400440523,0.0487240829140356
0.0590772165169801,0.0494020021518115,0.0438591400440523,0.0487240829140356
0.0590772165169801,0.0494020021518115,0.0438591400440523,0.0487240829140356
0.0590772165169801,0.0494020021518115,0.0438591400440523,0.0487240829140356
0.0590772165169801,0.0494020021518115,0.0438591400440523,0.0487240829140356
0.0590772165169801,0.0494020021518115,0.0438591400440523,0.0487240829140356
0.0590772165169801,0.0494020021518115,0.0438591400440523,0.0487240829140356
0.0590772165169801,0.0494020021518115,0.0438591400440523,0.0487240829140356
0.0590772165169801,0.0494020021518115,0.0472808443586749,0.0487240829140356
0.0590772165169801,0.0494020021518115,0.0472808443586749,0.0487240829140356
0.0590772165169801,0.0477532594785126,0.0472808443586749,0.0487240829140356
0.0590772165169801,0.0477532594785126,0.0472808443586749,0.0487240829140356
0.0590772165169801,0.0458888966808577,0.0472808443586749,0.0487240829140356
0.0590772165169801,0.0458888966808577,0.0472808443586749,0.0487240829140356
0.0590772165169801,0.0458888966808577,0.0472808443586749,0.0487240829140356
0.0590772165169801,0.0458888966808577,0.0472808443586749,0.0487240829140356
0.0590772165169801,0.0458888966808577,0.0472808443586749,0.0487240829140356
0.0590772165169801,0.0458888966808577,0.0472808443586749,0.0487240829140356
0.0590772165169801,0.0458888966808577,0.0472808443586749,0.0487240829140356
0.0590772165169801,0.0458888966808577,0.0472808443586749,0.0487240829140356
0.0590772165169801,0.0458888966808577,0.0472808443586749,0.0487240829140356
0.0590772165169801,0.0458888966808577,0.0472808443586749,0.0487240829140356
0.0590772165169801,0.0458888966808577,0.0472808443586749,0.0487240829140356
0.0590772165169801,0.0458888966808577,0.0472808443586749,0.0487240829140356
0.0590772165169801,0.0462056518882392,0.0472808443586749,0.0487240829140356
0.0590772165169801,0.0462056518882392,0.0472808443586749,0.0487240829140356
0.0590772165169801,0.0462056518882392,0.0472808443586749,0.0444472313999239
0.0590772165169801,0.0462056518882392,0.0472808443586749,0.0444472313999239
0.0590772165169801,0.0462056518882392,0.0472808443586749,0.0444472313999239
0.0590772165169801,0.0462056518882392,0.0472808443586749,0.0444472313999239
0.0590772165169801,0.0462056518882392,0.0472808443586749,0.0444472313999239
0.0590772165169801,0.0462056518882392,0.0472808443586749,0.0444472313999239
0.0590772165169801,0.0462056518882392,0.0472808443586749,0.0444472313999239
0.0590772165169801,0.0462056518882392,0.0472808443586749,0.0444472313999239
0.0590772165169801,0.0462056518882392,0.0472808443586749,0.0444472313999239
0.0590772165169801,0.0462056518882392,0.0472808443586749,0.0444472313999239
0.0590772165169801,0.0462056518882392,0.0472808443586749,0.0444472313999239
0.0590772165169801,0.0462056518882392,0.0472808443586749,0.0444472313999239
0.0590772165169801,0.0462056518882392,0.0472808443586749,0.0444472313999239
0.0590772165169801,0.0462056518882392,0.0472808443586749,0.0444472313999239
0.0590772165169801,0.0462056518882392,0.0472808443586749,0.0444472313999239
0.0590772165169801,0.0462056518882392,0.0472808443586749,0.0444472313999239
0.0590772165169801,0.0462056518882392,0.0472808443586749,0.0444472313999239
0.0590772165169801,0.0462056518882392,0.0472808443586749,0.0444472313999239
0.0590772165169801,0.0462056518882392,0.0472808443586749,0.0444472313999239
0.0590772165169801,0.0462056518882392,0.0472808443586749,0.0444472313999239
0.0590772165169801,0.0462056518882392,0.0472808443586749,0.0444472313999239
0.0590772165169801,0.0462056518882392,0.0472808443586749,0.0444472313999239
0.0590772165169801,0.0462056518882392,0.0472808443586749,0.0444472313999239
0.0590772165169801,0.0462056518882392,0.0472808443586749,0.0444472313999239
0.0590772165169801,0.0492783481303948,0.0472808443586749,0.0444472313999239
0.0590772165169801,0.0492783481303948,0.0472808443586749,0.0444472313999239
0.0590772165169801,0.0492783481303948,0.0472808443586749,0.0444472313999239
0.0590772165169801,0.0492783481303948,0.0472808443586749,0.0444472313999239
0.0590772165169801,0.0492783481303948,0.0472808443586749,0.0444472313999239
0.0590772165169801,0.0492783481303948,0.0472808443586749,0.0444472313999239
0.0590772165169801,0.0492783481303948,0.0472808443586749,0.0444472313999239
0.0590772165169801,0.0492783481303948,0.0472808443586749,0.0444472313999239
0.0590772165169801,0.0492783481303948,0.0472808443586749,0.0444472313999239
0.0590772165169801,0.0492783481303948,0.0472808443586749,0.0444472313999239
0.0590772165169801,0.0492783481303948,0.0457177984040831,0.0444472313999239
0.0590772165169801,0.0492783481303948,0.0457177984040831,0.0444472313999239
0.0590772165169801,0.0492783481303948,0.0457177984040831,0.0444472313999239
0.0590772165169801,0.0492783481303948,0.0457177984040831,0.050562904607278
0.0590772165169801,0.0492783481303948,0.0457177984040831,0.050562904607278
0.0590772165169801,0.0492783481303948,0.0457177984040831,0.050562904607278
0.0590772165169801,0.0492783481303948,0.0457177984040831,0.050562904607278
0.0590772165169801,0.0492783481303948,0.0457177984040831,0.050562904607278
0.0590772165169801,0.0492783481303948,0.0457177984040831,0.050562904607278
0.0590772165169801,0.0492783481303948,0.0457177984040831,0.0435055673709435
0.0590772165169801,0.0492783481303948,0.0457177984040831,0.0435055673709435
0.0590772165169801,0.0492783481303948,0.0457177984040831,0.0435055673709435
0.0590772165169801,0.0492783481303948,0.0457177984040831,0.0435055673709435
0.0590772165169801,0.0492783481303948,0.0457177984040831,0.0438264961350738
0.0590772165169801,0.0492783481303948,0.0457177984040831,0.0438264961350738
0.0590772165169801,0.0492783481303948,0.0457177984040831,0.0438264961350738
0.0590772165169801,0.0492783481303948,0.0457177984040831,0.0438264961350738
0.0590772165169801,0.0492783481303948,0.0457177984040831,0.0438264961350738
0.0590772165169801,0.0492783481303948,0.0457177984040831,0.0438264961350738
0.0590772165169801,0.0492783481303948,0.0457177984040831,0.0438264961350738
0.0590772165169801,0.0492783481303948,0.0457177984040831,0.0438264961350738
0.0590772165169801,0.0492783481303948,0.0457177984040831,0.0438264961350738
0.0590772165169801,0.0492783481303948,0.0457177984040831,0.0438264961350738
0.0590772165169801,0.0492783481303948,0.0457177984040831,0.0438264961350738
0.0590772165169801,0.0492783481303948,0.0457177984040831,0.0438264961350738
0.0590772165169801,0.0492783481303948,0.0457177984040831,0.0438264961350738
0.0590772165169801,0.0492783481303948,0.0457177984040831,0.0438264961350738
0.0590772165169801,0.0540759797932201,0.0457177984040831,0.0438264961350738
0.0590772165169801,0.0540759797932201,0.0457177984040831,0.0438264961350738
0.0590772165169801,0.0540759797932201,0.0457177984040831,0.0438264961350738
0.0590772165169801,0.0540759797932201,0.0457177984040831,0.0438264961350738
0.0590772165169801,0.0540759797932201,0.0457177984040831,0.0438264961350738
0.0590772165169801,0.0540759797932201,0.0457177984040831,0.0438264961350738
0.0590772165169801,0.0540759797932201,0.0457177984040831,0.0438264961350738
0.0590772165169801,0.0540759797932201,0.0457177984040831,0.0438264961350738
0.0590772165169801,0.0540759797932201,0.0457177984040831,0.0438264961350738
0.0590772165169801,0.0540759797932201,0.0457177984040831,0.0438264961350738
0.0590772165169801,0.0540759797932201,0.0457177984040831,0.0438264961350738
0.0590772165169801,0.0540759797932201,0.0457177984040831,0.0438264961350738
0.0590772165169801,0.0540759797932201,0.0469145743164569,0.0438264961350738
0.0590772165169801,0.0540759797932201,0.0469145743164569,0.0438264961350738
0.0590772165169801,0.0540759797932201,0.0469145743164569,0.0438264961350738
0.0590772165169801,0.0540759797932201,0.0469145743164569,0.0438264961350738
0.0590772165169801,0.0540759797932201,0.0469145743164569,0.0438264961350738
0.0590772165169801,0.0540759797932201,0.0469145743164569,0.0438264961350738
0.0590772165169801,0.0540759797932201,0.0475515206794033,0.0438264961350738
0.0590772165169801,0.0540759797932201,0.0475515206794033,0.0438264961350738
0.0590772165169801,0.0540759797932201,0.0475515206794033,0.0438264961350738
0.0590772165169801,0.0540759797932201,0.0475515206794033,0.0438264961350738
0.0590772165169801,0.0540759797932201,0.0475515206794033,0.0438264961350738
0.0590772165169801,0.0540759797932201,0.0475515206794033,0.0438264961350738
0.0590772165169801,0.0540759797932201,0.0475515206794033,0.0438264961350738
0.0590772165169801,0.0540759797932201,0.0475515206794033,0.0438264961350738
0.0590772165169801,0.0540759797932201,0.0475515206794033,0.0438264961350738
0.0590772165169801,0.0540759797932201,0.0475515206794033,0.0438264961350738
0.0590772165169801,0.0540759797932201,0.0475515206794033,0.0438264961350738
0.0590772165169801,0.0540759797932201,0.0475515206794033,0.0438264961350738
0.0590772165169801,0.0540759797932201,0.0475515206794033,0.0438264961350738
0.0590772165169801,0.0540759797932201,0.0475515206794033,0.0438264961350738
0.0590772165169801,0.0540759797932201,0.0475515206794033,0.0438264961350738
0.0590772165169801,0.0540759797932201,0.0475515206794033,0.0438264961350738
0.0590772165169801,0.0540759797932201,0.0475515206794033,0.0438264961350738
0.0590772165169801,0.0540759797932201,0.0475515206794033,0.0438264961350738
0.0612525261553182,0.0540759797932201,0.0475515206794033,0.0438264961350738
0.0612525261553182,0.0540759797932201,0.0468681638690727,0.0438264961350738
0.0612525261553182,0.0540759797932201,0.0468681638690727,0.0438264961350738
0.0602042542361211,0.0540759797932201,0.0468681638690727,0.0423924060726127
0.0602042542361211,0.0540759797932201,0.0476371892445097,0.0423924060726127
0.0602042542361211,0.0540759797932201,0.0476371892445097,0.0423924060726127
0.0602042542361211,0.0540759797932201,0.0476371892445097,0.0423924060726127
0.0602042542361211,0.0540759797932201,0.0476371892445097,0.0423924060726127
0.0602042542361211,0.0540759797932201,0.0476371892445097,0.0423924060726127
0.0602042542361211,0.0540759797932201,0.0476371892445097,0.0423924060726127
0.0602042542361211,0.0540759797932201,0.0476371892445097,0.0423924060726127
0.0602042542361211,0.0502077624063067,0.0476371892445097,0.0423924060726127
0.0602042542361211,0.0502077624063067,0.0476371892445097,0.0423924060726127
0.0602042542361211,0.0502077624063067,0.0476371892445097,0.0423924060726127
0.0602042542361211,0.0502077624063067,0.0476371892445097,0.0423924060726127
0.0602042542361211,0.0502077624063067,0.0476371892445097,0.0423924060726127
0.0602042542361211,0.0502077624063067,0.0476371892445097,0.0423924060726127
0.0602042542361211,0.0502077624063067,0.0476371892445097,0.0423924060726127
0.0602042542361211,0.0502077624063067,0.0476371892445097,0.0423924060726127
0.0602042542361211,0.0502077624063067,0.0476371892445097,0.0423924060726127
0.0602042542361211,0.0502077624063067,0.0476371892445097,0.0423924060726127
0.0602042542361211,0.0502077624063067,0.0476371892445097,0.0423924060726127
0.0602042542361211,0.0502077624063067,0.0476371892445097,0.0455265777668878
0.0602042542361211,0.0502077624063067,0.0476371892445097,0.0455265777668878
0.0602042542361211,0.0502077624063067,0.0476371892445097,0.0455265777668878
0.0602042542361211,0.0502077624063067,0.0476371892445097,0.0455265777668878
0.0602042542361211,0.0502077624063067,0.0476371892445097,0.0455265777668878
0.0602042542361211,0.0502077624063067,0.0476371892445097,0.0455265777668878
0.0602042542361211,0.0502077624063067,0.0476371892445097,0.0455265777668878
0.0602042542361211,0.0502077624063067,0.0476371892445097,0.0455265777668878
0.0602042542361211,0.0502077624063067,0.0476371892445097,0.0455265777668878
0.0602042542361211,0.0502077624063067,0.0476371892445097,0.0455265777668878
0.0602042542361211,0.0502077624063067,0.0476371892445097,0.0455265777668878
0.0602042542361211,0.0502077624063067,0.0445985123647354,0.0455265777668878
0.0602042542361211,0.0502077624063067,0.0445985123647354,0.0455265777668878
0.0602042542361211,0.0502077624063067,0.0445985123647354,0.0455265777668878
0.0602042542361211,0.0502077624063067,0.0445985123647354,0.0455265777668878
0.0602042542361211,0.0502077624063067,0.0445985123647354,0.0455265777668878
0.0602042542361211,0.043661318112425,0.0445985123647354,0.0455265777668878
0.0602042542361211,0.043661318112425,0.0445985123647354,0.0455265777668878
0.0602042542361211,0.043661318112425,0.0445985123647354,0.0455265777668878
0.0602042542361211,0.043661318112425,0.0445985123647354,0.0455265777668878
0.0602042542361211,0.043661318112425,0.0445985123647354,0.0455265777668878
0.0602042542361211,0.043661318112425,0.0445985123647354,0.0455265777668878
0.0602042542361211,0.043661318112425,0.0445985123647354,0.0420567242196106
0.0602042542361211,0.043661318112425,0.0445985123647354,0.0431413899920068
0.0602042542361211,0.043661318112425,0.0445985123647354,0.0431413899920068
0.0602042542361211,0.043661318112425,0.0445985123647354,0.0431413899920068
0.0602042542361211,0.043661318112425,0.0445985123647354,0.0535144578697882
0.0602042542361211,0.043661318112425,0.0445985123647354,0.0535144578697882
0.0602042542361211,0.043661318112425,0.0445985123647354,0.0535144578697882
0.0595655715448767,0.043661318112425,0.0445985123647354,0.0535144578697882
0.0595655715448767,0.043661318112425,0.0445985123647354,0.0535144578697882
0.0595655715448767,0.043661318112425,0.0445985123647354,0.0535144578697882
0.0595655715448767,0.043661318112425,0.0445985123647354,0.0535144578697882
0.0595655715448767,0.043661318112425,0.0445985123647354,0.0535144578697882
0.0595655715448767,0.043661318112425,0.0445985123647354,0.0535144578697882
0.0595655715448767,0.043661318112425,0.0445985123647354,0.0535144578697882
0.0595655715448767,0.043661318112425,0.0445985123647354,0.0535144578697882
0.0595655715448767,0.043661318112425,0.0445985123647354,0.0535144578697882
0.0595655715448767,0.043661318112425,0.0445985123647354,0.0502584322092536
0.0595655715448767,0.043661318112425,0.0445985123647354,0.0502584322092536
0.0595655715448767,0.0521239973126333,0.0445985123647354,0.047427043962409
0.0595655715448767,0.0473410390156548,0.0445985123647354,0.047427043962409
0.0595655715448767,0.0473410390156548,0.0445985123647354,0.047427043962409
0.0595655715448767,0.0473410390156548,0.0445985123647354,0.047427043962409
0.0595655715448767,0.0473410390156548,0.0445985123647354,0.047427043962409
0.0595655715448767,0.0473410390156548,0.0445985123647354,0.047427043962409
0.0595655715448767,0.0473410390156548,0.0445985123647354,0.047427043962409
0.0595655715448767,0.0473410390156548,0.0445985123647354,0.047427043962409
0.0595655715448767,0.0473410390156548,0.0435420954146565,0.047427043962409
0.0595655715448767,0.0473410390156548,0.0435420954146565,0.047427043962409
0.0595655715448767,0.0473410390156548,0.0435420954146565,0.047427043962409
0.0595655715448767,0.0473410390156548,0.0435420954146565,0.047427043962409
0.0595655715448767,0.0473410390156548,0.0435420954146565,0.047427043962409
0.0595655715448767,0.0473410390156548,0.0435420954146565,0.047427043962409
0.0595655715448767,0.0473410390156548,0.0435420954146565,0.047427043962409
0.0595655715448767,0.0473410390156548,0.0435420954146565,0.047427043962409
0.0504849533944661,0.0473410390156548,0.0435420954146565,0.047427043962409
0.0504849533944661,0.0473410390156548,0.0435420954146565,0.047427043962409
0.0504849533944661,0.0473410390156548,0.0435420954146565,0.047427043962409
0.0504849533944661,0.0473410390156548,0.0435420954146565,0.047427043962409
0.0504849533944661,0.0473410390156548,0.0435420954146565,0.047427043962409
0.0504849533944661,0.0473410390156548,0.0435420954146565,0.047427043962409
0.0504849533944661,0.0473410390156548,0.0435420954146565,0.047427043962409
0.0504849533944661,0.0473410390156548,0.0435420954146565,0.047427043962409
0.0504849533944661,0.0473410390156548,0.0435420954146565,0.047427043962409
0.0504849533944661,0.0473410390156548,0.0435420954146565,0.047427043962409
0.0504849533944661,0.0473410390156548,0.0435420954146565,0.047427043962409
0.0504849533944661,0.0534733766657807,0.0435420954146565,0.047427043962409
0.0504849533944661,0.055719480194003,0.0435420954146565,0.047427043962409
0.0504849533944661,0.055719480194003,0.0435420954146565,0.047427043962409
0.0504849533944661,0.055719480194003,0.0435420954146565,0.047427043962409
0.0504849533944661,0.055719480194003,0.0435420954146565,0.047427043962409
0.0504849533944661,0.055719480194003,0.0435420954146565,0.047427043962409
0.0504849533944661,0.055719480194003,0.0435420954146565,0.047427043962409
0.0504849533944661,0.0473485686502537,0.0435420954146565,0.047427043962409
0.0504849533944661,0.0473485686502537,0.0435420954146565,0.047427043962409
0.0504849533944661,0.0496266034319738,0.0435420954146565,0.047427043962409
0.0504849533944661,0.0496266034319738,0.0435420954146565,0.047427043962409
0.0504849533944661,0.0496266034319738,0.0435420954146565,0.047427043962409
0.0504849533944661,0.0496266034319738,0.0435420954146565,0.047427043962409
0.0504849533944661,0.0524208932814285,0.0435420954146565,0.047427043962409
0.0504849533944661,0.0524208932814285,0.0435420954146565,0.047427043962409
0.0504849533944661,0.0524208932814285,0.0435420954146565,0.047427043962409
0.0504849533944661,0.0524208932814285,0.0435420954146565,0.047427043962409
0.0504849533944661,0.0524208932814285,0.0435420954146565,0.047427043962409
0.0504849533944661,0.0524208932814285,0.0435420954146565,0.047427043962409
0.0504849533944661,0.0524208932814285,0.0435420954146565,0.047427043962409
0.0504849533944661,0.0524208932814285,0.0435420954146565,0.0345129160340973
0.0504849533944661,0.0524208932814285,0.0435420954146565,0.0345129160340973
0.0504849533944661,0.0524208932814285,0.0435420954146565,0.0345129160340973
0.0504849533944661,0.0524208932814285,0.0435420954146565,0.0345129160340973
0.0504849533944661,0.0524208932814285,0.0435420954146565,0.0345129160340973
0.0504849533944661,0.0524208932814285,0.0435420954146565,0.0345129160340973
0.0504849533944661,0.0524208932814285,0.0435420954146565,0.0404176873685459
0.0504849533944661,0.0524208932814285,0.0435420954146565,0.0404176873685459
0.0504849533944661,0.0524208932814285,0.0435420954146565,0.0404176873685459
0.0504849533944661,0.0524208932814285,0.0435420954146565,0.0404176873685459
0.0497013283063188,0.0524208932814285,0.0435420954146565,0.0404176873685459
0.0497013283063188,0.0524208932814285,0.0435420954146565,0.0361171753494423
0.0497013283063188,0.0524208932814285,0.0435420954146565,0.0361171753494423
0.0497013283063188,0.0524208932814285,0.0435420954146565,0.0361171753494423
0.0497013283063188,0.0524208932814285,0.0435420954146565,0.0361171753494423
0.0497013283063188,0.0524208932814285,0.0435420954146565,0.0361171753494423
0.0497013283063188,0.0524208932814285,0.0489085232733825,0.0361171753494423
0.0497013283063188,0.0524208932814285,0.0489085232733825,0.0361171753494423
0.0497013283063188,0.0529009010763218,0.0489085232733825,0.0361171753494423
0.0497013283063188,0.0529009010763218,0.0472934090688261,0.0361171753494423
0.0497013283063188,0.0529009010763218,0.0472934090688261,0.0361171753494423
0.0497013283063188,0.0529009010763218,0.0472934090688261,0.0361171753494423
0.0497013283063188,0.0529009010763218,0.0437260099113133,0.0449762330845242
0.0497013283063188,0.0536390186807808,0.0437260099113133,0.0449762330845242
0.0497013283063188,0.0536390186807808,0.0437260099113133,0.0449762330845242
0.0497013283063188,0.0536390186807808,0.0437260099113133,0.0449762330845242
0.0497013283063188,0.0536390186807808,0.0437260099113133,0.0449762330845242
0.0497013283063188,0.0536390186807808,0.0437260099113133,0.0449762330845242
0.0497013283063188,0.0536390186807808,0.0437260099113133,0.0449762330845242
0.0497013283063188,0.0536390186807808,0.0437260099113133,0.0449762330845242
0.0497013283063188,0.0536390186807808,0.0437260099113133,0.0449762330845242
0.0497013283063188,0.0536390186807808,0.0437260099113133,0.0449762330845242
0.0497013283063188,0.0536390186807808,0.0437260099113133,0.0476755285451139
0.0497013283063188,0.0536390186807808,0.0437260099113133,0.0476755285451139
0.0497013283063188,0.0536390186807808,0.0437260099113133,0.0476755285451139
0.0497013283063188,0.0536390186807808,0.0437260099113133,0.0476755285451139
0.0497013283063188,0.0536390186807808,0.0437260099113133,0.0476755285451139
0.0497013283063188,0.0536390186807808,0.0437260099113133,0.0476755285451139
0.0497013283063188,0.0536390186807808,0.0437260099113133,0.0476755285451139
0.0497013283063188,0.0490782902694221,0.0437260099113133,0.0476755285451139
0.0497013283063188,0.0490782902694221,0.0437260099113133,0.0476755285451139
0.0497013283063188,0.0490782902694221,0.0437260099113133,0.0476755285451139
0.0497013283063188,0.0490782902694221,0.0437260099113133,0.0476755285451139
0.0497013283063188,0.0490782902694221,0.0437260099113133,0.0476755285451139
0.0497013283063188,0.0490782902694221,0.0437260099113133,0.0476755285451139
0.0497013283063188,0.0490782902694221,0.0437260099113133,0.0476755285451139
0.0497013283063188,0.0490782902694221,0.0437260099113133,0.0476755285451139
0.0497013283063188,0.0490782902694221,0.0437260099113133,0.0476755285451139
0.0497013283063188,0.0490782902694221,0.0437260099113133,0.0476755285451139
0.0497013283063188,0.0490782902694221,0.0437260099113133,0.0476755285451139
0.0497013283063188,0.0490782902694221,0.0434418684282562,0.0476755285451139
0.0497013283063188,0.0490782902694221,0.0434418684282562,0.0476755285451139
0.0497013283063188,0.0490782902694221,0.0434418684282562,0.0476755285451139
0.0497013283063188,0.0490782902694221,0.0434418684282562,0.0476755285451139
0.0497013283063188,0.0490782902694221,0.0434418684282562,0.0476755285451139
0.0497013283063188,0.0490782902694221,0.0434418684282562,0.0476755285451139
0.0497013283063188,0.0490782902694221,0.0434418684282562,0.0476755285451139
0.0497013283063188,0.0490782902694221,0.0434418684282562,0.0476755285451139
0.0497013283063188,0.0490782902694221,0.0434418684282562,0.0476755285451139
0.0497013283063188,0.0490782902694221,0.0434418684282562,0.0476755285451139
0.0497013283063188,0.0490782902694221,0.0434418684282562,0.0476755285451139
0.0497013283063188,0.0490782902694221,0.0434418684282562,0.0476755285451139
0.0497013283063188,0.0490782902694221,0.0420777382007009,0.0476755285451139
0.0497013283063188,0.0490782902694221,0.0420777382007009,0.0476755285451139
0.0497013283063188,0.0490782902694221,0.0420777382007009,0.0476755285451139
0.0497013283063188,0.0490782902694221,0.0420777382007009,0.0476755285451139
0.0497013283063188,0.0490782902694221,0.0420777382007009,0.0476755285451139
0.0497013283063188,0.0490782902694221,0.0420777382007009,0.0476755285451139
0.0497013283063188,0.0490782902694221,0.0420777382007009,0.0476755285451139
0.0497013283063188,0.0490782902694221,0.0420777382007009,0.0415529407487027
0.0497013283063188,0.0490782902694221,0.0420777382007009,0.0415529407487027
0.0497013283063188,0.0490782902694221,0.0420777382007009,0.0415529407487027
0.0497013283063188,0.0490782902694221,0.0420777382007009,0.0415529407487027
0.0529206302302754,0.0490782902694221,0.0420777382007009,0.0415529407487027
0.0529206302302754,0.0529937336519454,0.0420777382007009,0.0415529407487027
0.0529206302302754,0.0529937336519454,0.0420777382007009,0.0415529407487027
0.0529206302302754,0.0529937336519454,0.0420777382007009,0.0415529407487027
0.0529206302302754,0.0529937336519454,0.0420777382007009,0.0415529407487027
0.0529206302302754,0.0529937336519454,0.0420777382007009,0.0415529407487027
0.0529206302302754,0.0529937336519454,0.0420777382007009,0.0415529407487027
0.0529206302302754,0.0529937336519454,0.0420777382007009,0.0415529407487027
0.0529206302302754,0.0529937336519454,0.0420777382007009,0.0415529407487027
0.0529206302302754,0.0529937336519454,0.0420777382007009,0.0415529407487027
0.0529206302302754,0.0529937336519454,0.0420777382007009,0.0415529407487027
0.0529206302302754,0.0439181197426456,0.0420777382007009,0.0415529407487027
0.0529206302302754,0.0439181197426456,0.0420777382007009,0.0415529407487027
0.0529206302302754,0.0439181197426456,0.0420777382007009,0.0415529407487027
0.0529206302302754,0.0439181197426456,0.0420777382007009,0.0415529407487027
0.0529206302302754,0.0439181197426456,0.0420777382007009,0.0415529407487027
0.0529206302302754,0.0439181197426456,0.0431696570405332,0.0415529407487027
0.0529206302302754,0.0439181197426456,0.0431696570405332,0.0415529407487027
0.0529206302302754,0.0439181197426456,0.0431696570405332,0.0415529407487027
0.0529206302302754,0.0439181197426456,0.0431696570405332,0.0415529407487027
0.0529206302302754,0.0439181197426456,0.0445933315290645,0.0415529407487027
0.0529206302302754,0.0439181197426456,0.0445933315290645,0.0415529407487027
0.0529206302302754,0.0439181197426456,0.0445933315290645,0.0415529407487027
0.0529206302302754,0.0439181197426456,0.0445933315290645,0.0415529407487027
0.0529206302302754,0.0439181197426456,0.0445933315290645,0.0415529407487027
0.0529206302302754,0.0439181197426456,0.0445933315290645,0.0415529407487027
0.0529206302302754,0.0439181197426456,0.0445933315290645,0.0415529407487027
0.0529206302302754,0.0439181197426456,0.0445933315290645,0.0415529407487027
0.0529206302302754,0.0439181197426456,0.0445933315290645,0.0415529407487027
0.0529206302302754,0.0439181197426456,0.0445933315290645,0.0415529407487027
0.0529206302302754,0.0439181197426456,0.0445933315290645,0.0415529407487027
0.0529206302302754,0.0439181197426456,0.0445933315290645,0.0415529407487027
0.0529206302302754,0.0439181197426456,0.0445933315290645,0.0415529407487027
0.0529206302302754,0.0439181197426456,0.0445933315290645,0.0415529407487027
0.0529206302302754,0.0439181197426456,0.0445933315290645,0.0415529407487027
0.0529206302302754,0.0439181197426456,0.0445933315290645,0.0415529407487027
0.0529206302302754,0.0439181197426456,0.0485633928285232,0.0415529407487027
0.0529206302302754,0.0439181197426456,0.0485633928285232,0.0415529407487027
0.0529206302302754,0.0439181197426456,0.0485633928285232,0.0415529407487027
0.0529206302302754,0.0472906700368093,0.0485633928285232,0.0415529407487027
0.0529206302302754,0.0472906700368093,0.0485633928285232,0.0415529407487027
0.0529206302302754,0.0472906700368093,0.0485633928285232,0.0415529407487027
0.0529206302302754,0.0472906700368093,0.0485633928285232,0.0415529407487027
0.0529206302302754,0.0472906700368093,0.0485633928285232,0.0415529407487027
0.0529206302302754,0.0472906700368093,0.0485633928285232,0.0415529407487027
0.0529206302302754,0.0516267760027907,0.0485633928285232,0.0415529407487027
0.0529206302302754,0.0516267760027907,0.0485633928285232,0.0415529407487027
0.0529206302302754,0.0484130868085298,0.0485633928285232,0.0415529407487027
0.0529206302302754,0.0484130868085298,0.0485633928285232,0.0415529407487027
0.0529206302302754,0.0484130868085298,0.0485633928285232,0.0415529407487027
0.0529206302302754,0.0484130868085298,0.0485633928285232,0.0415529407487027
0.0529206302302754,0.0484130868085298,0.0485633928285232,0.0415529407487027
0.0529206302302754,0.0484130868085298,0.0485633928285232,0.0415529407487027
0.0529206302302754,0.0484130868085298,0.0485633928285232,0.0415529407487027
0.0529206302302754,0.0484130868085298,0.0485633928285232,0.0415529407487027
0.0529206302302754,0.0484130868085298,0.0485633928285232,0.0415529407487027
0.0529206302302754,0.0484130868085298,0.0485633928285232,0.0415529407487027
0.0529206302302754,0.0484130868085298,0.0485633928285232,0.0415529407487027
0.0529206302302754,0.0484130868085298,0.0485633928285232,0.0415529407487027
0.0529206302302754,0.0484130868085298,0.0485633928285232,0.0415529407487027
0.0529206302302754,0.0484130868085298,0.0485633928285232,0.0420570372362
0.0529206302302754,0.0484130868085298,0.0485633928285232,0.0420570372362
0.0529206302302754,0.0484130868085298,0.0485633928285232,0.0420570372362
0.0529206302302754,0.0484130868085298,0.0485633928285232,0.0420570372362
0.0529206302302754,0.0484130868085298,0.0485633928285232,0.0420570372362
0.0529206302302754,0.0484130868085298,0.0485633928285232,0.0420570372362
0.0529206302302754,0.0484130868085298,0.0485633928285232,0.0420570372362
0.0529206302302754,0.0529876279198319,0.0485633928285232,0.0420570372362
0.0529206302302754,0.0529876279198319,0.0485633928285232,0.0420570372362
0.0529206302302754,0.0529876279198319,0.0485633928285232,0.0420570372362
0.0529206302302754,0.0546751584810667,0.0485633928285232,0.0420570372362
0.0529206302302754,0.0546751584810667,0.0485633928285232,0.0420570372362
0.0529206302302754,0.0546751584810667,0.0485633928285232,0.0420570372362
0.0529206302302754,0.0546751584810667,0.0485633928285232,0.0420570372362
0.0529206302302754,0.0546751584810667,0.0485633928285232,0.0420570372362
0.0529206302302754,0.0546751584810667,0.0485633928285232,0.0420570372362
0.0529206302302754,0.0546751584810667,0.0485633928285232,0.0420570372362
0.0529206302302754,0.0546751584810667,0.0485633928285232,0.0420570372362
0.0529206302302754,0.0546751584810667,0.0485633928285232,0.0420570372362
0.0528601354380202,0.0546751584810667,0.0485633928285232,0.0420570372362
0.0528601354380202,0.0546751584810667,0.0485633928285232,0.0420570372362
0.0528601354380202,0.0546751584810667,0.0485633928285232,0.0420570372362
0.0528601354380202,0.0546751584810667,0.0485633928285232,0.0420570372362
0.0528601354380202,0.0546751584810667,0.0485633928285232,0.0420570372362
0.0528601354380202,0.0546751584810667,0.0485633928285232,0.0420570372362
0.0528601354380202,0.0546751584810667,0.0485633928285232,0.0420570372362
0.0528601354380202,0.0546751584810667,0.0485633928285232,0.0420570372362
0.0528601354380202,0.0546751584810667,0.0485633928285232,0.0420570372362
0.0528601354380202,0.0546751584810667,0.0485633928285232,0.0420570372362
0.0528601354380202,0.0543651679149882,0.0485633928285232,0.0420570372362
0.0528601354380202,0.0543651679149882,0.0485633928285232,0.0420570372362
0.0528601354380202,0.0543651679149882,0.0485633928285232,0.0420570372362
0.0528601354380202,0.0543651679149882,0.0485633928285232,0.0420570372362
0.0528601354380202,0.0543651679149882,0.0485633928285232,0.047584389294236
0.0528601354380202,0.0543651679149882,0.0492800302706215,0.047584389294236
0.0528601354380202,0.0543651679149882,0.0492800302706215,0.047584389294236
0.0528601354380202,0.0543651679149882,0.0492800302706215,0.047584389294236
0.0528601354380202,0.0543651679149882,0.0492800302706215,0.047584389294236
0.0528601354380202,0.0543651679149882,0.0492800302706215,0.047584389294236
0.0528601354380202,0.0543651679149882,0.0492800302706215,0.047584389294236
0.0528601354380202,0.0543651679149882,0.0492800302706215,0.0439941629684583
0.0528601354380202,0.0543651679149882,0.0492800302706215,0.0439941629684583
0.0528601354380202,0.0543651679149882,0.0492800302706215,0.0439941629684583
0.0528601354380202,0.0543651679149882,0.0492800302706215,0.0439941629684583
0.0528601354380202,0.0543651679149882,0.0492800302706215,0.0439941629684583
0.0528601354380202,0.0543651679149882,0.0492800302706215,0.0439941629684583
0.0528601354380202,0.0543651679149882,0.0492800302706215,0.0439941629684583
0.0528601354380202,0.0543651679149882,0.0492800302706215,0.0446676281824034
0.0528601354380202,0.0543651679149882,0.0492800302706215,0.0446676281824034
0.0528601354380202,0.0543651679149882,0.0492800302706215,0.0446676281824034
0.0528601354380202,0.0543651679149882,0.0492800302706215,0.0446676281824034
0.0528601354380202,0.0543651679149882,0.0492800302706215,0.0446676281824034
0.0528601354380202,0.0543651679149882,0.0492800302706215,0.0446676281824034
0.0528601354380202,0.0543651679149882,0.0492800302706215,0.0446676281824034
0.0528601354380202,0.0543651679149882,0.0492800302706215,0.0446676281824034
0.0525692956735961,0.0543651679149882,0.0492800302706215,0.0446676281824034
0.0525692956735961,0.0543651679149882,0.0492800302706215,0.0446676281824034
0.0525692956735961,0.0543651679149882,0.0492800302706215,0.0446676281824034
0.0525692956735961,0.0543651679149882,0.0492800302706215,0.0396795080356983
0.0525692956735961,0.0543651679149882,0.0492800302706215,0.0396795080356983
0.0525692956735961,0.0543651679149882,0.0492800302706215,0.0396795080356983
0.0525692956735961,0.0543651679149882,0.0492800302706215,0.0396795080356983
0.0525692956735961,0.0597577435672373,0.0492800302706215,0.0396795080356983
0.0525692956735961,0.0597577435672373,0.0492800302706215,0.0396795080356983
0.0525692956735961,0.0597577435672373,0.0492800302706215,0.0396795080356983
0.0525692956735961,0.0597577435672373,0.0492800302706215,0.0396795080356983
0.0525692956735961,0.0597577435672373,0.0492800302706215,0.0396795080356983
0.0525692956735961,0.0597577435672373,0.0492800302706215,0.0396795080356983
0.0525692956735961,0.0597577435672373,0.0492800302706215,0.0396795080356983
0.0525692956735961,0.0597577435672373,0.0492800302706215,0.0396795080356983
0.0525692956735961,0.0597577435672373,0.0492800302706215,0.0396795080356983
0.0525692956735961,0.0597577435672373,0.0492800302706215,0.0396795080356983
0.0525692956735961,0.0597577435672373,0.0492800302706215,0.0492516270018507
0.0525692956735961,0.0597577435672373,0.0492800302706215,0.0492516270018507
0.0525692956735961,0.0597577435672373,0.0492800302706215,0.048974125360609
0.0525692956735961,0.0597577435672373,0.0492800302706215,0.048974125360609
0.0525692956735961,0.0597577435672373,0.0492800302706215,0.048974125360609
0.0525692956735961,0.0597577435672373,0.0492800302706215,0.048974125360609
0.0525692956735961,0.0597577435672373,0.0492800302706215,0.048974125360609
0.0525692956735961,0.0597577435672373,0.0492800302706215,0.048974125360609
0.0525692956735961,0.0597577435672373,0.0492800302706215,0.048974125360609
0.0525692956735961,0.0597577435672373,0.0492800302706215,0.048974125360609
0.0525692956735961,0.0597577435672373,0.0492800302706215,0.048974125360609
0.0525692956735961,0.0597577435672373,0.0492800302706215,0.048974125360609
0.0525692956735961,0.0597577435672373,0.0492800302706215,0.048974125360609
0.0525692956735961,0.0597577435672373,0.0492800302706215,0.0408090802832524
0.0525692956735961,0.0597577435672373,0.0492800302706215,0.0408090802832524
0.0525692956735961,0.0597577435672373,0.0492800302706215,0.0408090802832524
0.0525692956735961,0.0597577435672373,0.0492800302706215,0.0408090802832524
0.0525692956735961,0.0597577435672373,0.0492800302706215,0.0408090802832524
0.0525692956735961,0.0597577435672373,0.0492800302706215,0.0408090802832524
0.0525692956735961,0.0597577435672373,0.0492800302706215,0.0408090802832524
0.0525692956735961,0.0597577435672373,0.0492800302706215,0.0408090802832524
0.0525692956735961,0.0597577435672373,0.0492800302706215,0.0408090802832524
0.0525692956735961,0.0597577435672373,0.0492800302706215,0.0462155809424299
0.0525692956735961,0.0597577435672373,0.0492800302706215,0.0462155809424299
0.0525692956735961,0.0597577435672373,0.0492800302706215,0.0462155809424299
0.0525692956735961,0.0597577435672373,0.0492800302706215,0.0462155809424299
0.0525692956735961,0.0597577435672373,0.0492800302706215,0.0462155809424299
0.0525692956735961,0.0597577435672373,0.0492800302706215,0.0462155809424299
0.0525692956735961,0.0597577435672373,0.0492800302706215,0.0462155809424299
0.0525692956735961,0.0597577435672373,0.0492800302706215,0.0462155809424299
0.0525692956735961,0.0597577435672373,0.0492800302706215,0.0462155809424299
0.0525692956735961,0.0597577435672373,0.0492800302706215,0.0462155809424299
0.0525692956735961,0.0597577435672373,0.0492800302706215,0.0462155809424299
0.0525692956735961,0.0597577435672373,0.0492800302706215,0.0462155809424299
0.0525692956735961,0.0597577435672373,0.0492800302706215,0.0462155809424299
0.0525692956735961,0.0597577435672373,0.0492800302706215,0.0462155809424299
0.0525692956735961,0.0597577435672373,0.0492800302706215,0.0462155809424299
0.0525692956735961,0.0597577435672373,0.0492800302706215,0.0462155809424299
0.0525692956735961,0.0597577435672373,0.0492800302706215,0.0462155809424299
0.0525692956735961,0.0597577435672373,0.0492800302706215,0.0462155809424299
0.0525692956735961,0.0597577435672373,0.0492800302706215,0.0462155809424299
0.0525692956735961,0.0558087854588187,0.0492800302706215,0.0462155809424299
0.0525692956735961,0.0558087854588187,0.0492800302706215,0.0462155809424299
0.0525692956735961,0.0558087854588187,0.0492800302706215,0.0462155809424299
0.0525692956735961,0.0558087854588187,0.0492800302706215,0.0462155809424299
0.0525692956735961,0.0558087854588187,0.0492800302706215,0.0462155809424299
0.0525692956735961,0.0558087854588187,0.0492800302706215,0.0462155809424299
0.0525692956735961,0.0558087854588187,0.0492800302706215,0.0462155809424299
0.0525692956735961,0.0558087854588187,0.0492800302706215,0.0462155809424299
0.0525692956735961,0.0558087854588187,0.0492800302706215,0.0462155809424299
0.0525692956735961,0.0558087854588187,0.0492800302706215,0.0462155809424299
0.0525692956735961,0.0558087854588187,0.0492800302706215,0.0462155809424299
0.0525692956735961,0.0558087854588187,0.0492800302706215,0.0462155809424299
0.0525692956735961,0.0558087854588187,0.0492800302706215,0.0462155809424299
0.0525692956735961,0.0558087854588187,0.0492800302706215,0.0438621407853376
0.0525692956735961,0.0558087854588187,0.0492800302706215,0.0438621407853376
0.0525692956735961,0.0558087854588187,0.0492800302706215,0.0438621407853376
0.0525692956735961,0.0558087854588187,0.0492800302706215,0.0438621407853376
0.0525692956735961,0.0558087854588187,0.0492800302706215,0.0438621407853376
0.0525692956735961,0.0558087854588187,0.0492800302706215,0.0438621407853376
0.0525692956735961,0.0558087854588187,0.0492800302706215,0.0438621407853376
0.0525692956735961,0.0558087854588187,0.0492800302706215,0.0438621407853376
0.0525692956735961,0.0558087854588187,0.0492800302706215,0.0438621407853376
0.0525692956735961,0.0558087854588187,0.0492800302706215,0.0438621407853376
0.0525692956735961,0.0558087854588187,0.0492800302706215,0.0438621407853376
0.0525692956735961,0.0558087854588187,0.0470616036276283,0.0438621407853376
0.0525692956735961,0.0558087854588187,0.0470616036276283,0.0438621407853376
0.0525692956735961,0.0558087854588187,0.0470616036276283,0.0438621407853376
0.0525692956735961,0.0558087854588187,0.0445029967426695,0.0438621407853376
0.0525692956735961,0.0558087854588187,0.0445029967426695,0.0438621407853376
0.0525692956735961,0.0558087854588187,0.0445029967426695,0.0438621407853376
0.0525692956735961,0.0558087854588187,0.0445029967426695,0.0438621407853376
0.0525692956735961,0.0558087854588187,0.0482678222870135,0.0438621407853376
0.0525692956735961,0.0558087854588187,0.0482678222870135,0.0438621407853376
0.0525692956735961,0.0558087854588187,0.0482678222870135,0.0438621407853376
0.0525692956735961,0.0558087854588187,0.0482678222870135,0.0438621407853376
0.0525692956735961,0.0558087854588187,0.0482678222870135,0.0438621407853376
0.0525692956735961,0.0558087854588187,0.0482678222870135,0.0438621407853376
0.0525692956735961,0.0558087854588187,0.0482678222870135,0.0438621407853376
0.0525692956735961,0.0543837029505345,0.0482678222870135,0.0438621407853376
0.0525692956735961,0.0543837029505345,0.0482678222870135,0.0438621407853376
0.0525692956735961,0.0543837029505345,0.0486856250581174,0.0438621407853376
0.0525692956735961,0.0543837029505345,0.0486856250581174,0.0438621407853376
0.0525692956735961,0.0543837029505345,0.0486856250581174,0.0438621407853376
0.0525692956735961,0.0543837029505345,0.0448740031052455,0.0438621407853376
0.0525692956735961,0.0543837029505345,0.0448740031052455,0.0438621407853376
0.0525692956735961,0.0543837029505345,0.0448740031052455,0.0438621407853376
0.0525692956735961,0.0543837029505345,0.0448740031052455,0.0438621407853376
0.0525692956735961,0.0543837029505345,0.0448740031052455,0.0438621407853376
0.0525692956735961,0.0543837029505345,0.0448740031052455,0.0438621407853376
0.0525692956735961,0.0543837029505345,0.0448740031052455,0.0438621407853376
0.0525692956735961,0.0543837029505345,0.0448740031052455,0.0438621407853376
0.0525692956735961,0.056057694133866,0.0448740031052455,0.0438621407853376
0.0525692956735961,0.056057694133866,0.0448740031052455,0.0438621407853376
0.0525692956735961,0.056057694133866,0.0448740031052455,0.0438621407853376
0.0525692956735961,0.056057694133866,0.0448740031052455,0.0438621407853376
0.0525692956735961,0.056057694133866,0.0448740031052455,0.0438621407853376
0.0525692956735961,0.056057694133866,0.0448740031052455,0.0438621407853376
0.0525692956735961,0.056057694133866,0.0448740031052455,0.0438621407853376
0.0525692956735961,0.056057694133866,0.0448740031052455,0.0438621407853376
0.0525692956735961,0.056057694133866,0.0448740031052455,0.0438621407853376
0.0525692956735961,0.056057694133866,0.0448740031052455,0.0438621407853376
0.0525692956735961,0.056057694133866,0.0448740031052455,0.0438621407853376
0.0525692956735961,0.056057694133866,0.0448740031052455,0.0438621407853376
0.0525692956735961,0.056057694133866,0.0448740031052455,0.0438621407853376
0.0525692956735961,0.056057694133866,0.0448740031052455,0.0438621407853376
0.0525692956735961,0.056057694133866,0.0448740031052455,0.0438621407853376
0.0525692956735961,0.056057694133866,0.0448740031052455,0.0438621407853376
0.0525692956735961,0.056057694133866,0.0448740031052455,0.0438621407853376
0.0525692956735961,0.056057694133866,0.0448740031052455,0.0438621407853376
0.0525692956735961,0.056057694133866,0.0448740031052455,0.0438621407853376
0.0525692956735961,0.056057694133866,0.0448740031052455,0.0438621407853376
0.0525692956735961,0.056057694133866,0.0448740031052455,0.0438621407853376
0.0525692956735961,0.056057694133866,0.0448740031052455,0.0438621407853376
0.0525692956735961,0.056057694133866,0.0448740031052455,0.0438621407853376
0.0525692956735961,0.056057694133866,0.0448740031052455,0.0438621407853376
0.0525692956735961,0.0473814496830114,0.0448740031052455,0.0438621407853376
0.0525692956735961,0.0473814496830114,0.0448740031052455,0.0438621407853376
0.0525692956735961,0.0473814496830114,0.0448740031052455,0.0438621407853376
0.0525692956735961,0.0473814496830114,0.0448740031052455,0.0438621407853376
0.0525692956735961,0.0473814496830114,0.0448740031052455,0.0438621407853376
0.0525692956735961,0.0473814496830114,0.0448740031052455,0.0438621407853376
0.0525692956735961,0.053401409137642,0.0448740031052455,0.0438621407853376
0.0525692956735961,0.053401409137642,0.0448740031052455,0.0438621407853376
0.0525692956735961,0.053401409137642,0.0405514184870103,0.0438621407853376
0.0525692956735961,0.053401409137642,0.0405514184870103,0.0438621407853376
0.0525692956735961,0.053401409137642,0.0405514184870103,0.0438621407853376
0.0525692956735961,0.053401409137642,0.0405514184870103,0.0438621407853376
0.0525692956735961,0.053401409137642,0.0405514184870103,0.0438621407853376
0.0525692956735961,0.053401409137642,0.0402417987013003,0.0438621407853376
0.0525692956735961,0.053401409137642,0.0402417987013003,0.0438621407853376
0.0525692956735961,0.053401409137642,0.0402417987013003,0.0438621407853376
0.0525692956735961,0.053401409137642,0.0402417987013003,0.0438621407853376
0.0525692956735961,0.053401409137642,0.0402417987013003,0.0438621407853376
0.0525692956735961,0.053401409137642,0.0402417987013003,0.0438621407853376
0.0525692956735961,0.053401409137642,0.0402417987013003,0.0438621407853376
0.0525692956735961,0.0489639211022447,0.0402417987013003,0.0438621407853376
0.0525692956735961,0.0489639211022447,0.0402417987013003,0.0438621407853376
0.0525692956735961,0.0489639211022447,0.0402417987013003,0.0438621407853376
0.0525692956735961,0.0489639211022447,0.0402417987013003,0.0438621407853376
0.0525692956735961,0.0489639211022447,0.0402417987013003,0.0438621407853376
0.0525692956735961,0.0489639211022447,0.0402417987013003,0.0438621407853376
0.0525692956735961,0.0489639211022447,0.0402417987013003,0.0438621407853376
0.0525692956735961,0.0489639211022447,0.0402417987013003,0.0438621407853376
0.0525692956735961,0.0489639211022447,0.0402417987013003,0.0438621407853376
0.0525692956735961,0.0489639211022447,0.0402417987013003,0.0438621407853376
0.0525692956735961,0.0489639211022447,0.0402417987013003,0.0438621407853376
0.0525692956735961,0.0489639211022447,0.0402417987013003,0.0438621407853376
0.0525692956735961,0.0489639211022447,0.0443778967315039,0.0438621407853376
0.0525692956735961,0.0489639211022447,0.0458070436974678,0.0438621407853376
0.0525692956735961,0.0489639211022447,0.0458070436974678,0.0438621407853376
0.0525692956735961,0.0489639211022447,0.0458070436974678,0.0438621407853376
0.0525692956735961,0.0489639211022447,0.0458070436974678,0.0438621407853376
0.0525692956735961,0.0489639211022447,0.0458070436974678,0.0421579347953502
0.0525692956735961,0.0489639211022447,0.0458070436974678,0.0421579347953502
0.0525692956735961,0.0489639211022447,0.0458070436974678,0.0421579347953502
0.0525692956735961,0.0494900814266633,0.0458070436974678,0.0421579347953502
0.0525692956735961,0.0494900814266633,0.0458070436974678,0.0421579347953502
0.0525692956735961,0.0494900814266633,0.0458070436974678,0.0421579347953502
0.0525692956735961,0.0494900814266633,0.0458070436974678,0.0421579347953502
0.0525692956735961,0.0494900814266633,0.0458070436974678,0.0421579347953502
0.0525692956735961,0.0494900814266633,0.0458070436974678,0.0421579347953502
0.0525692956735961,0.0494900814266633,0.0458070436974678,0.0421579347953502
0.0525692956735961,0.0494900814266633,0.0458070436974678,0.0421579347953502
0.0525692956735961,0.0494900814266633,0.0458070436974678,0.0421579347953502
0.0525692956735961,0.0494900814266633,0.0458070436974678,0.0421579347953502
0.0525692956735961,0.0494900814266633,0.0458070436974678,0.0421579347953502
0.0525692956735961,0.0494900814266633,0.0458070436974678,0.0421579347953502
0.0525692956735961,0.0494900814266633,0.045852072147949,0.0421579347953502
0.0525692956735961,0.0494900814266633,0.045852072147949,0.0421579347953502
0.0525692956735961,0.0494900814266633,0.045852072147949,0.0421579347953502
0.0525692956735961,0.0494900814266633,0.045852072147949,0.0421579347953502
0.0525692956735961,0.0494900814266633,0.045852072147949,0.0421579347953502
0.0525692956735961,0.0494900814266633,0.045852072147949,0.0421579347953502
0.0525692956735961,0.0494900814266633,0.045852072147949,0.0421579347953502
0.0525692956735961,0.0494900814266633,0.045852072147949,0.0421579347953502
0.0525692956735961,0.0494900814266633,0.045852072147949,0.0421579347953502
0.0525692956735961,0.0494900814266633,0.045852072147949,0.0421579347953502
0.0525692956735961,0.0494900814266633,0.045852072147949,0.0421579347953502
0.0525692956735961,0.0494900814266633,0.045852072147949,0.0421579347953502
0.0525692956735961,0.0494900814266633,0.045852072147949,0.0421579347953502
0.0525692956735961,0.0494900814266633,0.045852072147949,0.0421579347953502
0.0525692956735961,0.0494900814266633,0.045852072147949,0.0421579347953502
0.0525692956735961,0.0494900814266633,0.045852072147949,0.0421579347953502
0.0525692956735961,0.0494900814266633,0.045852072147949,0.0421579347953502
0.0480322348542552,0.0494900814266633,0.045852072147949,0.0421579347953502
0.0480322348542552,0.0494900814266633,0.045852072147949,0.0421579347953502
0.0480322348542552,0.0494900814266633,0.045852072147949,0.0421579347953502
0.0480322348542552,0.0494900814266633,0.045852072147949,0.0421579347953502
0.0480322348542552,0.0494900814266633,0.045852072147949,0.0459026243945352
0.0497999747905697,0.0494900814266633,0.045852072147949,0.0459026243945352
0.0497999747905697,0.0494900814266633,0.045852072147949,0.0459026243945352
0.0497999747905697,0.0494900814266633,0.045852072147949,0.0459026243945352
0.0497999747905697,0.0494900814266633,0.045852072147949,0.0459026243945352
0.0497999747905697,0.0494900814266633,0.045852072147949,0.0459026243945352
0.0497999747905697,0.0494900814266633,0.045852072147949,0.0451961746562687
0.0497999747905697,0.0494900814266633,0.045852072147949,0.0451961746562687
0.0497999747905697,0.0494900814266633,0.045852072147949,0.0441213383714211
0.0497999747905697,0.0494900814266633,0.045852072147949,0.0441213383714211
0.0497999747905697,0.0494900814266633,0.045852072147949,0.0441213383714211
0.0497999747905697,0.0494900814266633,0.045852072147949,0.0441213383714211
0.0497999747905697,0.0494900814266633,0.045852072147949,0.0441213383714211
0.0497999747905697,0.0494900814266633,0.045852072147949,0.0441213383714211
0.0497999747905697,0.0494900814266633,0.045852072147949,0.0441213383714211
0.0497999747905697,0.0494900814266633,0.045852072147949,0.0441213383714211
0.0497999747905697,0.0494900814266633,0.045852072147949,0.0441213383714211
0.0497999747905697,0.0494900814266633,0.045852072147949,0.0441213383714211
0.0497999747905697,0.0494900814266633,0.045852072147949,0.0433912225622083
0.0497999747905697,0.0494900814266633,0.045852072147949,0.0433912225622083
0.0538786694050606,0.0494900814266633,0.045852072147949,0.0433912225622083
0.0538786694050606,0.0494900814266633,0.045852072147949,0.0433912225622083
0.0538786694050606,0.0494900814266633,0.045852072147949,0.0433912225622083
0.0538786694050606,0.0494900814266633,0.045852072147949,0.0433912225622083
0.0538786694050606,0.0494900814266633,0.045852072147949,0.0433912225622083
0.0538786694050606,0.0494900814266633,0.045852072147949,0.0433912225622083
0.0538786694050606,0.0494900814266633,0.045852072147949,0.0433912225622083
0.0538786694050606,0.0494900814266633,0.045852072147949,0.0433912225622083
0.0538786694050606,0.0494900814266633,0.045852072147949,0.0433912225622083
0.0538786694050606,0.0494900814266633,0.045852072147949,0.0433912225622083
0.0538786694050606,0.0494900814266633,0.045852072147949,0.0433912225622083
0.0538786694050606,0.0494900814266633,0.045852072147949,0.0433912225622083
0.0538786694050606,0.0494900814266633,0.045852072147949,0.0433912225622083
0.0538786694050606,0.0494900814266633,0.045852072147949,0.0433912225622083
0.0538786694050606,0.0494900814266633,0.045852072147949,0.0433912225622083
0.0538786694050606,0.0494900814266633,0.045852072147949,0.0433912225622083
0.0538786694050606,0.0494900814266633,0.045852072147949,0.0433912225622083
0.0538786694050606,0.0494900814266633,0.045852072147949,0.0433912225622083
0.0538786694050606,0.0491121209615398,0.045852072147949,0.0433912225622083
0.0538786694050606,0.0491121209615398,0.045852072147949,0.0433912225622083
0.0538786694050606,0.0491121209615398,0.045852072147949,0.0487208019028708
0.0538786694050606,0.0491121209615398,0.045852072147949,0.0487208019028708
0.0538786694050606,0.0462458583423871,0.045852072147949,0.0487208019028708
0.0538786694050606,0.0462458583423871,0.045852072147949,0.0487208019028708
0.0538786694050606,0.0462458583423871,0.045852072147949,0.0487208019028708
0.0538786694050606,0.0462458583423871,0.045852072147949,0.0487208019028708
0.0538786694050606,0.0462458583423871,0.045852072147949,0.0487208019028708
0.0538786694050606,0.0462458583423871,0.045852072147949,0.0487208019028708
0.0538786694050606,0.0462458583423871,0.045852072147949,0.0487208019028708
0.0538786694050606,0.0462458583423871,0.045852072147949,0.0487208019028708
0.0538786694050606,0.0462458583423871,0.045852072147949,0.0487208019028708
0.0538786694050606,0.0462458583423871,0.045852072147949,0.0487208019028708
0.0538786694050606,0.0462458583423871,0.045852072147949,0.0487208019028708
0.0538786694050606,0.0462458583423871,0.045852072147949,0.0487208019028708
0.0538786694050606,0.0462458583423871,0.045852072147949,0.0495218482894408
0.0538786694050606,0.0474826933000312,0.045852072147949,0.0495218482894408
0.0538786694050606,0.0474826933000312,0.045852072147949,0.0469356846286555
0.0538786694050606,0.0474826933000312,0.0434690635362369,0.0469356846286555
0.0538786694050606,0.0474826933000312,0.0410667413472155,0.0469356846286555
0.0538786694050606,0.0474826933000312,0.0410667413472155,0.0469356846286555
0.0538786694050606,0.0474826933000312,0.0410667413472155,0.0469356846286555
0.0538786694050606,0.0474826933000312,0.0410667413472155,0.0469356846286555
0.0538786694050606,0.0474826933000312,0.0410667413472155,0.0469356846286555
0.0537623709727981,0.0474826933000312,0.0410667413472155,0.0469356846286555
0.0537623709727981,0.0474826933000312,0.0410667413472155,0.0469356846286555
0.0537623709727981,0.0474826933000312,0.0410667413472155,0.0469356846286555
0.0537623709727981,0.0474826933000312,0.0410667413472155,0.0469356846286555
0.0537623709727981,0.0474826933000312,0.0410667413472155,0.0469356846286555
0.0537623709727981,0.0474826933000312,0.0410667413472155,0.0469356846286555
0.0537623709727981,0.0474826933000312,0.0410667413472155,0.0469356846286555
0.0537623709727981,0.0474826933000312,0.0410667413472155,0.0469356846286555
0.0537623709727981,0.0474826933000312,0.0410667413472155,0.0469356846286555
0.0537623709727981,0.0474826933000312,0.0410667413472155,0.0469356846286555
0.0537623709727981,0.0474826933000312,0.0410667413472155,0.0469356846286555
0.0537623709727981,0.0474826933000312,0.0410667413472155,0.0469356846286555
0.0537623709727981,0.0474826933000312,0.0410667413472155,0.0469356846286555
0.0537623709727981,0.0474826933000312,0.0384331512692122,0.0469356846286555
0.0537623709727981,0.0474826933000312,0.0397837018687919,0.0469356846286555
0.0537623709727981,0.0474826933000312,0.0397837018687919,0.0469356846286555
0.0537623709727981,0.0474826933000312,0.0397837018687919,0.0469356846286555
0.0537623709727981,0.0474826933000312,0.0397837018687919,0.0469356846286555
0.0537623709727981,0.0473058712927798,0.0397837018687919,0.0469356846286555
0.0537623709727981,0.0473058712927798,0.0397837018687919,0.0469356846286555
0.0537623709727981,0.0473058712927798,0.0397837018687919,0.0485263148593755
0.0537623709727981,0.0473058712927798,0.0397837018687919,0.0485263148593755
0.0537623709727981,0.0473058712927798,0.0397837018687919,0.0485263148593755
0.0537623709727981,0.0473058712927798,0.0397837018687919,0.0485263148593755
0.0537623709727981,0.0473058712927798,0.0397837018687919,0.0485263148593755
0.0537623709727981,0.0473058712927798,0.0397837018687919,0.0485263148593755
0.0537623709727981,0.0473058712927798,0.0397837018687919,0.0485263148593755
0.0537623709727981,0.0473058712927798,0.0397837018687919,0.0485263148593755
0.0537623709727981,0.0473058712927798,0.0397837018687919,0.0485263148593755
0.0537623709727981,0.0473058712927798,0.0397837018687919,0.0485263148593755
0.0537623709727981,0.0473058712927798,0.0397837018687919,0.0485263148593755
0.0537623709727981,0.0473058712927798,0.0397837018687919,0.0485263148593755
0.0537623709727981,0.0473058712927798,0.0397837018687919,0.0485263148593755
0.0537623709727981,0.0473058712927798,0.0397837018687919,0.0485263148593755
0.0537623709727981,0.0473058712927798,0.0397837018687919,0.0485263148593755
0.0537623709727981,0.0473058712927798,0.0386969103063963,0.0485263148593755
0.0537623709727981,0.0473058712927798,0.0386969103063963,0.0485263148593755
0.0537623709727981,0.0473058712927798,0.0386969103063963,0.0485263148593755
0.0537623709727981,0.0473058712927798,0.0386969103063963,0.0485263148593755
0.0537623709727981,0.0464981746190105,0.0386969103063963,0.0485263148593755
0.0537623709727981,0.0464981746190105,0.0386969103063963,0.0485263148593755
0.0537623709727981,0.0464981746190105,0.0386969103063963,0.0485263148593755
0.0537623709727981,0.0464981746190105,0.0386969103063963,0.0485263148593755
0.0537623709727981,0.0464981746190105,0.0386969103063963,0.0485263148593755
0.0537623709727981,0.0464981746190105,0.0386969103063963,0.0485263148593755
0.0537623709727981,0.0464981746190105,0.0386969103063963,0.0485263148593755
0.0537623709727981,0.0464981746190105,0.0386969103063963,0.0485263148593755
0.0537623709727981,0.0464981746190105,0.0386969103063963,0.0485263148593755
0.0537623709727981,0.0464981746190105,0.0386969103063963,0.0485263148593755
0.0537623709727981,0.0464981746190105,0.0386969103063963,0.0485263148593755
0.0537623709727981,0.0464981746190105,0.0410873979859933,0.0402865196216934
0.0537623709727981,0.0464981746190105,0.0410873979859933,0.0402865196216934
0.0537623709727981,0.0464981746190105,0.0410873979859933,0.0402865196216934
0.0537623709727981,0.0464981746190105,0.0410873979859933,0.0402865196216934
0.0537623709727981,0.0432998585803744,0.0410873979859933,0.0402865196216934
0.0537623709727981,0.0432998585803744,0.0410873979859933,0.0402865196216934
0.0537623709727981,0.0432998585803744,0.0410873979859933,0.0402865196216934
0.0537623709727981,0.0432998585803744,0.0410873979859933,0.0402865196216934
0.0537623709727981,0.0432998585803744,0.0410873979859933,0.0402865196216934
0.0537623709727981,0.0432998585803744,0.0410873979859933,0.0402865196216934
0.0537623709727981,0.0432998585803744,0.0410873979859933,0.0402865196216934
0.0537623709727981,0.0544512774796232,0.0410873979859933,0.0402865196216934
0.0537623709727981,0.0544512774796232,0.0410873979859933,0.0402865196216934
0.0537623709727981,0.0544512774796232,0.0410873979859933,0.0402865196216934
0.0537623709727981,0.0544512774796232,0.0410873979859933,0.0402865196216934
0.0537623709727981,0.0544512774796232,0.0410873979859933,0.0373298455106737
0.0537623709727981,0.0544512774796232,0.0410873979859933,0.0373298455106737
0.0537623709727981,0.0544512774796232,0.0410873979859933,0.0373298455106737
0.0537623709727981,0.0544512774796232,0.0410873979859933,0.0373298455106737
0.0537623709727981,0.0544512774796232,0.0410873979859933,0.0373298455106737
0.0537623709727981,0.0544512774796232,0.0410873979859933,0.0373298455106737
0.0537623709727981,0.0544512774796232,0.0410873979859933,0.0373298455106737
0.0537623709727981,0.0544512774796232,0.0410873979859933,0.0373298455106737
0.0537623709727981,0.0544512774796232,0.0410873979859933,0.0391728021207841
0.0537623709727981,0.0544512774796232,0.0410873979859933,0.0391728021207841
0.0537623709727981,0.0544512774796232,0.0410873979859933,0.0391728021207841
0.0537623709727981,0.0544512774796232,0.0410873979859933,0.0391728021207841
0.0537623709727981,0.0544512774796232,0.0410873979859933,0.0391728021207841
0.0537623709727981,0.0544512774796232,0.0410873979859933,0.0391728021207841
0.0537623709727981,0.0544512774796232,0.0410873979859933,0.0391728021207841
0.0537623709727981,0.0544512774796232,0.0410873979859933,0.0391728021207841
0.0537623709727981,0.0544512774796232,0.0410873979859933,0.0391728021207841
0.0537623709727981,0.0544512774796232,0.0410873979859933,0.0391728021207841
0.0537623709727981,0.0544512774796232,0.0410873979859933,0.0391728021207841
0.0537623709727981,0.0558239176341819,0.0410873979859933,0.0391728021207841
0.0537623709727981,0.0558239176341819,0.0410873979859933,0.0391728021207841
0.0537623709727981,0.0558239176341819,0.0410873979859933,0.0391728021207841
0.0537623709727981,0.0558239176341819,0.0410873979859933,0.0391728021207841
0.0537623709727981,0.0558239176341819,0.0410873979859933,0.0391728021207841
0.0537623709727981,0.0558239176341819,0.0410873979859933,0.0391728021207841
0.0537623709727981,0.0558239176341819,0.0410873979859933,0.0391728021207841
0.0537623709727981,0.0558239176341819,0.0410873979859933,0.0391728021207841
0.0537623709727981,0.0558239176341819,0.0410873979859933,0.0391728021207841
0.0537623709727981,0.0558239176341819,0.0410873979859933,0.0391728021207841
0.0537623709727981,0.0558239176341819,0.0410873979859933,0.0391728021207841
0.0537623709727981,0.0558239176341819,0.0421852577795913,0.0391728021207841
0.0537623709727981,0.0558239176341819,0.0421852577795913,0.0391728021207841
0.049377441226725,0.0558239176341819,0.0421852577795913,0.0391728021207841
0.049377441226725,0.0558239176341819,0.0421852577795913,0.0391728021207841
0.049377441226725,0.0558239176341819,0.0421852577795913,0.0391728021207841
0.049377441226725,0.0558239176341819,0.0421852577795913,0.0391728021207841
0.049377441226725,0.0558239176341819,0.0421852577795913,0.0391728021207841
0.049377441226725,0.0558239176341819,0.0421852577795913,0.0391728021207841
0.049377441226725,0.0558239176341819,0.0421852577795913,0.0391728021207841
0.049377441226725,0.0558239176341819,0.0421852577795913,0.0391728021207841
0.049377441226725,0.0558239176341819,0.0421852577795913,0.0391728021207841
0.049377441226725,0.0558239176341819,0.0421852577795913,0.0391728021207841
0.049377441226725,0.0558239176341819,0.0421852577795913,0.0391728021207841
0.049377441226725,0.0558239176341819,0.0421852577795913,0.0352373083073201
0.049377441226725,0.0558239176341819,0.0426395275497868,0.0367622371807783
0.049377441226725,0.0558239176341819,0.0426395275497868,0.0367622371807783
0.049377441226725,0.0558239176341819,0.0426395275497868,0.0367622371807783
0.049377441226725,0.0558239176341819,0.0426395275497868,0.0367622371807783
0.049377441226725,0.0558239176341819,0.0426395275497868,0.0367622371807783
0.049377441226725,0.0558239176341819,0.0426395275497868,0.0367622371807783
0.049377441226725,0.0558239176341819,0.0426395275497868,0.0367622371807783
0.049377441226725,0.0558239176341819,0.0426395275497868,0.0367622371807783
0.049377441226725,0.0558239176341819,0.0426395275497868,0.0367622371807783
0.049377441226725,0.0558239176341819,0.0426395275497868,0.0367622371807783
0.049377441226725,0.0558239176341819,0.0426395275497868,0.0367622371807783
0.049377441226725,0.0558239176341819,0.0426395275497868,0.0367622371807783
0.049377441226725,0.0558239176341819,0.0426395275497868,0.0367622371807783
0.049377441226725,0.0558239176341819,0.0426395275497868,0.0367622371807783
0.049377441226725,0.0558239176341819,0.0426395275497868,0.0367622371807783
0.049377441226725,0.0558239176341819,0.0426395275497868,0.0367622371807783
0.049377441226725,0.0558239176341819,0.0426395275497868,0.0367622371807783
0.049377441226725,0.0558239176341819,0.0426395275497868,0.0367622371807783
0.049377441226725,0.0558239176341819,0.0426395275497868,0.0367622371807783
0.049377441226725,0.0558239176341819,0.0426395275497868,0.0367622371807783
0.049377441226725,0.0558239176341819,0.0426395275497868,0.0367622371807783
0.049377441226725,0.0558239176341819,0.04265741405166,0.0367622371807783
0.049377441226725,0.0558239176341819,0.0426887927718226,0.0367622371807783
0.049377441226725,0.0558239176341819,0.0426887927718226,0.0367622371807783
0.049377441226725,0.0558239176341819,0.0426887927718226,0.0367622371807783
0.049377441226725,0.0558239176341819,0.0426887927718226,0.0367622371807783
0.049377441226725,0.0558239176341819,0.0426887927718226,0.0367622371807783
0.049377441226725,0.0558239176341819,0.0426887927718226,0.0367622371807783
0.049377441226725,0.0558239176341819,0.0426887927718226,0.0367622371807783
0.049377441226725,0.0558239176341819,0.0426887927718226,0.0367622371807783
0.049377441226725,0.0558239176341819,0.0426887927718226,0.0367622371807783
0.049377441226725,0.0558239176341819,0.0426887927718226,0.0367622371807783
0.049377441226725,0.0558239176341819,0.0426887927718226,0.0422638973798615
0.049377441226725,0.0558239176341819,0.0426887927718226,0.0422638973798615
0.049377441226725,0.0558239176341819,0.0426887927718226,0.0422638973798615
0.049377441226725,0.0558239176341819,0.0426887927718226,0.0422638973798615
0.049377441226725,0.0558239176341819,0.0426887927718226,0.0422638973798615
0.049377441226725,0.0558239176341819,0.0426887927718226,0.0422638973798615
0.049377441226725,0.0558239176341819,0.0426887927718226,0.0422638973798615
0.049377441226725,0.0558239176341819,0.0426887927718226,0.0422638973798615
0.049377441226725,0.0558239176341819,0.0426887927718226,0.0422638973798615
0.049377441226725,0.0558239176341819,0.0426887927718226,0.0376040894110907
0.0498038448444913,0.0558239176341819,0.0426887927718226,0.0376040894110907
0.0498038448444913,0.0558239176341819,0.0426887927718226,0.0376040894110907
0.0498038448444913,0.0558239176341819,0.0426887927718226,0.0376040894110907
0.0498038448444913,0.0558239176341819,0.0426887927718226,0.037427201914692
0.0498038448444913,0.0558239176341819,0.0426887927718226,0.037427201914692
0.0498038448444913,0.0558239176341819,0.0426887927718226,0.037427201914692
0.0498038448444913,0.0558239176341819,0.0426887927718226,0.037427201914692
0.0498038448444913,0.0558239176341819,0.0426887927718226,0.037427201914692
0.0498038448444913,0.0558239176341819,0.0426887927718226,0.0410913458467466
0.0498038448444913,0.0558239176341819,0.0426887927718226,0.0365256651442232
0.0498038448444913,0.0558239176341819,0.0426887927718226,0.0365256651442232
0.0498038448444913,0.0558239176341819,0.0426887927718226,0.0365256651442232
0.0498038448444913,0.0558239176341819,0.0426887927718226,0.0365256651442232
0.0454334483613438,0.0568507375803689,0.0426887927718226,0.0365256651442232
0.0454334483613438,0.0568507375803689,0.0426887927718226,0.0365256651442232
0.0454334483613438,0.0568507375803689,0.0426887927718226,0.0365256651442232
0.0454334483613438,0.0568507375803689,0.0419585351404101,0.0365256651442232
0.0454334483613438,0.0568507375803689,0.0419585351404101,0.0365256651442232
0.0454334483613438,0.0568507375803689,0.0419585351404101,0.0365256651442232
0.0454334483613438,0.0568507375803689,0.0419585351404101,0.0365256651442232
0.0454334483613438,0.0568507375803689,0.0419585351404101,0.0365256651442232
0.0454334483613438,0.0568507375803689,0.0419585351404101,0.0365256651442232
0.0454334483613438,0.0568507375803689,0.0419585351404101,0.0365256651442232
0.0454334483613438,0.0568507375803689,0.0419585351404101,0.0365256651442232
0.0454334483613438,0.0568507375803689,0.0419585351404101,0.0365256651442232
0.0454334483613438,0.0568507375803689,0.0419585351404101,0.0365256651442232
0.0454334483613438,0.0568507375803689,0.0419585351404101,0.0365256651442232
0.0454334483613438,0.0568507375803689,0.0419585351404101,0.0365256651442232
0.0454334483613438,0.0568507375803689,0.0419585351404101,0.0365256651442232
0.0493485250257044,0.0568507375803689,0.0419585351404101,0.0365256651442232
0.0496059751589458,0.0460294333648548,0.0419585351404101,0.0365256651442232
0.0496059751589458,0.0485555683755,0.0419585351404101,0.0365256651442232
0.0496059751589458,0.0485555683755,0.0419585351404101,0.0365256651442232
0.0496059751589458,0.0485555683755,0.0419585351404101,0.0365256651442232
0.0496059751589458,0.0485555683755,0.0419585351404101,0.0365256651442232
0.0496059751589458,0.0485555683755,0.0419585351404101,0.0365256651442232
0.0496059751589458,0.0485555683755,0.0419585351404101,0.0365256651442232
0.0496059751589458,0.0485555683755,0.0419585351404101,0.0365256651442232
0.0496059751589458,0.0485555683755,0.0419585351404101,0.0365256651442232
0.0496059751589458,0.0485555683755,0.037992151447493,0.0365256651442232
0.0496059751589458,0.0485555683755,0.037992151447493,0.0365256651442232
0.0496059751589458,0.0485555683755,0.037992151447493,0.0365256651442232
0.0496059751589458,0.0485555683755,0.037992151447493,0.0365256651442232
0.050375449847944,0.0485555683755,0.037992151447493,0.0365256651442232
0.050375449847944,0.0485555683755,0.037992151447493,0.0365256651442232
0.050375449847944,0.0485555683755,0.037992151447493,0.0383487425091591
0.050375449847944,0.0485555683755,0.037992151447493,0.0383487425091591
0.050375449847944,0.0485555683755,0.037992151447493,0.0383487425091591
0.050375449847944,0.0485555683755,0.037992151447493,0.0383487425091591
0.050375449847944,0.0485555683755,0.037992151447493,0.0383487425091591
0.050375449847944,0.0485555683755,0.037992151447493,0.0383487425091591
0.050375449847944,0.0485555683755,0.037992151447493,0.0412844880873615
0.050375449847944,0.0485555683755,0.037992151447493,0.0412844880873615
0.050375449847944,0.0485555683755,0.037992151447493,0.0412844880873615
0.050375449847944,0.0485555683755,0.037992151447493,0.0412844880873615
0.050375449847944,0.0485555683755,0.037992151447493,0.0412844880873615
0.050375449847944,0.0485555683755,0.037992151447493,0.0412844880873615
0.050375449847944,0.0485555683755,0.037992151447493,0.0412844880873615
0.050375449847944,0.0485555683755,0.037992151447493,0.0412844880873615
0.050375449847944,0.0485555683755,0.037992151447493,0.0412844880873615
0.050375449847944,0.0485555683755,0.037992151447493,0.0412844880873615
0.050375449847944,0.0485555683755,0.037992151447493,0.0412844880873615
0.050375449847944,0.0485555683755,0.037992151447493,0.0412844880873615
0.050375449847944,0.0485555683755,0.037992151447493,0.0412844880873615
0.050375449847944,0.0485555683755,0.037992151447493,0.0412844880873615
0.050375449847944,0.0485555683755,0.0452171386258774,0.0412844880873615
0.050375449847944,0.0485555683755,0.0452171386258774,0.0412844880873615
0.050375449847944,0.0485555683755,0.0452171386258774,0.0412844880873615
0.050375449847944,0.0607317434576881,0.0417503008090968,0.0412844880873615
0.050375449847944,0.0607317434576881,0.0417503008090968,0.0412844880873615
0.050375449847944,0.0518098442305795,0.0417503008090968,0.0412844880873615
0.050375449847944,0.0518098442305795,0.0417503008090968,0.0412844880873615
0.050375449847944,0.0518098442305795,0.0417503008090968,0.0412844880873615
0.050375449847944,0.0518098442305795,0.0417503008090968,0.0412844880873615
0.050375449847944,0.0518098442305795,0.0417503008090968,0.0412844880873615
0.050375449847944,0.0518098442305795,0.0417503008090968,0.0412844880873615
0.050375449847944,0.0518098442305795,0.0417503008090968,0.0412844880873615
0.050375449847944,0.0518098442305795,0.0417503008090968,0.0412844880873615
0.050375449847944,0.0518098442305795,0.0417503008090968,0.0412844880873615
0.050375449847944,0.0518098442305795,0.0417503008090968,0.0412844880873615
0.050375449847944,0.0518098442305795,0.0417503008090968,0.038248705160295
0.050375449847944,0.057659064273171,0.0417503008090968,0.038248705160295
0.050375449847944,0.057659064273171,0.0417503008090968,0.038248705160295
0.050375449847944,0.057659064273171,0.0417503008090968,0.038248705160295
0.050375449847944,0.057659064273171,0.0417503008090968,0.038248705160295
0.050375449847944,0.057659064273171,0.0417503008090968,0.038248705160295
0.050375449847944,0.057659064273171,0.0417503008090968,0.038248705160295
0.050375449847944,0.057659064273171,0.0417503008090968,0.038248705160295
0.050375449847944,0.057659064273171,0.0417503008090968,0.038248705160295
0.050375449847944,0.057659064273171,0.0417503008090968,0.038248705160295
0.050375449847944,0.057659064273171,0.0417503008090968,0.038248705160295
0.050375449847944,0.057659064273171,0.0417503008090968,0.0380886886563149
0.050375449847944,0.057659064273171,0.0417503008090968,0.0380886886563149
0.050375449847944,0.0531517834252455,0.0417503008090968,0.0380886886563149
0.050375449847944,0.0531517834252455,0.0417503008090968,0.0380886886563149
0.050375449847944,0.0531517834252455,0.0417503008090968,0.0380886886563149
0.050375449847944,0.0531517834252455,0.0417503008090968,0.0380886886563149
0.050375449847944,0.0531517834252455,0.0417503008090968,0.0380886886563149
0.050375449847944,0.0531517834252455,0.0417503008090968,0.0380886886563149
0.050375449847944,0.0531517834252455,0.0417503008090968,0.0380886886563149
0.050375449847944,0.0531517834252455,0.0417503008090968,0.0380886886563149
0.050375449847944,0.0531517834252455,0.0417503008090968,0.0380886886563149
0.050375449847944,0.0531517834252455,0.0417503008090968,0.0380886886563149
0.050375449847944,0.0531517834252455,0.0417503008090968,0.0380886886563149
0.050375449847944,0.0531517834252455,0.0417503008090968,0.0380886886563149
0.050375449847944,0.0531517834252455,0.0417503008090968,0.0380886886563149
0.050375449847944,0.0531517834252455,0.0417503008090968,0.0380886886563149
0.050375449847944,0.0531517834252455,0.0417503008090968,0.0380886886563149
0.050375449847944,0.0531517834252455,0.0417503008090968,0.0380886886563149
0.050375449847944,0.0531517834252455,0.0417503008090968,0.0380886886563149
0.050375449847944,0.0531517834252455,0.0417503008090968,0.0380886886563149
0.050375449847944,0.0531517834252455,0.0417503008090968,0.0380886886563149
0.050375449847944,0.0531517834252455,0.0417503008090968,0.0380886886563149
0.050375449847944,0.0531517834252455,0.0417503008090968,0.0380886886563149
0.050375449847944,0.0531517834252455,0.0417503008090968,0.0380886886563149
0.050375449847944,0.0531517834252455,0.0417503008090968,0.0380886886563149
0.050375449847944,0.0531517834252455,0.0417503008090968,0.0380886886563149
0.050375449847944,0.0531517834252455,0.0417503008090968,0.0380886886563149
0.050375449847944,0.0531517834252455,0.0417503008090968,0.0380886886563149
0.050375449847944,0.0531517834252455,0.0417503008090968,0.0380886886563149
0.050375449847944,0.0531517834252455,0.0417503008090968,0.0380886886563149
0.050375449847944,0.0531517834252455,0.0417503008090968,0.0380886886563149
0.050375449847944,0.0531517834252455,0.0417503008090968,0.0380886886563149
0.050375449847944,0.0531517834252455,0.0417503008090968,0.0380886886563149
0.050375449847944,0.0531517834252455,0.0417503008090968,0.0380886886563149
0.050375449847944,0.0531517834252455,0.0423218140314848,0.0380886886563149
0.050375449847944,0.0531517834252455,0.0423218140314848,0.0380886886563149
0.050375449847944,0.0531517834252455,0.0423218140314848,0.0380886886563149
0.050375449847944,0.0531517834252455,0.0423218140314848,0.0380886886563149
0.050375449847944,0.0531517834252455,0.0423218140314848,0.0380886886563149
0.050375449847944,0.0531517834252455,0.0423218140314848,0.0380886886563149
0.050375449847944,0.0531517834252455,0.0423218140314848,0.0380886886563149
0.050375449847944,0.0531517834252455,0.0423218140314848,0.0380886886563149
0.050375449847944,0.0531517834252455,0.0423218140314848,0.0380886886563149
0.050375449847944,0.0531517834252455,0.0423218140314848,0.0380886886563149
0.050375449847944,0.0531517834252455,0.0423218140314848,0.0380886886563149
0.050375449847944,0.0531517834252455,0.0423218140314848,0.0380886886563149
0.050375449847944,0.0531517834252455,0.0423218140314848,0.0380886886563149
0.050375449847944,0.0531517834252455,0.0423218140314848,0.0380886886563149
0.050375449847944,0.0531517834252455,0.0423218140314848,0.0380886886563149
0.0465715716565721,0.0531517834252455,0.0423218140314848,0.0393940837258285
0.0465715716565721,0.0531517834252455,0.0423218140314848,0.0393940837258285
0.0465715716565721,0.0531517834252455,0.0423218140314848,0.0393940837258285
0.0486018223394003,0.0531517834252455,0.0423218140314848,0.0393940837258285
0.0486018223394003,0.0531517834252455,0.0423218140314848,0.0393940837258285
0.0486018223394003,0.0531517834252455,0.0423218140314848,0.0393940837258285
0.0486018223394003,0.0531517834252455,0.0423218140314848,0.0393940837258285
0.0486018223394003,0.0531517834252455,0.0423218140314848,0.0393940837258285
0.0486018223394003,0.0531517834252455,0.0423218140314848,0.0393940837258285
0.0486018223394003,0.0531517834252455,0.0423218140314848,0.0393940837258285
0.0486018223394003,0.0531517834252455,0.0423218140314848,0.0393940837258285
0.0486018223394003,0.0531517834252455,0.0423218140314848,0.0393940837258285
0.0486018223394003,0.0531517834252455,0.0423218140314848,0.0393940837258285
0.0486018223394003,0.0531517834252455,0.0423218140314848,0.0393940837258285
0.0486018223394003,0.0531517834252455,0.0423218140314848,0.0400636551931484
0.0486018223394003,0.0531517834252455,0.0423218140314848,0.0400636551931484
0.0486018223394003,0.0531517834252455,0.0423218140314848,0.0400636551931484
0.0486018223394003,0.0531517834252455,0.0423218140314848,0.0400636551931484
0.0486018223394003,0.0531517834252455,0.0423218140314848,0.0400636551931484
0.0486018223394003,0.0531517834252455,0.0423218140314848,0.0400636551931484
0.0486018223394003,0.0531517834252455,0.0423218140314848,0.0400636551931484
0.0486018223394003,0.0531517834252455,0.0423218140314848,0.0400636551931484
0.0486018223394003,0.0531517834252455,0.0423218140314848,0.0400636551931484
0.0486018223394003,0.0531517834252455,0.0423218140314848,0.0400636551931484
0.0486018223394003,0.0531517834252455,0.0423218140314848,0.0400636551931484
0.0486018223394003,0.0531517834252455,0.0423218140314848,0.0400636551931484
0.0486018223394003,0.0531517834252455,0.0423218140314848,0.0400636551931484
0.0486018223394003,0.0531517834252455,0.0423218140314848,0.0400636551931484
0.0486018223394003,0.0531517834252455,0.0423218140314848,0.0400636551931484
0.0486018223394003,0.0531517834252455,0.0423218140314848,0.0400636551931484
0.0486018223394003,0.0531517834252455,0.0423218140314848,0.0400636551931484
0.0486018223394003,0.0531517834252455,0.0423218140314848,0.0400636551931484
0.0486018223394003,0.0531517834252455,0.0423218140314848,0.0400636551931484
0.0486018223394003,0.0531517834252455,0.0423218140314848,0.0400636551931484
0.0486018223394003,0.0531517834252455,0.0423218140314848,0.0400636551931484
0.0486018223394003,0.0531517834252455,0.0423218140314848,0.0400636551931484
0.0486018223394003,0.0531517834252455,0.0423218140314848,0.0400636551931484
0.0486018223394003,0.0531517834252455,0.0423218140314848,0.0400636551931484
0.0486018223394003,0.0531517834252455,0.0423218140314848,0.039290338440259
0.0486018223394003,0.0531517834252455,0.0423218140314848,0.039290338440259
0.0486018223394003,0.0531517834252455,0.0423218140314848,0.039290338440259
0.0486018223394003,0.0531517834252455,0.0423218140314848,0.0401536378098525
0.0486018223394003,0.0531517834252455,0.0423218140314848,0.0401536378098525
0.0486018223394003,0.0531517834252455,0.0423218140314848,0.0401536378098525
0.0486018223394003,0.0531517834252455,0.0423218140314848,0.0401536378098525
0.0486018223394003,0.0531517834252455,0.0423218140314848,0.0404594915175612
0.0486018223394003,0.0531517834252455,0.0423218140314848,0.0404594915175612
0.0486018223394003,0.0531517834252455,0.0423218140314848,0.0404594915175612
0.0486018223394003,0.0531517834252455,0.0423218140314848,0.0404594915175612
0.0486018223394003,0.0531517834252455,0.0382996598341545,0.0404594915175612
0.0486018223394003,0.0531517834252455,0.0382996598341545,0.0404594915175612
0.0486018223394003,0.0531517834252455,0.0382996598341545,0.0404594915175612
0.0486018223394003,0.0531517834252455,0.0382996598341545,0.0404594915175612
0.0486018223394003,0.0531517834252455,0.0382996598341545,0.0404594915175612
0.0486018223394003,0.0528834071435617,0.0382996598341545,0.0404594915175612
0.0486018223394003,0.0528834071435617,0.0382996598341545,0.0404594915175612
0.0486018223394003,0.0528834071435617,0.0382996598341545,0.0404594915175612
0.0486018223394003,0.0528834071435617,0.0382996598341545,0.0448073329984522
0.0486018223394003,0.0528834071435617,0.0383770266541234,0.0448073329984522
0.0486018223394003,0.0528834071435617,0.0383770266541234,0.0448073329984522
0.0486018223394003,0.0528834071435617,0.0375702427677145,0.0448073329984522
0.0486018223394003,0.0528834071435617,0.0375702427677145,0.0448073329984522
0.0486018223394003,0.0528834071435617,0.0375702427677145,0.0448073329984522
0.0486018223394003,0.0528834071435617,0.0375702427677145,0.0448073329984522
0.0486018223394003,0.0528834071435617,0.0375702427677145,0.0448073329984522
0.0486018223394003,0.0528834071435617,0.0375702427677145,0.0448073329984522
0.0486018223394003,0.0528834071435617,0.0375702427677145,0.0448073329984522
0.0486018223394003,0.0528834071435617,0.0368597184713726,0.0448073329984522
0.0486018223394003,0.0528834071435617,0.0368597184713726,0.0448073329984522
0.0486018223394003,0.0528834071435617,0.0368597184713726,0.0448073329984522
0.0486018223394003,0.0528834071435617,0.0368597184713726,0.0448073329984522
0.0486018223394003,0.0528834071435617,0.0368597184713726,0.0448073329984522
0.0486018223394003,0.0528834071435617,0.0368597184713726,0.0448073329984522
0.0486018223394003,0.0538664989752716,0.0368597184713726,0.0448073329984522
0.0486018223394003,0.0538664989752716,0.0368597184713726,0.0448073329984522
0.0486018223394003,0.0538664989752716,0.0368597184713726,0.0448073329984522
0.0486018223394003,0.0538664989752716,0.0368597184713726,0.0448073329984522
0.0486018223394003,0.0538664989752716,0.0368597184713726,0.0448073329984522
0.0486018223394003,0.0538664989752716,0.0368597184713726,0.0448073329984522
0.0486018223394003,0.0538664989752716,0.0368597184713726,0.0448073329984522
0.0486018223394003,0.0538664989752716,0.0368597184713726,0.0448073329984522
0.0486018223394003,0.0538664989752716,0.0368597184713726,0.0448073329984522
0.0486018223394003,0.0538664989752716,0.0368597184713726,0.0448073329984522
0.0486018223394003,0.0538664989752716,0.0368597184713726,0.0448073329984522
0.0486018223394003,0.0538664989752716,0.0368597184713726,0.0448073329984522
0.0486018223394003,0.0538664989752716,0.0368597184713726,0.0448073329984522
0.0486018223394003,0.0538664989752716,0.0368597184713726,0.0448073329984522
0.0486018223394003,0.0538664989752716,0.0368597184713726,0.0448073329984522
0.0486018223394003,0.0538664989752716,0.0368597184713726,0.0448073329984522
0.0486018223394003,0.0538664989752716,0.0368597184713726,0.0448073329984522
0.0486018223394003,0.0538664989752716,0.0368597184713726,0.0448073329984522
0.0486018223394003,0.0538664989752716,0.0368597184713726,0.0448073329984522
0.0486018223394003,0.0538664989752716,0.0368597184713726,0.0448073329984522
0.0486018223394003,0.0538664989752716,0.0368597184713726,0.0448073329984522
0.0486018223394003,0.0538664989752716,0.0368597184713726,0.0448073329984522
0.0486018223394003,0.0538664989752716,0.0368597184713726,0.0448073329984522
0.0486018223394003,0.0538664989752716,0.0368597184713726,0.0448073329984522
0.0486018223394003,0.0538664989752716,0.0368597184713726,0.0448073329984522
0.0486018223394003,0.0538664989752716,0.0391725631974111,0.0448073329984522
0.0486018223394003,0.0538664989752716,0.0391725631974111,0.0448073329984522
0.0486018223394003,0.0538664989752716,0.0391725631974111,0.0448073329984522
0.0486018223394003,0.0538664989752716,0.0391725631974111,0.0448073329984522
0.0486018223394003,0.0538664989752716,0.0391725631974111,0.0448073329984522
0.0486018223394003,0.0538664989752716,0.0391725631974111,0.0448073329984522
0.0486018223394003,0.0538664989752716,0.0391725631974111,0.0448073329984522
0.0486018223394003,0.0538664989752716,0.0391725631974111,0.0448073329984522
0.0486018223394003,0.0538664989752716,0.0391725631974111,0.0448073329984522
0.0486018223394003,0.0538664989752716,0.0391725631974111,0.0448073329984522
0.0486018223394003,0.0538664989752716,0.0391725631974111,0.0448073329984522
0.0486018223394003,0.0538664989752716,0.0391725631974111,0.0448073329984522
0.0486018223394003,0.0538664989752716,0.0391725631974111,0.0448073329984522
0.0486018223394003,0.0538664989752716,0.0391725631974111,0.0448073329984522
0.0486018223394003,0.0538664989752716,0.0391725631974111,0.0448073329984522
0.0486018223394003,0.0538664989752716,0.0391725631974111,0.0448073329984522
0.0486018223394003,0.0538664989752716,0.0391725631974111,0.0448073329984522
0.0486018223394003,0.0484652641216898,0.0391725631974111,0.0448073329984522
0.0486018223394003,0.0484652641216898,0.0391725631974111,0.0448073329984522
0.0486018223394003,0.0484652641216898,0.0390755652899923,0.0448073329984522
0.0486018223394003,0.0484652641216898,0.0390755652899923,0.0405307021528089
0.0486018223394003,0.0484652641216898,0.0390755652899923,0.0405307021528089
0.0486018223394003,0.0484652641216898,0.0390755652899923,0.0405307021528089
0.0486018223394003,0.0484652641216898,0.0390755652899923,0.0405307021528089
0.0486018223394003,0.0484652641216898,0.0390755652899923,0.0405307021528089
0.0486018223394003,0.0484652641216898,0.0390755652899923,0.0405307021528089
0.0486018223394003,0.0484652641216898,0.0390755652899923,0.0405307021528089
0.0486018223394003,0.0484652641216898,0.0390755652899923,0.0405307021528089
0.0486018223394003,0.0484652641216898,0.0390755652899923,0.0405307021528089
0.0486018223394003,0.0484652641216898,0.0390755652899923,0.0405307021528089
0.0486018223394003,0.0484652641216898,0.0390755652899923,0.0405307021528089
0.0486018223394003,0.0484652641216898,0.0390755652899923,0.0405307021528089
0.0486018223394003,0.0587247652856283,0.0390755652899923,0.0405307021528089
0.0486018223394003,0.0587247652856283,0.0390755652899923,0.0405307021528089
0.0486018223394003,0.0587247652856283,0.0390755652899923,0.0384223031266174
0.0486018223394003,0.0587247652856283,0.0390755652899923,0.0384223031266174
0.0486018223394003,0.0587247652856283,0.0390755652899923,0.0384223031266174
0.0486018223394003,0.0587247652856283,0.0390755652899923,0.0427651762537096
0.0486018223394003,0.0587247652856283,0.0390755652899923,0.0427651762537096
0.0486018223394003,0.0587247652856283,0.0390755652899923,0.0427651762537096
0.0486018223394003,0.0503040348876796,0.0390755652899923,0.0427651762537096
0.0486018223394003,0.0503040348876796,0.0390755652899923,0.0427651762537096
0.0486018223394003,0.0532848375636186,0.0390755652899923,0.0427651762537096
0.0486018223394003,0.0532848375636186,0.0390755652899923,0.0427651762537096
0.0486018223394003,0.0532848375636186,0.0390755652899923,0.0427651762537096
0.0486018223394003,0.0532848375636186,0.0390755652899923,0.0427651762537096
0.0486018223394003,0.0532848375636186,0.0390755652899923,0.0427651762537096
0.0486018223394003,0.0532848375636186,0.0390755652899923,0.0369925080627994
0.0486018223394003,0.0532848375636186,0.0390755652899923,0.0369925080627994
0.0486018223394003,0.0532848375636186,0.0390755652899923,0.0369925080627994
0.0486018223394003,0.0501694720444912,0.0390755652899923,0.0369925080627994
0.0486018223394003,0.0501694720444912,0.0390755652899923,0.0369925080627994
0.0486018223394003,0.0501694720444912,0.0390755652899923,0.0369925080627994
0.0486018223394003,0.0501694720444912,0.0390755652899923,0.0369925080627994
0.0486018223394003,0.0501694720444912,0.0390755652899923,0.0369925080627994
0.0486018223394003,0.0501694720444912,0.0390755652899923,0.0494886942356199
0.0486018223394003,0.0501694720444912,0.0390755652899923,0.0494886942356199
0.0486018223394003,0.0501694720444912,0.0390755652899923,0.0494886942356199
0.0475589061506441,0.0501694720444912,0.0390755652899923,0.0385154813448997
0.0475589061506441,0.0501694720444912,0.0390755652899923,0.0385154813448997
0.0475589061506441,0.0501694720444912,0.0390755652899923,0.0385154813448997
0.0475589061506441,0.0501694720444912,0.0390755652899923,0.0385154813448997
0.0475589061506441,0.0501694720444912,0.0390755652899923,0.0385154813448997
0.0475589061506441,0.0501694720444912,0.0390755652899923,0.0385154813448997
0.0475589061506441,0.0501694720444912,0.0390755652899923,0.0385154813448997
0.0475589061506441,0.0501694720444912,0.0390755652899923,0.0385154813448997
0.0475589061506441,0.0501694720444912,0.0390755652899923,0.0385154813448997
0.0475589061506441,0.0501694720444912,0.0390755652899923,0.0385154813448997
0.0475589061506441,0.0501694720444912,0.0390755652899923,0.0385154813448997
0.0475589061506441,0.0501694720444912,0.0390755652899923,0.0385154813448997
0.0475589061506441,0.0501694720444912,0.0390755652899923,0.0385154813448997
0.0475589061506441,0.0501694720444912,0.0414344118682959,0.0385154813448997
0.0475589061506441,0.0501694720444912,0.0414344118682959,0.0385154813448997
0.0475589061506441,0.0501694720444912,0.0414344118682959,0.0385154813448997
0.0475589061506441,0.0501694720444912,0.0414344118682959,0.0385154813448997
0.0475589061506441,0.0501694720444912,0.0414344118682959,0.0385154813448997
0.0475589061506441,0.0501694720444912,0.0414344118682959,0.0385154813448997
0.0475589061506441,0.0501694720444912,0.0414344118682959,0.0385154813448997
0.0475589061506441,0.0501694720444912,0.0414344118682959,0.0385154813448997
0.0475589061506441,0.0501694720444912,0.0414344118682959,0.0385154813448997
0.0475589061506441,0.0501694720444912,0.0414344118682959,0.0385154813448997
0.0475589061506441,0.0501694720444912,0.0414344118682959,0.0385154813448997
0.0475589061506441,0.0501694720444912,0.0414344118682959,0.0385154813448997
0.0475589061506441,0.0501694720444912,0.0414344118682959,0.0385154813448997
0.0475589061506441,0.0501694720444912,0.0414344118682959,0.0423747079496703
0.0475589061506441,0.0501694720444912,0.0414344118682959,0.0423747079496703
0.0475589061506441,0.0501694720444912,0.0414344118682959,0.0423747079496703
0.0475589061506441,0.0501694720444912,0.0414344118682959,0.0415969054681549
0.0475589061506441,0.0501694720444912,0.0414344118682959,0.0415969054681549
0.0475589061506441,0.0501694720444912,0.0414344118682959,0.0415969054681549
0.0475589061506441,0.0501694720444912,0.0414344118682959,0.0415969054681549
0.0475589061506441,0.0501694720444912,0.0414344118682959,0.0415969054681549
0.0475589061506441,0.0501694720444912,0.0414344118682959,0.0415969054681549
0.0475589061506441,0.0501694720444912,0.0414344118682959,0.0415969054681549
0.0475589061506441,0.0501694720444912,0.0414344118682959,0.0415969054681549
0.0475589061506441,0.0501694720444912,0.0414344118682959,0.0415969054681549
0.0475589061506441,0.0501694720444912,0.0414344118682959,0.0415969054681549
0.0475589061506441,0.0501694720444912,0.0414344118682959,0.0415969054681549
0.0475589061506441,0.0501694720444912,0.0414344118682959,0.0415969054681549
0.0475589061506441,0.0501694720444912,0.0414344118682959,0.0415969054681549
0.0475589061506441,0.0501694720444912,0.0414344118682959,0.0415969054681549
0.0475589061506441,0.0501694720444912,0.0414344118682959,0.0415969054681549
0.0475589061506441,0.0501694720444912,0.0414344118682959,0.0415969054681549
0.0475589061506441,0.0501694720444912,0.0414344118682959,0.0415969054681549
0.0475589061506441,0.0501694720444912,0.0414344118682959,0.0415969054681549
0.0475589061506441,0.0501694720444912,0.0414344118682959,0.0415969054681549
0.0475589061506441,0.0501694720444912,0.0414344118682959,0.0415969054681549
0.0475589061506441,0.0501694720444912,0.0414344118682959,0.0415969054681549
0.0475589061506441,0.0501694720444912,0.0414344118682959,0.0415969054681549
0.0475589061506441,0.0501694720444912,0.0414344118682959,0.0415969054681549
0.0475589061506441,0.0501694720444912,0.0414344118682959,0.0410818291313958
0.0475589061506441,0.0501694720444912,0.0414344118682959,0.0410818291313958
0.0475589061506441,0.0501694720444912,0.0414344118682959,0.0410818291313958
0.0475589061506441,0.0501694720444912,0.0414344118682959,0.0410818291313958
0.0475589061506441,0.0501694720444912,0.0414344118682959,0.0410818291313958
0.0475589061506441,0.0501694720444912,0.0414344118682959,0.0410818291313958
0.0475589061506441,0.0501694720444912,0.0414344118682959,0.0410818291313958
0.0475589061506441,0.0501694720444912,0.0414344118682959,0.0410818291313958
0.0475589061506441,0.0501694720444912,0.0414344118682959,0.0410818291313958
0.0475589061506441,0.0501694720444912,0.0414344118682959,0.0410818291313958
0.0475589061506441,0.0501694720444912,0.0414344118682959,0.0410818291313958
0.0475589061506441,0.0501694720444912,0.0414344118682959,0.0410818291313958
0.0475589061506441,0.0501694720444912,0.0414344118682959,0.0410818291313958
0.0475589061506441,0.0501694720444912,0.0414344118682959,0.0362053505842217
0.0475589061506441,0.0501694720444912,0.0414344118682959,0.0362053505842217
0.0475589061506441,0.0501694720444912,0.0414344118682959,0.0362053505842217
0.0475589061506441,0.0501694720444912,0.0414344118682959,0.0362053505842217
0.0475589061506441,0.0501694720444912,0.0414344118682959,0.0374087315401665
0.0475589061506441,0.0501694720444912,0.0414344118682959,0.0374087315401665
0.0475589061506441,0.0501694720444912,0.0414344118682959,0.0374087315401665
0.0475589061506441,0.0501694720444912,0.0414344118682959,0.0374087315401665
0.0475589061506441,0.0501694720444912,0.0414344118682959,0.0374087315401665
0.0475589061506441,0.0501694720444912,0.0414344118682959,0.0374087315401665
0.0475589061506441,0.0501694720444912,0.0414344118682959,0.0374087315401665
0.0475589061506441,0.0501694720444912,0.0414344118682959,0.0374087315401665
0.0475589061506441,0.0501694720444912,0.0414344118682959,0.0374087315401665
0.0475589061506441,0.0501694720444912,0.0414344118682959,0.0374087315401665
0.0475589061506441,0.0501694720444912,0.0414344118682959,0.0374087315401665
0.0475589061506441,0.0501694720444912,0.0414344118682959,0.0374087315401665
0.0475589061506441,0.0501694720444912,0.0414344118682959,0.0374087315401665
0.0475589061506441,0.0501694720444912,0.0414344118682959,0.0374087315401665
0.0475589061506441,0.0501694720444912,0.0414344118682959,0.0374087315401665
0.0475589061506441,0.0501694720444912,0.0414344118682959,0.0443400576759327
0.0475589061506441,0.0501694720444912,0.0414344118682959,0.0443400576759327
0.0475589061506441,0.0501694720444912,0.0414344118682959,0.0443400576759327
0.0475589061506441,0.0501694720444912,0.0414344118682959,0.0443400576759327
0.0475589061506441,0.0501694720444912,0.0414344118682959,0.0443400576759327
0.0475589061506441,0.0501694720444912,0.0414344118682959,0.0443400576759327
0.0475589061506441,0.0501694720444912,0.0414344118682959,0.0443400576759327
0.0475589061506441,0.0501694720444912,0.0414344118682959,0.0443400576759327
0.0475589061506441,0.0501694720444912,0.0414344118682959,0.0443400576759327
0.0475589061506441,0.0422073720855018,0.0414344118682959,0.0443400576759327
0.0475589061506441,0.0422073720855018,0.0414344118682959,0.0443400576759327
0.0475589061506441,0.0422073720855018,0.0414344118682959,0.0443400576759327
0.0475589061506441,0.0431170200627911,0.0414344118682959,0.0443400576759327
0.0475589061506441,0.0431170200627911,0.0414344118682959,0.0443400576759327
0.0475589061506441,0.0431170200627911,0.0414344118682959,0.0443400576759327
0.0475589061506441,0.0431170200627911,0.0414344118682959,0.0443400576759327
0.0475589061506441,0.0431170200627911,0.0414344118682959,0.0443400576759327
0.0475589061506441,0.0431170200627911,0.0414344118682959,0.0443400576759327
0.0475589061506441,0.0431170200627911,0.0414344118682959,0.0443400576759327
0.0475589061506441,0.0431170200627911,0.0414344118682959,0.0443400576759327
0.0475589061506441,0.0470094526105682,0.0414344118682959,0.0443400576759327
0.0475589061506441,0.0470094526105682,0.0414344118682959,0.0443400576759327
0.0475589061506441,0.0470094526105682,0.0414344118682959,0.0443400576759327
0.0475589061506441,0.0470094526105682,0.0414344118682959,0.0443400576759327
0.0475589061506441,0.0470094526105682,0.0414344118682959,0.0443400576759327
0.0475589061506441,0.0470094526105682,0.0414344118682959,0.0443400576759327
0.0475589061506441,0.0470094526105682,0.0414344118682959,0.0443400576759327
0.0475589061506441,0.0470094526105682,0.0414344118682959,0.0443400576759327
0.0475589061506441,0.0470094526105682,0.0414344118682959,0.0443400576759327
0.0475589061506441,0.0470094526105682,0.0414344118682959,0.0443400576759327
0.0475589061506441,0.0470094526105682,0.0414344118682959,0.0443400576759327
0.0475589061506441,0.0470094526105682,0.0414344118682959,0.0443400576759327
0.0475589061506441,0.0470094526105682,0.0414344118682959,0.0443400576759327
0.0475589061506441,0.0470094526105682,0.0414344118682959,0.0443400576759327
0.0475589061506441,0.0470094526105682,0.0414344118682959,0.0443400576759327
0.0475589061506441,0.0470094526105682,0.0414344118682959,0.0443400576759327
0.0475589061506441,0.0470094526105682,0.0414344118682959,0.0443400576759327
0.0475589061506441,0.0470094526105682,0.0414344118682959,0.0443400576759327
0.0475589061506441,0.0470094526105682,0.0414344118682959,0.0443400576759327
0.0475589061506441,0.0470094526105682,0.0414344118682959,0.0443400576759327
0.0475589061506441,0.0470094526105682,0.0414344118682959,0.0443400576759327
0.0475589061506441,0.0470094526105682,0.0414344118682959,0.0443400576759327
0.0475589061506441,0.0470094526105682,0.0414344118682959,0.0443400576759327
0.0475589061506441,0.0470094526105682,0.0414344118682959,0.0487999594657156
0.0475589061506441,0.045131078697997,0.0414344118682959,0.0487999594657156
0.0475589061506441,0.045131078697997,0.0414344118682959,0.0487999594657156
0.0475589061506441,0.045131078697997,0.0414344118682959,0.0487999594657156
0.0475589061506441,0.045131078697997,0.0414344118682959,0.0487999594657156
0.0475589061506441,0.045131078697997,0.0414344118682959,0.0487999594657156
0.0475589061506441,0.045131078697997,0.0414344118682959,0.0487999594657156
0.0475589061506441,0.045131078697997,0.0414344118682959,0.0487999594657156
0.0475589061506441,0.045131078697997,0.0414344118682959,0.0487999594657156
0.0475589061506441,0.045131078697997,0.0414344118682959,0.0487999594657156
0.0475589061506441,0.045131078697997,0.0414344118682959,0.043448633422576
0.0475589061506441,0.045131078697997,0.0414344118682959,0.043448633422576
0.0475589061506441,0.045131078697997,0.0414344118682959,0.043448633422576
0.0468553844653051,0.045131078697997,0.0414344118682959,0.043448633422576
0.0468553844653051,0.045131078697997,0.0414344118682959,0.043448633422576
0.0468553844653051,0.045131078697997,0.0414344118682959,0.043448633422576
0.0468553844653051,0.045131078697997,0.0414344118682959,0.043448633422576
0.0468553844653051,0.045131078697997,0.0414344118682959,0.043448633422576
0.0468553844653051,0.045131078697997,0.0414344118682959,0.043448633422576
0.0474234216588679,0.045131078697997,0.0414344118682959,0.043448633422576
0.0474234216588679,0.045131078697997,0.0414344118682959,0.043448633422576
0.0474234216588679,0.045131078697997,0.0414344118682959,0.043448633422576
0.0474234216588679,0.045131078697997,0.0414344118682959,0.043448633422576
0.0474234216588679,0.045131078697997,0.0414344118682959,0.043448633422576
0.0474234216588679,0.045131078697997,0.0414344118682959,0.043448633422576
0.0474234216588679,0.045131078697997,0.0414344118682959,0.043448633422576
0.0474234216588679,0.045131078697997,0.0414344118682959,0.043448633422576
0.0474234216588679,0.045131078697997,0.0414344118682959,0.043448633422576
0.0474234216588679,0.045131078697997,0.0414344118682959,0.042628399285344
0.0474234216588679,0.045131078697997,0.0414344118682959,0.042628399285344
0.0474886310070097,0.045131078697997,0.0391184239111196,0.042628399285344
0.0474886310070097,0.045131078697997,0.0391184239111196,0.042628399285344
0.0474886310070097,0.045131078697997,0.0391184239111196,0.042628399285344
0.0474886310070097,0.045131078697997,0.0391184239111196,0.042628399285344
0.0474886310070097,0.045131078697997,0.0391184239111196,0.042628399285344
0.0474886310070097,0.045131078697997,0.0391184239111196,0.042628399285344
0.0474886310070097,0.045131078697997,0.0391184239111196,0.0478977725414446
0.0474886310070097,0.045131078697997,0.0391184239111196,0.0478977725414446
0.0474886310070097,0.045131078697997,0.0391184239111196,0.0478977725414446
0.0474886310070097,0.045131078697997,0.0391184239111196,0.0478977725414446
0.0474886310070097,0.045131078697997,0.0391184239111196,0.0478977725414446
0.0474886310070097,0.0423344728503917,0.0391184239111196,0.0478977725414446
0.0474886310070097,0.0423344728503917,0.0391184239111196,0.0478977725414446
0.0474886310070097,0.0418630223516209,0.0391184239111196,0.0478977725414446
0.0474886310070097,0.0418630223516209,0.0391184239111196,0.0478977725414446
0.0474886310070097,0.0418630223516209,0.0391184239111196,0.044772572798022
0.0474886310070097,0.0418630223516209,0.0391184239111196,0.044772572798022
0.0474886310070097,0.0418630223516209,0.0391184239111196,0.044772572798022
0.0474886310070097,0.0418630223516209,0.0391184239111196,0.044772572798022
0.0474886310070097,0.0418630223516209,0.0391184239111196,0.044772572798022
0.0474886310070097,0.0418630223516209,0.0391184239111196,0.044772572798022
0.0474886310070097,0.0418630223516209,0.0391184239111196,0.044772572798022
0.0474886310070097,0.0418630223516209,0.0391184239111196,0.044772572798022
0.0474886310070097,0.0418630223516209,0.0391184239111196,0.044772572798022
0.0474886310070097,0.0418630223516209,0.0391184239111196,0.044772572798022
0.0474886310070097,0.0418630223516209,0.0391184239111196,0.044772572798022
0.0474886310070097,0.0418630223516209,0.0391184239111196,0.0455395574534652
0.0474886310070097,0.0418630223516209,0.0391184239111196,0.0455395574534652
0.0474886310070097,0.0418630223516209,0.0391184239111196,0.0455395574534652
0.0474886310070097,0.0418630223516209,0.0391184239111196,0.0455395574534652
0.0474886310070097,0.0418630223516209,0.0391184239111196,0.0455395574534652
0.0474886310070097,0.0418630223516209,0.0391184239111196,0.0455395574534652
0.0474886310070097,0.0418630223516209,0.0391184239111196,0.0455395574534652
0.0474886310070097,0.0418630223516209,0.0391184239111196,0.0455395574534652
0.0474886310070097,0.0418630223516209,0.0391184239111196,0.0455395574534652
0.0474886310070097,0.0418630223516209,0.0391184239111196,0.0455395574534652
0.0474886310070097,0.0418630223516209,0.0391184239111196,0.0455395574534652
0.0474886310070097,0.0418630223516209,0.0398138068899428,0.0455395574534652
0.0474886310070097,0.0418630223516209,0.0398138068899428,0.0455395574534652
0.0474886310070097,0.0418630223516209,0.0398138068899428,0.0455395574534652
0.0474886310070097,0.0418630223516209,0.0398138068899428,0.0455395574534652
0.0474886310070097,0.0418630223516209,0.0398138068899428,0.0455395574534652
0.0474886310070097,0.0418630223516209,0.0398138068899428,0.0455395574534652
0.0474886310070097,0.0418630223516209,0.0398138068899428,0.0455395574534652
0.0474886310070097,0.0418630223516209,0.0398138068899428,0.0455395574534652
0.0474886310070097,0.0418630223516209,0.0398138068899428,0.0455395574534652
0.0474886310070097,0.0418630223516209,0.0398138068899428,0.0455395574534652
0.0474886310070097,0.0418630223516209,0.0398138068899428,0.0455395574534652
0.0474886310070097,0.0418630223516209,0.0398138068899428,0.0455395574534652
0.0474886310070097,0.0418630223516209,0.0398138068899428,0.0521310625327537
0.0474886310070097,0.0418630223516209,0.0398138068899428,0.0521310625327537
0.0474886310070097,0.0418630223516209,0.0398138068899428,0.0521310625327537
0.0474886310070097,0.0418630223516209,0.0398138068899428,0.0521310625327537
0.0474886310070097,0.0508056790310986,0.0398138068899428,0.0497017012639356
0.0474886310070097,0.0508056790310986,0.0398138068899428,0.0497017012639356
0.0474886310070097,0.0508056790310986,0.0398138068899428,0.0497017012639356
0.0474886310070097,0.0508056790310986,0.0398138068899428,0.0497017012639356
0.0474886310070097,0.0508056790310986,0.0398138068899428,0.0497017012639356
0.0474886310070097,0.0508056790310986,0.0401681466617291,0.0497017012639356
0.0474886310070097,0.0508056790310986,0.0401681466617291,0.0497017012639356
0.0474886310070097,0.0508056790310986,0.0401681466617291,0.0502784451008502
0.0474886310070097,0.0508056790310986,0.0401681466617291,0.0502784451008502
0.0474886310070097,0.0508056790310986,0.0401681466617291,0.0502784451008502
0.0474886310070097,0.0508056790310986,0.0401681466617291,0.0502784451008502
0.0474886310070097,0.0508056790310986,0.0401681466617291,0.0502784451008502
0.0474886310070097,0.0508056790310986,0.0401681466617291,0.0502784451008502
0.0474886310070097,0.0407921689987085,0.0401681466617291,0.0502784451008502
0.0474886310070097,0.0445907630847796,0.0400497635308512,0.0502784451008502
0.0474886310070097,0.0445907630847796,0.0400497635308512,0.0502784451008502
0.0474886310070097,0.0445907630847796,0.0400497635308512,0.0502784451008502
0.0474886310070097,0.0445907630847796,0.0400497635308512,0.0502784451008502
0.0474886310070097,0.0445907630847796,0.0400497635308512,0.0502784451008502
0.0474886310070097,0.0445907630847796,0.0400497635308512,0.0502784451008502
0.0474886310070097,0.0445907630847796,0.0400497635308512,0.0502784451008502
0.0474886310070097,0.0445907630847796,0.0400497635308512,0.051790330843229
0.0474886310070097,0.0445907630847796,0.0400497635308512,0.051790330843229
0.0474886310070097,0.0445907630847796,0.0400497635308512,0.051790330843229
0.0474886310070097,0.0445907630847796,0.0400497635308512,0.051790330843229
0.0474886310070097,0.0445907630847796,0.0400497635308512,0.0503943376417702
0.0474886310070097,0.0445907630847796,0.0400497635308512,0.0503943376417702
0.0474886310070097,0.0445907630847796,0.0400497635308512,0.0503943376417702
0.0474886310070097,0.0445907630847796,0.0400497635308512,0.0503943376417702
0.0474886310070097,0.0445907630847796,0.0400497635308512,0.0503943376417702
0.0474886310070097,0.0445907630847796,0.0400497635308512,0.0503943376417702
0.0474886310070097,0.0445907630847796,0.0400497635308512,0.0503943376417702
0.0474886310070097,0.0445907630847796,0.0400497635308512,0.0503943376417702
0.0474886310070097,0.0445907630847796,0.0400497635308512,0.0503943376417702
0.0474886310070097,0.0445907630847796,0.0400497635308512,0.0503943376417702
0.0474886310070097,0.0445907630847796,0.0400497635308512,0.0503943376417702
0.0474886310070097,0.0445907630847796,0.0400497635308512,0.0503943376417702
0.0474886310070097,0.0445907630847796,0.0400497635308512,0.0503943376417702
0.0474886310070097,0.0445907630847796,0.0400497635308512,0.0503943376417702
0.0474886310070097,0.0445907630847796,0.0400497635308512,0.0441761108466762
0.0474886310070097,0.0445907630847796,0.0400497635308512,0.0441761108466762
0.0474886310070097,0.0445907630847796,0.0400497635308512,0.0441761108466762
0.0474886310070097,0.0445907630847796,0.0400497635308512,0.0441761108466762
0.0474886310070097,0.0445907630847796,0.0400497635308512,0.0441761108466762
0.0474886310070097,0.0445907630847796,0.0400497635308512,0.0441761108466762
0.0474886310070097,0.0445907630847796,0.0400497635308512,0.0441761108466762
0.0474886310070097,0.0445907630847796,0.0400497635308512,0.0441761108466762
0.0474886310070097,0.0445907630847796,0.0426343998003895,0.0441761108466762
0.0474886310070097,0.0445907630847796,0.0426343998003895,0.0441761108466762
0.0474886310070097,0.0445907630847796,0.0426343998003895,0.0441761108466762
0.0474886310070097,0.0445907630847796,0.0431740643768039,0.0441761108466762
0.0474886310070097,0.0445907630847796,0.0431740643768039,0.0441761108466762
0.047518117333309,0.0445907630847796,0.0431740643768039,0.0441761108466762
0.047518117333309,0.0445907630847796,0.0431740643768039,0.0441761108466762
0.047518117333309,0.0445907630847796,0.0431740643768039,0.0441761108466762
0.047518117333309,0.0445907630847796,0.0431740643768039,0.0441761108466762
0.047518117333309,0.0445907630847796,0.0431740643768039,0.0441761108466762
0.047518117333309,0.0445907630847796,0.0431740643768039,0.0421008774166972
0.047518117333309,0.0445907630847796,0.0431740643768039,0.0421008774166972
0.047518117333309,0.0445907630847796,0.0431740643768039,0.0421008774166972
0.047518117333309,0.0445907630847796,0.0431740643768039,0.0421008774166972
0.047518117333309,0.0445907630847796,0.0431740643768039,0.0422557360770851
0.047518117333309,0.0445907630847796,0.0431740643768039,0.0422557360770851
0.047518117333309,0.0445907630847796,0.0431740643768039,0.0422557360770851
0.047518117333309,0.0445907630847796,0.0431740643768039,0.0422557360770851
0.047518117333309,0.0445907630847796,0.0431740643768039,0.0422557360770851
0.047518117333309,0.0445907630847796,0.0431740643768039,0.0422557360770851
0.047518117333309,0.0445907630847796,0.0431740643768039,0.0422557360770851
0.047518117333309,0.0445907630847796,0.0431740643768039,0.0422557360770851
0.047518117333309,0.0420318977077315,0.0431740643768039,0.0422557360770851
0.047518117333309,0.0420318977077315,0.0431740643768039,0.0422557360770851
0.0468281026362263,0.0420318977077315,0.0431740643768039,0.0422557360770851
0.0468281026362263,0.0445015460551437,0.0431740643768039,0.0422557360770851
0.0468281026362263,0.0445015460551437,0.0431740643768039,0.0422557360770851
0.0468281026362263,0.0445015460551437,0.0431740643768039,0.0422557360770851
0.0468281026362263,0.0445015460551437,0.0431740643768039,0.0422557360770851
0.0468281026362263,0.0445015460551437,0.0431740643768039,0.0422557360770851
0.0468281026362263,0.0445015460551437,0.0431740643768039,0.0422557360770851
0.0468281026362263,0.0445015460551437,0.0431740643768039,0.0422557360770851
0.0468281026362263,0.0445015460551437,0.0431740643768039,0.0422557360770851
0.0468281026362263,0.0445015460551437,0.0431740643768039,0.0422557360770851
0.0468281026362263,0.0445015460551437,0.0431740643768039,0.0422557360770851
0.0468281026362263,0.0445015460551437,0.0431740643768039,0.0422557360770851
0.0468281026362263,0.0445015460551437,0.0431740643768039,0.0422557360770851
0.0468281026362263,0.0445015460551437,0.0431740643768039,0.0422557360770851
0.0468281026362263,0.0445015460551437,0.0431740643768039,0.0422557360770851
0.0468281026362263,0.0445015460551437,0.0431740643768039,0.0422557360770851
0.0468281026362263,0.0445015460551437,0.0431740643768039,0.0422557360770851
0.0468281026362263,0.0474628401301442,0.0431740643768039,0.0422557360770851
0.0468281026362263,0.0474628401301442,0.0431740643768039,0.0422557360770851
0.0468281026362263,0.0474628401301442,0.0431740643768039,0.0422557360770851
0.0468281026362263,0.0540821732273123,0.0409180151150621,0.0422557360770851
0.0468281026362263,0.0540821732273123,0.0409180151150621,0.0422557360770851
0.0468281026362263,0.0540821732273123,0.0409180151150621,0.0422557360770851
0.0468281026362263,0.0540821732273123,0.0409180151150621,0.0422557360770851
0.0468281026362263,0.0540821732273123,0.0409180151150621,0.0422557360770851
0.0468281026362263,0.0540821732273123,0.0409180151150621,0.0422557360770851
0.0468281026362263,0.0540821732273123,0.0409180151150621,0.0422557360770851
0.0468281026362263,0.0540821732273123,0.0409180151150621,0.0422557360770851
0.0468281026362263,0.0540821732273123,0.0409180151150621,0.0410280119555663
0.0468281026362263,0.0540821732273123,0.0409180151150621,0.0410280119555663
0.0468281026362263,0.0540821732273123,0.0409180151150621,0.0410280119555663
0.0468281026362263,0.0540821732273123,0.0409180151150621,0.0410280119555663
0.0468281026362263,0.0540821732273123,0.0409180151150621,0.0447474031488863
0.0468281026362263,0.0540821732273123,0.0409180151150621,0.0447474031488863
0.0468281026362263,0.0540821732273123,0.0409180151150621,0.0447474031488863
0.0468281026362263,0.0540821732273123,0.0409180151150621,0.0447474031488863
0.0468281026362263,0.0540821732273123,0.0409180151150621,0.0447474031488863
0.0468281026362263,0.0540821732273123,0.0409180151150621,0.0447474031488863
0.0495245244425973,0.0540821732273123,0.0409180151150621,0.0447474031488863
0.0495245244425973,0.0540821732273123,0.0409180151150621,0.0447474031488863
0.0495245244425973,0.0540821732273123,0.0409180151150621,0.0447474031488863
0.0495245244425973,0.0540821732273123,0.0409180151150621,0.0447474031488863
0.0495245244425973,0.0540821732273123,0.0409180151150621,0.0447474031488863
0.0495245244425973,0.0540821732273123,0.0409180151150621,0.0447474031488863
0.0495245244425973,0.0540821732273123,0.0409180151150621,0.0447474031488863
0.0495245244425973,0.0540821732273123,0.0409180151150621,0.0447474031488863
0.0495245244425973,0.0540821732273123,0.0409180151150621,0.0447474031488863
0.0495245244425973,0.0540821732273123,0.0409180151150621,0.0447474031488863
0.0495245244425973,0.0540821732273123,0.0409180151150621,0.0447474031488863
0.0495245244425973,0.0540821732273123,0.0409180151150621,0.0447474031488863
0.0495245244425973,0.0540821732273123,0.0409180151150621,0.0447474031488863
0.0495245244425973,0.0540821732273123,0.0409180151150621,0.0447474031488863
0.0495245244425973,0.0540821732273123,0.0409180151150621,0.0447474031488863
0.0495245244425973,0.0540821732273123,0.0409180151150621,0.0447474031488863
0.0495245244425973,0.0540821732273123,0.0409180151150621,0.0447474031488863
0.0495245244425973,0.0540821732273123,0.0409180151150621,0.0447474031488863
0.0495245244425973,0.0540821732273123,0.0376001661591734,0.0447474031488863
0.0495245244425973,0.0540821732273123,0.0376001661591734,0.0447474031488863
0.0495245244425973,0.0540821732273123,0.0376001661591734,0.0447474031488863
0.0495245244425973,0.0540821732273123,0.0376001661591734,0.0447474031488863
0.0495245244425973,0.0540821732273123,0.0376001661591734,0.0447474031488863
0.0495245244425973,0.0540821732273123,0.0376001661591734,0.0447474031488863
0.0495245244425973,0.0540821732273123,0.0376001661591734,0.0447474031488863
0.0495245244425973,0.0540821732273123,0.0376001661591734,0.0447474031488863
0.0495245244425973,0.0540821732273123,0.0376001661591734,0.0447474031488863
0.0495245244425973,0.0540821732273123,0.0376001661591734,0.0447474031488863
0.0495245244425973,0.0540821732273123,0.0376001661591734,0.0447474031488863
0.0495245244425973,0.0540821732273123,0.0376001661591734,0.0441807747732571
0.0495245244425973,0.0540821732273123,0.0370128451908022,0.0441807747732571
0.0495245244425973,0.0540821732273123,0.0370128451908022,0.0441807747732571
0.0495245244425973,0.0540821732273123,0.0370128451908022,0.0441807747732571
0.0495245244425973,0.0540821732273123,0.0370128451908022,0.0441807747732571
0.0495245244425973,0.0540821732273123,0.0370128451908022,0.0441807747732571
0.0495245244425973,0.0540821732273123,0.0370128451908022,0.0441807747732571
0.0495245244425973,0.0540821732273123,0.0370128451908022,0.0441807747732571
0.0495245244425973,0.0540821732273123,0.0370128451908022,0.0441807747732571
0.0495245244425973,0.0540821732273123,0.0370128451908022,0.0441807747732571
0.0495245244425973,0.0540821732273123,0.0370128451908022,0.0441807747732571
0.0495245244425973,0.0540821732273123,0.0370128451908022,0.0441807747732571
0.0495245244425973,0.0540821732273123,0.0370128451908022,0.0422449046213247
0.0495245244425973,0.0540821732273123,0.0370128451908022,0.0422449046213247
0.0495245244425973,0.0540821732273123,0.0370128451908022,0.0422449046213247
0.0495245244425973,0.0540821732273123,0.0370128451908022,0.0422449046213247
0.0495245244425973,0.0540821732273123,0.0370128451908022,0.0422449046213247
0.0495245244425973,0.0540821732273123,0.0370128451908022,0.0422449046213247
0.0495245244425973,0.0552417068335756,0.0370128451908022,0.0422449046213247
0.0495245244425973,0.0552417068335756,0.0370128451908022,0.0422449046213247
0.0495245244425973,0.0552417068335756,0.0370128451908022,0.0422449046213247
0.0495245244425973,0.0552417068335756,0.0370128451908022,0.0422449046213247
0.0495245244425973,0.0552417068335756,0.0370128451908022,0.0422449046213247
0.0495245244425973,0.0552417068335756,0.0370128451908022,0.0422449046213247
0.0495245244425973,0.0552417068335756,0.0370128451908022,0.0422449046213247
0.0495245244425973,0.0552417068335756,0.0370128451908022,0.0422449046213247
0.0495245244425973,0.0552417068335756,0.0370128451908022,0.0422449046213247
0.0495245244425973,0.0552417068335756,0.0416411979275512,0.0422449046213247
0.0495245244425973,0.0552417068335756,0.0416411979275512,0.0422449046213247
0.0495245244425973,0.0552417068335756,0.0416411979275512,0.0422449046213247
0.0495245244425973,0.0552417068335756,0.0416411979275512,0.0422449046213247
0.0495245244425973,0.0552417068335756,0.0416411979275512,0.0450194673159676
0.0495245244425973,0.0552417068335756,0.0416411979275512,0.0450194673159676
0.0495245244425973,0.0552417068335756,0.0416411979275512,0.0450194673159676
0.0495245244425973,0.0552417068335756,0.0416411979275512,0.0450194673159676
0.0495245244425973,0.0552417068335756,0.0416411979275512,0.0450194673159676
0.0495245244425973,0.0552417068335756,0.0416411979275512,0.0450194673159676
0.0495245244425973,0.0552417068335756,0.0416411979275512,0.0450194673159676
0.0495245244425973,0.0552417068335756,0.0416411979275512,0.0450194673159676
0.0495245244425973,0.0552417068335756,0.0416411979275512,0.0450194673159676
0.0495245244425973,0.0552417068335756,0.0416411979275512,0.0450194673159676
0.0495245244425973,0.0552417068335756,0.0416411979275512,0.0450194673159676
0.0495245244425973,0.0552417068335756,0.0416411979275512,0.0403532195784537
0.0495245244425973,0.0552417068335756,0.0416411979275512,0.0403532195784537
0.0495245244425973,0.0552417068335756,0.0416411979275512,0.0403532195784537
0.0495245244425973,0.0552417068335756,0.0416411979275512,0.0403532195784537
0.0495245244425973,0.0552417068335756,0.0416411979275512,0.0403532195784537
0.0495245244425973,0.0552417068335756,0.0416411979275512,0.0403532195784537
0.0495245244425973,0.0552417068335756,0.0416411979275512,0.0403532195784537
0.0495245244425973,0.0552417068335756,0.0416411979275512,0.0403532195784537
0.0495245244425973,0.0552417068335756,0.0416411979275512,0.0403532195784537
0.0495245244425973,0.0552417068335756,0.0416411979275512,0.0403532195784537
0.0495245244425973,0.0472010809791375,0.0416411979275512,0.0403532195784537
0.0495245244425973,0.0472010809791375,0.0416411979275512,0.0403532195784537
0.0495245244425973,0.0472010809791375,0.0416411979275512,0.0433970870513501
0.0495245244425973,0.0472010809791375,0.0416411979275512,0.0433970870513501
0.0495245244425973,0.0472010809791375,0.0416411979275512,0.0433970870513501
0.0495245244425973,0.0472010809791375,0.0416411979275512,0.0433970870513501
0.0495245244425973,0.0472010809791375,0.0416411979275512,0.04053376447182
0.0495245244425973,0.0472010809791375,0.0416411979275512,0.04053376447182
0.0495245244425973,0.0472010809791375,0.0416411979275512,0.04053376447182
0.0495245244425973,0.0472010809791375,0.0416411979275512,0.04053376447182
0.0495245244425973,0.0472010809791375,0.0416411979275512,0.04053376447182
0.0495245244425973,0.0472010809791375,0.0416411979275512,0.04053376447182
0.0495245244425973,0.0472010809791375,0.0416411979275512,0.04053376447182
0.0495245244425973,0.0472010809791375,0.0416411979275512,0.04053376447182
0.0495245244425973,0.0472010809791375,0.0416411979275512,0.04053376447182
0.0495245244425973,0.0472010809791375,0.0416411979275512,0.04053376447182
0.0495245244425973,0.0472010809791375,0.0416411979275512,0.04053376447182
0.0495245244425973,0.0472010809791375,0.0416411979275512,0.04053376447182
0.0495245244425973,0.0472010809791375,0.0416411979275512,0.04053376447182
0.0495245244425973,0.0472010809791375,0.0416411979275512,0.04053376447182
0.0495245244425973,0.0472010809791375,0.0416411979275512,0.04053376447182
0.0495245244425973,0.0472010809791375,0.0416411979275512,0.04053376447182
0.0495245244425973,0.0472010809791375,0.0416411979275512,0.04053376447182
0.0495245244425973,0.0472010809791375,0.0416411979275512,0.0467997717473145
0.0495245244425973,0.0472010809791375,0.0416411979275512,0.0467997717473145
0.0495245244425973,0.0472010809791375,0.0416411979275512,0.0467997717473145
0.0495245244425973,0.0472010809791375,0.0416411979275512,0.0467997717473145
0.0495245244425973,0.0472010809791375,0.0416411979275512,0.0467997717473145
0.0495245244425973,0.0472010809791375,0.0393594417279891,0.0467997717473145
0.0495245244425973,0.0472010809791375,0.0393594417279891,0.0467997717473145
0.0495245244425973,0.0472010809791375,0.0393594417279891,0.0467997717473145
0.0495245244425973,0.0472010809791375,0.0393594417279891,0.0467997717473145
0.0495245244425973,0.0472010809791375,0.0393594417279891,0.0467997717473145
0.0495245244425973,0.0472010809791375,0.0393594417279891,0.0467997717473145
0.0495245244425973,0.0472010809791375,0.0393594417279891,0.0447716264124015
0.0495245244425973,0.0472010809791375,0.0393594417279891,0.0447716264124015
0.0495245244425973,0.0472010809791375,0.0393594417279891,0.0447716264124015
0.0495245244425973,0.0472010809791375,0.0393594417279891,0.0447716264124015
0.0495245244425973,0.0472010809791375,0.0393594417279891,0.0447716264124015
0.0495245244425973,0.0472010809791375,0.0393594417279891,0.0447716264124015
0.0495245244425973,0.0472010809791375,0.0393594417279891,0.0448642697612931
0.0495245244425973,0.0472010809791375,0.0393594417279891,0.0448642697612931
0.0495245244425973,0.0472010809791375,0.0393594417279891,0.0448642697612931
0.0495245244425973,0.0472010809791375,0.0393594417279891,0.0448642697612931
0.0495245244425973,0.0472010809791375,0.0393594417279891,0.0448642697612931
0.0495245244425973,0.0472010809791375,0.0393594417279891,0.0448642697612931
0.0495245244425973,0.0496250886487239,0.0393594417279891,0.0448642697612931
0.0495245244425973,0.0496250886487239,0.0420286177062079,0.0448642697612931
0.0495245244425973,0.0496250886487239,0.0420286177062079,0.0448642697612931
0.0495245244425973,0.0496250886487239,0.0420286177062079,0.0448642697612931
0.0495245244425973,0.0496250886487239,0.0420286177062079,0.0448642697612931
0.0495245244425973,0.0496250886487239,0.0420286177062079,0.0448642697612931
0.0495245244425973,0.0496250886487239,0.0420286177062079,0.0448642697612931
0.0495245244425973,0.0496250886487239,0.0420286177062079,0.0448642697612931
0.0495245244425973,0.0496250886487239,0.0420286177062079,0.0448642697612931
0.0495245244425973,0.0496250886487239,0.0420286177062079,0.0448642697612931
0.0495245244425973,0.0496250886487239,0.0420286177062079,0.0448642697612931
0.0495245244425973,0.0496250886487239,0.0420286177062079,0.0448642697612931
0.0495245244425973,0.0496250886487239,0.0420286177062079,0.0448642697612931
0.0495245244425973,0.0496250886487239,0.0420286177062079,0.0448642697612931
0.0495245244425973,0.0496250886487239,0.0420286177062079,0.0448642697612931
0.0514502812418682,0.0496250886487239,0.0420286177062079,0.0448642697612931
0.0514502812418682,0.0496250886487239,0.0420286177062079,0.0448642697612931
0.0514502812418682,0.0496250886487239,0.0420286177062079,0.0448642697612931
0.0514502812418682,0.0496250886487239,0.0420286177062079,0.0448642697612931
0.0514502812418682,0.0496250886487239,0.0420286177062079,0.0448642697612931
0.0514502812418682,0.0496250886487239,0.0420286177062079,0.0448642697612931
0.0514502812418682,0.0496250886487239,0.0420286177062079,0.0448642697612931
0.0514502812418682,0.0496250886487239,0.0420286177062079,0.0448642697612931
0.0514502812418682,0.0496250886487239,0.0420286177062079,0.0448642697612931
0.0514502812418682,0.0496250886487239,0.0420286177062079,0.0448642697612931
0.0514502812418682,0.0496250886487239,0.0420286177062079,0.0448642697612931
0.0514502812418682,0.0496250886487239,0.0420286177062079,0.0448642697612931
0.0514502812418682,0.0496250886487239,0.0420286177062079,0.0448642697612931
0.0514502812418682,0.0496250886487239,0.0420286177062079,0.0448642697612931
0.0514502812418682,0.0496250886487239,0.0420286177062079,0.0448642697612931
0.0514502812418682,0.0496250886487239,0.0420286177062079,0.0455385762959717
0.0514502812418682,0.0496250886487239,0.0420286177062079,0.0455385762959717
0.0514502812418682,0.0496250886487239,0.0420286177062079,0.0455385762959717
0.0514502812418682,0.0496250886487239,0.0420286177062079,0.0455385762959717
0.0514502812418682,0.0496250886487239,0.0420286177062079,0.0455385762959717
0.0514502812418682,0.0496250886487239,0.0420286177062079,0.0455385762959717
0.0514502812418682,0.0496250886487239,0.0420286177062079,0.0455385762959717
0.0514502812418682,0.0496250886487239,0.0420286177062079,0.0455385762959717
0.0514502812418682,0.0496250886487239,0.0420286177062079,0.0455385762959717
0.0514502812418682,0.0496250886487239,0.0420286177062079,0.0455385762959717
0.0534106374602871,0.0496250886487239,0.0420286177062079,0.0455385762959717
0.0534106374602871,0.0496250886487239,0.0420286177062079,0.0455385762959717
0.0534106374602871,0.0496250886487239,0.0420286177062079,0.0455385762959717
0.0534106374602871,0.0496250886487239,0.0420286177062079,0.0455385762959717
0.0534106374602871,0.0496250886487239,0.0420286177062079,0.0455385762959717
0.0534106374602871,0.0496250886487239,0.0420286177062079,0.0455385762959717
0.0534106374602871,0.0496250886487239,0.0420286177062079,0.0455385762959717
0.0534106374602871,0.0496250886487239,0.0420286177062079,0.0455385762959717
0.0534106374602871,0.0496250886487239,0.0420286177062079,0.0455385762959717
0.0534106374602871,0.0496250886487239,0.0420286177062079,0.0455385762959717
0.0534106374602871,0.0438517591094867,0.0420286177062079,0.0455385762959717
0.0534106374602871,0.0438517591094867,0.0420286177062079,0.0455385762959717
0.0534106374602871,0.0438517591094867,0.0420286177062079,0.0455385762959717
0.0534106374602871,0.0438517591094867,0.0420286177062079,0.0455385762959717
0.0534106374602871,0.0438517591094867,0.0420286177062079,0.0455385762959717
0.0534106374602871,0.0438517591094867,0.0420286177062079,0.0455385762959717
0.0534106374602871,0.0438517591094867,0.0420286177062079,0.0455385762959717
0.0534106374602871,0.0438517591094867,0.0420286177062079,0.0455385762959717
0.0534106374602871,0.0438517591094867,0.0420286177062079,0.0455385762959717
0.0534106374602871,0.0438517591094867,0.0420286177062079,0.0455385762959717
0.0534106374602871,0.0438517591094867,0.0423799131085152,0.0455385762959717
0.0534106374602871,0.0438517591094867,0.0423799131085152,0.0455385762959717
0.0534106374602871,0.0438517591094867,0.0423799131085152,0.0455385762959717
0.0534106374602871,0.0438517591094867,0.0423799131085152,0.0455385762959717
0.0534106374602871,0.0438517591094867,0.0423799131085152,0.0455385762959717
0.0524126430047138,0.0438517591094867,0.0423799131085152,0.0455385762959717
0.0524126430047138,0.0438517591094867,0.0423799131085152,0.0455385762959717
0.0524126430047138,0.0438517591094867,0.0423799131085152,0.0455385762959717
0.0524126430047138,0.0458162654380729,0.0423799131085152,0.0455385762959717
0.0524126430047138,0.0458162654380729,0.0423799131085152,0.0455385762959717
0.0524126430047138,0.0458162654380729,0.0423799131085152,0.0455385762959717
0.0524126430047138,0.0458162654380729,0.0423799131085152,0.0455385762959717
0.0524126430047138,0.0458162654380729,0.0423799131085152,0.0455385762959717
0.0524126430047138,0.0458162654380729,0.0423799131085152,0.0455385762959717
0.0524126430047138,0.0458162654380729,0.0423799131085152,0.0455385762959717
0.0524126430047138,0.0458162654380729,0.0423799131085152,0.0455385762959717
0.0524126430047138,0.0458162654380729,0.0423799131085152,0.0455385762959717
0.0524126430047138,0.0458162654380729,0.0423799131085152,0.0455385762959717
0.0524126430047138,0.046759870282229,0.0423799131085152,0.0455385762959717
0.0524126430047138,0.046759870282229,0.0423799131085152,0.0455385762959717
0.0524126430047138,0.046759870282229,0.0423799131085152,0.0455385762959717
0.0489007135286557,0.046759870282229,0.039995674986146,0.0455385762959717
0.0489007135286557,0.046759870282229,0.039995674986146,0.0455385762959717
0.0489007135286557,0.046759870282229,0.039995674986146,0.0455385762959717
0.0489007135286557,0.046759870282229,0.039995674986146,0.0455385762959717
0.0489007135286557,0.0519739232946542,0.039995674986146,0.0455385762959717
0.0489007135286557,0.0519739232946542,0.039995674986146,0.0455385762959717
0.0497826836114533,0.0519739232946542,0.039995674986146,0.0455385762959717
0.0497826836114533,0.0519739232946542,0.039995674986146,0.0455385762959717
0.0497826836114533,0.0519739232946542,0.039995674986146,0.0455385762959717
0.0497826836114533,0.0519739232946542,0.039995674986146,0.0455385762959717
0.0497826836114533,0.0519739232946542,0.039995674986146,0.0455385762959717
0.0497826836114533,0.0519739232946542,0.039995674986146,0.0455385762959717
0.0497826836114533,0.0519739232946542,0.039995674986146,0.0455385762959717
0.0497826836114533,0.0519739232946542,0.039995674986146,0.0476164213260614
0.0497826836114533,0.0519739232946542,0.039995674986146,0.0476164213260614
0.0497826836114533,0.0519739232946542,0.039995674986146,0.0476164213260614
0.0497826836114533,0.0519739232946542,0.039995674986146,0.0476164213260614
0.0497826836114533,0.0519739232946542,0.039995674986146,0.0476164213260614
0.0497826836114533,0.0519739232946542,0.039995674986146,0.0476164213260614
0.0497826836114533,0.0519739232946542,0.039995674986146,0.0476164213260614
0.0497826836114533,0.0519739232946542,0.039995674986146,0.0476164213260614
0.0497826836114533,0.0519739232946542,0.039995674986146,0.0476164213260614
0.0497826836114533,0.0519739232946542,0.039995674986146,0.0476164213260614
0.0497826836114533,0.0547647239725741,0.039995674986146,0.0476164213260614
0.0497826836114533,0.0547647239725741,0.039995674986146,0.0476164213260614
0.0497826836114533,0.0547647239725741,0.039995674986146,0.0476164213260614
0.0497826836114533,0.0547647239725741,0.039995674986146,0.0476164213260614
0.0497826836114533,0.0547647239725741,0.039995674986146,0.0476164213260614
0.0497826836114533,0.0547647239725741,0.039995674986146,0.0476164213260614
0.0497826836114533,0.0547647239725741,0.039995674986146,0.0476164213260614
0.0497826836114533,0.0547647239725741,0.039995674986146,0.0476164213260614
0.0497826836114533,0.0547647239725741,0.039995674986146,0.0476164213260614
0.0497826836114533,0.0547647239725741,0.039995674986146,0.0476164213260614
0.0497826836114533,0.0547647239725741,0.039995674986146,0.0476164213260614
0.0497826836114533,0.0547647239725741,0.039995674986146,0.0476164213260614
0.0497826836114533,0.0547647239725741,0.039995674986146,0.0476164213260614
0.0497826836114533,0.0547647239725741,0.039995674986146,0.0476164213260614
0.0497826836114533,0.0547647239725741,0.039995674986146,0.0476164213260614
0.0497826836114533,0.0547647239725741,0.039995674986146,0.0476164213260614
0.0497826836114533,0.0547647239725741,0.039995674986146,0.0476164213260614
0.0497826836114533,0.0547647239725741,0.039995674986146,0.0476164213260614
0.0497826836114533,0.0547647239725741,0.039995674986146,0.0476164213260614
0.0497826836114533,0.0547647239725741,0.039995674986146,0.0476164213260614
0.0497826836114533,0.0547647239725741,0.039995674986146,0.0476164213260614
0.0497826836114533,0.0547647239725741,0.039995674986146,0.0476164213260614
0.0497826836114533,0.0547647239725741,0.039995674986146,0.0476164213260614
0.0497826836114533,0.0547647239725741,0.039995674986146,0.0476164213260614
0.0497826836114533,0.0547647239725741,0.039995674986146,0.0476164213260614
0.0497826836114533,0.0547647239725741,0.039995674986146,0.0476164213260614
0.0497826836114533,0.0547647239725741,0.039995674986146,0.0476164213260614
0.0497826836114533,0.0547647239725741,0.039995674986146,0.0476164213260614
0.0497826836114533,0.0547647239725741,0.039995674986146,0.0476164213260614
0.0497826836114533,0.0547647239725741,0.039995674986146,0.0476164213260614
0.0497826836114533,0.0547647239725741,0.039995674986146,0.0476164213260614
0.0497826836114533,0.0547647239725741,0.039995674986146,0.0476164213260614
0.0497826836114533,0.0547647239725741,0.039995674986146,0.0476164213260614
0.0497826836114533,0.0547647239725741,0.039995674986146,0.0476164213260614
0.0497826836114533,0.0547647239725741,0.039995674986146,0.0476164213260614
0.0497826836114533,0.0547647239725741,0.039995674986146,0.0476164213260614
0.0497826836114533,0.0547647239725741,0.039995674986146,0.0476164213260614
0.0497826836114533,0.0547647239725741,0.039995674986146,0.0476164213260614
0.0497826836114533,0.0547647239725741,0.039995674986146,0.0476164213260614
0.0497826836114533,0.0547647239725741,0.039995674986146,0.0476164213260614
0.0497826836114533,0.0547647239725741,0.039995674986146,0.0476164213260614
0.0497826836114533,0.0547647239725741,0.039995674986146,0.0476164213260614
0.0497826836114533,0.0547647239725741,0.039995674986146,0.0476164213260614
0.0497826836114533,0.0547647239725741,0.039995674986146,0.0476164213260614
0.0497826836114533,0.0547647239725741,0.039995674986146,0.0476164213260614
0.0497826836114533,0.0547647239725741,0.039995674986146,0.0476164213260614
0.0497826836114533,0.0547647239725741,0.039995674986146,0.0476164213260614
0.0497826836114533,0.0547647239725741,0.039995674986146,0.0476164213260614
0.0497826836114533,0.0547647239725741,0.039995674986146,0.0476164213260614
0.0497826836114533,0.0547647239725741,0.039995674986146,0.0476164213260614
0.0497826836114533,0.0547647239725741,0.039995674986146,0.0476164213260614
0.0497826836114533,0.0547647239725741,0.039995674986146,0.0476164213260614
0.0497826836114533,0.0547647239725741,0.039995674986146,0.0476164213260614
0.0497826836114533,0.0547647239725741,0.039995674986146,0.0476164213260614
0.0497826836114533,0.0547647239725741,0.039995674986146,0.0476164213260614
0.0497826836114533,0.0547647239725741,0.039995674986146,0.0476164213260614
0.0497826836114533,0.0547647239725741,0.039995674986146,0.0476164213260614
0.0497826836114533,0.0547647239725741,0.039995674986146,0.0476164213260614
0.0497826836114533,0.0547647239725741,0.039995674986146,0.0476164213260614
0.0497826836114533,0.0547647239725741,0.039995674986146,0.0476164213260614
0.0497826836114533,0.0547647239725741,0.039995674986146,0.0476164213260614
0.0497826836114533,0.0547647239725741,0.039995674986146,0.0476164213260614
0.0497826836114533,0.0547647239725741,0.039995674986146,0.0476164213260614
0.0497826836114533,0.0547647239725741,0.039995674986146,0.0476164213260614
0.0497826836114533,0.0547647239725741,0.039995674986146,0.0476164213260614
0.0497826836114533,0.0547647239725741,0.039995674986146,0.0476164213260614
0.0497826836114533,0.0547647239725741,0.039995674986146,0.0476164213260614
0.0497826836114533,0.0547647239725741,0.039995674986146,0.0476164213260614
0.0497826836114533,0.0547647239725741,0.039995674986146,0.0476164213260614
0.0497826836114533,0.0547647239725741,0.039995674986146,0.0476164213260614
0.0497826836114533,0.0547647239725741,0.039995674986146,0.0476164213260614
0.0497826836114533,0.0547647239725741,0.039995674986146,0.0476164213260614
0.0497826836114533,0.0547647239725741,0.039995674986146,0.0476164213260614
0.0497826836114533,0.0547647239725741,0.039995674986146,0.0476164213260614
0.0497826836114533,0.0547647239725741,0.039995674986146,0.0476164213260614
0.0497826836114533,0.0547647239725741,0.039995674986146,0.0476164213260614
0.0497826836114533,0.0550510334885181,0.039995674986146,0.043441530943707
0.0497826836114533,0.0550510334885181,0.039995674986146,0.043441530943707
0.0497826836114533,0.0550510334885181,0.039995674986146,0.0430641161094739
0.0497826836114533,0.0550510334885181,0.039995674986146,0.0430641161094739
0.0497826836114533,0.0550510334885181,0.039995674986146,0.0430641161094739
0.0497826836114533,0.0550510334885181,0.039995674986146,0.0430641161094739
0.0497826836114533,0.0507619977637293,0.039995674986146,0.0430641161094739
0.0497826836114533,0.0507619977637293,0.039995674986146,0.0430641161094739
0.0497826836114533,0.0507619977637293,0.039995674986146,0.0430641161094739
0.0497826836114533,0.0507619977637293,0.039995674986146,0.0430641161094739
0.0497826836114533,0.0507619977637293,0.039995674986146,0.0430641161094739
0.0497826836114533,0.0507619977637293,0.039995674986146,0.0430641161094739
0.0497826836114533,0.0457819004834797,0.039995674986146,0.0430641161094739
0.0497826836114533,0.0457819004834797,0.039995674986146,0.0430641161094739
0.0497826836114533,0.0457819004834797,0.039995674986146,0.0430641161094739
0.0497826836114533,0.0457819004834797,0.039995674986146,0.0430641161094739
0.0497826836114533,0.0457819004834797,0.039995674986146,0.0430641161094739
0.0497826836114533,0.0457819004834797,0.039995674986146,0.0430641161094739
0.0513621905602773,0.0457819004834797,0.039995674986146,0.0430641161094739
0.0513621905602773,0.0457819004834797,0.039995674986146,0.0430641161094739
0.0513621905602773,0.0457819004834797,0.039995674986146,0.0430641161094739
0.0513621905602773,0.0457819004834797,0.039995674986146,0.0430641161094739
0.0513621905602773,0.0457819004834797,0.039995674986146,0.0430641161094739
0.0513621905602773,0.0457819004834797,0.039995674986146,0.0430641161094739
0.0513621905602773,0.0457819004834797,0.039995674986146,0.0430641161094739
0.0513621905602773,0.0493192815604588,0.039995674986146,0.0430641161094739
0.0513621905602773,0.0493192815604588,0.039995674986146,0.0430641161094739
0.0513621905602773,0.0493192815604588,0.039995674986146,0.0430641161094739
0.0513621905602773,0.0493192815604588,0.039995674986146,0.0430641161094739
0.0513621905602773,0.0493192815604588,0.039995674986146,0.0430641161094739
0.0513621905602773,0.0499952443763391,0.039995674986146,0.0430641161094739
0.0513621905602773,0.0499952443763391,0.039995674986146,0.0490299156517554
0.0513621905602773,0.0499952443763391,0.039995674986146,0.0490299156517554
0.0513621905602773,0.0499952443763391,0.039995674986146,0.0490299156517554
0.0513621905602773,0.0499952443763391,0.039995674986146,0.0490299156517554
0.0513621905602773,0.0499952443763391,0.039995674986146,0.0490299156517554
0.0513621905602773,0.0499952443763391,0.039995674986146,0.0490299156517554
0.0513621905602773,0.0499952443763391,0.039995674986146,0.0490299156517554
0.0513621905602773,0.0499952443763391,0.039995674986146,0.0490299156517554
0.0513621905602773,0.0499952443763391,0.039995674986146,0.0490299156517554
0.0513621905602773,0.0499952443763391,0.039995674986146,0.0490299156517554
0.0513621905602773,0.0499952443763391,0.039995674986146,0.0490299156517554
0.0513621905602773,0.0545066375145022,0.039995674986146,0.0490299156517554
0.0513621905602773,0.0531384755749108,0.039995674986146,0.0490299156517554
0.0513621905602773,0.0531384755749108,0.039995674986146,0.0490299156517554
0.0513621905602773,0.0531384755749108,0.039995674986146,0.0490299156517554
0.0513621905602773,0.0531384755749108,0.039995674986146,0.0490299156517554
0.0513621905602773,0.0531384755749108,0.039995674986146,0.0490299156517554
0.0513621905602773,0.0531384755749108,0.039995674986146,0.0490299156517554
0.0513621905602773,0.0531384755749108,0.0413743807697688,0.0490299156517554
0.0513621905602773,0.0531384755749108,0.0413743807697688,0.0490299156517554
0.0513621905602773,0.0531384755749108,0.0413743807697688,0.0490299156517554
0.0513621905602773,0.0531384755749108,0.0413743807697688,0.0490299156517554
0.0513621905602773,0.0531384755749108,0.0413743807697688,0.0536942381810342
0.0513621905602773,0.0531384755749108,0.0413743807697688,0.0536942381810342
0.0513621905602773,0.0531384755749108,0.0413743807697688,0.0536942381810342
0.0513621905602773,0.0531384755749108,0.0413743807697688,0.0536942381810342
0.0513621905602773,0.0531384755749108,0.0413743807697688,0.0536942381810342
0.0513621905602773,0.0531384755749108,0.0395433565714178,0.0513732839079299
0.0513621905602773,0.0531384755749108,0.0395433565714178,0.0513732839079299
0.0513621905602773,0.0531384755749108,0.0395433565714178,0.0513732839079299
0.0513621905602773,0.0531384755749108,0.0395433565714178,0.0526568238056209
0.0513621905602773,0.0531384755749108,0.0395433565714178,0.0526568238056209
0.0513621905602773,0.0531384755749108,0.0395433565714178,0.0526568238056209
0.0513621905602773,0.0531384755749108,0.0395433565714178,0.0526568238056209
0.0513621905602773,0.0531384755749108,0.0395433565714178,0.0526568238056209
0.0513621905602773,0.0531384755749108,0.0395433565714178,0.0526568238056209
0.0513621905602773,0.0531384755749108,0.0395433565714178,0.0526568238056209
0.0513621905602773,0.0531384755749108,0.0395433565714178,0.0443549320593649
0.0513621905602773,0.0531384755749108,0.0395433565714178,0.0443549320593649
0.0542716541693693,0.0531384755749108,0.0395433565714178,0.0443549320593649
0.0542716541693693,0.0531384755749108,0.0395433565714178,0.0443549320593649
0.0542716541693693,0.0531384755749108,0.0395433565714178,0.0443549320593649
0.0542716541693693,0.0531384755749108,0.0395433565714178,0.0443549320593649
0.0542716541693693,0.0531384755749108,0.0395433565714178,0.0443549320593649
0.0542716541693693,0.0524212528835425,0.0395433565714178,0.0443549320593649
0.0542716541693693,0.0524212528835425,0.0395433565714178,0.0443549320593649
0.0542716541693693,0.0524212528835425,0.0425386580521824,0.0443549320593649
0.0542716541693693,0.0524212528835425,0.0425386580521824,0.0443549320593649
0.0542716541693693,0.0524212528835425,0.0454527446162115,0.0443549320593649
0.0542716541693693,0.0524212528835425,0.0454527446162115,0.047131311818365
0.0542716541693693,0.0524212528835425,0.0466467822713228,0.047131311818365
0.0542716541693693,0.0524212528835425,0.0466467822713228,0.047131311818365
0.0542716541693693,0.0524212528835425,0.0466467822713228,0.047131311818365
0.0542716541693693,0.0524212528835425,0.0466467822713228,0.047131311818365
0.0542716541693693,0.0524212528835425,0.0466467822713228,0.047131311818365
0.0542716541693693,0.0524212528835425,0.0466467822713228,0.047131311818365
0.0542716541693693,0.0571262720094085,0.0466467822713228,0.047131311818365
0.0542716541693693,0.0571262720094085,0.0466467822713228,0.047131311818365
0.0542716541693693,0.0571262720094085,0.0466467822713228,0.047131311818365
0.0542716541693693,0.0571262720094085,0.0466467822713228,0.047131311818365
0.0542716541693693,0.0571262720094085,0.0466467822713228,0.047131311818365
0.0542716541693693,0.0571262720094085,0.0466467822713228,0.047131311818365
0.0542716541693693,0.0571262720094085,0.0466467822713228,0.047131311818365
0.0542716541693693,0.0571262720094085,0.0466467822713228,0.047131311818365
0.0542716541693693,0.0571262720094085,0.0466467822713228,0.0418731336495478
0.0542716541693693,0.0571262720094085,0.0466467822713228,0.0418731336495478
0.0542716541693693,0.0571262720094085,0.0461303887844589,0.0418731336495478
0.0542716541693693,0.0571262720094085,0.0461303887844589,0.0418731336495478
0.0542716541693693,0.0571262720094085,0.0461303887844589,0.0418731336495478
0.0542716541693693,0.0589656288948353,0.0461303887844589,0.0418731336495478
0.0542716541693693,0.0589656288948353,0.0461303887844589,0.0418731336495478
0.0542716541693693,0.0589656288948353,0.0461303887844589,0.0418731336495478
0.0542716541693693,0.0589656288948353,0.0461303887844589,0.0418731336495478
0.0542716541693693,0.0589656288948353,0.0461303887844589,0.0418731336495478
0.0542716541693693,0.0589656288948353,0.0461303887844589,0.0418731336495478
0.0542716541693693,0.0589656288948353,0.0461303887844589,0.0418731336495478
0.0542716541693693,0.0589656288948353,0.0461303887844589,0.0418731336495478
0.0542716541693693,0.0589656288948353,0.0461303887844589,0.0418731336495478
0.0542716541693693,0.0589656288948353,0.0461303887844589,0.0418731336495478
0.0542716541693693,0.0589656288948353,0.0461303887844589,0.0418731336495478
0.0542716541693693,0.0589656288948353,0.0461303887844589,0.0418731336495478
0.0542716541693693,0.0589656288948353,0.0461303887844589,0.0418731336495478
0.0542716541693693,0.0589656288948353,0.0461303887844589,0.0418731336495478
0.0542716541693693,0.0638274903204036,0.0461303887844589,0.0418731336495478
0.0542716541693693,0.0638274903204036,0.0461303887844589,0.0418731336495478
0.0542716541693693,0.0638274903204036,0.0461303887844589,0.0418731336495478
0.0542716541693693,0.0638274903204036,0.0461303887844589,0.0418731336495478
0.0542716541693693,0.0638274903204036,0.0461303887844589,0.0418731336495478
0.0542716541693693,0.0638274903204036,0.0461303887844589,0.0418731336495478
0.0542716541693693,0.0638274903204036,0.0461303887844589,0.0418731336495478
0.0542716541693693,0.0638274903204036,0.0461303887844589,0.0418731336495478
0.0542716541693693,0.0638274903204036,0.0461303887844589,0.0418731336495478
0.0542716541693693,0.0638274903204036,0.0461303887844589,0.0418731336495478
0.0542716541693693,0.0638274903204036,0.0461303887844589,0.0418731336495478
0.0542716541693693,0.0638274903204036,0.0461303887844589,0.0418731336495478
0.0542716541693693,0.0638274903204036,0.0461303887844589,0.0418731336495478
0.0542716541693693,0.0638274903204036,0.0461303887844589,0.0418731336495478
0.0542716541693693,0.0638274903204036,0.0461303887844589,0.0418731336495478
0.0542716541693693,0.0638274903204036,0.0461303887844589,0.0418731336495478
0.0542716541693693,0.0638274903204036,0.0461303887844589,0.0418731336495478
0.0542716541693693,0.0638274903204036,0.0461303887844589,0.0418731336495478
0.0542716541693693,0.0638274903204036,0.0461303887844589,0.0419677623415854
0.0542716541693693,0.0638274903204036,0.0461303887844589,0.0419677623415854
0.0542716541693693,0.0638274903204036,0.0461303887844589,0.0419677623415854
0.0542716541693693,0.0638274903204036,0.0461303887844589,0.0419677623415854
0.0542716541693693,0.0638274903204036,0.0461303887844589,0.0419677623415854
0.0542716541693693,0.0633296071313948,0.0461303887844589,0.0419677623415854
0.0542716541693693,0.0633296071313948,0.0461303887844589,0.0419677623415854
0.0542716541693693,0.0633296071313948,0.0461303887844589,0.0419677623415854
0.0542716541693693,0.0633296071313948,0.0461303887844589,0.0419677623415854
0.0542716541693693,0.0633296071313948,0.0461303887844589,0.0419677623415854
0.0542716541693693,0.0633296071313948,0.0461303887844589,0.0419677623415854
0.0542716541693693,0.0633296071313948,0.0461303887844589,0.0419677623415854
0.0542716541693693,0.0633296071313948,0.0461303887844589,0.0419677623415854
0.0542716541693693,0.0633296071313948,0.0461303887844589,0.0419677623415854
0.0542716541693693,0.0633296071313948,0.045917422044129,0.0419677623415854
0.0542716541693693,0.0633296071313948,0.045917422044129,0.0419677623415854
0.0542716541693693,0.0633296071313948,0.045917422044129,0.0419677623415854
0.0542716541693693,0.0633296071313948,0.045917422044129,0.0419677623415854
0.0542716541693693,0.0633296071313948,0.045917422044129,0.0419677623415854
0.0542716541693693,0.0633296071313948,0.045917422044129,0.0419677623415854
0.0542716541693693,0.0595937580182216,0.045917422044129,0.0419677623415854
0.0542716541693693,0.0595937580182216,0.045917422044129,0.0419677623415854
0.0542716541693693,0.0595937580182216,0.045917422044129,0.0419677623415854
0.0542716541693693,0.0595937580182216,0.045917422044129,0.0419677623415854
0.0542716541693693,0.0595937580182216,0.045917422044129,0.0419677623415854
0.0542716541693693,0.0595937580182216,0.045917422044129,0.0419677623415854
0.0542716541693693,0.0595937580182216,0.045917422044129,0.0419677623415854
0.0542716541693693,0.0595937580182216,0.045917422044129,0.0419677623415854
0.0542716541693693,0.0595937580182216,0.045917422044129,0.0419677623415854
0.0542716541693693,0.0595937580182216,0.045917422044129,0.0419677623415854
0.0542716541693693,0.0595937580182216,0.045917422044129,0.0419677623415854
0.0542716541693693,0.0595937580182216,0.045917422044129,0.0419677623415854
0.0542716541693693,0.0595937580182216,0.045917422044129,0.0419677623415854
0.0542716541693693,0.0595937580182216,0.045917422044129,0.0419677623415854
0.0542716541693693,0.0595937580182216,0.045917422044129,0.0419677623415854
0.0542716541693693,0.0595937580182216,0.045917422044129,0.0419677623415854
0.0542716541693693,0.0595937580182216,0.045917422044129,0.0419677623415854
0.0542716541693693,0.0595937580182216,0.045917422044129,0.0419677623415854
0.0542716541693693,0.0595937580182216,0.045917422044129,0.0419677623415854
0.0542716541693693,0.0551481052398066,0.045917422044129,0.0476306690090712
0.0542716541693693,0.0551481052398066,0.045917422044129,0.0476306690090712
0.0542716541693693,0.0551481052398066,0.045917422044129,0.0476306690090712
0.0542716541693693,0.0551481052398066,0.045917422044129,0.0476306690090712
0.0542716541693693,0.0551481052398066,0.045917422044129,0.0476306690090712
0.0542716541693693,0.0551481052398066,0.045917422044129,0.0476306690090712
0.0542716541693693,0.0551481052398066,0.045917422044129,0.0476306690090712
0.0542716541693693,0.0551481052398066,0.045917422044129,0.0476306690090712
0.0542716541693693,0.0551481052398066,0.045917422044129,0.0476306690090712
0.0542716541693693,0.0551481052398066,0.045917422044129,0.0476306690090712
0.0542716541693693,0.0551481052398066,0.045917422044129,0.0476306690090712
0.0542716541693693,0.0551481052398066,0.045917422044129,0.0476306690090712
0.0542716541693693,0.0551481052398066,0.045917422044129,0.0476306690090712
0.0542716541693693,0.0551481052398066,0.045917422044129,0.0476306690090712
0.0542716541693693,0.0551481052398066,0.045917422044129,0.0476306690090712
0.0542716541693693,0.0551481052398066,0.045917422044129,0.0476306690090712
0.0542716541693693,0.0551481052398066,0.045917422044129,0.0476306690090712
0.0542716541693693,0.0551481052398066,0.045917422044129,0.0476306690090712
0.0542716541693693,0.0551481052398066,0.045917422044129,0.0476306690090712
0.0542716541693693,0.0551481052398066,0.045917422044129,0.0476306690090712
0.0542716541693693,0.0551481052398066,0.045917422044129,0.0476306690090712
0.0542716541693693,0.0551481052398066,0.045917422044129,0.0476306690090712
0.0542716541693693,0.0551481052398066,0.045917422044129,0.0476306690090712
0.0542716541693693,0.0551481052398066,0.045917422044129,0.0355772629303172
0.0542716541693693,0.0551481052398066,0.045917422044129,0.0355772629303172
0.0542716541693693,0.0551481052398066,0.045917422044129,0.0355772629303172
0.0542716541693693,0.0551481052398066,0.045917422044129,0.045154288997576
0.0542716541693693,0.0551481052398066,0.045917422044129,0.045154288997576
0.0542716541693693,0.0551481052398066,0.045917422044129,0.045154288997576
0.0542716541693693,0.0551481052398066,0.045917422044129,0.045154288997576
0.0542716541693693,0.0551481052398066,0.045917422044129,0.045154288997576
0.0542716541693693,0.0551481052398066,0.045917422044129,0.045154288997576
0.0542716541693693,0.0551481052398066,0.045917422044129,0.045154288997576
0.0481418613359842,0.0551481052398066,0.045917422044129,0.045154288997576
0.0481418613359842,0.0551481052398066,0.045917422044129,0.045154288997576
0.0481418613359842,0.0551481052398066,0.045917422044129,0.045154288997576
0.0481418613359842,0.0551481052398066,0.045917422044129,0.045154288997576
0.0481418613359842,0.0551481052398066,0.045917422044129,0.0404550051690902
0.0481418613359842,0.0551481052398066,0.045917422044129,0.0417315182925981
0.0481418613359842,0.0551481052398066,0.045917422044129,0.0417315182925981
0.0481418613359842,0.0551481052398066,0.045917422044129,0.0417315182925981
0.0481418613359842,0.0551481052398066,0.045917422044129,0.0417315182925981
0.0481418613359842,0.0551481052398066,0.045917422044129,0.0417315182925981
0.0481418613359842,0.0551481052398066,0.045917422044129,0.0417315182925981
0.0481418613359842,0.0551481052398066,0.045917422044129,0.0417315182925981
0.0481418613359842,0.0551481052398066,0.045917422044129,0.0417315182925981
0.0481418613359842,0.0551481052398066,0.045917422044129,0.0417315182925981
0.0481418613359842,0.0551481052398066,0.045917422044129,0.0417315182925981
0.0481418613359842,0.0654042097255709,0.045917422044129,0.0417315182925981
0.0481418613359842,0.0654042097255709,0.045917422044129,0.0417315182925981
0.0481418613359842,0.0654042097255709,0.045917422044129,0.0417315182925981
0.0481418613359842,0.0654042097255709,0.045917422044129,0.0417315182925981
0.0481418613359842,0.0654042097255709,0.045917422044129,0.0417315182925981
0.0481418613359842,0.0654042097255709,0.045917422044129,0.0417315182925981
0.0481418613359842,0.0654042097255709,0.045917422044129,0.0417315182925981
0.0481418613359842,0.0654042097255709,0.045917422044129,0.0435702437448815
0.0481418613359842,0.0654042097255709,0.045917422044129,0.0435702437448815
0.0481418613359842,0.0672401856302792,0.045917422044129,0.0435702437448815
0.0481418613359842,0.0672401856302792,0.045917422044129,0.0435702437448815
0.0481418613359842,0.0672401856302792,0.045917422044129,0.0435702437448815
0.0481418613359842,0.0672401856302792,0.045917422044129,0.0435702437448815
0.0512242744326796,0.0672401856302792,0.045917422044129,0.0435702437448815
0.0512242744326796,0.0672401856302792,0.045917422044129,0.0435702437448815
0.0512242744326796,0.0672401856302792,0.045917422044129,0.0435702437448815
0.0512242744326796,0.0578250547993286,0.045917422044129,0.0435702437448815
0.0512242744326796,0.0578250547993286,0.045917422044129,0.0435702437448815
0.0512242744326796,0.0578250547993286,0.045917422044129,0.0435702437448815
0.0512242744326796,0.0578250547993286,0.0455211893204504,0.0435702437448815
0.0512242744326796,0.0598644331688714,0.0455211893204504,0.0435702437448815
0.0512242744326796,0.0598644331688714,0.0455211893204504,0.0435702437448815
0.0512242744326796,0.0598644331688714,0.0455211893204504,0.0435702437448815
0.0512242744326796,0.0598644331688714,0.0455211893204504,0.0435702437448815
0.0512242744326796,0.0610895909710351,0.0455211893204504,0.0435702437448815
0.0512242744326796,0.0610895909710351,0.0455211893204504,0.0435702437448815
0.0512242744326796,0.0610895909710351,0.0455211893204504,0.0435702437448815
0.0512242744326796,0.0610895909710351,0.0455211893204504,0.0435702437448815
0.0512242744326796,0.0610895909710351,0.0455211893204504,0.0435702437448815
0.0512242744326796,0.0610895909710351,0.0455211893204504,0.0435702437448815
0.0512242744326796,0.0610895909710351,0.0455211893204504,0.0435702437448815
0.0512242744326796,0.0610895909710351,0.0455211893204504,0.0435702437448815
0.0512242744326796,0.0610895909710351,0.0455211893204504,0.0435702437448815
0.0512242744326796,0.0610895909710351,0.0455211893204504,0.0435702437448815
0.0512242744326796,0.0610895909710351,0.0455211893204504,0.0435702437448815
0.0512242744326796,0.0610895909710351,0.0455211893204504,0.0435702437448815
0.0512242744326796,0.0610895909710351,0.0455211893204504,0.0435702437448815
0.0512242744326796,0.0610895909710351,0.0455211893204504,0.0435702437448815
0.0512242744326796,0.0610895909710351,0.0455211893204504,0.0435702437448815
0.0512242744326796,0.0610895909710351,0.0455211893204504,0.0435702437448815
0.0512242744326796,0.0610895909710351,0.0455211893204504,0.0435702437448815
0.0512242744326796,0.0610895909710351,0.0455211893204504,0.0435702437448815
0.0512242744326796,0.0610895909710351,0.0455211893204504,0.0435702437448815
0.0512242744326796,0.0610895909710351,0.0455211893204504,0.0435702437448815
0.0512242744326796,0.0610895909710351,0.0455211893204504,0.0435702437448815
0.0512242744326796,0.0610895909710351,0.0455211893204504,0.0435702437448815
0.0512242744326796,0.0610895909710351,0.0455211893204504,0.0435702437448815
0.0512242744326796,0.0610895909710351,0.0455211893204504,0.0435702437448815
0.0512242744326796,0.0610895909710351,0.0449060839932602,0.0435702437448815
0.0512242744326796,0.0610895909710351,0.0449060839932602,0.0435702437448815
0.0512242744326796,0.0610895909710351,0.0449060839932602,0.0435702437448815
0.0512242744326796,0.0610895909710351,0.0449060839932602,0.0435702437448815
0.0512242744326796,0.0610895909710351,0.0449060839932602,0.0435702437448815
0.0512242744326796,0.0610895909710351,0.0449060839932602,0.0435702437448815
0.0512242744326796,0.0610895909710351,0.0449060839932602,0.0435702437448815
0.0512242744326796,0.0610895909710351,0.0449060839932602,0.0435702437448815
0.0512242744326796,0.0610895909710351,0.0449060839932602,0.0435702437448815
0.0512242744326796,0.0610895909710351,0.0449060839932602,0.0435702437448815
0.0512242744326796,0.0610895909710351,0.0449060839932602,0.0435702437448815
0.0512242744326796,0.0610895909710351,0.0449060839932602,0.0435702437448815
0.0512242744326796,0.0610895909710351,0.0449060839932602,0.0435702437448815
0.0512242744326796,0.0610895909710351,0.0449060839932602,0.0435702437448815
0.0512242744326796,0.0610895909710351,0.0449060839932602,0.0435702437448815
0.0512242744326796,0.0610895909710351,0.0449060839932602,0.0435702437448815
0.0512242744326796,0.0610895909710351,0.0449060839932602,0.0435702437448815
0.0512242744326796,0.0610895909710351,0.0449060839932602,0.0435702437448815
0.0512242744326796,0.0610895909710351,0.0449060839932602,0.0435702437448815
0.0512242744326796,0.0610895909710351,0.0449060839932602,0.0435702437448815
0.0514306442170875,0.0610895909710351,0.0449060839932602,0.0435702437448815
0.0514306442170875,0.0610895909710351,0.0449060839932602,0.0435702437448815
0.0514306442170875,0.0610895909710351,0.0449060839932602,0.0435702437448815
0.0514306442170875,0.0610895909710351,0.0449060839932602,0.0435702437448815
0.0514306442170875,0.0588888927763281,0.0449060839932602,0.0435702437448815
0.0514306442170875,0.0588888927763281,0.0449060839932602,0.0435702437448815
0.0514306442170875,0.0588888927763281,0.0449060839932602,0.0435702437448815
0.0514306442170875,0.0588888927763281,0.0449060839932602,0.0435702437448815
0.0514306442170875,0.0588888927763281,0.0449060839932602,0.0435702437448815
0.0514306442170875,0.0588888927763281,0.0449060839932602,0.0435702437448815
0.0514306442170875,0.0588888927763281,0.0449060839932602,0.0435702437448815
0.0514306442170875,0.0588888927763281,0.0449060839932602,0.0435702437448815
0.0514306442170875,0.0588888927763281,0.0449060839932602,0.0435702437448815
0.0514306442170875,0.0588888927763281,0.0449060839932602,0.0435702437448815
0.0514306442170875,0.0588888927763281,0.0449060839932602,0.0435702437448815
0.0514306442170875,0.0588888927763281,0.0449060839932602,0.0435702437448815
0.0514306442170875,0.0588888927763281,0.0449060839932602,0.0435702437448815
0.0514306442170875,0.0588888927763281,0.0449060839932602,0.0435702437448815
0.0514306442170875,0.0588888927763281,0.0449060839932602,0.0435702437448815
0.0514306442170875,0.0588888927763281,0.0449060839932602,0.0435702437448815
0.0514306442170875,0.0588888927763281,0.0449060839932602,0.0435702437448815
0.0514306442170875,0.0588888927763281,0.0449060839932602,0.0435702437448815
0.0514306442170875,0.057886130241389,0.0449060839932602,0.0435702437448815
0.0514306442170875,0.057886130241389,0.0449060839932602,0.0435702437448815
0.0514306442170875,0.057886130241389,0.0449060839932602,0.0435702437448815
0.0514306442170875,0.057886130241389,0.0449060839932602,0.0435702437448815
0.0514306442170875,0.057886130241389,0.0449060839932602,0.0435702437448815
0.0514306442170875,0.057886130241389,0.0449060839932602,0.042808264471699
0.0514306442170875,0.057886130241389,0.0449060839932602,0.042808264471699
0.0514306442170875,0.057886130241389,0.0449060839932602,0.042808264471699
0.0514306442170875,0.057886130241389,0.0449060839932602,0.042808264471699
0.0514306442170875,0.057886130241389,0.0449060839932602,0.042808264471699
0.0514306442170875,0.057886130241389,0.0449060839932602,0.042808264471699
0.0514306442170875,0.057886130241389,0.0449060839932602,0.0386661029718665
0.0514306442170875,0.057886130241389,0.0449060839932602,0.0386661029718665
0.0514306442170875,0.057886130241389,0.0449060839932602,0.0386661029718665
0.0514306442170875,0.057886130241389,0.0449060839932602,0.0386661029718665
0.0514306442170875,0.057886130241389,0.0449060839932602,0.0386661029718665
0.0514306442170875,0.0565856903692985,0.0449060839932602,0.0386661029718665
0.0514306442170875,0.0565856903692985,0.0449060839932602,0.0386661029718665
0.0514306442170875,0.0565856903692985,0.0449060839932602,0.0386661029718665
0.0514306442170875,0.0565856903692985,0.0449060839932602,0.0386661029718665
0.0514306442170875,0.0565856903692985,0.0449060839932602,0.0386661029718665
0.0514306442170875,0.0565856903692985,0.0449060839932602,0.0386661029718665
0.0514306442170875,0.0565856903692985,0.0449060839932602,0.0386661029718665
0.0514306442170875,0.0565856903692985,0.0449060839932602,0.0386661029718665
0.0514306442170875,0.0559160764322077,0.0431750689702591,0.0386661029718665
0.055673429635412,0.0559160764322077,0.0431750689702591,0.0386661029718665
0.055673429635412,0.0559160764322077,0.0431750689702591,0.0498031409419646
0.055673429635412,0.0559160764322077,0.0431750689702591,0.0498031409419646
0.055673429635412,0.0559160764322077,0.0431750689702591,0.0498031409419646
0.055673429635412,0.0559160764322077,0.0431750689702591,0.0498031409419646
0.055673429635412,0.0559160764322077,0.0431750689702591,0.0498031409419646
0.055673429635412,0.0559160764322077,0.0431750689702591,0.0498031409419646
0.055673429635412,0.0559160764322077,0.0431750689702591,0.0498031409419646
0.0584103043592793,0.0559160764322077,0.0453111222707622,0.0498031409419646
0.0584103043592793,0.0559160764322077,0.0453111222707622,0.0498031409419646
0.0584103043592793,0.0559160764322077,0.0453111222707622,0.0498031409419646
0.0584103043592793,0.0559160764322077,0.0453111222707622,0.0498031409419646
0.0584103043592793,0.0559160764322077,0.0453111222707622,0.0498031409419646
0.0584103043592793,0.0559160764322077,0.0453111222707622,0.0498031409419646
0.0584103043592793,0.0559160764322077,0.0453111222707622,0.0498031409419646
0.0584103043592793,0.0559160764322077,0.0453111222707622,0.0498031409419646
0.0584103043592793,0.0559160764322077,0.0453111222707622,0.0498031409419646
0.0584103043592793,0.0559160764322077,0.0453111222707622,0.0498031409419646
0.0584103043592793,0.0559160764322077,0.0453111222707622,0.0498031409419646
0.0584103043592793,0.0559160764322077,0.0453111222707622,0.0498031409419646
0.0584103043592793,0.0559160764322077,0.0412095407151542,0.0498031409419646
0.0584103043592793,0.0559160764322077,0.0412095407151542,0.0496247602223585
0.0584103043592793,0.0559160764322077,0.0412095407151542,0.0496247602223585
0.0584103043592793,0.0559160764322077,0.0477688384021725,0.0485778069393191
0.0589012737961313,0.0559160764322077,0.0477688384021725,0.0485778069393191
0.0589012737961313,0.0559160764322077,0.0477688384021725,0.0485778069393191
0.0589012737961313,0.0559160764322077,0.0477688384021725,0.0485778069393191
0.0573102104993849,0.0559160764322077,0.0477688384021725,0.0485778069393191
0.0573102104993849,0.0559160764322077,0.0477688384021725,0.0485778069393191
0.0573102104993849,0.0559160764322077,0.0477688384021725,0.0485778069393191
0.0573102104993849,0.0559160764322077,0.0430350804842767,0.0485778069393191
0.0573102104993849,0.0559160764322077,0.0430350804842767,0.0555040131703297
0.0573102104993849,0.0559160764322077,0.0430350804842767,0.0555040131703297
0.0573102104993849,0.0559160764322077,0.0430350804842767,0.0555040131703297
0.0573102104993849,0.0559160764322077,0.0430350804842767,0.0555040131703297
0.0573102104993849,0.0599818566096801,0.0430350804842767,0.0555040131703297
0.0573102104993849,0.0599818566096801,0.0430350804842767,0.0555040131703297
0.0573102104993849,0.0599818566096801,0.0430350804842767,0.0555040131703297
0.0573102104993849,0.0599818566096801,0.0430350804842767,0.0555040131703297
0.0573102104993849,0.0599818566096801,0.0430350804842767,0.0555040131703297
0.0573102104993849,0.0599818566096801,0.0430350804842767,0.0555040131703297
0.0573102104993849,0.0599818566096801,0.0430350804842767,0.0555040131703297
0.0573102104993849,0.0599818566096801,0.0430350804842767,0.0555040131703297
0.0573102104993849,0.0599818566096801,0.0430350804842767,0.0555040131703297
0.0573102104993849,0.0599818566096801,0.0430350804842767,0.0555040131703297
0.0573102104993849,0.0599818566096801,0.0430350804842767,0.0555040131703297
0.0573102104993849,0.0599818566096801,0.040821590197544,0.0555040131703297
0.0573102104993849,0.0599818566096801,0.040821590197544,0.0555040131703297
0.0573102104993849,0.0599818566096801,0.040821590197544,0.0486859290582583
0.0573102104993849,0.0599818566096801,0.040821590197544,0.0486859290582583
0.0573102104993849,0.0599818566096801,0.040821590197544,0.0486859290582583
0.0573102104993849,0.0599818566096801,0.040821590197544,0.0486859290582583
0.0573102104993849,0.0599818566096801,0.040821590197544,0.0486859290582583
0.0573102104993849,0.0599818566096801,0.040821590197544,0.0486859290582583
0.0573102104993849,0.0599818566096801,0.040821590197544,0.0486859290582583
0.0573102104993849,0.0599818566096801,0.040821590197544,0.0486859290582583
0.0573102104993849,0.0599818566096801,0.040821590197544,0.0486859290582583
0.0573102104993849,0.0599818566096801,0.040821590197544,0.0486859290582583
0.0573102104993849,0.0599818566096801,0.040821590197544,0.0486859290582583
0.0573102104993849,0.0599818566096801,0.040821590197544,0.0486859290582583
0.0573102104993849,0.0599818566096801,0.040821590197544,0.0486859290582583
0.0573102104993849,0.0599818566096801,0.040821590197544,0.0486859290582583
0.0573102104993849,0.0599818566096801,0.040821590197544,0.0486859290582583
0.0573102104993849,0.0599818566096801,0.040821590197544,0.0486859290582583
0.0573102104993849,0.0599818566096801,0.040821590197544,0.0486859290582583
0.0573102104993849,0.0599818566096801,0.040821590197544,0.0486859290582583
0.0573102104993849,0.0599818566096801,0.040821590197544,0.0486859290582583
0.0573102104993849,0.0599818566096801,0.040821590197544,0.0486859290582583
0.0573102104993849,0.0599818566096801,0.040821590197544,0.0486859290582583
0.0573102104993849,0.0599818566096801,0.040821590197544,0.0486859290582583
0.0573102104993849,0.0599818566096801,0.040821590197544,0.0486859290582583
0.0573102104993849,0.0599818566096801,0.040821590197544,0.0486859290582583
0.0573102104993849,0.0599818566096801,0.040821590197544,0.0486859290582583
0.0573102104993849,0.0599818566096801,0.040821590197544,0.0486859290582583
0.0573102104993849,0.0599818566096801,0.040821590197544,0.0486859290582583
0.0573102104993849,0.0599818566096801,0.040821590197544,0.0486859290582583
0.0573102104993849,0.0599818566096801,0.040821590197544,0.0486859290582583
0.0573102104993849,0.0599818566096801,0.040821590197544,0.0486859290582583
0.0573102104993849,0.0599818566096801,0.040821590197544,0.0486859290582583
0.0573102104993849,0.0599818566096801,0.040821590197544,0.0486859290582583
0.0573102104993849,0.0599818566096801,0.040821590197544,0.0486859290582583
0.0573102104993849,0.0599818566096801,0.0399550596198625,0.0486859290582583
0.0573102104993849,0.0599818566096801,0.0399550596198625,0.0486859290582583
0.0573102104993849,0.0599818566096801,0.0399550596198625,0.0486859290582583
0.0573102104993849,0.0599818566096801,0.0399550596198625,0.0486859290582583
0.0573102104993849,0.0599818566096801,0.0399550596198625,0.0486859290582583
0.0573102104993849,0.0599818566096801,0.0399550596198625,0.0486859290582583
0.0573102104993849,0.0599818566096801,0.0399550596198625,0.0486859290582583
0.0573102104993849,0.0599818566096801,0.0399550596198625,0.0486859290582583
0.0573102104993849,0.0599818566096801,0.0399550596198625,0.0486859290582583
0.0573102104993849,0.0599818566096801,0.0399550596198625,0.0486859290582583
0.0573102104993849,0.0599818566096801,0.0399550596198625,0.0486859290582583
0.0573102104993849,0.0599818566096801,0.0399550596198625,0.0486859290582583
0.0573102104993849,0.0599818566096801,0.0399550596198625,0.0486859290582583
0.0573102104993849,0.0599818566096801,0.0399550596198625,0.0486859290582583
0.0573102104993849,0.0599818566096801,0.0399550596198625,0.0486859290582583
0.0573102104993849,0.0599818566096801,0.0399550596198625,0.0486859290582583
0.0573102104993849,0.0599818566096801,0.0399550596198625,0.0486859290582583
0.0573102104993849,0.0599818566096801,0.0399550596198625,0.0486859290582583
0.0573102104993849,0.0599818566096801,0.0399550596198625,0.0486859290582583
0.0573102104993849,0.0564663068954388,0.0399550596198625,0.0486859290582583
0.0573102104993849,0.0564663068954388,0.0399550596198625,0.0486859290582583
0.0573102104993849,0.0564663068954388,0.0399550596198625,0.0486859290582583
0.0573102104993849,0.0564663068954388,0.0399550596198625,0.0486859290582583
0.0573102104993849,0.0564663068954388,0.0399550596198625,0.0486859290582583
0.0573102104993849,0.0564663068954388,0.0399550596198625,0.0486859290582583
0.0573102104993849,0.0564663068954388,0.0399550596198625,0.0486859290582583
0.0573102104993849,0.0564663068954388,0.0399550596198625,0.0486859290582583
0.0541103910120929,0.0564663068954388,0.0399550596198625,0.0486859290582583
0.0541103910120929,0.0564663068954388,0.0399550596198625,0.0486859290582583
0.0541103910120929,0.0564663068954388,0.0399550596198625,0.0486859290582583
0.0541103910120929,0.0564663068954388,0.0399550596198625,0.0486859290582583
0.0541103910120929,0.0564663068954388,0.0399550596198625,0.0486859290582583
0.0541103910120929,0.0564663068954388,0.0399550596198625,0.0486859290582583
0.0541103910120929,0.0564663068954388,0.0399550596198625,0.0486859290582583
0.0541103910120929,0.0564663068954388,0.0399550596198625,0.0486859290582583
0.0541103910120929,0.0564663068954388,0.0399550596198625,0.0486859290582583
0.0541103910120929,0.0564663068954388,0.0399550596198625,0.0486859290582583
0.0541103910120929,0.0564663068954388,0.0399550596198625,0.0486859290582583
0.0541103910120929,0.0564663068954388,0.0399550596198625,0.0486859290582583
0.0541103910120929,0.0564663068954388,0.0399550596198625,0.0486859290582583
0.0541103910120929,0.0564663068954388,0.0399550596198625,0.0486859290582583
0.0541103910120929,0.0564663068954388,0.0399550596198625,0.0486859290582583
0.0541103910120929,0.0564663068954388,0.0399550596198625,0.0486859290582583
0.0541103910120929,0.0564663068954388,0.0399550596198625,0.0450939814015518
0.0541103910120929,0.0564663068954388,0.0399550596198625,0.0450939814015518
0.0541103910120929,0.0564663068954388,0.0399550596198625,0.0450939814015518
0.0541103910120929,0.0564663068954388,0.0399550596198625,0.0450939814015518
0.0541103910120929,0.0564663068954388,0.0399550596198625,0.0450939814015518
0.0541103910120929,0.0656872645065005,0.0399550596198625,0.0450939814015518
0.0541103910120929,0.0656872645065005,0.039209940791822,0.0450939814015518
0.0541103910120929,0.0656872645065005,0.039209940791822,0.0450939814015518
0.0541103910120929,0.0656872645065005,0.039209940791822,0.0450939814015518
0.0541103910120929,0.0656872645065005,0.039209940791822,0.0450939814015518
0.0541103910120929,0.0656872645065005,0.0391461911265612,0.0450939814015518
0.0541103910120929,0.0656872645065005,0.0391461911265612,0.0450905897358646
0.0541103910120929,0.0656872645065005,0.0391461911265612,0.0450905897358646
0.0541103910120929,0.0656872645065005,0.0391461911265612,0.0450905897358646
0.0541103910120929,0.0656872645065005,0.0391461911265612,0.0450905897358646
0.0541103910120929,0.0656872645065005,0.0391461911265612,0.0450905897358646
0.0541103910120929,0.0656872645065005,0.0391461911265612,0.0450905897358646
0.0541103910120929,0.0656872645065005,0.0391461911265612,0.0450905897358646
0.0541103910120929,0.0656872645065005,0.0391461911265612,0.0450905897358646
0.0541103910120929,0.0656872645065005,0.0391461911265612,0.0450905897358646
0.0569294252202098,0.0656872645065005,0.0391461911265612,0.0450905897358646
0.0569294252202098,0.0656872645065005,0.0391461911265612,0.0450905897358646
0.0569294252202098,0.0656872645065005,0.0391461911265612,0.0450905897358646
0.0569294252202098,0.0656872645065005,0.0391461911265612,0.0450905897358646
0.0569294252202098,0.0656872645065005,0.0391461911265612,0.0450905897358646
0.0569294252202098,0.0656872645065005,0.0391461911265612,0.0450905897358646
0.0569294252202098,0.0656872645065005,0.0384020588065491,0.0450905897358646
0.0569294252202098,0.0656872645065005,0.0387543034218492,0.0485764484917375
0.0564693365371021,0.0656872645065005,0.0387543034218492,0.0485764484917375
0.0564693365371021,0.0656872645065005,0.0387543034218492,0.0485764484917375
0.0564693365371021,0.0656872645065005,0.0387543034218492,0.0485764484917375
0.0564693365371021,0.0656872645065005,0.0387543034218492,0.0485764484917375
0.0564693365371021,0.0656872645065005,0.0387543034218492,0.0485764484917375
0.0564693365371021,0.0656872645065005,0.0387543034218492,0.0485764484917375
0.0564693365371021,0.0656872645065005,0.0387543034218492,0.0485764484917375
0.0524201442127642,0.0656872645065005,0.0387543034218492,0.0485764484917375
0.0524201442127642,0.0656872645065005,0.0387543034218492,0.0485764484917375
0.0527727475378311,0.0656872645065005,0.0387543034218492,0.0485764484917375
0.0527727475378311,0.0656872645065005,0.0387543034218492,0.0485764484917375
0.0527727475378311,0.0656872645065005,0.0387543034218492,0.0485764484917375
0.0527727475378311,0.0656872645065005,0.0387543034218492,0.0485764484917375
0.0527727475378311,0.0656872645065005,0.0387543034218492,0.0485764484917375
0.0527727475378311,0.0656872645065005,0.0387543034218492,0.0485764484917375
0.0527727475378311,0.0656872645065005,0.0387543034218492,0.0485764484917375
0.0527727475378311,0.0656872645065005,0.0387543034218492,0.0485764484917375
0.0527727475378311,0.0656872645065005,0.0387543034218492,0.0485764484917375
0.0527727475378311,0.0656872645065005,0.0387543034218492,0.0485764484917375
0.0527727475378311,0.0656872645065005,0.0387543034218492,0.0485764484917375
0.0527727475378311,0.0656872645065005,0.0387543034218492,0.0485764484917375
0.0527727475378311,0.0656872645065005,0.0387543034218492,0.0485764484917375
0.0527727475378311,0.0656872645065005,0.0387543034218492,0.0485764484917375
0.0527727475378311,0.0656872645065005,0.0387543034218492,0.0513165187656181
0.0527727475378311,0.0656872645065005,0.0387543034218492,0.0513165187656181
0.0527727475378311,0.0656872645065005,0.0387543034218492,0.0513165187656181
0.0527727475378311,0.0656872645065005,0.0387543034218492,0.0511414587749896
0.0527727475378311,0.0656872645065005,0.0387543034218492,0.0511414587749896
0.0527727475378311,0.0656872645065005,0.0387543034218492,0.0511414587749896
0.0527727475378311,0.0656872645065005,0.0387543034218492,0.0511414587749896
0.0527727475378311,0.0654462984360078,0.0387543034218492,0.0511414587749896
0.0527727475378311,0.0654462984360078,0.0387543034218492,0.0511414587749896
0.0527727475378311,0.0654462984360078,0.0387543034218492,0.0511414587749896
0.0527727475378311,0.0654462984360078,0.0387543034218492,0.0511414587749896
0.0527727475378311,0.0654462984360078,0.0387543034218492,0.0511414587749896
0.0527727475378311,0.0654462984360078,0.0387543034218492,0.0511414587749896
0.0527727475378311,0.0654462984360078,0.0387543034218492,0.0511414587749896
0.0527727475378311,0.0654462984360078,0.0387543034218492,0.0479504338157152
0.0527727475378311,0.0654462984360078,0.0387543034218492,0.0479504338157152
0.0527727475378311,0.0654462984360078,0.0387543034218492,0.0479504338157152
0.0527727475378311,0.0654462984360078,0.0387543034218492,0.0458420181617315
0.0527727475378311,0.0654462984360078,0.0387543034218492,0.0458420181617315
0.0527727475378311,0.0654462984360078,0.0387543034218492,0.0458420181617315
0.0527727475378311,0.0654462984360078,0.0387543034218492,0.0458420181617315
0.0527727475378311,0.0654462984360078,0.0387543034218492,0.0458420181617315
0.0527727475378311,0.0654462984360078,0.0387543034218492,0.0458420181617315
0.0527727475378311,0.0654462984360078,0.0387543034218492,0.0458420181617315
0.0527727475378311,0.0654462984360078,0.0387543034218492,0.0458420181617315
0.0527727475378311,0.0654462984360078,0.0387543034218492,0.0458420181617315
0.0527727475378311,0.0654462984360078,0.0387543034218492,0.0458420181617315
0.0527727475378311,0.0654462984360078,0.0387543034218492,0.0458420181617315
0.0527727475378311,0.0654462984360078,0.0387543034218492,0.0458420181617315
0.0527727475378311,0.0654462984360078,0.0387543034218492,0.0458420181617315
0.0527727475378311,0.0654462984360078,0.0387543034218492,0.0458420181617315
0.0527727475378311,0.0654462984360078,0.0387543034218492,0.0458420181617315
0.0527727475378311,0.0654462984360078,0.0387543034218492,0.0458420181617315
0.0527727475378311,0.0654462984360078,0.0387543034218492,0.0458420181617315
0.0527727475378311,0.0654462984360078,0.0387543034218492,0.0458420181617315
0.0527727475378311,0.0654462984360078,0.0387543034218492,0.0458420181617315
0.0527727475378311,0.0654462984360078,0.0410381693615123,0.0458420181617315
0.0527727475378311,0.0654462984360078,0.0410381693615123,0.0458420181617315
0.0527727475378311,0.0654462984360078,0.0410381693615123,0.0458420181617315
0.0527727475378311,0.0654462984360078,0.0410381693615123,0.0458420181617315
0.0527727475378311,0.0654462984360078,0.0410381693615123,0.0458420181617315
0.0527727475378311,0.0654462984360078,0.0410381693615123,0.0458420181617315
0.0527727475378311,0.0654462984360078,0.0438668421646395,0.0458420181617315
0.0527727475378311,0.0654462984360078,0.0438668421646395,0.0458420181617315
0.0572827079851726,0.0654462984360078,0.0438668421646395,0.0458420181617315
0.0572827079851726,0.0654462984360078,0.0438668421646395,0.0458420181617315
0.0572827079851726,0.0654462984360078,0.0438668421646395,0.0458420181617315
0.0572827079851726,0.0654462984360078,0.0438668421646395,0.0458420181617315
0.0572827079851726,0.0654462984360078,0.0438668421646395,0.0458420181617315
0.0572827079851726,0.0654462984360078,0.0438668421646395,0.0458420181617315
0.0572827079851726,0.0654462984360078,0.0438668421646395,0.0458420181617315
0.0572827079851726,0.0654462984360078,0.0438668421646395,0.0458420181617315
0.0572827079851726,0.0654462984360078,0.0438668421646395,0.0458420181617315
0.0572827079851726,0.0654462984360078,0.0438668421646395,0.0458420181617315
0.0572827079851726,0.0654462984360078,0.0438668421646395,0.0458420181617315
0.0572827079851726,0.0654462984360078,0.0438668421646395,0.0458420181617315
0.0572827079851726,0.0654462984360078,0.0438668421646395,0.0458420181617315
0.0572827079851726,0.0654462984360078,0.0438668421646395,0.0458420181617315
0.0572827079851726,0.0654462984360078,0.0438668421646395,0.0458420181617315
0.0572827079851726,0.0654462984360078,0.0438668421646395,0.0458420181617315
0.0572827079851726,0.0654462984360078,0.0438668421646395,0.0458420181617315
0.0572827079851726,0.0654462984360078,0.0438668421646395,0.0458420181617315
0.0572827079851726,0.0654462984360078,0.0438668421646395,0.0458420181617315
0.0572827079851726,0.0604205878404388,0.0438668421646395,0.0458420181617315
0.0572827079851726,0.0604205878404388,0.0438668421646395,0.0458420181617315
0.0572827079851726,0.0604205878404388,0.0438668421646395,0.0458420181617315
0.0572827079851726,0.0604205878404388,0.0438668421646395,0.0458420181617315
0.0572827079851726,0.0604205878404388,0.0438668421646395,0.0458420181617315
0.0572827079851726,0.0604205878404388,0.0438668421646395,0.0458420181617315
0.0572827079851726,0.0604205878404388,0.0438668421646395,0.0458420181617315
0.0572827079851726,0.0604205878404388,0.0438668421646395,0.0458420181617315
0.0572827079851726,0.0604205878404388,0.0438668421646395,0.0458420181617315
0.0577330357211785,0.0604205878404388,0.0438668421646395,0.0458420181617315
0.0577330357211785,0.0604205878404388,0.0438668421646395,0.0458420181617315
0.0577330357211785,0.0604205878404388,0.0438668421646395,0.0458420181617315
0.0577330357211785,0.0604205878404388,0.0438668421646395,0.0458420181617315
0.0577330357211785,0.0604205878404388,0.0438668421646395,0.0458420181617315
0.0577330357211785,0.0604205878404388,0.0438668421646395,0.0458420181617315
0.0577330357211785,0.0604205878404388,0.0438668421646395,0.0458420181617315
0.0577330357211785,0.0604205878404388,0.0438668421646395,0.0458420181617315
0.0577330357211785,0.0604205878404388,0.0438668421646395,0.0458420181617315
0.0577330357211785,0.0604205878404388,0.042915824539653,0.0458420181617315
0.0577330357211785,0.0604205878404388,0.042915824539653,0.0458420181617315
0.0577330357211785,0.0604205878404388,0.042915824539653,0.0458420181617315
0.0577330357211785,0.0604205878404388,0.042915824539653,0.048387299000199
0.0577330357211785,0.0604205878404388,0.042915824539653,0.048387299000199
0.0577330357211785,0.070833662862204,0.042915824539653,0.048387299000199
0.0577330357211785,0.070833662862204,0.042915824539653,0.048387299000199
0.0577330357211785,0.070833662862204,0.042915824539653,0.0507507571431595
0.0577330357211785,0.070833662862204,0.042915824539653,0.0507507571431595
0.0577330357211785,0.070833662862204,0.042915824539653,0.0507507571431595
0.0577330357211785,0.070833662862204,0.042915824539653,0.0507507571431595
0.0577330357211785,0.070833662862204,0.042915824539653,0.0507507571431595
0.0577330357211785,0.070833662862204,0.042915824539653,0.0507507571431595
0.0577330357211785,0.070833662862204,0.042915824539653,0.0507507571431595
0.0577330357211785,0.070833662862204,0.042915824539653,0.0507507571431595
0.0577330357211785,0.070833662862204,0.042915824539653,0.044496057342498
0.0577330357211785,0.070833662862204,0.042915824539653,0.0486641977743113
0.0577330357211785,0.070833662862204,0.042915824539653,0.0486641977743113
0.0577330357211785,0.070833662862204,0.042915824539653,0.0486641977743113
0.0577330357211785,0.070833662862204,0.042915824539653,0.0486641977743113
0.0577330357211785,0.070833662862204,0.042915824539653,0.0411086354710274
0.0577330357211785,0.070833662862204,0.042915824539653,0.0411086354710274
0.0577330357211785,0.070833662862204,0.042915824539653,0.0411086354710274
0.0577330357211785,0.070833662862204,0.042915824539653,0.0411086354710274
0.0577330357211785,0.070833662862204,0.042915824539653,0.0411086354710274
0.0577330357211785,0.070833662862204,0.042915824539653,0.0411086354710274
0.0577330357211785,0.070833662862204,0.042915824539653,0.0411086354710274
0.0577330357211785,0.0655103388793195,0.042915824539653,0.0411086354710274
0.0577330357211785,0.0655103388793195,0.042915824539653,0.0411086354710274
0.0577330357211785,0.0655103388793195,0.042915824539653,0.0411086354710274
0.0577330357211785,0.0655103388793195,0.042915824539653,0.0411086354710274
0.0577330357211785,0.0655103388793195,0.042915824539653,0.0411086354710274
0.0577330357211785,0.0655103388793195,0.042915824539653,0.0411086354710274
0.0577330357211785,0.0655103388793195,0.042915824539653,0.0411086354710274
0.0577330357211785,0.0655103388793195,0.042915824539653,0.0411086354710274
0.0577330357211785,0.0655103388793195,0.042915824539653,0.0411086354710274
0.0577330357211785,0.0655103388793195,0.042915824539653,0.0411086354710274
0.0577330357211785,0.0655103388793195,0.042915824539653,0.0411086354710274
0.0577330357211785,0.0655103388793195,0.042915824539653,0.0411086354710274
0.0577330357211785,0.0655103388793195,0.042915824539653,0.0411086354710274
0.0577330357211785,0.0655103388793195,0.042915824539653,0.0411086354710274
0.0577330357211785,0.0655103388793195,0.042915824539653,0.0411086354710274
0.0577330357211785,0.0655103388793195,0.042915824539653,0.0411086354710274
0.0577330357211785,0.0671134346546035,0.042915824539653,0.0411086354710274
0.0577330357211785,0.0671134346546035,0.042915824539653,0.0411086354710274
0.0577330357211785,0.0671134346546035,0.042915824539653,0.0411086354710274
0.0577330357211785,0.0671134346546035,0.042915824539653,0.0411086354710274
0.0577330357211785,0.0671134346546035,0.042915824539653,0.0411086354710274
0.0577330357211785,0.0671134346546035,0.042915824539653,0.0411086354710274
0.0577330357211785,0.0671134346546035,0.042915824539653,0.0411086354710274
0.0577330357211785,0.0671134346546035,0.042915824539653,0.0411086354710274
0.0577330357211785,0.0671134346546035,0.042915824539653,0.0411086354710274
0.0577330357211785,0.0671134346546035,0.042915824539653,0.0411086354710274
0.0577330357211785,0.0671134346546035,0.042915824539653,0.0411086354710274
0.0577330357211785,0.0653702541014981,0.042915824539653,0.0411086354710274
0.0577330357211785,0.0653702541014981,0.042915824539653,0.0411086354710274
0.0577330357211785,0.0653702541014981,0.042915824539653,0.0411086354710274
0.0577330357211785,0.0653702541014981,0.042915824539653,0.0411202380998508
0.0577330357211785,0.0653702541014981,0.042915824539653,0.0411202380998508
0.0592654003550711,0.0653702541014981,0.042915824539653,0.0411202380998508
0.0592654003550711,0.0653702541014981,0.042915824539653,0.0411202380998508
0.0592654003550711,0.0653702541014981,0.042915824539653,0.0411202380998508
0.0592654003550711,0.0653702541014981,0.042915824539653,0.0411202380998508
0.0592654003550711,0.0653702541014981,0.042915824539653,0.0411202380998508
0.0592654003550711,0.0653702541014981,0.042915824539653,0.0411202380998508
0.0592654003550711,0.0653702541014981,0.042915824539653,0.0411202380998508
0.0592654003550711,0.0653702541014981,0.042915824539653,0.0411202380998508
0.0592654003550711,0.0653702541014981,0.042915824539653,0.0411202380998508
0.0592654003550711,0.0653702541014981,0.042915824539653,0.0411202380998508
0.0592654003550711,0.0653702541014981,0.042915824539653,0.0411202380998508
0.0592654003550711,0.0653702541014981,0.042915824539653,0.0411202380998508
0.0598472688941411,0.0653702541014981,0.042915824539653,0.0411202380998508
0.0598472688941411,0.0653702541014981,0.042915824539653,0.0411202380998508
0.0598472688941411,0.0653702541014981,0.042915824539653,0.0411202380998508
0.0598472688941411,0.0653702541014981,0.042915824539653,0.0411202380998508
0.0598472688941411,0.0653702541014981,0.042915824539653,0.0411202380998508
0.0598472688941411,0.0653702541014981,0.042915824539653,0.0411202380998508
0.0598472688941411,0.0653702541014981,0.042915824539653,0.0411202380998508
0.0598472688941411,0.0653702541014981,0.042915824539653,0.0411202380998508
0.0598472688941411,0.0653702541014981,0.042915824539653,0.0411202380998508
0.0598472688941411,0.0653702541014981,0.042915824539653,0.0411202380998508
0.0598472688941411,0.0653702541014981,0.042915824539653,0.0411202380998508
0.0598472688941411,0.0653702541014981,0.042915824539653,0.0411202380998508
0.0598472688941411,0.0653702541014981,0.042915824539653,0.0411202380998508
0.0598472688941411,0.0653702541014981,0.042915824539653,0.0411202380998508
0.0598472688941411,0.0653702541014981,0.042915824539653,0.0411202380998508
0.0598472688941411,0.0653702541014981,0.042915824539653,0.0429731365466065
0.0598472688941411,0.0653702541014981,0.042915824539653,0.0429731365466065
0.0598472688941411,0.0653702541014981,0.042915824539653,0.0429731365466065
0.0598472688941411,0.0653702541014981,0.0402718956633203,0.0429731365466065
0.0598472688941411,0.0653702541014981,0.0402718956633203,0.0429731365466065
0.0598472688941411,0.0653702541014981,0.0402718956633203,0.0429731365466065
0.0598472688941411,0.0653702541014981,0.0402718956633203,0.0429731365466065
0.0598472688941411,0.0653702541014981,0.0402718956633203,0.0429731365466065
0.0598472688941411,0.0653702541014981,0.0402718956633203,0.0429731365466065
0.0598472688941411,0.0653702541014981,0.0402718956633203,0.0429731365466065
0.0598472688941411,0.0653702541014981,0.0382580306157123,0.0429731365466065
0.0598472688941411,0.0653702541014981,0.0382580306157123,0.0429731365466065
0.0598472688941411,0.0653702541014981,0.0382580306157123,0.0429731365466065
0.0598472688941411,0.0653702541014981,0.0382580306157123,0.0429731365466065
0.0598472688941411,0.0653702541014981,0.0382580306157123,0.0429731365466065
0.0598472688941411,0.0653702541014981,0.0382580306157123,0.0429731365466065
0.0598472688941411,0.0653702541014981,0.0382580306157123,0.0429731365466065
0.0598472688941411,0.0653702541014981,0.0382580306157123,0.0429731365466065
0.0598472688941411,0.0653702541014981,0.0382580306157123,0.0429731365466065
0.0598472688941411,0.0653702541014981,0.0382580306157123,0.0429731365466065
0.0598472688941411,0.0653702541014981,0.0382580306157123,0.0429731365466065
0.0598472688941411,0.0653702541014981,0.0382580306157123,0.0429731365466065
0.0598472688941411,0.0653702541014981,0.0382580306157123,0.0429731365466065
0.0598472688941411,0.0653702541014981,0.0382580306157123,0.0429731365466065
0.0598472688941411,0.0573350471663185,0.0382580306157123,0.0429731365466065
0.0598472688941411,0.0573350471663185,0.0382580306157123,0.0429731365466065
0.0598472688941411,0.0573350471663185,0.0382580306157123,0.0429731365466065
0.0598472688941411,0.0573350471663185,0.0382580306157123,0.0429731365466065
0.0598472688941411,0.0573350471663185,0.0382580306157123,0.0429731365466065
0.0598472688941411,0.0573350471663185,0.0382580306157123,0.0429731365466065
0.0598472688941411,0.0573350471663185,0.0382580306157123,0.0429731365466065
0.0598472688941411,0.0573350471663185,0.0382580306157123,0.0429731365466065
0.0598472688941411,0.0573350471663185,0.0382580306157123,0.0429731365466065
0.0598472688941411,0.0573350471663185,0.0382580306157123,0.0429731365466065
0.0598472688941411,0.0573350471663185,0.0382580306157123,0.0429731365466065
0.0598472688941411,0.0573350471663185,0.0382580306157123,0.0429731365466065
0.0598472688941411,0.0573350471663185,0.0382580306157123,0.0429731365466065
0.0598472688941411,0.0573350471663185,0.0382580306157123,0.0429731365466065
0.0598472688941411,0.0573350471663185,0.0382580306157123,0.0429731365466065
0.0598472688941411,0.0573350471663185,0.0382580306157123,0.0429731365466065
0.0598472688941411,0.0573350471663185,0.0382580306157123,0.0429731365466065
0.0598472688941411,0.0573350471663185,0.0382580306157123,0.0429731365466065
0.0598472688941411,0.0573350471663185,0.0382580306157123,0.0429731365466065
0.0598472688941411,0.0573350471663185,0.0382580306157123,0.0429731365466065
0.0598472688941411,0.0573350471663185,0.0382580306157123,0.0429731365466065
0.0598472688941411,0.0573350471663185,0.0382580306157123,0.0429731365466065
0.0598472688941411,0.0573350471663185,0.0382580306157123,0.0429731365466065
0.0598472688941411,0.0573350471663185,0.0368739248469589,0.0429731365466065
0.0598472688941411,0.0573350471663185,0.0368739248469589,0.0429731365466065
0.0601876795459865,0.0573350471663185,0.0368739248469589,0.0429731365466065
0.0601876795459865,0.0573350471663185,0.0368739248469589,0.0429731365466065
0.0601876795459865,0.0573350471663185,0.0368739248469589,0.0429731365466065
0.0601876795459865,0.0573350471663185,0.0368739248469589,0.0429731365466065
0.0601876795459865,0.0573350471663185,0.0368739248469589,0.0429731365466065
0.0601876795459865,0.0573350471663185,0.0368739248469589,0.0429731365466065
0.0601876795459865,0.0573350471663185,0.0368739248469589,0.0429731365466065
0.0601876795459865,0.0573350471663185,0.0368739248469589,0.0429731365466065
0.0601876795459865,0.0573350471663185,0.0368739248469589,0.0429731365466065
0.0601876795459865,0.0573350471663185,0.0368739248469589,0.0429731365466065
0.0601876795459865,0.0573350471663185,0.0368739248469589,0.0429731365466065
0.0601876795459865,0.0573350471663185,0.0368739248469589,0.0429731365466065
0.0601876795459865,0.0573350471663185,0.0368739248469589,0.0429731365466065
0.0601876795459865,0.0573350471663185,0.0368739248469589,0.0452900796830564
0.0601876795459865,0.0573350471663185,0.0368739248469589,0.0452900796830564
0.0601876795459865,0.0573350471663185,0.0368739248469589,0.0452900796830564
0.0601876795459865,0.0573350471663185,0.0368739248469589,0.0452900796830564
0.0601876795459865,0.0573350471663185,0.0368739248469589,0.0452900796830564
0.0601876795459865,0.0573350471663185,0.0413613878710662,0.0452900796830564
0.0601876795459865,0.0573350471663185,0.0413613878710662,0.0452900796830564
0.0601876795459865,0.0573350471663185,0.0413613878710662,0.0452900796830564
0.0601876795459865,0.0573350471663185,0.0413613878710662,0.0452900796830564
0.0601876795459865,0.0573350471663185,0.0413613878710662,0.0452900796830564
0.0601876795459865,0.0573350471663185,0.0413613878710662,0.0452900796830564
0.0601876795459865,0.0573350471663185,0.0413613878710662,0.0452900796830564
0.0601876795459865,0.0573350471663185,0.0413613878710662,0.0452900796830564
0.0601876795459865,0.0573350471663185,0.0413613878710662,0.0452900796830564
0.0601876795459865,0.0573350471663185,0.0413613878710662,0.0452900796830564
0.0601876795459865,0.0573350471663185,0.0413613878710662,0.0452900796830564
0.0601876795459865,0.0573350471663185,0.0413613878710662,0.0452900796830564
0.0601876795459865,0.0573350471663185,0.0413613878710662,0.0452900796830564
0.0601876795459865,0.0573350471663185,0.0413613878710662,0.0452900796830564
0.0601876795459865,0.0573350471663185,0.0413613878710662,0.0452900796830564
0.0601876795459865,0.0573350471663185,0.0413613878710662,0.0452900796830564
0.0601876795459865,0.0573350471663185,0.0413613878710662,0.0452900796830564
0.0601876795459865,0.0573350471663185,0.0413613878710662,0.0452900796830564
0.0601876795459865,0.0573350471663185,0.0413613878710662,0.0452900796830564
0.0601876795459865,0.0573350471663185,0.0413613878710662,0.0452900796830564
0.0601876795459865,0.0573350471663185,0.0371629278864957,0.0452900796830564
0.0601876795459865,0.0573350471663185,0.0397375660728621,0.0452900796830564
0.0601876795459865,0.0573350471663185,0.0397375660728621,0.0452900796830564
0.0601876795459865,0.0573350471663185,0.0397375660728621,0.0452900796830564
0.0601876795459865,0.0573350471663185,0.0397375660728621,0.0452900796830564
0.0601876795459865,0.0573350471663185,0.0397375660728621,0.0452900796830564
0.0601876795459865,0.0573350471663185,0.0397375660728621,0.0452900796830564
0.0601876795459865,0.0573350471663185,0.0397375660728621,0.0452900796830564
0.0601876795459865,0.0573350471663185,0.0397375660728621,0.0452900796830564
0.0601876795459865,0.0573350471663185,0.0397375660728621,0.0452900796830564
0.0601876795459865,0.0573350471663185,0.0397375660728621,0.0452900796830564
0.0601876795459865,0.0573350471663185,0.0397375660728621,0.0452900796830564
0.0601876795459865,0.0573350471663185,0.0397375660728621,0.0419059997878447
0.0601876795459865,0.0573350471663185,0.0397375660728621,0.0419059997878447
0.0601876795459865,0.0573350471663185,0.0397375660728621,0.0419059997878447
0.0601876795459865,0.0573350471663185,0.0397375660728621,0.0419059997878447
0.0601876795459865,0.0573350471663185,0.0397375660728621,0.0419059997878447
0.0610348059173982,0.0573350471663185,0.0397375660728621,0.0419059997878447
0.0610348059173982,0.0573350471663185,0.0397375660728621,0.0419059997878447
0.0610348059173982,0.0573350471663185,0.0397375660728621,0.0419059997878447
0.0610348059173982,0.0573350471663185,0.0397375660728621,0.0419059997878447
0.0610348059173982,0.0573350471663185,0.0397375660728621,0.0419059997878447
0.0610348059173982,0.0573350471663185,0.0397375660728621,0.0419059997878447
0.0610348059173982,0.0573350471663185,0.0397375660728621,0.0419059997878447
0.0610348059173982,0.0573350471663185,0.0397375660728621,0.0419059997878447
0.0610348059173982,0.0573350471663185,0.0397375660728621,0.0419059997878447
0.0610348059173982,0.0582567557329216,0.0397375660728621,0.0419059997878447
0.0610348059173982,0.0653490197846875,0.0397375660728621,0.0419059997878447
0.0610348059173982,0.0653490197846875,0.0397375660728621,0.0498211666827383
0.0610348059173982,0.0653490197846875,0.0397375660728621,0.0498211666827383
0.0610348059173982,0.0653490197846875,0.0397375660728621,0.0498211666827383
0.0610348059173982,0.0653490197846875,0.0397375660728621,0.0498211666827383
0.0610348059173982,0.0653490197846875,0.0397375660728621,0.0498211666827383
0.0610348059173982,0.0653490197846875,0.0397375660728621,0.0498211666827383
0.0610348059173982,0.0653490197846875,0.0397375660728621,0.0498211666827383
0.0610348059173982,0.0653490197846875,0.0397375660728621,0.0498211666827383
0.0610348059173982,0.0653490197846875,0.0397375660728621,0.0498211666827383
0.0610348059173982,0.0653490197846875,0.0397375660728621,0.0498211666827383
0.0610348059173982,0.0653490197846875,0.0397375660728621,0.0498211666827383
0.0610348059173982,0.0653490197846875,0.0397375660728621,0.0498211666827383
0.0610348059173982,0.0653490197846875,0.0397375660728621,0.0498211666827383
0.0610348059173982,0.0653490197846875,0.0397375660728621,0.0498211666827383
0.0610348059173982,0.0653490197846875,0.0397375660728621,0.0498211666827383
0.0610348059173982,0.0653490197846875,0.0397375660728621,0.0498211666827383
0.0610348059173982,0.0653490197846875,0.0397375660728621,0.0498211666827383
0.0610348059173982,0.0653490197846875,0.0397375660728621,0.0498211666827383
0.0610348059173982,0.0653490197846875,0.0397375660728621,0.0498211666827383
0.0610348059173982,0.0653490197846875,0.0397375660728621,0.0498211666827383
0.0610348059173982,0.0653490197846875,0.0397375660728621,0.0498211666827383
0.0610348059173982,0.0653490197846875,0.0397375660728621,0.0498211666827383
0.0610348059173982,0.0653490197846875,0.0397375660728621,0.0498211666827383
0.0610348059173982,0.0612070777810606,0.0397375660728621,0.0498211666827383
0.0640791425057257,0.0612070777810606,0.0397375660728621,0.0498211666827383
0.0640791425057257,0.0612070777810606,0.0397375660728621,0.0498211666827383
0.0640791425057257,0.0612070777810606,0.0397375660728621,0.0498211666827383
0.0640791425057257,0.0612070777810606,0.0397375660728621,0.0498211666827383
0.0640791425057257,0.0612070777810606,0.0397375660728621,0.0498211666827383
0.0640791425057257,0.0612070777810606,0.0397375660728621,0.0498211666827383
0.0640791425057257,0.0612070777810606,0.0397375660728621,0.0498211666827383
0.0640791425057257,0.0612070777810606,0.0397375660728621,0.0498211666827383
0.0640791425057257,0.0612070777810606,0.0397375660728621,0.0498211666827383
0.0640791425057257,0.0612070777810606,0.0397375660728621,0.0498211666827383
0.0640791425057257,0.0612070777810606,0.0397375660728621,0.0444458644343095
0.0640791425057257,0.0612070777810606,0.0397375660728621,0.0444458644343095
0.0640791425057257,0.0612070777810606,0.0397375660728621,0.0444458644343095
0.0640791425057257,0.0612070777810606,0.0397375660728621,0.0444458644343095
0.0640791425057257,0.0612070777810606,0.0397375660728621,0.0444458644343095
0.0644774690978032,0.0612070777810606,0.0397375660728621,0.0444458644343095
0.0644774690978032,0.0612070777810606,0.0397375660728621,0.0444458644343095
0.0644774690978032,0.0612070777810606,0.0397375660728621,0.0444458644343095
0.0644774690978032,0.0655374368407,0.0397375660728621,0.0444458644343095
0.0644774690978032,0.0655374368407,0.0397375660728621,0.0444458644343095
0.0644774690978032,0.0655374368407,0.0397375660728621,0.0435197841178735
0.0644774690978032,0.0655374368407,0.0397375660728621,0.0435197841178735
0.0644774690978032,0.0655374368407,0.0397375660728621,0.0435197841178735
0.0644774690978032,0.0655374368407,0.0397375660728621,0.0435197841178735
0.0644774690978032,0.0655374368407,0.0397375660728621,0.0435197841178735
0.0644774690978032,0.0655374368407,0.0397375660728621,0.0435197841178735
0.0644774690978032,0.0548789808830913,0.0397375660728621,0.0435197841178735
0.0644774690978032,0.0548789808830913,0.0397375660728621,0.0435197841178735
0.0644774690978032,0.0548789808830913,0.0397375660728621,0.0435197841178735
0.0644774690978032,0.0548789808830913,0.0397375660728621,0.0435197841178735
0.0644774690978032,0.0548789808830913,0.0397375660728621,0.0435197841178735
0.0644774690978032,0.0548789808830913,0.0397375660728621,0.0401466390832216
0.0644774690978032,0.0548789808830913,0.0397375660728621,0.0401466390832216
0.0644774690978032,0.0548789808830913,0.0397375660728621,0.0401466390832216
0.0644774690978032,0.0548789808830913,0.0397375660728621,0.0456335877292789
0.0644774690978032,0.0548789808830913,0.0397375660728621,0.0456335877292789
0.0644774690978032,0.0548789808830913,0.0397375660728621,0.0456335877292789
0.0644774690978032,0.0548789808830913,0.0426195940298569,0.0456335877292789
0.0644774690978032,0.0548789808830913,0.0426195940298569,0.0456335877292789
0.0644774690978032,0.0548789808830913,0.0384777542781705,0.0456335877292789
0.0644774690978032,0.0548789808830913,0.0384777542781705,0.0456335877292789
0.0644774690978032,0.0548789808830913,0.0384777542781705,0.0456335877292789
0.0644774690978032,0.0548789808830913,0.0384777542781705,0.0456335877292789
0.0644774690978032,0.0548789808830913,0.0384777542781705,0.0456335877292789
0.0644774690978032,0.0548789808830913,0.0384777542781705,0.0456335877292789
0.0644774690978032,0.0548789808830913,0.0384777542781705,0.0456335877292789
0.0644774690978032,0.0548789808830913,0.0448558629031993,0.0456335877292789
0.0644774690978032,0.0548789808830913,0.0448558629031993,0.0456335877292789
0.0644774690978032,0.0512384318522952,0.0448558629031993,0.0456335877292789
0.0644774690978032,0.0512384318522952,0.0448558629031993,0.0456335877292789
0.0644774690978032,0.0512384318522952,0.0448558629031993,0.0456335877292789
0.0644774690978032,0.0512384318522952,0.0448558629031993,0.0456335877292789
0.0644774690978032,0.0512384318522952,0.0448558629031993,0.045064630195699
0.0644774690978032,0.0512384318522952,0.0448558629031993,0.045064630195699
0.0644774690978032,0.0512384318522952,0.0448558629031993,0.045064630195699
0.0644774690978032,0.0512384318522952,0.0448558629031993,0.045064630195699
0.0644774690978032,0.0512384318522952,0.0433296710940588,0.045064630195699
0.0644774690978032,0.0512384318522952,0.0381515163652171,0.045064630195699
0.0644774690978032,0.0512384318522952,0.0381515163652171,0.045064630195699
0.0644774690978032,0.0584278021400731,0.0381515163652171,0.045064630195699
0.0644774690978032,0.0584278021400731,0.0381515163652171,0.045064630195699
0.0644774690978032,0.0584278021400731,0.0381515163652171,0.045064630195699
0.0644774690978032,0.0584278021400731,0.0381515163652171,0.045064630195699
0.0644774690978032,0.0584278021400731,0.0381515163652171,0.045064630195699
0.0644774690978032,0.0584278021400731,0.0381515163652171,0.045064630195699
0.0644774690978032,0.0584278021400731,0.0381515163652171,0.045064630195699
0.0644774690978032,0.0584278021400731,0.0381515163652171,0.045064630195699
0.0644774690978032,0.0493164874101928,0.0381515163652171,0.045064630195699
0.0644774690978032,0.0493164874101928,0.0381515163652171,0.045064630195699
0.0644774690978032,0.0493164874101928,0.0381515163652171,0.045064630195699
0.0644774690978032,0.0493164874101928,0.040197811101119,0.045064630195699
0.0644774690978032,0.0493164874101928,0.040197811101119,0.045064630195699
0.0644774690978032,0.0493164874101928,0.040197811101119,0.045064630195699
0.0644774690978032,0.0493164874101928,0.040197811101119,0.045064630195699
0.0644774690978032,0.0493164874101928,0.040197811101119,0.045064630195699
0.0644774690978032,0.0493164874101928,0.040197811101119,0.045064630195699
0.0644774690978032,0.0493164874101928,0.040197811101119,0.045064630195699
0.0644774690978032,0.0493164874101928,0.040197811101119,0.045064630195699
0.0644774690978032,0.0493164874101928,0.040197811101119,0.045064630195699
0.0644774690978032,0.0493164874101928,0.040197811101119,0.045064630195699
0.0644774690978032,0.0493164874101928,0.040197811101119,0.045064630195699
0.0644774690978032,0.0493164874101928,0.040197811101119,0.045064630195699
0.0644774690978032,0.0493164874101928,0.040197811101119,0.045064630195699
0.0644774690978032,0.0493164874101928,0.040197811101119,0.045064630195699
0.0644774690978032,0.0493164874101928,0.040197811101119,0.045064630195699
0.0644774690978032,0.0493164874101928,0.040197811101119,0.045064630195699
0.0644774690978032,0.0493164874101928,0.040197811101119,0.045064630195699
0.0644774690978032,0.0493164874101928,0.040197811101119,0.045064630195699
0.0644774690978032,0.0493164874101928,0.040197811101119,0.045064630195699
0.0644774690978032,0.0493164874101928,0.040197811101119,0.045064630195699
0.0644774690978032,0.0493164874101928,0.040197811101119,0.045064630195699
0.0644774690978032,0.0493164874101928,0.040197811101119,0.045064630195699
0.0644774690978032,0.0493164874101928,0.040197811101119,0.045064630195699
0.0644774690978032,0.0493164874101928,0.040197811101119,0.045064630195699
0.0644774690978032,0.0493164874101928,0.040197811101119,0.045064630195699
0.0644774690978032,0.0493164874101928,0.040197811101119,0.045064630195699
0.0644774690978032,0.0493164874101928,0.040197811101119,0.045064630195699
0.0644774690978032,0.0493164874101928,0.040197811101119,0.045064630195699
0.0644774690978032,0.0493164874101928,0.040197811101119,0.045064630195699
0.0644774690978032,0.0493164874101928,0.040197811101119,0.045064630195699
0.0644774690978032,0.0493164874101928,0.040197811101119,0.0409829891120646
0.0644774690978032,0.0493164874101928,0.0431612269053767,0.0409829891120646
0.0644774690978032,0.0493164874101928,0.0431612269053767,0.0409829891120646
0.0644774690978032,0.0493164874101928,0.0431612269053767,0.0409829891120646
0.0644774690978032,0.0493164874101928,0.0431612269053767,0.0409829891120646
0.0644774690978032,0.0493164874101928,0.0431612269053767,0.0409829891120646
0.0644774690978032,0.0493164874101928,0.0431612269053767,0.0409829891120646
0.0644774690978032,0.0493164874101928,0.0431612269053767,0.0409829891120646
0.0644774690978032,0.0493164874101928,0.0431612269053767,0.0432164505775666
0.0644774690978032,0.0493164874101928,0.0431612269053767,0.0432164505775666
0.0644774690978032,0.0493164874101928,0.0431612269053767,0.0432164505775666
0.0644774690978032,0.0493164874101928,0.0431612269053767,0.0432164505775666
0.0644774690978032,0.0493164874101928,0.0431612269053767,0.0432164505775666
0.0644774690978032,0.0493164874101928,0.0431612269053767,0.0432164505775666
0.0644774690978032,0.0493164874101928,0.0431612269053767,0.0432164505775666
0.0644774690978032,0.0493164874101928,0.0431612269053767,0.0432164505775666
0.0644774690978032,0.0493164874101928,0.0431612269053767,0.0432164505775666
0.0644774690978032,0.0493164874101928,0.0431612269053767,0.0432164505775666
0.0644774690978032,0.0493164874101928,0.0431612269053767,0.0432164505775666
0.0644774690978032,0.0493164874101928,0.0431612269053767,0.0442048919550021
0.0644774690978032,0.0493164874101928,0.0431612269053767,0.0442048919550021
0.0644774690978032,0.0493164874101928,0.0431612269053767,0.0442048919550021
0.0644774690978032,0.0493164874101928,0.0431612269053767,0.0442048919550021
0.0644774690978032,0.0493164874101928,0.0431612269053767,0.0442048919550021
0.0644774690978032,0.0493164874101928,0.0431612269053767,0.0442048919550021
0.0644774690978032,0.0493164874101928,0.0431612269053767,0.0442048919550021
0.0644774690978032,0.0493164874101928,0.0431612269053767,0.0442048919550021
0.0644774690978032,0.0493164874101928,0.0431612269053767,0.0442048919550021
0.0644774690978032,0.0493164874101928,0.0431612269053767,0.0442048919550021
0.0644774690978032,0.0493164874101928,0.0431612269053767,0.0442048919550021
0.0644774690978032,0.0493164874101928,0.043685870722474,0.0442048919550021
0.0644774690978032,0.0509253380740933,0.043685870722474,0.0442048919550021
0.0644774690978032,0.0550718835918269,0.043685870722474,0.0442048919550021
0.0644774690978032,0.0550718835918269,0.043685870722474,0.0442048919550021
0.0644774690978032,0.0550718835918269,0.043685870722474,0.0442048919550021
0.0644774690978032,0.0550718835918269,0.043685870722474,0.0442048919550021
0.0644774690978032,0.0550718835918269,0.043685870722474,0.0442048919550021
0.0644774690978032,0.0550718835918269,0.043685870722474,0.0442048919550021
0.0644774690978032,0.0550718835918269,0.043685870722474,0.0442048919550021
0.0644774690978032,0.0550718835918269,0.043685870722474,0.0483836411301592
0.0644774690978032,0.0550718835918269,0.043685870722474,0.0483836411301592
0.0644774690978032,0.0550718835918269,0.043685870722474,0.0483836411301592
0.0644774690978032,0.0550718835918269,0.043685870722474,0.0483836411301592
0.0644774690978032,0.0550718835918269,0.043685870722474,0.0483836411301592
0.0644774690978032,0.0550718835918269,0.043685870722474,0.0483836411301592
0.0644774690978032,0.0550718835918269,0.043685870722474,0.0483836411301592
0.0644774690978032,0.0550718835918269,0.043685870722474,0.0483836411301592
0.0644774690978032,0.0550718835918269,0.043685870722474,0.0483836411301592
0.0644774690978032,0.0550718835918269,0.043685870722474,0.0483836411301592
0.0644774690978032,0.0550718835918269,0.043685870722474,0.0483836411301592
0.0644774690978032,0.0501264062604456,0.043685870722474,0.0483836411301592
0.0644774690978032,0.0501264062604456,0.043685870722474,0.0483836411301592
0.0644774690978032,0.0501264062604456,0.043685870722474,0.0483836411301592
0.0644774690978032,0.0501264062604456,0.043685870722474,0.0483836411301592
0.0648357770162401,0.0501264062604456,0.043685870722474,0.0483836411301592
0.0648357770162401,0.0501264062604456,0.043685870722474,0.0483836411301592
0.0648357770162401,0.0501264062604456,0.043685870722474,0.0483836411301592
0.0648357770162401,0.0501264062604456,0.043685870722474,0.0483836411301592
0.0648357770162401,0.0501264062604456,0.043685870722474,0.0483836411301592
0.0648357770162401,0.0501264062604456,0.043685870722474,0.0483836411301592
0.0648357770162401,0.0501264062604456,0.043685870722474,0.0435693680960694
0.0648357770162401,0.0501264062604456,0.0515635266869286,0.0435693680960694
0.0648357770162401,0.0501264062604456,0.0515635266869286,0.0435693680960694
0.0648357770162401,0.0501264062604456,0.0515635266869286,0.0435693680960694
0.0648357770162401,0.0501264062604456,0.0515635266869286,0.0435693680960694
0.0648357770162401,0.0501264062604456,0.0515635266869286,0.0435693680960694
0.0648357770162401,0.0501264062604456,0.0515635266869286,0.0435693680960694
0.0648357770162401,0.0501264062604456,0.0479619418827275,0.0435693680960694
0.0648357770162401,0.0513309869547787,0.0488505448668895,0.0435693680960694
0.0648357770162401,0.0513309869547787,0.0488505448668895,0.0435693680960694
0.0648357770162401,0.0513309869547787,0.0488505448668895,0.0435693680960694
0.0648357770162401,0.0458500214247365,0.0488505448668895,0.0435693680960694
0.0648357770162401,0.0458500214247365,0.0488505448668895,0.0435693680960694
0.0648357770162401,0.0458500214247365,0.0488505448668895,0.0435693680960694
0.0648357770162401,0.0458500214247365,0.0488505448668895,0.0435693680960694
0.0613940471534066,0.0458500214247365,0.0488505448668895,0.0435693680960694
0.0613940471534066,0.0458500214247365,0.0488505448668895,0.0435693680960694
0.0613940471534066,0.0458500214247365,0.0488505448668895,0.0435693680960694
0.0613940471534066,0.0458500214247365,0.0488505448668895,0.0435693680960694
0.0613940471534066,0.0458500214247365,0.0488505448668895,0.0435693680960694
0.0613940471534066,0.0458500214247365,0.0488505448668895,0.0435693680960694
0.0613940471534066,0.0458500214247365,0.0488505448668895,0.0435693680960694
0.0613940471534066,0.0458500214247365,0.0488505448668895,0.0435693680960694
0.0613940471534066,0.0458500214247365,0.0488505448668895,0.0435693680960694
0.0613940471534066,0.0458500214247365,0.0488505448668895,0.0435693680960694
0.0613940471534066,0.0458500214247365,0.0488505448668895,0.0435693680960694
0.0613940471534066,0.0458500214247365,0.0488505448668895,0.0435693680960694
0.0613940471534066,0.0458500214247365,0.0488505448668895,0.0435693680960694
0.0613940471534066,0.0456064301413073,0.0488505448668895,0.0435693680960694
0.0613940471534066,0.0456064301413073,0.0488505448668895,0.0435693680960694
0.0613940471534066,0.0456064301413073,0.0488505448668895,0.0435693680960694
0.0613940471534066,0.0456064301413073,0.0488505448668895,0.0435693680960694
0.0613940471534066,0.0456064301413073,0.0488505448668895,0.0435693680960694
0.0613940471534066,0.0456064301413073,0.0488505448668895,0.0435693680960694
0.0613940471534066,0.0456064301413073,0.0488505448668895,0.0435693680960694
0.0613940471534066,0.0456064301413073,0.0488505448668895,0.0435693680960694
0.0613940471534066,0.0456064301413073,0.0488505448668895,0.0435693680960694
0.0613940471534066,0.0456064301413073,0.0488505448668895,0.0435693680960694
0.0613940471534066,0.0456064301413073,0.049524169435729,0.0435693680960694
0.0613940471534066,0.0456064301413073,0.049524169435729,0.0435693680960694
0.0613940471534066,0.0456064301413073,0.049524169435729,0.0435693680960694
0.0613940471534066,0.0456064301413073,0.049524169435729,0.0435693680960694
0.0613940471534066,0.0456064301413073,0.049524169435729,0.0435693680960694
0.0613940471534066,0.0456064301413073,0.049524169435729,0.0435693680960694
0.0613940471534066,0.0456064301413073,0.049524169435729,0.0435693680960694
0.0613940471534066,0.0456064301413073,0.049524169435729,0.0435693680960694
0.0613940471534066,0.0456064301413073,0.049524169435729,0.0411213374685545
0.0613940471534066,0.0456064301413073,0.049524169435729,0.0411213374685545
0.0613940471534066,0.0456064301413073,0.049524169435729,0.0411213374685545
0.0613940471534066,0.0456064301413073,0.049524169435729,0.0411213374685545
0.0613940471534066,0.0456064301413073,0.049524169435729,0.0411213374685545
0.0613940471534066,0.0456064301413073,0.049524169435729,0.0411213374685545
0.0613940471534066,0.0456064301413073,0.049524169435729,0.0411213374685545
0.0613940471534066,0.0456064301413073,0.049524169435729,0.0411213374685545
0.0613940471534066,0.0456064301413073,0.049524169435729,0.0411213374685545
0.0613940471534066,0.0456064301413073,0.049524169435729,0.0411213374685545
0.0613940471534066,0.0582853069484776,0.049524169435729,0.0452666323333318
0.0613940471534066,0.0582853069484776,0.0427443675641649,0.0452666323333318
0.0613940471534066,0.0582853069484776,0.0427443675641649,0.0452666323333318
0.0613940471534066,0.0582853069484776,0.0427443675641649,0.0452666323333318
0.0613940471534066,0.0582853069484776,0.0427443675641649,0.0452666323333318
0.0613940471534066,0.0582853069484776,0.0427443675641649,0.0452666323333318
0.0613940471534066,0.0582853069484776,0.0427443675641649,0.0452666323333318
0.0613940471534066,0.0582853069484776,0.0427443675641649,0.0452666323333318
0.0613940471534066,0.0582853069484776,0.0427443675641649,0.0452666323333318
0.0613940471534066,0.0582853069484776,0.0427443675641649,0.0452666323333318
0.0595187644001592,0.0582853069484776,0.0427443675641649,0.0452666323333318
0.0595187644001592,0.0582853069484776,0.0427443675641649,0.0452666323333318
0.0595187644001592,0.0582853069484776,0.0427443675641649,0.0452666323333318
0.0595187644001592,0.0582853069484776,0.0427443675641649,0.0452666323333318
0.0595187644001592,0.0582853069484776,0.0427443675641649,0.0452666323333318
0.0595187644001592,0.0582853069484776,0.0427443675641649,0.0502923826500083
0.0595187644001592,0.0582853069484776,0.0427443675641649,0.0502923826500083
0.0595187644001592,0.0582853069484776,0.0427443675641649,0.0502923826500083
0.0595187644001592,0.0582853069484776,0.0427443675641649,0.0502923826500083
0.0595187644001592,0.0582853069484776,0.0427443675641649,0.0502923826500083
0.0595187644001592,0.0582853069484776,0.0427443675641649,0.0502923826500083
0.0595187644001592,0.0582853069484776,0.0427443675641649,0.0502923826500083
0.0595187644001592,0.0582853069484776,0.0427443675641649,0.0502923826500083
0.0595187644001592,0.0582853069484776,0.0427443675641649,0.0502923826500083
0.0595187644001592,0.0582853069484776,0.0427443675641649,0.0502923826500083
0.0595187644001592,0.0582853069484776,0.0427443675641649,0.0502923826500083
0.0595187644001592,0.0582853069484776,0.0427443675641649,0.0502923826500083
0.0595187644001592,0.0582853069484776,0.0427443675641649,0.0502923826500083
0.0595187644001592,0.0582853069484776,0.0427443675641649,0.0502923826500083
0.0595187644001592,0.0582853069484776,0.0427443675641649,0.0502923826500083
0.0595187644001592,0.0582853069484776,0.0427443675641649,0.0502923826500083
0.0595187644001592,0.0582853069484776,0.0427443675641649,0.0451732257458967
0.0595187644001592,0.0582853069484776,0.0427443675641649,0.0451732257458967
0.0595187644001592,0.0582853069484776,0.0427443675641649,0.0451732257458967
0.0595187644001592,0.0582853069484776,0.0427443675641649,0.0451732257458967
0.0595187644001592,0.0582853069484776,0.0427443675641649,0.0451732257458967
0.0595187644001592,0.0582853069484776,0.0427443675641649,0.0451732257458967
0.0595187644001592,0.0582853069484776,0.0427443675641649,0.0451732257458967
0.0595187644001592,0.0582853069484776,0.0427443675641649,0.0451732257458967
0.0595187644001592,0.0582853069484776,0.0427443675641649,0.0451732257458967
0.0595187644001592,0.0582853069484776,0.0427443675641649,0.0451732257458967
0.0595187644001592,0.0582853069484776,0.0397427120190603,0.0451732257458967
0.0595187644001592,0.0582853069484776,0.0397427120190603,0.0451732257458967
0.0595187644001592,0.0582853069484776,0.0397427120190603,0.0451732257458967
0.0595187644001592,0.0582853069484776,0.0397427120190603,0.0451732257458967
0.0595187644001592,0.0582853069484776,0.0397427120190603,0.0451732257458967
0.0595187644001592,0.0582853069484776,0.0397427120190603,0.0451732257458967
0.0595187644001592,0.0582853069484776,0.0397427120190603,0.0451732257458967
0.0595187644001592,0.0578357110547686,0.0397427120190603,0.0451732257458967
0.0595187644001592,0.0578357110547686,0.0397427120190603,0.0451732257458967
0.0595187644001592,0.0578357110547686,0.0397427120190603,0.0451732257458967
0.0595187644001592,0.0578357110547686,0.0397427120190603,0.0451732257458967
0.0595187644001592,0.0578357110547686,0.0397427120190603,0.0451732257458967
0.0595187644001592,0.0578357110547686,0.0397427120190603,0.0451732257458967
0.0595187644001592,0.0578357110547686,0.0397427120190603,0.0451732257458967
0.0595187644001592,0.0578357110547686,0.0419001576162003,0.0451732257458967
0.0640529787582627,0.0578357110547686,0.0419001576162003,0.0451732257458967
0.0640529787582627,0.0578357110547686,0.0419001576162003,0.0451732257458967
0.0640529787582627,0.0578357110547686,0.0419001576162003,0.0451732257458967
0.0640529787582627,0.0578357110547686,0.0419001576162003,0.0451732257458967
0.0640529787582627,0.0578357110547686,0.0419001576162003,0.0451732257458967
0.0640529787582627,0.0578357110547686,0.0419001576162003,0.0451732257458967
0.0640529787582627,0.0578357110547686,0.0419001576162003,0.0451732257458967
0.0640529787582627,0.0559843553444205,0.0419001576162003,0.0451732257458967
0.0640529787582627,0.0559843553444205,0.0419001576162003,0.0451732257458967
0.0640529787582627,0.0559843553444205,0.0419001576162003,0.0451732257458967
0.0640529787582627,0.0559843553444205,0.0419001576162003,0.0451732257458967
0.0640529787582627,0.0559843553444205,0.0419001576162003,0.0451732257458967
0.0640529787582627,0.0559843553444205,0.0419001576162003,0.0451732257458967
0.0640529787582627,0.0559843553444205,0.0419001576162003,0.0451732257458967
0.0640529787582627,0.0559843553444205,0.0419001576162003,0.0451732257458967
0.0640529787582627,0.0559843553444205,0.0419001576162003,0.0451732257458967
0.0640529787582627,0.0559843553444205,0.0419001576162003,0.0451732257458967
0.0640529787582627,0.0559843553444205,0.0419001576162003,0.0451732257458967
0.0640529787582627,0.0559843553444205,0.0419001576162003,0.0451732257458967
0.0640529787582627,0.0559843553444205,0.0419001576162003,0.0451732257458967
0.0640529787582627,0.0559843553444205,0.0419001576162003,0.046442302481012
0.0640529787582627,0.0559843553444205,0.0419001576162003,0.046442302481012
0.0640529787582627,0.0559843553444205,0.0419001576162003,0.046442302481012
0.0640529787582627,0.064139705163954,0.0419001576162003,0.046442302481012
0.0640529787582627,0.064139705163954,0.0419001576162003,0.046442302481012
0.0640529787582627,0.064139705163954,0.0419001576162003,0.046442302481012
0.0640529787582627,0.0594522301799185,0.0419001576162003,0.0400403908434042
0.0640529787582627,0.0594522301799185,0.0419001576162003,0.0400403908434042
0.0640529787582627,0.0594522301799185,0.0419001576162003,0.0400403908434042
0.0640529787582627,0.0594522301799185,0.0419001576162003,0.0400403908434042
0.0640529787582627,0.0594522301799185,0.0419001576162003,0.0400403908434042
0.0640529787582627,0.0594522301799185,0.0419001576162003,0.0400403908434042
0.0640529787582627,0.0594522301799185,0.0419001576162003,0.0400403908434042
0.0614818202779039,0.0594522301799185,0.0419001576162003,0.0400403908434042
0.0614818202779039,0.0594522301799185,0.0419001576162003,0.0400403908434042
0.0614818202779039,0.0594522301799185,0.0419001576162003,0.0400403908434042
0.0614818202779039,0.0594522301799185,0.0419001576162003,0.0400403908434042
0.0614818202779039,0.0594522301799185,0.0419001576162003,0.0400403908434042
0.0614818202779039,0.0594522301799185,0.0419001576162003,0.0400403908434042
0.0614818202779039,0.0594522301799185,0.0419001576162003,0.0400403908434042
0.0614818202779039,0.0594522301799185,0.0419001576162003,0.0400403908434042
0.0604021830237697,0.0594522301799185,0.0419001576162003,0.0400403908434042
0.0604021830237697,0.0594522301799185,0.0419001576162003,0.0400403908434042
0.0604021830237697,0.0594522301799185,0.0419001576162003,0.0400403908434042
0.0604021830237697,0.0594522301799185,0.0419001576162003,0.0400403908434042
0.0604021830237697,0.0594522301799185,0.0419001576162003,0.0400403908434042
0.0585560895776904,0.0594522301799185,0.0419001576162003,0.0400403908434042
0.0585560895776904,0.0594522301799185,0.0419001576162003,0.0400403908434042
0.0585560895776904,0.0594522301799185,0.0419001576162003,0.0400403908434042
0.0585560895776904,0.0594522301799185,0.0419001576162003,0.0400403908434042
0.0585560895776904,0.0594522301799185,0.0419001576162003,0.0400403908434042
0.0585560895776904,0.0594522301799185,0.0419001576162003,0.0429184686420905
0.0585560895776904,0.0594522301799185,0.0419001576162003,0.0429184686420905
0.0585560895776904,0.0594522301799185,0.0419001576162003,0.0429184686420905
0.0585560895776904,0.0588971587460876,0.0419001576162003,0.0429184686420905
0.0585560895776904,0.0594958229904481,0.0419001576162003,0.0429184686420905
0.0585560895776904,0.0594958229904481,0.0419001576162003,0.0429184686420905
0.0585560895776904,0.0594958229904481,0.0419001576162003,0.0429184686420905
0.0585560895776904,0.0594958229904481,0.0419001576162003,0.0429184686420905
0.0585560895776904,0.0594958229904481,0.046524134552082,0.0429184686420905
0.0585560895776904,0.0594958229904481,0.046524134552082,0.0429184686420905
0.0585560895776904,0.0594958229904481,0.046524134552082,0.0429184686420905
0.0585560895776904,0.0594958229904481,0.046524134552082,0.0429184686420905
0.0585560895776904,0.0594958229904481,0.046524134552082,0.0429184686420905
0.0585560895776904,0.0594958229904481,0.046524134552082,0.0429184686420905
0.0585560895776904,0.0594958229904481,0.046524134552082,0.0429184686420905
0.0585560895776904,0.0594958229904481,0.046524134552082,0.0429184686420905
0.0585560895776904,0.0594958229904481,0.046524134552082,0.0429184686420905
0.0585560895776904,0.0594958229904481,0.046524134552082,0.0462749354891934
0.0585560895776904,0.0594958229904481,0.046524134552082,0.0462749354891934
0.0585560895776904,0.0594958229904481,0.046524134552082,0.0462749354891934
0.0585560895776904,0.0594958229904481,0.046524134552082,0.0395658667386394
0.0585560895776904,0.0594958229904481,0.046524134552082,0.0395658667386394
0.0585560895776904,0.0594958229904481,0.046524134552082,0.0395658667386394
0.0585560895776904,0.0594958229904481,0.046524134552082,0.0395658667386394
0.0585560895776904,0.0594958229904481,0.046524134552082,0.0395658667386394
0.0585560895776904,0.0594958229904481,0.046524134552082,0.0395658667386394
0.0585560895776904,0.0594958229904481,0.046524134552082,0.0395658667386394
0.0585560895776904,0.0594958229904481,0.046524134552082,0.0459048898356646
0.0585560895776904,0.0594958229904481,0.046524134552082,0.0459048898356646
0.0585560895776904,0.0594958229904481,0.046524134552082,0.0459048898356646
0.0585560895776904,0.0594958229904481,0.046524134552082,0.0459048898356646
0.0585560895776904,0.0594958229904481,0.046524134552082,0.0459048898356646
0.0585560895776904,0.0514792060655057,0.046524134552082,0.0459048898356646
0.0585560895776904,0.0514792060655057,0.0442679148349512,0.0459048898356646
0.0585560895776904,0.0514792060655057,0.0442679148349512,0.0459048898356646
0.0585560895776904,0.0514792060655057,0.0442679148349512,0.0459048898356646
0.0585560895776904,0.0514792060655057,0.0442679148349512,0.0459048898356646
0.0585560895776904,0.0514792060655057,0.0442679148349512,0.0459048898356646
0.0585560895776904,0.0514792060655057,0.0442679148349512,0.0459048898356646
0.0585560895776904,0.0514792060655057,0.0442679148349512,0.0459048898356646
0.0585560895776904,0.0514792060655057,0.0442679148349512,0.0459048898356646
0.0585560895776904,0.0514792060655057,0.0442679148349512,0.0459048898356646
0.0585560895776904,0.0514792060655057,0.0442679148349512,0.0459048898356646
0.0585560895776904,0.0514792060655057,0.0442679148349512,0.0459048898356646
0.0585560895776904,0.0575791766043589,0.0442679148349512,0.0459048898356646
0.0585560895776904,0.0575791766043589,0.0442679148349512,0.0459048898356646
0.0585560895776904,0.0575791766043589,0.0442679148349512,0.0459048898356646
0.0585560895776904,0.0575791766043589,0.0442679148349512,0.0459048898356646
0.0585560895776904,0.0575791766043589,0.0442679148349512,0.0459048898356646
0.0585560895776904,0.0575791766043589,0.0442679148349512,0.0459048898356646
0.0585560895776904,0.0575791766043589,0.0442679148349512,0.0459048898356646
0.0585560895776904,0.0575791766043589,0.0442679148349512,0.0459048898356646
0.0585560895776904,0.0575791766043589,0.0442679148349512,0.0459048898356646
0.0585560895776904,0.0575791766043589,0.0442679148349512,0.0459048898356646
0.0585560895776904,0.0575791766043589,0.0442679148349512,0.0459048898356646
0.0585560895776904,0.0575791766043589,0.0442679148349512,0.0459048898356646
0.0585560895776904,0.0507067775919622,0.0442679148349512,0.0459048898356646
0.0585560895776904,0.0507067775919622,0.0460844475772734,0.0459048898356646
0.0585560895776904,0.0507067775919622,0.0460844475772734,0.0459048898356646
0.0585560895776904,0.0507067775919622,0.0460844475772734,0.042455420600746
0.0585560895776904,0.0507067775919622,0.0460844475772734,0.042455420600746
0.0585560895776904,0.0507067775919622,0.0460844475772734,0.042455420600746
0.0585560895776904,0.0507067775919622,0.0460844475772734,0.042455420600746
0.0585560895776904,0.0507067775919622,0.0460844475772734,0.042455420600746
0.0585560895776904,0.0507067775919622,0.0460844475772734,0.042455420600746
0.0585560895776904,0.0507067775919622,0.0460844475772734,0.042455420600746
0.0585560895776904,0.0507067775919622,0.048147472916688,0.042455420600746
0.0585560895776904,0.0507067775919622,0.048147472916688,0.042455420600746
0.0585560895776904,0.0507067775919622,0.048147472916688,0.042455420600746
0.0585560895776904,0.0507067775919622,0.048147472916688,0.042455420600746
0.0585560895776904,0.0507067775919622,0.048147472916688,0.042455420600746
0.0585560895776904,0.0507067775919622,0.048147472916688,0.042455420600746
0.0585560895776904,0.0507067775919622,0.048147472916688,0.042455420600746
0.0585560895776904,0.0507067775919622,0.048147472916688,0.042455420600746
0.0585560895776904,0.0507067775919622,0.048147472916688,0.042455420600746
0.0585560895776904,0.0507067775919622,0.048147472916688,0.042455420600746
0.0585560895776904,0.0507067775919622,0.048147472916688,0.042455420600746
0.0585560895776904,0.0507067775919622,0.048147472916688,0.042455420600746
0.0585560895776904,0.0507067775919622,0.048147472916688,0.042455420600746
0.0585560895776904,0.0507067775919622,0.048147472916688,0.042455420600746
0.0585560895776904,0.0507067775919622,0.048147472916688,0.0402413820955737
0.0585560895776904,0.0507067775919622,0.048147472916688,0.0402413820955737
0.0585560895776904,0.0507067775919622,0.048147472916688,0.0402413820955737
0.0585560895776904,0.0507067775919622,0.048147472916688,0.0402413820955737
0.0585560895776904,0.0507067775919622,0.048147472916688,0.0402413820955737
0.0585560895776904,0.0507067775919622,0.048147472916688,0.0402413820955737
0.0585560895776904,0.0507067775919622,0.048147472916688,0.0402413820955737
0.0585560895776904,0.0507067775919622,0.048147472916688,0.0402413820955737
0.0585560895776904,0.0552767088069675,0.048147472916688,0.0402413820955737
0.0585560895776904,0.0552767088069675,0.048147472916688,0.0402413820955737
0.0585560895776904,0.0552767088069675,0.048147472916688,0.0402413820955737
0.0585560895776904,0.0552767088069675,0.048147472916688,0.0402413820955737
0.0585560895776904,0.0552767088069675,0.048147472916688,0.0402413820955737
0.0585560895776904,0.0552767088069675,0.048147472916688,0.0402413820955737
0.0585560895776904,0.0552767088069675,0.048147472916688,0.0402413820955737
0.0585560895776904,0.0552767088069675,0.048147472916688,0.0402413820955737
0.0585560895776904,0.0552767088069675,0.048147472916688,0.0402413820955737
0.0585560895776904,0.0552767088069675,0.048147472916688,0.0402413820955737
0.0585560895776904,0.0552767088069675,0.048147472916688,0.0402413820955737
0.0585560895776904,0.0552767088069675,0.048147472916688,0.0402413820955737
0.0585560895776904,0.0552767088069675,0.048147472916688,0.0402413820955737
0.0585560895776904,0.0552767088069675,0.048147472916688,0.0402413820955737
0.0585560895776904,0.0552767088069675,0.048147472916688,0.0402413820955737
0.0585560895776904,0.0552767088069675,0.048147472916688,0.0402413820955737
0.0585560895776904,0.0552767088069675,0.048147472916688,0.0402413820955737
0.0585560895776904,0.0552767088069675,0.048147472916688,0.0402413820955737
0.0596035365626213,0.0552767088069675,0.048147472916688,0.0402413820955737
0.0596035365626213,0.0552767088069675,0.048147472916688,0.0402413820955737
0.0596035365626213,0.0552767088069675,0.048147472916688,0.0402413820955737
0.0596035365626213,0.0511991340418351,0.048147472916688,0.0402413820955737
0.0596035365626213,0.0511991340418351,0.048147472916688,0.0402413820955737
0.0596035365626213,0.0511991340418351,0.048147472916688,0.0402413820955737
0.0596035365626213,0.0511991340418351,0.048147472916688,0.0402413820955737
0.0596035365626213,0.0511991340418351,0.048147472916688,0.0402413820955737
0.0596035365626213,0.0511991340418351,0.048147472916688,0.0402413820955737
0.0596035365626213,0.0511991340418351,0.048147472916688,0.0402413820955737
0.0596035365626213,0.0511991340418351,0.048147472916688,0.0402413820955737
0.0596035365626213,0.0511991340418351,0.048147472916688,0.0402413820955737
0.0596035365626213,0.0511991340418351,0.0482104611126372,0.0402413820955737
0.0596035365626213,0.0505541864484676,0.0482104611126372,0.0402413820955737
0.0596035365626213,0.0505541864484676,0.0482104611126372,0.0402413820955737
0.0596035365626213,0.0505541864484676,0.0482104611126372,0.0402413820955737
0.0596035365626213,0.0578952432845647,0.0482104611126372,0.0402413820955737
0.0596035365626213,0.0578952432845647,0.0482104611126372,0.0402413820955737
0.0596035365626213,0.0578952432845647,0.0482104611126372,0.0402413820955737
0.0590694515602501,0.0578952432845647,0.0482104611126372,0.044937892123076
0.0590694515602501,0.0578952432845647,0.0482104611126372,0.044937892123076
0.0590694515602501,0.0578952432845647,0.0482104611126372,0.044937892123076
0.0590694515602501,0.0578952432845647,0.0482104611126372,0.044937892123076
0.0590694515602501,0.0578952432845647,0.0482104611126372,0.044937892123076
0.0590694515602501,0.0578952432845647,0.0482104611126372,0.044937892123076
0.0590694515602501,0.0578952432845647,0.0482104611126372,0.044937892123076
0.0590694515602501,0.0578952432845647,0.0482104611126372,0.044937892123076
0.0590694515602501,0.0578952432845647,0.0482104611126372,0.0410245083924111
0.0590694515602501,0.0578952432845647,0.0482104611126372,0.0410245083924111
0.0590694515602501,0.0578952432845647,0.0482104611126372,0.0410245083924111
0.0590694515602501,0.0578952432845647,0.0482104611126372,0.0410245083924111
0.0590694515602501,0.0578952432845647,0.0482104611126372,0.0410245083924111
0.0590694515602501,0.0578952432845647,0.0482104611126372,0.0410245083924111
0.0590694515602501,0.0578952432845647,0.0482104611126372,0.0410245083924111
0.0590694515602501,0.0578952432845647,0.0482104611126372,0.0410245083924111
0.0590694515602501,0.0578952432845647,0.0482104611126372,0.0451058683935
0.0590694515602501,0.0578952432845647,0.0482104611126372,0.0451058683935
0.0590694515602501,0.0578952432845647,0.0482104611126372,0.0451058683935
0.0590694515602501,0.0578952432845647,0.0482104611126372,0.0451058683935
0.0590694515602501,0.0578952432845647,0.0482104611126372,0.0451058683935
0.0590694515602501,0.0578952432845647,0.0482104611126372,0.0451058683935
0.0590694515602501,0.0578952432845647,0.0482104611126372,0.0451058683935
0.0590694515602501,0.0578952432845647,0.0482104611126372,0.0451058683935
0.0590694515602501,0.0578952432845647,0.0482104611126372,0.0451058683935
0.0590694515602501,0.0578952432845647,0.0482104611126372,0.0451058683935
0.0590694515602501,0.0578952432845647,0.0482104611126372,0.0451058683935
0.0590694515602501,0.0578952432845647,0.0482104611126372,0.0451058683935
0.0590694515602501,0.0578952432845647,0.0482104611126372,0.0451058683935
0.0590694515602501,0.0578952432845647,0.0482104611126372,0.0451058683935
0.0590694515602501,0.0578952432845647,0.0482104611126372,0.0451058683935
0.0590694515602501,0.0545752014783077,0.0482104611126372,0.0451058683935
0.0590694515602501,0.0545752014783077,0.0482104611126372,0.0451058683935
0.0590694515602501,0.0545752014783077,0.0482104611126372,0.0451058683935
0.0590694515602501,0.0545752014783077,0.0482104611126372,0.0451058683935
0.0590694515602501,0.0545752014783077,0.0482104611126372,0.0451058683935
0.0590694515602501,0.0545752014783077,0.0482104611126372,0.0451058683935
0.0590694515602501,0.0545752014783077,0.0482104611126372,0.0451058683935
0.0590694515602501,0.0545752014783077,0.0482104611126372,0.0451058683935
0.0590694515602501,0.0545752014783077,0.0482104611126372,0.0451058683935
0.0590694515602501,0.0545752014783077,0.0482104611126372,0.0451058683935
0.0590694515602501,0.0545752014783077,0.0482104611126372,0.0451058683935
0.0590694515602501,0.0545752014783077,0.0482104611126372,0.0451058683935
0.0590694515602501,0.0545752014783077,0.0482104611126372,0.0451058683935
0.0590694515602501,0.0545752014783077,0.0482104611126372,0.0451058683935
0.0590694515602501,0.0545752014783077,0.0482104611126372,0.0451058683935
0.0590694515602501,0.0545752014783077,0.0482104611126372,0.0451058683935
0.0590694515602501,0.0545752014783077,0.0482104611126372,0.0451058683935
0.0590694515602501,0.0545752014783077,0.0482104611126372,0.0451058683935
0.0590694515602501,0.0545752014783077,0.0482104611126372,0.0451058683935
0.0590694515602501,0.0545752014783077,0.0482104611126372,0.0451058683935
0.0590694515602501,0.0545752014783077,0.0482104611126372,0.0451058683935
0.0590694515602501,0.0545752014783077,0.0482104611126372,0.0451058683935
0.0590694515602501,0.0516294971677864,0.0482104611126372,0.0451058683935
0.0590694515602501,0.0516294971677864,0.0482104611126372,0.0451058683935
0.0590694515602501,0.0516294971677864,0.0482104611126372,0.0451058683935
0.0590694515602501,0.0516294971677864,0.0482104611126372,0.0451058683935
0.0590694515602501,0.0516294971677864,0.0482104611126372,0.0451058683935
0.0590694515602501,0.0516294971677864,0.0482104611126372,0.0451058683935
0.0590694515602501,0.0516294971677864,0.0482104611126372,0.0451058683935
0.0590694515602501,0.0516294971677864,0.0482104611126372,0.0451058683935
0.0590694515602501,0.0516294971677864,0.0482104611126372,0.0451058683935
0.0590694515602501,0.0516294971677864,0.0482104611126372,0.0451058683935
0.0590694515602501,0.0516294971677864,0.0482104611126372,0.0451058683935
0.0590694515602501,0.0516294971677864,0.0482104611126372,0.0451058683935
0.0590694515602501,0.0516294971677864,0.0482104611126372,0.0451058683935
0.0590694515602501,0.0516294971677864,0.0482104611126372,0.0451058683935
0.0590694515602501,0.0516294971677864,0.0482104611126372,0.0451058683935
0.0590694515602501,0.0536873039913373,0.0482104611126372,0.0451058683935
0.0590694515602501,0.0536873039913373,0.0482104611126372,0.0451058683935
0.0590694515602501,0.0536873039913373,0.0482104611126372,0.0451058683935
0.0590694515602501,0.0536873039913373,0.0482104611126372,0.0451058683935
0.0590694515602501,0.0536873039913373,0.0482104611126372,0.0451058683935
0.0590694515602501,0.0536873039913373,0.0480091702772136,0.0451058683935
0.0590694515602501,0.0536873039913373,0.0480091702772136,0.0451058683935
0.0590694515602501,0.0536873039913373,0.0480091702772136,0.0451058683935
0.0590694515602501,0.0536873039913373,0.0480091702772136,0.0451058683935
0.0590694515602501,0.0536873039913373,0.0467135795609841,0.0451058683935
0.0590694515602501,0.0536873039913373,0.0467135795609841,0.0451058683935
0.0590694515602501,0.0536873039913373,0.0467135795609841,0.0451058683935
0.0590694515602501,0.0536873039913373,0.0467135795609841,0.0451058683935
0.0590694515602501,0.0536873039913373,0.0467135795609841,0.0451058683935
0.0590694515602501,0.0536873039913373,0.0467135795609841,0.0452138711864107
0.0590694515602501,0.0536873039913373,0.0467135795609841,0.0452138711864107
0.0590694515602501,0.0536873039913373,0.0467135795609841,0.0452138711864107
0.0590694515602501,0.0536873039913373,0.0467135795609841,0.0452138711864107
0.0590694515602501,0.0536873039913373,0.0467135795609841,0.0452138711864107
0.0590694515602501,0.0536873039913373,0.0467135795609841,0.0452138711864107
0.0590694515602501,0.0536873039913373,0.0467135795609841,0.0452138711864107
0.0590694515602501,0.0536873039913373,0.0467135795609841,0.0452138711864107
0.0590694515602501,0.0536873039913373,0.0467135795609841,0.0452138711864107
0.0590694515602501,0.0536873039913373,0.0467135795609841,0.0452138711864107
0.0590694515602501,0.0536873039913373,0.0467135795609841,0.0452138711864107
0.0590694515602501,0.0536873039913373,0.0467135795609841,0.0452138711864107
0.0590694515602501,0.0536873039913373,0.0467135795609841,0.0452138711864107
0.0590694515602501,0.0465922286819188,0.0467135795609841,0.0452138711864107
0.0590694515602501,0.0465922286819188,0.0467135795609841,0.0452138711864107
0.0590694515602501,0.0465922286819188,0.0467135795609841,0.0452138711864107
0.0590694515602501,0.0465922286819188,0.0467135795609841,0.0452138711864107
0.0590694515602501,0.0465922286819188,0.0467135795609841,0.0452138711864107
0.0590694515602501,0.0465922286819188,0.0467135795609841,0.0452138711864107
0.0590694515602501,0.0465922286819188,0.0467135795609841,0.0452138711864107
0.0590694515602501,0.0465922286819188,0.0467135795609841,0.0452138711864107
0.0590694515602501,0.0465922286819188,0.0467135795609841,0.0452138711864107
0.0590694515602501,0.0465922286819188,0.0467135795609841,0.0452138711864107
0.0590694515602501,0.0465922286819188,0.0467135795609841,0.0452138711864107
0.0590694515602501,0.0465922286819188,0.0467135795609841,0.0452138711864107
0.0590694515602501,0.0403755212360417,0.0467135795609841,0.0452138711864107
0.0590694515602501,0.0403755212360417,0.0467135795609841,0.0452138711864107
0.0590694515602501,0.0403755212360417,0.0528464089601703,0.0452138711864107
0.0590694515602501,0.0403755212360417,0.0528464089601703,0.0405141538065173
0.0590694515602501,0.0403755212360417,0.0528464089601703,0.0405141538065173
0.0590694515602501,0.0403755212360417,0.0528464089601703,0.0405141538065173
0.0590694515602501,0.0403755212360417,0.0528464089601703,0.0405141538065173
0.0590694515602501,0.0403755212360417,0.0528464089601703,0.0405141538065173
0.0590694515602501,0.0403755212360417,0.0528464089601703,0.0405141538065173
0.0590694515602501,0.0403755212360417,0.0528464089601703,0.0405141538065173
0.0590694515602501,0.0403755212360417,0.0528464089601703,0.0405141538065173
0.0590694515602501,0.0403755212360417,0.0528464089601703,0.0460091232065542
0.0590694515602501,0.0403755212360417,0.0528464089601703,0.0460091232065542
0.0590694515602501,0.0403755212360417,0.0528464089601703,0.0460091232065542
0.0590694515602501,0.0403755212360417,0.0528464089601703,0.0463623764760589
0.0590694515602501,0.0403755212360417,0.0528464089601703,0.0463623764760589
0.0590694515602501,0.0403755212360417,0.0528464089601703,0.0463623764760589
0.0590694515602501,0.0435472286560039,0.0528464089601703,0.0463623764760589
0.0590694515602501,0.0435472286560039,0.0528464089601703,0.0434597391882825
0.0590694515602501,0.0435472286560039,0.0528464089601703,0.0434597391882825
0.0590694515602501,0.0435472286560039,0.0528464089601703,0.0434597391882825
0.0590694515602501,0.0435472286560039,0.0528464089601703,0.0434597391882825
0.0590694515602501,0.0435472286560039,0.0528464089601703,0.0434597391882825
0.0590694515602501,0.0435472286560039,0.0528464089601703,0.0434597391882825
0.0590694515602501,0.0435472286560039,0.0528464089601703,0.0434597391882825
0.0590694515602501,0.0435472286560039,0.0528464089601703,0.0434597391882825
0.0590694515602501,0.0435472286560039,0.0528464089601703,0.0434597391882825
0.0590694515602501,0.0435472286560039,0.0528464089601703,0.0434597391882825
0.0590694515602501,0.0435472286560039,0.0528464089601703,0.0434597391882825
0.0590694515602501,0.0435472286560039,0.0528464089601703,0.0434597391882825
0.0590694515602501,0.0435472286560039,0.0528464089601703,0.0434597391882825
0.0590694515602501,0.0435472286560039,0.0528464089601703,0.0434597391882825
0.0590694515602501,0.0435472286560039,0.0528464089601703,0.0434597391882825
0.0590694515602501,0.0435472286560039,0.0528464089601703,0.0434597391882825
0.0590694515602501,0.0435472286560039,0.0528464089601703,0.0434597391882825
0.0590694515602501,0.0435472286560039,0.0528464089601703,0.0434597391882825
0.0590694515602501,0.0435472286560039,0.0528464089601703,0.0434597391882825
0.0590694515602501,0.0435472286560039,0.0528464089601703,0.0434597391882825
0.0590694515602501,0.0435472286560039,0.0528464089601703,0.0434597391882825
0.0590694515602501,0.0435472286560039,0.0528464089601703,0.046754975352367
0.0590694515602501,0.0435472286560039,0.0528464089601703,0.046754975352367
0.0590694515602501,0.0435472286560039,0.0528464089601703,0.040108289592356
0.0590694515602501,0.0435472286560039,0.0528464089601703,0.040108289592356
0.0590694515602501,0.0398196367531046,0.0528464089601703,0.040108289592356
0.0590694515602501,0.0398196367531046,0.0528464089601703,0.040108289592356
0.0590694515602501,0.0398196367531046,0.0528464089601703,0.040108289592356
0.0590694515602501,0.0398196367531046,0.0528464089601703,0.040108289592356
0.0590694515602501,0.0520184227931726,0.0528464089601703,0.040108289592356
0.0590694515602501,0.0520184227931726,0.0528464089601703,0.040108289592356
0.0590694515602501,0.0520184227931726,0.0528464089601703,0.040108289592356
0.0590694515602501,0.0520184227931726,0.0528464089601703,0.033533536405934
0.0590694515602501,0.0520184227931726,0.0528464089601703,0.033533536405934
0.0590694515602501,0.0520184227931726,0.0528464089601703,0.033533536405934
0.0590694515602501,0.0520184227931726,0.0528464089601703,0.033533536405934
0.0590694515602501,0.0520184227931726,0.0528464089601703,0.033533536405934
0.0590694515602501,0.0520184227931726,0.0528464089601703,0.033533536405934
0.0590694515602501,0.0520184227931726,0.0528464089601703,0.033533536405934
0.0590694515602501,0.0520184227931726,0.0528464089601703,0.033533536405934
0.0590694515602501,0.0520184227931726,0.0528464089601703,0.033533536405934
0.0590694515602501,0.0520184227931726,0.0528464089601703,0.033533536405934
0.0590694515602501,0.0520184227931726,0.0528464089601703,0.033533536405934
0.0590694515602501,0.0520184227931726,0.0528464089601703,0.033533536405934
0.0590694515602501,0.0520184227931726,0.0528464089601703,0.033533536405934
0.0590694515602501,0.0520184227931726,0.0483737314655408,0.033533536405934
0.0590694515602501,0.0520184227931726,0.0483737314655408,0.033533536405934
0.0590694515602501,0.0520184227931726,0.0483737314655408,0.033533536405934
0.0590694515602501,0.0520184227931726,0.0483737314655408,0.0451919253715834
0.0590694515602501,0.0520184227931726,0.0483737314655408,0.0451919253715834
0.0590694515602501,0.0520184227931726,0.0483737314655408,0.0451919253715834
0.0590694515602501,0.0520184227931726,0.0483737314655408,0.0451919253715834
0.0590694515602501,0.0520184227931726,0.0483737314655408,0.0451919253715834
0.0590694515602501,0.0520184227931726,0.0483737314655408,0.0451919253715834
0.0590694515602501,0.0520184227931726,0.0483737314655408,0.0451919253715834
0.0590694515602501,0.0520184227931726,0.0483737314655408,0.0451919253715834
0.0590694515602501,0.0520184227931726,0.0483737314655408,0.0451919253715834
0.0590694515602501,0.0520184227931726,0.0483737314655408,0.0451919253715834
0.0590694515602501,0.0520184227931726,0.0483737314655408,0.0451919253715834
0.0590694515602501,0.0520184227931726,0.0483737314655408,0.0451919253715834
0.0590694515602501,0.0520184227931726,0.0483737314655408,0.0451919253715834
0.0590694515602501,0.0520184227931726,0.0483737314655408,0.0451919253715834
0.0590694515602501,0.0520184227931726,0.0483737314655408,0.0451919253715834
0.0590694515602501,0.0541770465098224,0.0483737314655408,0.0451919253715834
0.0590694515602501,0.0541770465098224,0.0483737314655408,0.0451919253715834
0.0590694515602501,0.0541770465098224,0.0483737314655408,0.0451919253715834
0.0590694515602501,0.0537612873649765,0.0483737314655408,0.0451919253715834
0.0590694515602501,0.0537612873649765,0.0483737314655408,0.0451919253715834
0.0590694515602501,0.0537612873649765,0.0483737314655408,0.0451919253715834
0.0590694515602501,0.0537612873649765,0.0483737314655408,0.0451919253715834
0.0590694515602501,0.0537612873649765,0.0483737314655408,0.0451919253715834
0.0590694515602501,0.0537612873649765,0.0483737314655408,0.0451919253715834
0.0590694515602501,0.0537612873649765,0.0489906074806933,0.0451919253715834
0.0590694515602501,0.0537612873649765,0.0489906074806933,0.0451919253715834
0.0590694515602501,0.0537612873649765,0.0489906074806933,0.0451919253715834
0.0590694515602501,0.0537612873649765,0.0489906074806933,0.0451919253715834
0.0590694515602501,0.0537612873649765,0.0489906074806933,0.0451919253715834
0.0590694515602501,0.0537612873649765,0.0489906074806933,0.0477133969031114
0.0590694515602501,0.0537612873649765,0.0489906074806933,0.0477133969031114
0.0590694515602501,0.0537612873649765,0.0489906074806933,0.0477133969031114
0.0590694515602501,0.0537612873649765,0.0489906074806933,0.0477133969031114
0.0590694515602501,0.0537612873649765,0.0489906074806933,0.0477133969031114
0.0590694515602501,0.0387268948772775,0.0489906074806933,0.0477133969031114
0.0590694515602501,0.0387268948772775,0.0489906074806933,0.0477133969031114
0.0590694515602501,0.0387268948772775,0.0489906074806933,0.0477133969031114
0.0590694515602501,0.0387268948772775,0.0489906074806933,0.0520360052187723
0.0590694515602501,0.0387268948772775,0.0489906074806933,0.0520360052187723
0.0590694515602501,0.0387268948772775,0.0489906074806933,0.0520360052187723
0.0590694515602501,0.0387268948772775,0.0489906074806933,0.0520360052187723
0.0590694515602501,0.0387268948772775,0.0489906074806933,0.0520360052187723
0.0590694515602501,0.0387268948772775,0.0489906074806933,0.0520360052187723
0.0590694515602501,0.0387268948772775,0.0489906074806933,0.0520360052187723
0.0590694515602501,0.0387268948772775,0.0489906074806933,0.0520360052187723
0.0580215142365856,0.0387268948772775,0.0489906074806933,0.0520360052187723
0.0580215142365856,0.0387268948772775,0.0489906074806933,0.0520360052187723
0.0580215142365856,0.0387268948772775,0.0489906074806933,0.0520360052187723
0.0580215142365856,0.0387268948772775,0.0489906074806933,0.0520360052187723
0.0580215142365856,0.0387268948772775,0.0489906074806933,0.0520360052187723
0.0580215142365856,0.0387268948772775,0.0489906074806933,0.0520360052187723
0.0580215142365856,0.0387268948772775,0.0489906074806933,0.0520360052187723
0.0580215142365856,0.0387268948772775,0.0489906074806933,0.0520360052187723
0.0580215142365856,0.0387268948772775,0.0459952023566723,0.0520360052187723
0.0587704285845882,0.0387268948772775,0.0459952023566723,0.0520360052187723
0.0587704285845882,0.0387268948772775,0.0459952023566723,0.0520360052187723
0.0587704285845882,0.0387268948772775,0.0459952023566723,0.0520360052187723
0.0587704285845882,0.0387268948772775,0.0459952023566723,0.0520360052187723
0.0587704285845882,0.0387268948772775,0.0459952023566723,0.0520360052187723
0.0587704285845882,0.0387268948772775,0.0459952023566723,0.0520360052187723
0.0558257504001577,0.0387268948772775,0.0459952023566723,0.0540438306940462
0.0558257504001577,0.0387268948772775,0.0459952023566723,0.0540438306940462
0.0558257504001577,0.0387268948772775,0.0459952023566723,0.0540438306940462
0.0558257504001577,0.0387268948772775,0.0465282370786536,0.0540438306940462
0.0558257504001577,0.0387268948772775,0.0465282370786536,0.0540438306940462
0.0558257504001577,0.0387268948772775,0.0465282370786536,0.0540438306940462
0.0558257504001577,0.0387268948772775,0.0465282370786536,0.0540438306940462
0.0558257504001577,0.0387268948772775,0.0465282370786536,0.0540438306940462
0.0558257504001577,0.0502144704210812,0.0465282370786536,0.0540438306940462
0.0558257504001577,0.0565230470159675,0.0465282370786536,0.0540438306940462
0.0558257504001577,0.0565230470159675,0.0465282370786536,0.0540438306940462
0.0558257504001577,0.0565230470159675,0.0465282370786536,0.0540438306940462
0.0558257504001577,0.0565230470159675,0.0465282370786536,0.0540438306940462
0.0558257504001577,0.0565230470159675,0.0465282370786536,0.0540438306940462
0.0558257504001577,0.0565230470159675,0.0465282370786536,0.0540438306940462
0.0558257504001577,0.0565230470159675,0.0465282370786536,0.0540438306940462
0.0558257504001577,0.0565230470159675,0.0465282370786536,0.0540438306940462
0.0558257504001577,0.0565230470159675,0.0465282370786536,0.0540438306940462
0.0558257504001577,0.0565230470159675,0.0465282370786536,0.0540438306940462
0.0558257504001577,0.0565230470159675,0.0473045257539412,0.0540438306940462
0.0558257504001577,0.0565230470159675,0.0473045257539412,0.0540438306940462
0.0594664654558638,0.0565230470159675,0.0473045257539412,0.0540438306940462
0.0594664654558638,0.0565230470159675,0.0473045257539412,0.0540438306940462
0.0594664654558638,0.0565230470159675,0.0473045257539412,0.0540438306940462
0.0594664654558638,0.0565230470159675,0.0473045257539412,0.0540438306940462
0.0594664654558638,0.0524871076430858,0.0473045257539412,0.0540438306940462
0.0594664654558638,0.0524871076430858,0.0473045257539412,0.0540438306940462
0.0594664654558638,0.0524871076430858,0.0473045257539412,0.0540438306940462
0.0594664654558638,0.0524871076430858,0.0473045257539412,0.0598060073308696
0.0594664654558638,0.0524871076430858,0.0473045257539412,0.0598060073308696
0.0594664654558638,0.0524871076430858,0.0473045257539412,0.0598060073308696
0.0594664654558638,0.0524871076430858,0.0473045257539412,0.0598060073308696
0.0594664654558638,0.0524871076430858,0.0473045257539412,0.0598060073308696
0.0594664654558638,0.0524871076430858,0.0473045257539412,0.0598060073308696
0.0594664654558638,0.0524871076430858,0.0473045257539412,0.0598060073308696
0.0594664654558638,0.0524871076430858,0.0473045257539412,0.0598060073308696
0.0594664654558638,0.0524871076430858,0.0473045257539412,0.0479535002384721
0.0594664654558638,0.0524871076430858,0.0473045257539412,0.0546589130113027
0.0594664654558638,0.0524871076430858,0.0473045257539412,0.0546589130113027
0.0594664654558638,0.0524871076430858,0.0473045257539412,0.0546589130113027
0.0540017934845595,0.0524871076430858,0.0473045257539412,0.0546589130113027
0.0540017934845595,0.0521160761258771,0.0473045257539412,0.0546589130113027
0.0540017934845595,0.0521160761258771,0.0473045257539412,0.045239713880243
0.0540017934845595,0.0521160761258771,0.0473045257539412,0.045239713880243
0.0540017934845595,0.0521160761258771,0.0473045257539412,0.045239713880243
0.0540017934845595,0.0521160761258771,0.0473045257539412,0.045239713880243
0.0540017934845595,0.0521160761258771,0.0473045257539412,0.045239713880243
0.0540017934845595,0.0521160761258771,0.0461351720331109,0.045239713880243
0.0540017934845595,0.0521160761258771,0.0461351720331109,0.043072297616846
0.0540017934845595,0.0521160761258771,0.0461351720331109,0.043072297616846
0.0540017934845595,0.0521160761258771,0.0461351720331109,0.043072297616846
0.0540017934845595,0.0521160761258771,0.0461351720331109,0.043072297616846
0.0540017934845595,0.0521160761258771,0.0461351720331109,0.043072297616846
0.0540017934845595,0.0521160761258771,0.0461351720331109,0.043072297616846
0.0540017934845595,0.0521160761258771,0.0461351720331109,0.043072297616846
0.0540017934845595,0.0521160761258771,0.0461351720331109,0.043072297616846
0.0540017934845595,0.0521160761258771,0.0461351720331109,0.043072297616846
0.0540017934845595,0.0521160761258771,0.0461351720331109,0.043072297616846
0.0540017934845595,0.0521160761258771,0.0461351720331109,0.043072297616846
0.0540017934845595,0.0521160761258771,0.0461351720331109,0.043072297616846
0.0540017934845595,0.0521160761258771,0.0461351720331109,0.043072297616846
0.0540017934845595,0.0521160761258771,0.0512089208478291,0.043072297616846
0.0540017934845595,0.0521160761258771,0.0512089208478291,0.043072297616846
0.0540017934845595,0.0521160761258771,0.0512089208478291,0.043072297616846
0.0540017934845595,0.0521160761258771,0.0512089208478291,0.043072297616846
0.0540017934845595,0.0521160761258771,0.0512089208478291,0.043072297616846
0.0540017934845595,0.0521160761258771,0.0512089208478291,0.043072297616846
0.0540017934845595,0.0521160761258771,0.0512089208478291,0.043072297616846
0.0540017934845595,0.0521160761258771,0.0512089208478291,0.043072297616846
0.0540017934845595,0.0521160761258771,0.0512089208478291,0.043072297616846
0.0540017934845595,0.0521160761258771,0.0512089208478291,0.043072297616846
0.0540017934845595,0.0521160761258771,0.0512089208478291,0.043072297616846
0.0540017934845595,0.0521160761258771,0.0512089208478291,0.043072297616846
0.0540017934845595,0.0521160761258771,0.0512089208478291,0.043072297616846
0.0540017934845595,0.0521160761258771,0.0512089208478291,0.043072297616846
0.0540017934845595,0.0521160761258771,0.0512089208478291,0.043072297616846
0.0540017934845595,0.0521160761258771,0.0512089208478291,0.043072297616846
0.0540017934845595,0.0521160761258771,0.0512089208478291,0.043072297616846
0.0540017934845595,0.0521160761258771,0.0512089208478291,0.043072297616846
0.0540017934845595,0.0521160761258771,0.0512089208478291,0.043072297616846
0.0540017934845595,0.0521160761258771,0.0512089208478291,0.043072297616846
0.0540017934845595,0.0521160761258771,0.0512089208478291,0.043072297616846
0.0540017934845595,0.0521160761258771,0.0512089208478291,0.043072297616846
0.0540017934845595,0.0521160761258771,0.0512089208478291,0.043072297616846
0.0540017934845595,0.0521160761258771,0.0512089208478291,0.043072297616846
0.0540017934845595,0.0521160761258771,0.0512089208478291,0.043072297616846
0.0540017934845595,0.0521160761258771,0.0512089208478291,0.043072297616846
0.0540017934845595,0.0521160761258771,0.0512089208478291,0.043072297616846
0.0540017934845595,0.0521160761258771,0.0512089208478291,0.043072297616846
0.0540017934845595,0.0521160761258771,0.0512089208478291,0.043072297616846
0.0540017934845595,0.0521160761258771,0.0512089208478291,0.043072297616846
0.0540017934845595,0.0521160761258771,0.0512089208478291,0.043072297616846
0.0540017934845595,0.0521160761258771,0.0512089208478291,0.043072297616846
0.0540017934845595,0.0521160761258771,0.0512089208478291,0.043072297616846
0.0540017934845595,0.0521160761258771,0.0512089208478291,0.043072297616846
0.0540017934845595,0.0521160761258771,0.0512089208478291,0.043072297616846
0.0540017934845595,0.0521160761258771,0.0512089208478291,0.043072297616846
0.0540017934845595,0.0521160761258771,0.0512089208478291,0.043072297616846
0.0540017934845595,0.0521160761258771,0.0512089208478291,0.043072297616846
0.0540017934845595,0.0521160761258771,0.0512089208478291,0.043072297616846
0.0540017934845595,0.0521160761258771,0.0512089208478291,0.043072297616846
0.0540017934845595,0.0521160761258771,0.0512089208478291,0.043072297616846
0.0540017934845595,0.0521160761258771,0.0512089208478291,0.043072297616846
0.0540017934845595,0.0506741693356685,0.0512089208478291,0.043072297616846
0.0540017934845595,0.0506741693356685,0.0512089208478291,0.043072297616846
0.0540017934845595,0.0506741693356685,0.0512089208478291,0.043072297616846
0.0540017934845595,0.0506741693356685,0.0512089208478291,0.043072297616846
0.0540017934845595,0.0506741693356685,0.0512089208478291,0.043072297616846
0.0540017934845595,0.0506741693356685,0.0512089208478291,0.043072297616846
0.0540017934845595,0.0506741693356685,0.0512089208478291,0.043072297616846
0.0540017934845595,0.0506741693356685,0.0512089208478291,0.043072297616846
0.0540017934845595,0.0506741693356685,0.0512089208478291,0.043072297616846
0.0540017934845595,0.0506741693356685,0.0512089208478291,0.043072297616846
0.0540017934845595,0.0506741693356685,0.0512089208478291,0.043072297616846
0.0540017934845595,0.0506741693356685,0.0512089208478291,0.043072297616846
0.0540017934845595,0.0506741693356685,0.0512089208478291,0.043072297616846
0.0540017934845595,0.0506741693356685,0.0512089208478291,0.043072297616846
0.0540017934845595,0.0506741693356685,0.0512089208478291,0.043072297616846
0.0540017934845595,0.0506741693356685,0.0512089208478291,0.043072297616846
0.0540017934845595,0.0506741693356685,0.0512089208478291,0.0426741058879853
0.0540017934845595,0.0506741693356685,0.0512089208478291,0.0426741058879853
0.0540017934845595,0.0506741693356685,0.0512089208478291,0.0426741058879853
0.0540017934845595,0.0506741693356685,0.0512089208478291,0.0426741058879853
0.0540017934845595,0.0506741693356685,0.0512089208478291,0.0426741058879853
0.0540017934845595,0.0506741693356685,0.0512089208478291,0.0426741058879853
0.0540017934845595,0.0506741693356685,0.0512089208478291,0.0426741058879853
0.0540017934845595,0.0506741693356685,0.0512089208478291,0.0426741058879853
0.0540017934845595,0.0506741693356685,0.0512089208478291,0.0426741058879853
0.0540017934845595,0.0506741693356685,0.0512089208478291,0.0426741058879853
0.0540017934845595,0.0506741693356685,0.0512089208478291,0.0426741058879853
0.0540017934845595,0.0506741693356685,0.0512089208478291,0.0426741058879853
0.0540017934845595,0.0506741693356685,0.0512089208478291,0.0426741058879853
0.0540017934845595,0.0506741693356685,0.0512089208478291,0.0426741058879853
0.0540017934845595,0.0506741693356685,0.0512089208478291,0.0426741058879853
0.0540017934845595,0.0506741693356685,0.0512089208478291,0.0426741058879853
0.0540017934845595,0.0506741693356685,0.0512089208478291,0.0426741058879853
0.0540017934845595,0.0506741693356685,0.0512089208478291,0.0426741058879853
0.0540017934845595,0.0506741693356685,0.0512089208478291,0.0426741058879853
0.0540017934845595,0.0506741693356685,0.0512089208478291,0.0426741058879853
0.0540017934845595,0.0506741693356685,0.0475207174699345,0.0426741058879853
0.0540017934845595,0.0506741693356685,0.0475207174699345,0.0426741058879853
0.0540017934845595,0.0506741693356685,0.0475207174699345,0.0426741058879853
0.0540017934845595,0.0506741693356685,0.0475207174699345,0.0426741058879853
0.0540017934845595,0.0506741693356685,0.0475207174699345,0.0426741058879853
0.0540017934845595,0.0506741693356685,0.0475207174699345,0.0455988131552698
0.0540017934845595,0.0506741693356685,0.0475207174699345,0.0455988131552698
0.0540017934845595,0.0506741693356685,0.0460998979702424,0.0455988131552698
0.0540017934845595,0.0506741693356685,0.0460998979702424,0.0455988131552698
0.0540017934845595,0.0506741693356685,0.0460998979702424,0.0455988131552698
0.0540017934845595,0.0506741693356685,0.0460998979702424,0.0455988131552698
0.0540017934845595,0.0506741693356685,0.0460998979702424,0.0455988131552698
0.0540017934845595,0.0506741693356685,0.0460998979702424,0.0455988131552698
0.0540017934845595,0.0506741693356685,0.0460998979702424,0.0455988131552698
0.0540017934845595,0.0506741693356685,0.0460998979702424,0.0455988131552698
0.0540017934845595,0.0506741693356685,0.0460998979702424,0.0455988131552698
0.0540017934845595,0.0506741693356685,0.0460998979702424,0.0455988131552698
0.0540017934845595,0.0506741693356685,0.0460998979702424,0.0455988131552698
0.0540017934845595,0.0506741693356685,0.0460998979702424,0.0455988131552698
0.0540017934845595,0.0506741693356685,0.0460998979702424,0.0455988131552698
0.0540017934845595,0.0506741693356685,0.0460998979702424,0.0455988131552698
0.0540017934845595,0.0506741693356685,0.0460998979702424,0.0455988131552698
0.0540017934845595,0.0506741693356685,0.0460998979702424,0.0455988131552698
0.0540017934845595,0.0506741693356685,0.0460998979702424,0.0455988131552698
0.0540017934845595,0.0506741693356685,0.0460998979702424,0.0455988131552698
0.0540017934845595,0.0506741693356685,0.0460998979702424,0.0455988131552698
0.0540017934845595,0.0492024531541151,0.0460998979702424,0.0455988131552698
0.0540017934845595,0.0492024531541151,0.0460998979702424,0.0455988131552698
0.0540017934845595,0.0492024531541151,0.0460998979702424,0.0455988131552698
0.0540017934845595,0.0492024531541151,0.0460998979702424,0.0455988131552698
0.0540017934845595,0.0492024531541151,0.0460998979702424,0.0455988131552698
0.0540017934845595,0.0492024531541151,0.0460998979702424,0.0455988131552698
0.0540017934845595,0.0492024531541151,0.0460998979702424,0.0455988131552698
0.0540017934845595,0.0492024531541151,0.0460998979702424,0.0455988131552698
0.0540017934845595,0.0492024531541151,0.0460998979702424,0.0455988131552698
0.0540017934845595,0.0492024531541151,0.0460998979702424,0.0455988131552698
0.0540017934845595,0.0492024531541151,0.0460998979702424,0.0390781429396006
0.0540017934845595,0.0492024531541151,0.0460998979702424,0.0390781429396006
0.0540017934845595,0.0492024531541151,0.0460998979702424,0.0390781429396006
0.0540017934845595,0.0492024531541151,0.0460998979702424,0.0390781429396006
0.0540017934845595,0.0492024531541151,0.0460998979702424,0.0390781429396006
0.0540017934845595,0.0492024531541151,0.0460998979702424,0.0390781429396006
0.0540017934845595,0.0492024531541151,0.0460998979702424,0.0390781429396006
0.0540017934845595,0.0492024531541151,0.0460998979702424,0.0445654812899045
0.0540017934845595,0.0492024531541151,0.0460998979702424,0.0445654812899045
0.0540017934845595,0.0492024531541151,0.0460998979702424,0.0445654812899045
0.0540017934845595,0.0492024531541151,0.0460998979702424,0.0445654812899045
0.0540017934845595,0.0492024531541151,0.0460998979702424,0.0445654812899045
0.0540017934845595,0.0492024531541151,0.0460998979702424,0.0445654812899045
0.0540017934845595,0.0492024531541151,0.0460998979702424,0.0445654812899045
0.0540017934845595,0.0492024531541151,0.0460998979702424,0.0473264042756982
0.0540017934845595,0.0492024531541151,0.0460998979702424,0.0473264042756982
0.0540017934845595,0.0492024531541151,0.0460998979702424,0.0473264042756982
0.0540017934845595,0.0492024531541151,0.0460998979702424,0.0473264042756982
0.0540017934845595,0.0492024531541151,0.0460998979702424,0.0473264042756982
0.0540017934845595,0.0492024531541151,0.0460998979702424,0.0473264042756982
0.0540017934845595,0.0492024531541151,0.0460998979702424,0.0473264042756982
0.0540017934845595,0.0492024531541151,0.0460998979702424,0.0473264042756982
0.0540017934845595,0.0492024531541151,0.0460998979702424,0.0473264042756982
0.0540017934845595,0.0492024531541151,0.0460998979702424,0.0473264042756982
0.0540017934845595,0.0492024531541151,0.0460998979702424,0.0473264042756982
0.0540017934845595,0.0492024531541151,0.0460998979702424,0.0473264042756982
0.0540017934845595,0.0492024531541151,0.0460998979702424,0.0473264042756982
0.0540017934845595,0.0492024531541151,0.0460998979702424,0.0473264042756982
0.0540017934845595,0.0492024531541151,0.0460998979702424,0.0473264042756982
0.0540017934845595,0.0492024531541151,0.0460998979702424,0.0473264042756982
0.0540017934845595,0.0492024531541151,0.0460998979702424,0.0473264042756982
0.0540017934845595,0.0492024531541151,0.0460998979702424,0.0473264042756982
0.0540017934845595,0.0492024531541151,0.0460998979702424,0.0473264042756982
0.0540017934845595,0.0492024531541151,0.0460998979702424,0.0473264042756982
0.0540017934845595,0.0492024531541151,0.0460998979702424,0.0473264042756982
0.0540017934845595,0.0492024531541151,0.0460998979702424,0.0473264042756982
0.0540017934845595,0.0492024531541151,0.0460998979702424,0.0473264042756982
0.0540017934845595,0.0492024531541151,0.0460998979702424,0.0473264042756982
0.0540017934845595,0.0492024531541151,0.0460998979702424,0.0473264042756982
0.0540017934845595,0.0492024531541151,0.0443564851713291,0.0473264042756982
0.0540017934845595,0.0492024531541151,0.0443564851713291,0.0473264042756982
0.0540017934845595,0.0492024531541151,0.0443564851713291,0.0473264042756982
0.0540017934845595,0.0492024531541151,0.0443564851713291,0.0473264042756982
0.0534377133367082,0.0492024531541151,0.0443564851713291,0.0473264042756982
0.0534377133367082,0.0492024531541151,0.0443564851713291,0.0473264042756982
0.0534377133367082,0.0492024531541151,0.0443564851713291,0.0473264042756982
0.0534377133367082,0.0492024531541151,0.0443564851713291,0.0473264042756982
0.0534377133367082,0.0492024531541151,0.0443564851713291,0.0473264042756982
0.0534377133367082,0.0492024531541151,0.0443564851713291,0.0473264042756982
0.0534377133367082,0.051811044317308,0.0443564851713291,0.0473264042756982
0.0534377133367082,0.051811044317308,0.0443564851713291,0.0473264042756982
0.0534377133367082,0.051811044317308,0.0466111049278378,0.0473264042756982
0.0534377133367082,0.051811044317308,0.0466111049278378,0.0473264042756982
0.0534377133367082,0.051811044317308,0.0466111049278378,0.0473264042756982
0.0534377133367082,0.051811044317308,0.0466111049278378,0.0473264042756982
0.0534377133367082,0.051811044317308,0.0466111049278378,0.0473264042756982
0.0534377133367082,0.051811044317308,0.0466111049278378,0.0473264042756982
0.0534377133367082,0.051811044317308,0.0466111049278378,0.0473264042756982
0.0534377133367082,0.051811044317308,0.0466111049278378,0.0473264042756982
0.0534377133367082,0.051811044317308,0.0466111049278378,0.0473264042756982
0.0534377133367082,0.051811044317308,0.0444332456599285,0.0473264042756982
0.0534377133367082,0.051811044317308,0.0444332456599285,0.0473264042756982
0.0534377133367082,0.051811044317308,0.0444332456599285,0.0473264042756982
0.0534377133367082,0.051811044317308,0.0444332456599285,0.0473264042756982
0.0534377133367082,0.051811044317308,0.0444332456599285,0.0473264042756982
0.0534377133367082,0.051811044317308,0.0444332456599285,0.0473264042756982
0.0534377133367082,0.0544272503469534,0.0444332456599285,0.0473264042756982
0.0534377133367082,0.0544272503469534,0.0444332456599285,0.0473264042756982
0.0534377133367082,0.0544272503469534,0.0444332456599285,0.0473264042756982
0.0534377133367082,0.0544272503469534,0.0444332456599285,0.0473264042756982
0.0534377133367082,0.0544272503469534,0.0502440843037781,0.0473264042756982
0.0534377133367082,0.0544272503469534,0.0502440843037781,0.0473264042756982
0.0534377133367082,0.0544272503469534,0.0502440843037781,0.0453022849718062
0.0534377133367082,0.0541346080513508,0.0502440843037781,0.0453022849718062
0.0534377133367082,0.0541346080513508,0.0502440843037781,0.0453022849718062
0.0534377133367082,0.0541346080513508,0.0502440843037781,0.0453022849718062
0.0534377133367082,0.0541346080513508,0.0502440843037781,0.0453022849718062
0.0534377133367082,0.0541346080513508,0.0502440843037781,0.0453022849718062
0.0534377133367082,0.0541346080513508,0.0502440843037781,0.0453022849718062
0.0534377133367082,0.0541346080513508,0.0502440843037781,0.0453022849718062
0.0499939754903606,0.0541346080513508,0.0502440843037781,0.0453022849718062
0.0499939754903606,0.0541346080513508,0.0502440843037781,0.0453022849718062
0.0499939754903606,0.0541346080513508,0.0502440843037781,0.0453022849718062
0.0499939754903606,0.0541346080513508,0.0502440843037781,0.0453022849718062
0.0499939754903606,0.0541346080513508,0.0502440843037781,0.0453022849718062
0.0499939754903606,0.0541346080513508,0.0502440843037781,0.0453022849718062
0.0499939754903606,0.0541346080513508,0.0502440843037781,0.0453022849718062
0.0499939754903606,0.0541346080513508,0.0502440843037781,0.0453022849718062
0.0499939754903606,0.0541346080513508,0.0502440843037781,0.0453022849718062
0.0499939754903606,0.0541346080513508,0.0502440843037781,0.0453022849718062
0.0499939754903606,0.0503511940935741,0.0502440843037781,0.0453022849718062
0.0499939754903606,0.0503511940935741,0.0502440843037781,0.0453022849718062
0.0499939754903606,0.0503511940935741,0.0502440843037781,0.0453022849718062
0.0499939754903606,0.0503511940935741,0.0502440843037781,0.0453022849718062
0.0499939754903606,0.0503511940935741,0.0502440843037781,0.0453022849718062
0.0499939754903606,0.0503511940935741,0.0502440843037781,0.0453022849718062
0.0477405326002557,0.0503511940935741,0.0502440843037781,0.0453022849718062
0.0477405326002557,0.0503511940935741,0.0502440843037781,0.0453022849718062
0.0477405326002557,0.0503511940935741,0.0502440843037781,0.0453022849718062
0.0477405326002557,0.0530021104047161,0.0502440843037781,0.0453022849718062
0.0477405326002557,0.0530021104047161,0.0502440843037781,0.0453022849718062
0.0477405326002557,0.0530021104047161,0.0502440843037781,0.0453022849718062
0.0477405326002557,0.0530021104047161,0.0502440843037781,0.0453022849718062
0.0477405326002557,0.0530021104047161,0.0502440843037781,0.0453022849718062
0.0477405326002557,0.0600458698502931,0.0502440843037781,0.0453022849718062
0.0477405326002557,0.0600458698502931,0.0502440843037781,0.0453022849718062
0.0477405326002557,0.0600458698502931,0.0502440843037781,0.0453022849718062
0.0477405326002557,0.0600458698502931,0.0502440843037781,0.0453022849718062
0.0477405326002557,0.0600458698502931,0.0502440843037781,0.0453022849718062
0.0477405326002557,0.0600458698502931,0.0502440843037781,0.0453022849718062
0.0477405326002557,0.0600458698502931,0.0502440843037781,0.0453022849718062
0.0477405326002557,0.0600458698502931,0.0502440843037781,0.0453022849718062
0.0477405326002557,0.0600458698502931,0.0502440843037781,0.0453022849718062
0.0477405326002557,0.0637260989580277,0.0502440843037781,0.0453022849718062
0.0477405326002557,0.0637260989580277,0.0502440843037781,0.0453022849718062
0.0477405326002557,0.0637260989580277,0.0502440843037781,0.0453022849718062
0.0477405326002557,0.0560889113737485,0.0502440843037781,0.0453022849718062
0.0477405326002557,0.0560889113737485,0.0471378145594282,0.0453022849718062
0.0477405326002557,0.0560889113737485,0.0471378145594282,0.0453022849718062
0.0477405326002557,0.0613334648653116,0.0471378145594282,0.0453022849718062
0.0471969857529835,0.0613334648653116,0.0471378145594282,0.0453022849718062
0.0471969857529835,0.0613334648653116,0.0471378145594282,0.0453022849718062
0.0471969857529835,0.0613334648653116,0.0471378145594282,0.0453022849718062
0.0471969857529835,0.0613334648653116,0.0471378145594282,0.0453022849718062
0.0471969857529835,0.0613334648653116,0.0471378145594282,0.0453022849718062
0.0471969857529835,0.0613334648653116,0.0471378145594282,0.0453022849718062
0.0471969857529835,0.0613334648653116,0.0471378145594282,0.0453022849718062
0.0471969857529835,0.0613334648653116,0.0471378145594282,0.0453022849718062
0.0471969857529835,0.0613334648653116,0.0471378145594282,0.0453022849718062
0.0471969857529835,0.0613334648653116,0.0471378145594282,0.0453022849718062
0.0471969857529835,0.0613334648653116,0.0471378145594282,0.0453022849718062
0.0471969857529835,0.0613334648653116,0.0471378145594282,0.0453022849718062
0.0471969857529835,0.0564558226524597,0.0471378145594282,0.0453022849718062
0.0471969857529835,0.0564558226524597,0.0471378145594282,0.0453022849718062
0.0471969857529835,0.0564558226524597,0.0471378145594282,0.0453022849718062
0.0471969857529835,0.0564558226524597,0.0471378145594282,0.0453022849718062
0.0471969857529835,0.0564558226524597,0.0471378145594282,0.0453022849718062
0.0471969857529835,0.06604474031515,0.0471378145594282,0.0453022849718062
0.0471969857529835,0.06604474031515,0.0471378145594282,0.0453022849718062
0.0471969857529835,0.06604474031515,0.0471378145594282,0.0453022849718062
0.0471969857529835,0.06604474031515,0.0453149347919408,0.0453022849718062
0.0471969857529835,0.06604474031515,0.0453149347919408,0.0453022849718062
0.0471969857529835,0.06604474031515,0.0453149347919408,0.0453022849718062
0.0471969857529835,0.06604474031515,0.0453149347919408,0.0453022849718062
0.0471969857529835,0.06604474031515,0.0453149347919408,0.0453022849718062
0.0471969857529835,0.06604474031515,0.0453149347919408,0.0453022849718062
0.0471969857529835,0.06604474031515,0.0453149347919408,0.0453022849718062
0.0471969857529835,0.06604474031515,0.0453149347919408,0.0453022849718062
0.0471969857529835,0.06604474031515,0.0453149347919408,0.0453022849718062
0.0471969857529835,0.06604474031515,0.0453149347919408,0.0453022849718062
0.0471969857529835,0.06604474031515,0.0453149347919408,0.0453022849718062
0.0471969857529835,0.06604474031515,0.0453149347919408,0.0453022849718062
0.0471969857529835,0.06604474031515,0.0453149347919408,0.0453022849718062
0.0471969857529835,0.06604474031515,0.0453149347919408,0.0453022849718062
0.0471969857529835,0.06604474031515,0.0453149347919408,0.0453022849718062
0.0471969857529835,0.06604474031515,0.0453149347919408,0.0453022849718062
0.0471969857529835,0.06604474031515,0.0453149347919408,0.0453022849718062
0.0471969857529835,0.06604474031515,0.0453149347919408,0.0453022849718062
0.0471969857529835,0.06604474031515,0.0453149347919408,0.0453022849718062
0.0471969857529835,0.06604474031515,0.0453149347919408,0.0453022849718062
0.0471969857529835,0.06604474031515,0.0453149347919408,0.0453022849718062
0.0471969857529835,0.06604474031515,0.0453149347919408,0.0453022849718062
0.0471969857529835,0.06604474031515,0.0453149347919408,0.0453022849718062
0.0471969857529835,0.06604474031515,0.0453149347919408,0.0453022849718062
0.0471969857529835,0.0596925930282943,0.0453149347919408,0.0453022849718062
0.0471969857529835,0.0596925930282943,0.0453149347919408,0.0453022849718062
0.0471969857529835,0.0596925930282943,0.0453149347919408,0.0453022849718062
0.0471969857529835,0.0596925930282943,0.0453149347919408,0.0453022849718062
0.0471969857529835,0.0596925930282943,0.0453149347919408,0.0453022849718062
0.0471969857529835,0.0596925930282943,0.0453149347919408,0.0453022849718062
0.0471969857529835,0.0596925930282943,0.0453149347919408,0.0453022849718062
0.0471969857529835,0.0596925930282943,0.0453149347919408,0.0453022849718062
0.0471969857529835,0.0596925930282943,0.0453149347919408,0.0453022849718062
0.0471969857529835,0.057858235882478,0.0453149347919408,0.0453022849718062
0.0471969857529835,0.057858235882478,0.0453149347919408,0.0453022849718062
0.0471969857529835,0.057858235882478,0.0453149347919408,0.0453022849718062
0.0471969857529835,0.057858235882478,0.0453149347919408,0.0453022849718062
0.0471969857529835,0.057858235882478,0.0453149347919408,0.0453022849718062
0.0471969857529835,0.057858235882478,0.0453149347919408,0.0453022849718062
0.0471969857529835,0.057858235882478,0.0453149347919408,0.0453022849718062
0.0471969857529835,0.057858235882478,0.0453149347919408,0.0453022849718062
0.0471969857529835,0.057858235882478,0.0453149347919408,0.0453022849718062
0.0471969857529835,0.057858235882478,0.0453149347919408,0.0453022849718062
0.0471969857529835,0.057858235882478,0.0453149347919408,0.0453022849718062
0.0471969857529835,0.057858235882478,0.0453149347919408,0.0453022849718062
0.0471969857529835,0.057858235882478,0.0453149347919408,0.0453022849718062
0.0471969857529835,0.057858235882478,0.0453149347919408,0.0453022849718062
0.0471969857529835,0.057858235882478,0.0453149347919408,0.043623406892144
0.0471969857529835,0.057858235882478,0.0453149347919408,0.043623406892144
0.0471969857529835,0.057858235882478,0.0453149347919408,0.043623406892144
0.0471969857529835,0.057858235882478,0.0453149347919408,0.043623406892144
0.0471969857529835,0.057858235882478,0.0453149347919408,0.0424162662003028
0.0471969857529835,0.057858235882478,0.0453149347919408,0.0424162662003028
0.0471969857529835,0.057858235882478,0.0453149347919408,0.0424162662003028
0.0471969857529835,0.057858235882478,0.0453149347919408,0.0424162662003028
0.0471969857529835,0.057858235882478,0.0453149347919408,0.0424162662003028
0.0471969857529835,0.057858235882478,0.0453149347919408,0.0424162662003028
0.0471969857529835,0.057858235882478,0.0453149347919408,0.0424162662003028
0.0471969857529835,0.057858235882478,0.0453149347919408,0.0424162662003028
0.0471969857529835,0.057858235882478,0.0453149347919408,0.0424162662003028
0.0471969857529835,0.057858235882478,0.0453149347919408,0.0424162662003028
0.0471969857529835,0.057858235882478,0.0453149347919408,0.0424162662003028
0.0471969857529835,0.057858235882478,0.0453149347919408,0.0500958765905968
0.0471969857529835,0.057858235882478,0.0453149347919408,0.0500958765905968
0.0471969857529835,0.057858235882478,0.0453149347919408,0.0500958765905968
0.0471969857529835,0.057858235882478,0.0453149347919408,0.0500958765905968
0.0471969857529835,0.057858235882478,0.0453149347919408,0.0500958765905968
0.0471969857529835,0.057858235882478,0.0453149347919408,0.0500958765905968
0.0471969857529835,0.057858235882478,0.0453149347919408,0.0500958765905968
0.0471969857529835,0.057858235882478,0.0453149347919408,0.0500958765905968
0.0471969857529835,0.057858235882478,0.0453149347919408,0.0500958765905968
0.0471969857529835,0.057858235882478,0.0453149347919408,0.0500958765905968
0.0471969857529835,0.057858235882478,0.0453149347919408,0.0500958765905968
0.0471969857529835,0.057858235882478,0.0453149347919408,0.0476098284144088
0.0471969857529835,0.057858235882478,0.0453149347919408,0.0476098284144088
0.0471969857529835,0.057858235882478,0.0453149347919408,0.0476098284144088
0.0471969857529835,0.057858235882478,0.0453149347919408,0.0476098284144088
0.0471969857529835,0.057858235882478,0.0453149347919408,0.0476098284144088
0.0471969857529835,0.057858235882478,0.0453149347919408,0.0514760483718641
0.0471969857529835,0.057858235882478,0.0485536896289269,0.0514760483718641
0.0471969857529835,0.057858235882478,0.0485536896289269,0.0514760483718641
0.0471969857529835,0.057858235882478,0.0485536896289269,0.0514760483718641
0.0471969857529835,0.057858235882478,0.0485536896289269,0.0514760483718641
0.0471969857529835,0.057858235882478,0.0485536896289269,0.0514760483718641
0.0471969857529835,0.057858235882478,0.0485536896289269,0.0514760483718641
0.0471969857529835,0.057858235882478,0.0485536896289269,0.0514760483718641
0.0471969857529835,0.057858235882478,0.0485536896289269,0.0514760483718641
0.0471969857529835,0.057858235882478,0.0529557600877984,0.0514760483718641
0.0471969857529835,0.057858235882478,0.0529557600877984,0.0514760483718641
0.0471969857529835,0.057858235882478,0.0529557600877984,0.0514760483718641
0.0471969857529835,0.057858235882478,0.0529557600877984,0.0514760483718641
0.0471969857529835,0.057858235882478,0.0529557600877984,0.0514760483718641
0.0471969857529835,0.057858235882478,0.0504664051070248,0.0514760483718641
0.0471969857529835,0.0566375786689624,0.0504664051070248,0.0514760483718641
0.0471969857529835,0.0566375786689624,0.0504664051070248,0.0514760483718641
0.0471969857529835,0.0566375786689624,0.0504664051070248,0.0514760483718641
0.0471969857529835,0.0566375786689624,0.0504664051070248,0.0514760483718641
0.0471969857529835,0.0566375786689624,0.0504664051070248,0.0514760483718641
0.0471969857529835,0.0566375786689624,0.0504664051070248,0.0514760483718641
0.0471969857529835,0.0566375786689624,0.0504664051070248,0.0483641321013008
0.0471969857529835,0.0566375786689624,0.0504664051070248,0.0483641321013008
0.0471969857529835,0.0566375786689624,0.0504664051070248,0.0483641321013008
0.0471969857529835,0.0566375786689624,0.0504664051070248,0.0483641321013008
0.0471969857529835,0.0566375786689624,0.0504664051070248,0.0483641321013008
0.0471969857529835,0.0566375786689624,0.0504664051070248,0.0483641321013008
0.0471969857529835,0.0566375786689624,0.0504664051070248,0.0483641321013008
0.0471969857529835,0.0566375786689624,0.0504664051070248,0.0503167153341534
0.0471969857529835,0.0566375786689624,0.0504664051070248,0.0503167153341534
0.0471969857529835,0.0566375786689624,0.0504664051070248,0.0503167153341534
0.0471969857529835,0.0566375786689624,0.0504664051070248,0.0503167153341534
0.0471969857529835,0.0566375786689624,0.0504664051070248,0.0503167153341534
0.0471969857529835,0.0566375786689624,0.0504664051070248,0.0503167153341534
0.0471969857529835,0.0566375786689624,0.0504664051070248,0.0503167153341534
0.0471969857529835,0.0566375786689624,0.0504664051070248,0.0503167153341534
0.0471969857529835,0.0566375786689624,0.0504664051070248,0.0503167153341534
0.0471969857529835,0.0566375786689624,0.0504664051070248,0.0503167153341534
0.0471969857529835,0.0566375786689624,0.0504664051070248,0.0503167153341534
0.0471969857529835,0.0566375786689624,0.0504664051070248,0.0503167153341534
0.0471969857529835,0.0566375786689624,0.0504664051070248,0.0503167153341534
0.0471969857529835,0.0566375786689624,0.0504664051070248,0.0503167153341534
0.0471969857529835,0.0566375786689624,0.0504664051070248,0.0503167153341534
0.0471969857529835,0.0566375786689624,0.0504664051070248,0.0503167153341534
0.0471969857529835,0.0566375786689624,0.0504664051070248,0.0503167153341534
0.0471969857529835,0.0566375786689624,0.0504664051070248,0.0503167153341534
0.0471969857529835,0.0566375786689624,0.0504664051070248,0.0503167153341534
0.0471969857529835,0.0566375786689624,0.0504664051070248,0.0503167153341534
0.0471969857529835,0.0566375786689624,0.0504664051070248,0.0503167153341534
0.0511619559962021,0.0566375786689624,0.0504664051070248,0.0503167153341534
0.0511619559962021,0.0566375786689624,0.0504664051070248,0.0503167153341534
0.0511619559962021,0.0566375786689624,0.0504664051070248,0.0433911839792513
0.0511619559962021,0.0566375786689624,0.0504664051070248,0.0438028439504117
0.0511619559962021,0.0566375786689624,0.0504664051070248,0.0438028439504117
0.0511619559962021,0.0566375786689624,0.0504664051070248,0.0438028439504117
0.0511619559962021,0.0566375786689624,0.0504664051070248,0.0438028439504117
0.0511619559962021,0.0566375786689624,0.0504664051070248,0.0438028439504117
0.0511619559962021,0.0566375786689624,0.0504664051070248,0.0438028439504117
0.0511619559962021,0.0566375786689624,0.0504664051070248,0.0438028439504117
0.0511619559962021,0.0566375786689624,0.0504664051070248,0.0438028439504117
0.0511619559962021,0.0559709250453848,0.0504664051070248,0.0438028439504117
0.0511619559962021,0.0559709250453848,0.0504664051070248,0.0438028439504117
0.0511619559962021,0.0559709250453848,0.0504664051070248,0.0438028439504117
0.0511619559962021,0.0559709250453848,0.0504664051070248,0.0479075364847727
0.0511619559962021,0.0559709250453848,0.0504664051070248,0.0479075364847727
0.0511619559962021,0.0559709250453848,0.0504664051070248,0.0479075364847727
0.0511619559962021,0.0559709250453848,0.0504664051070248,0.0479075364847727
0.0511619559962021,0.0559709250453848,0.0504664051070248,0.0479075364847727
0.0511619559962021,0.0559709250453848,0.0504664051070248,0.0479075364847727
0.0511619559962021,0.0559709250453848,0.0498908843594078,0.0479075364847727
0.0511619559962021,0.0559709250453848,0.0498908843594078,0.0479075364847727
0.0511619559962021,0.0559709250453848,0.044434693146587,0.0479075364847727
0.0511619559962021,0.0559709250453848,0.044434693146587,0.0479075364847727
0.0511619559962021,0.0559709250453848,0.044434693146587,0.0479075364847727
0.0511619559962021,0.0559709250453848,0.044434693146587,0.0479075364847727
0.0511619559962021,0.0559709250453848,0.044434693146587,0.0479075364847727
0.0511619559962021,0.0559709250453848,0.044434693146587,0.0479075364847727
0.0511619559962021,0.0559709250453848,0.044434693146587,0.0479075364847727
0.0511619559962021,0.0551434141862706,0.044434693146587,0.0479075364847727
0.0511619559962021,0.0551434141862706,0.044434693146587,0.0479075364847727
0.0511619559962021,0.0551434141862706,0.044434693146587,0.0479075364847727
0.0511619559962021,0.0551434141862706,0.044434693146587,0.0479075364847727
0.0511619559962021,0.0551434141862706,0.044434693146587,0.0479075364847727
0.0511619559962021,0.0551434141862706,0.044434693146587,0.0479075364847727
0.0511619559962021,0.0551434141862706,0.044434693146587,0.0479075364847727
0.0511619559962021,0.0564687948288207,0.044434693146587,0.0479075364847727
0.0511619559962021,0.0564687948288207,0.044434693146587,0.0479075364847727
0.0511619559962021,0.0564687948288207,0.044434693146587,0.0479075364847727
0.0544500320524787,0.0564687948288207,0.044434693146587,0.0479075364847727
0.0544500320524787,0.0564687948288207,0.044434693146587,0.0479075364847727
0.0544500320524787,0.0564687948288207,0.044434693146587,0.0479075364847727
0.0544500320524787,0.0564687948288207,0.044434693146587,0.0479075364847727
0.0544500320524787,0.0564687948288207,0.044434693146587,0.0479075364847727
0.0517008766879347,0.0564687948288207,0.044434693146587,0.0479075364847727
0.0517008766879347,0.0564687948288207,0.044434693146587,0.0479075364847727
0.0517008766879347,0.0564687948288207,0.044434693146587,0.0479075364847727
0.0517008766879347,0.0564687948288207,0.044434693146587,0.0479075364847727
0.0517008766879347,0.0564687948288207,0.044434693146587,0.0479075364847727
0.0517008766879347,0.0564687948288207,0.044434693146587,0.0535310298677338
0.0517008766879347,0.0564687948288207,0.044434693146587,0.0535310298677338
0.0517008766879347,0.0564687948288207,0.044434693146587,0.0535310298677338
0.0517008766879347,0.0564687948288207,0.044434693146587,0.0535310298677338
0.0517008766879347,0.0564687948288207,0.044434693146587,0.0535310298677338
0.0517008766879347,0.0564687948288207,0.044434693146587,0.0535310298677338
0.0517008766879347,0.0564687948288207,0.044434693146587,0.0535310298677338
0.0517008766879347,0.0564687948288207,0.044434693146587,0.0535310298677338
0.0517008766879347,0.0564687948288207,0.044434693146587,0.0535310298677338
0.0517008766879347,0.0564687948288207,0.044434693146587,0.0535310298677338
0.0517008766879347,0.0564687948288207,0.044434693146587,0.0535310298677338
0.0517008766879347,0.0564687948288207,0.044434693146587,0.0535310298677338
0.0517008766879347,0.0564687948288207,0.0491460026982707,0.0535310298677338
0.0517008766879347,0.0564687948288207,0.0491460026982707,0.0521878590022849
0.0517008766879347,0.0564687948288207,0.0491460026982707,0.0470389346027892
0.0523829726250375,0.0564687948288207,0.0491460026982707,0.0470389346027892
0.0523829726250375,0.0490639802323985,0.0491460026982707,0.0470389346027892
0.0523829726250375,0.0490639802323985,0.0491460026982707,0.0470389346027892
0.0523829726250375,0.0490639802323985,0.0491460026982707,0.0470389346027892
0.0543915055200851,0.0490639802323985,0.0491460026982707,0.0470389346027892
0.0543915055200851,0.0490639802323985,0.0491460026982707,0.0450167185437073
0.0543915055200851,0.0490639802323985,0.0491460026982707,0.0450167185437073
0.0543915055200851,0.0490639802323985,0.0491460026982707,0.0438313752633953
0.0543915055200851,0.0490639802323985,0.0491460026982707,0.0438623491991615
0.0543915055200851,0.0490639802323985,0.0491460026982707,0.0438623491991615
0.0543915055200851,0.0490639802323985,0.0491460026982707,0.0438623491991615
0.0543915055200851,0.0490639802323985,0.0491460026982707,0.0438623491991615
0.0543915055200851,0.0504035767327557,0.0491460026982707,0.0438623491991615
0.0543915055200851,0.0504035767327557,0.0491460026982707,0.0438623491991615
0.0543915055200851,0.0504035767327557,0.0491460026982707,0.0438623491991615
0.0543915055200851,0.0504035767327557,0.0491460026982707,0.0438623491991615
0.0543915055200851,0.0504035767327557,0.0491460026982707,0.0438623491991615
0.0543915055200851,0.0487118791078623,0.0491460026982707,0.0438623491991615
0.0543915055200851,0.0487118791078623,0.0491460026982707,0.0438623491991615
0.0538998113377245,0.0487118791078623,0.0491460026982707,0.0438623491991615
0.0538998113377245,0.0487118791078623,0.0491460026982707,0.0438623491991615
0.0538998113377245,0.0487118791078623,0.0480715525783335,0.0438623491991615
0.0538998113377245,0.0487118791078623,0.0480715525783335,0.0438623491991615
0.0538998113377245,0.0487118791078623,0.0480715525783335,0.0438623491991615
0.0538998113377245,0.0487118791078623,0.0480715525783335,0.0438623491991615
0.0538998113377245,0.0487118791078623,0.0480715525783335,0.0438623491991615
0.0538998113377245,0.0487118791078623,0.0480715525783335,0.0438623491991615
0.0538998113377245,0.0487118791078623,0.0480715525783335,0.0438623491991615
0.0538998113377245,0.0487118791078623,0.0480715525783335,0.0438623491991615
0.0538998113377245,0.0487118791078623,0.0480715525783335,0.0438623491991615
0.0538998113377245,0.0487118791078623,0.0480715525783335,0.0438623491991615
0.0538998113377245,0.0487118791078623,0.0480715525783335,0.0438623491991615
0.0538998113377245,0.0487118791078623,0.0480715525783335,0.0438623491991615
0.0538998113377245,0.0487118791078623,0.0480715525783335,0.0438623491991615
0.0553915355947171,0.0487118791078623,0.0480715525783335,0.0438623491991615
0.0553915355947171,0.0487118791078623,0.0480715525783335,0.0438623491991615
0.0553915355947171,0.0487118791078623,0.0480715525783335,0.0438623491991615
0.0553915355947171,0.0487118791078623,0.0480715525783335,0.0438623491991615
0.0553915355947171,0.0487118791078623,0.0480715525783335,0.0438623491991615
0.0553915355947171,0.0487118791078623,0.0480715525783335,0.0438623491991615
0.0553915355947171,0.0487118791078623,0.0480715525783335,0.0438623491991615
0.0553915355947171,0.0487118791078623,0.0480715525783335,0.0438623491991615
0.0553915355947171,0.0487118791078623,0.0480715525783335,0.0438623491991615
0.0553915355947171,0.0487118791078623,0.0480715525783335,0.0438623491991615
0.0553915355947171,0.0487118791078623,0.0480715525783335,0.0438623491991615
0.0553915355947171,0.0487118791078623,0.0480715525783335,0.0438623491991615
0.0553915355947171,0.0487118791078623,0.0480715525783335,0.0438623491991615
0.0553915355947171,0.0487118791078623,0.0480715525783335,0.0552362540582181
0.0553915355947171,0.0487118791078623,0.0480715525783335,0.0552362540582181
0.0553915355947171,0.0487118791078623,0.0480715525783335,0.0552362540582181
0.0553915355947171,0.0487118791078623,0.0480715525783335,0.0552362540582181
0.0553915355947171,0.0487118791078623,0.0480715525783335,0.0552362540582181
0.0553915355947171,0.0487118791078623,0.0480715525783335,0.0552362540582181
0.0553915355947171,0.0487118791078623,0.0480715525783335,0.0552362540582181
0.0553915355947171,0.0487118791078623,0.0480715525783335,0.0552362540582181
0.0553915355947171,0.0487118791078623,0.0480715525783335,0.0552362540582181
0.0553915355947171,0.0487118791078623,0.0480715525783335,0.0552362540582181
0.0553915355947171,0.0487118791078623,0.0480715525783335,0.0459501278115446
0.0553915355947171,0.0608686097472496,0.0480715525783335,0.0459501278115446
0.0553915355947171,0.0608686097472496,0.0480715525783335,0.0459501278115446
0.0553915355947171,0.0608686097472496,0.0480715525783335,0.0459501278115446
0.0553915355947171,0.0608686097472496,0.0480715525783335,0.0459501278115446
0.0553915355947171,0.0608686097472496,0.0480715525783335,0.0459501278115446
0.0553915355947171,0.0608686097472496,0.0480715525783335,0.0459501278115446
0.0553915355947171,0.0608686097472496,0.0480715525783335,0.0459501278115446
0.0553915355947171,0.0608686097472496,0.0480715525783335,0.0459501278115446
0.0553915355947171,0.0537326375485691,0.0480715525783335,0.0459501278115446
0.0553915355947171,0.0537326375485691,0.0480715525783335,0.0459501278115446
0.0553915355947171,0.0537326375485691,0.0480715525783335,0.0459501278115446
0.0553915355947171,0.0537326375485691,0.0480715525783335,0.0459501278115446
0.0553915355947171,0.0537326375485691,0.0480715525783335,0.0459501278115446
0.0553915355947171,0.0537326375485691,0.0480715525783335,0.0459501278115446
0.0553915355947171,0.0537326375485691,0.0480715525783335,0.0459501278115446
0.0553915355947171,0.0537326375485691,0.0480715525783335,0.0459501278115446
0.0553915355947171,0.0537326375485691,0.0480715525783335,0.0459501278115446
0.0553915355947171,0.0537326375485691,0.0480715525783335,0.0459501278115446
0.0553915355947171,0.0537326375485691,0.0480715525783335,0.0459501278115446
0.0553915355947171,0.0537326375485691,0.0480715525783335,0.0459501278115446
0.0553915355947171,0.0537326375485691,0.0480715525783335,0.0459501278115446
0.0553915355947171,0.0537326375485691,0.0480715525783335,0.0459501278115446
0.0553915355947171,0.0537326375485691,0.0480715525783335,0.0459501278115446
0.0553915355947171,0.0537326375485691,0.0480715525783335,0.0459501278115446
0.0553915355947171,0.0537326375485691,0.0480715525783335,0.0459501278115446
0.0553915355947171,0.0537326375485691,0.0480715525783335,0.0459501278115446
0.0553915355947171,0.0537326375485691,0.0480715525783335,0.0459501278115446
0.0553915355947171,0.0537326375485691,0.0480715525783335,0.0459501278115446
0.0553915355947171,0.0537326375485691,0.0480715525783335,0.0459501278115446
0.0553915355947171,0.0537326375485691,0.0480715525783335,0.0459501278115446
0.0553915355947171,0.0537326375485691,0.0480715525783335,0.0459501278115446
0.0553915355947171,0.0537326375485691,0.0480715525783335,0.0459501278115446
0.0553915355947171,0.0537326375485691,0.0480715525783335,0.0459501278115446
0.0553915355947171,0.0537326375485691,0.0480715525783335,0.0459501278115446
0.0553915355947171,0.0537326375485691,0.0480715525783335,0.0459501278115446
0.0551712017165874,0.0537326375485691,0.0493413066869237,0.0459501278115446
0.0551712017165874,0.0537326375485691,0.0493413066869237,0.0459501278115446
0.0551712017165874,0.0537326375485691,0.0493413066869237,0.0459501278115446
0.0551712017165874,0.0537326375485691,0.0493413066869237,0.0459501278115446
0.0551712017165874,0.0537326375485691,0.0493413066869237,0.0459501278115446
0.0551712017165874,0.0537326375485691,0.0493413066869237,0.0459501278115446
0.0551712017165874,0.0537326375485691,0.0493413066869237,0.0459501278115446
0.0551712017165874,0.0537326375485691,0.0493413066869237,0.0459501278115446
0.0551712017165874,0.0537326375485691,0.0493413066869237,0.0459501278115446
0.0551712017165874,0.0537326375485691,0.0493413066869237,0.0459501278115446
0.0551712017165874,0.0537326375485691,0.0493413066869237,0.0459501278115446
0.0551712017165874,0.0537326375485691,0.0493413066869237,0.0459501278115446
0.0551712017165874,0.0537326375485691,0.0493413066869237,0.0459501278115446
0.0551712017165874,0.0537326375485691,0.0493413066869237,0.0459501278115446
0.0551712017165874,0.0537326375485691,0.0493413066869237,0.0459501278115446
0.0551712017165874,0.0537326375485691,0.0493413066869237,0.0459501278115446
0.0551712017165874,0.0537326375485691,0.0493413066869237,0.0509455388019177
0.0551712017165874,0.0537326375485691,0.0493413066869237,0.0509455388019177
0.0551712017165874,0.0537326375485691,0.0493413066869237,0.0509455388019177
0.0551712017165874,0.0537326375485691,0.0493413066869237,0.0509455388019177
0.0551712017165874,0.0513562380118818,0.0493413066869237,0.0509455388019177
0.0551712017165874,0.0513562380118818,0.0493413066869237,0.0509455388019177
0.0551712017165874,0.0513562380118818,0.0493413066869237,0.0509455388019177
0.0551712017165874,0.0513562380118818,0.0493413066869237,0.0509455388019177
0.0551712017165874,0.0513562380118818,0.0493413066869237,0.0509455388019177
0.0551712017165874,0.0513562380118818,0.0493413066869237,0.0531468126622541
0.0551712017165874,0.0513562380118818,0.0493413066869237,0.0531468126622541
0.0551712017165874,0.0513562380118818,0.0493413066869237,0.0531468126622541
0.0551712017165874,0.0513562380118818,0.0493413066869237,0.0531468126622541
0.0551712017165874,0.0513562380118818,0.0493413066869237,0.0531468126622541
0.0551712017165874,0.0513562380118818,0.0493413066869237,0.0531468126622541
0.0551712017165874,0.0513562380118818,0.0493413066869237,0.0531468126622541
0.0551712017165874,0.0513562380118818,0.0493413066869237,0.0531468126622541
0.0551712017165874,0.0513562380118818,0.0493413066869237,0.0531468126622541
0.0551712017165874,0.0513562380118818,0.0493413066869237,0.0531468126622541
0.0551712017165874,0.0513562380118818,0.0493413066869237,0.0587674404173614
0.0551712017165874,0.0511512403674858,0.0493413066869237,0.0587674404173614
0.0551712017165874,0.0511512403674858,0.0493413066869237,0.0587674404173614
0.0551712017165874,0.0511512403674858,0.0493413066869237,0.0587674404173614
0.0551712017165874,0.0511512403674858,0.0493413066869237,0.0587674404173614
0.0551712017165874,0.0511512403674858,0.0493413066869237,0.0587674404173614
0.0551712017165874,0.0511512403674858,0.0459882352877283,0.0587674404173614
0.0551712017165874,0.0511512403674858,0.0459882352877283,0.0587674404173614
0.0551712017165874,0.0511512403674858,0.0459882352877283,0.0587674404173614
0.0551712017165874,0.0511512403674858,0.0459882352877283,0.0587674404173614
0.0551712017165874,0.0511512403674858,0.0459882352877283,0.0587674404173614
0.0551712017165874,0.0511512403674858,0.0459882352877283,0.0587674404173614
0.0551712017165874,0.0511512403674858,0.0459882352877283,0.0587674404173614
0.0551712017165874,0.0511512403674858,0.0459882352877283,0.0587674404173614
0.0551712017165874,0.0511512403674858,0.0459882352877283,0.0587674404173614
0.0551712017165874,0.0511512403674858,0.0459882352877283,0.0587674404173614
0.0551712017165874,0.0511512403674858,0.0459882352877283,0.0587674404173614
0.0551712017165874,0.0511512403674858,0.0459882352877283,0.0587674404173614
0.0551712017165874,0.0511512403674858,0.0459882352877283,0.0587674404173614
0.0551712017165874,0.0511512403674858,0.0459882352877283,0.0587674404173614
0.0551712017165874,0.0511512403674858,0.0459882352877283,0.0587674404173614
0.0551712017165874,0.0511512403674858,0.0459882352877283,0.0587674404173614
0.0551712017165874,0.0511512403674858,0.0459882352877283,0.0587674404173614
0.0551712017165874,0.0511512403674858,0.0459882352877283,0.0587674404173614
0.0551712017165874,0.0511512403674858,0.0459882352877283,0.0587674404173614
0.0551712017165874,0.0544648386756146,0.0459882352877283,0.0587674404173614
0.0551712017165874,0.0544648386756146,0.0473746318213386,0.0587674404173614
0.0551712017165874,0.0544648386756146,0.0473746318213386,0.0587674404173614
0.0551712017165874,0.0544648386756146,0.0473746318213386,0.0587674404173614
0.0551712017165874,0.0544648386756146,0.0473746318213386,0.0587674404173614
0.0551712017165874,0.0505197892344274,0.0473746318213386,0.0587674404173614
0.0551712017165874,0.0505197892344274,0.0473746318213386,0.0587674404173614
0.0551712017165874,0.0505197892344274,0.0473746318213386,0.0587674404173614
0.0551712017165874,0.0505197892344274,0.0473746318213386,0.0587674404173614
0.0551712017165874,0.0505197892344274,0.0473746318213386,0.0587674404173614
0.0551712017165874,0.0505197892344274,0.0473746318213386,0.0587674404173614
0.0551712017165874,0.0505197892344274,0.0438719287849101,0.0587674404173614
0.0551712017165874,0.0505197892344274,0.0438719287849101,0.0587674404173614
0.0551712017165874,0.0505197892344274,0.0438719287849101,0.0587674404173614
0.0551712017165874,0.0505197892344274,0.0438719287849101,0.0587674404173614
0.0551712017165874,0.0505197892344274,0.0438719287849101,0.0587674404173614
0.0551712017165874,0.0505197892344274,0.0438719287849101,0.0587674404173614
0.0551712017165874,0.0505197892344274,0.0438719287849101,0.0587674404173614
0.0551712017165874,0.0505197892344274,0.0438719287849101,0.0587674404173614
0.0551712017165874,0.0505197892344274,0.0438719287849101,0.0587674404173614
0.0551712017165874,0.0505197892344274,0.0438719287849101,0.0587674404173614
0.0551712017165874,0.0505197892344274,0.0438719287849101,0.0587674404173614
0.0551712017165874,0.0505197892344274,0.0438719287849101,0.0587674404173614
0.0551712017165874,0.0505197892344274,0.0438719287849101,0.0587674404173614
0.0551712017165874,0.0505197892344274,0.0438719287849101,0.0587674404173614
0.0551712017165874,0.0505197892344274,0.0438719287849101,0.0587674404173614
0.0551712017165874,0.0505197892344274,0.0438719287849101,0.0553449911264585
0.0551712017165874,0.0505197892344274,0.045710495902362,0.0600176773930491
0.0551712017165874,0.0505197892344274,0.045710495902362,0.0600176773930491
0.0551712017165874,0.0505197892344274,0.045710495902362,0.0600176773930491
0.0551712017165874,0.0505197892344274,0.045710495902362,0.0579323015996318
0.0551712017165874,0.0505197892344274,0.045710495902362,0.0579323015996318
0.0551712017165874,0.0505197892344274,0.045710495902362,0.0579323015996318
0.0551712017165874,0.0505197892344274,0.045710495902362,0.0579323015996318
0.0551712017165874,0.0505197892344274,0.045710495902362,0.0579323015996318
0.0551712017165874,0.0505197892344274,0.045710495902362,0.0579323015996318
0.0551712017165874,0.0505197892344274,0.045710495902362,0.0579323015996318
0.0551712017165874,0.0505197892344274,0.045710495902362,0.0579323015996318
0.0551712017165874,0.0505197892344274,0.045710495902362,0.0579323015996318
0.0551712017165874,0.0505197892344274,0.045710495902362,0.0579323015996318
0.0551712017165874,0.0505197892344274,0.045710495902362,0.0579323015996318
0.0551712017165874,0.0505197892344274,0.045710495902362,0.0579323015996318
0.0551712017165874,0.0505197892344274,0.045710495902362,0.0579323015996318
0.0551712017165874,0.0505197892344274,0.045710495902362,0.0579323015996318
0.0551712017165874,0.0505197892344274,0.045710495902362,0.0579323015996318
0.0551712017165874,0.0505197892344274,0.045710495902362,0.0579323015996318
0.0551712017165874,0.0505197892344274,0.045710495902362,0.0579323015996318
0.0551712017165874,0.0505197892344274,0.045710495902362,0.0579323015996318
0.0551712017165874,0.0505197892344274,0.045710495902362,0.0579323015996318
0.0551712017165874,0.0549289888113866,0.045710495902362,0.0579323015996318
0.0551712017165874,0.0549289888113866,0.045710495902362,0.0579323015996318
0.0551712017165874,0.0549289888113866,0.045710495902362,0.0579323015996318
0.0551712017165874,0.0549289888113866,0.045710495902362,0.0579323015996318
0.0551712017165874,0.0549289888113866,0.045710495902362,0.0579323015996318
0.0520956745792645,0.0481450356927309,0.045710495902362,0.0579323015996318
0.0520956745792645,0.0481450356927309,0.045710495902362,0.0579323015996318
0.0520956745792645,0.0481450356927309,0.045710495902362,0.0579323015996318
0.0520956745792645,0.0481450356927309,0.045710495902362,0.0579323015996318
0.0520956745792645,0.0481450356927309,0.045710495902362,0.0579323015996318
0.0520956745792645,0.0481450356927309,0.045710495902362,0.0579323015996318
0.0520956745792645,0.0481450356927309,0.045710495902362,0.0579323015996318
0.0520956745792645,0.0481450356927309,0.045710495902362,0.0579323015996318
0.0520956745792645,0.0481450356927309,0.045710495902362,0.0579323015996318
0.0520956745792645,0.0481450356927309,0.045710495902362,0.0579323015996318
0.0520956745792645,0.0481450356927309,0.045710495902362,0.0601296010150132
0.0520956745792645,0.0481450356927309,0.045710495902362,0.0601296010150132
0.0520956745792645,0.0481450356927309,0.045710495902362,0.0601296010150132
0.0520956745792645,0.0481450356927309,0.045710495902362,0.0601296010150132
0.0520956745792645,0.0481450356927309,0.045710495902362,0.0601296010150132
0.0520956745792645,0.0481450356927309,0.045710495902362,0.0601296010150132
0.0520956745792645,0.0481450356927309,0.0461352005569954,0.0601296010150132
0.0520956745792645,0.0481450356927309,0.0461352005569954,0.0601296010150132
0.0520956745792645,0.0481450356927309,0.0461352005569954,0.0601296010150132
0.0520956745792645,0.0481450356927309,0.0461352005569954,0.0601296010150132
0.0520956745792645,0.0481450356927309,0.0461352005569954,0.0601296010150132
0.0541334123140562,0.0481450356927309,0.0461352005569954,0.0601296010150132
0.0541334123140562,0.0481450356927309,0.0461352005569954,0.0601296010150132
0.0541334123140562,0.0481450356927309,0.0461352005569954,0.0601296010150132
0.0541334123140562,0.0481450356927309,0.0461352005569954,0.0601296010150132
0.0541334123140562,0.0481450356927309,0.0461352005569954,0.0601296010150132
0.0541334123140562,0.0481450356927309,0.0461352005569954,0.0601296010150132
0.0541334123140562,0.0481450356927309,0.0461352005569954,0.0601296010150132
0.0541334123140562,0.0481450356927309,0.0461352005569954,0.0601296010150132
0.0541334123140562,0.0481450356927309,0.0461352005569954,0.0601296010150132
0.0541334123140562,0.0481450356927309,0.0461352005569954,0.0601296010150132
0.0541334123140562,0.0481450356927309,0.0461352005569954,0.0601296010150132
0.0541334123140562,0.0481450356927309,0.0461352005569954,0.0601296010150132
0.0541334123140562,0.0481450356927309,0.0461352005569954,0.0601296010150132
0.051164692221812,0.0481450356927309,0.0461352005569954,0.0601296010150132
0.051164692221812,0.0481450356927309,0.0461352005569954,0.0601296010150132
0.051164692221812,0.0481450356927309,0.0461352005569954,0.0601296010150132
0.051164692221812,0.0481450356927309,0.0461352005569954,0.057878789718983
0.051164692221812,0.0481450356927309,0.0461352005569954,0.057878789718983
0.051164692221812,0.0481450356927309,0.0461352005569954,0.057878789718983
0.051164692221812,0.0481450356927309,0.0461352005569954,0.057878789718983
0.051164692221812,0.0481450356927309,0.0461352005569954,0.057878789718983
0.0518542166814233,0.0481450356927309,0.0461352005569954,0.057878789718983
0.0518542166814233,0.0481450356927309,0.0461352005569954,0.057878789718983
0.0518542166814233,0.0481450356927309,0.0461352005569954,0.057878789718983
0.0518542166814233,0.0481450356927309,0.0461352005569954,0.057878789718983
0.0518542166814233,0.0481450356927309,0.0461352005569954,0.057878789718983
0.0518542166814233,0.04526024100782,0.0461352005569954,0.057878789718983
0.0518542166814233,0.04526024100782,0.0461352005569954,0.057878789718983
0.0518542166814233,0.04526024100782,0.0449552242496561,0.057878789718983
0.0518542166814233,0.04526024100782,0.0449552242496561,0.057878789718983
0.0518542166814233,0.04526024100782,0.0449552242496561,0.057878789718983
0.0518542166814233,0.04526024100782,0.0449552242496561,0.057878789718983
0.0518542166814233,0.04526024100782,0.0449552242496561,0.057878789718983
0.0518542166814233,0.04526024100782,0.0449552242496561,0.057878789718983
0.0518542166814233,0.04526024100782,0.0449552242496561,0.057878789718983
0.0518542166814233,0.04526024100782,0.0449552242496561,0.057878789718983
0.0518542166814233,0.04526024100782,0.0449552242496561,0.057878789718983
0.0518542166814233,0.04526024100782,0.0449552242496561,0.057878789718983
0.0518542166814233,0.04526024100782,0.0449552242496561,0.057878789718983
0.0518542166814233,0.04526024100782,0.0449552242496561,0.057878789718983
0.0518542166814233,0.04526024100782,0.0449552242496561,0.057878789718983
0.0518542166814233,0.04526024100782,0.0449552242496561,0.057878789718983
0.0518542166814233,0.04526024100782,0.0449552242496561,0.057878789718983
0.0518542166814233,0.04526024100782,0.0449552242496561,0.057878789718983
0.0518542166814233,0.04526024100782,0.0449552242496561,0.057878789718983
0.0518542166814233,0.04526024100782,0.0449552242496561,0.057878789718983
0.0518542166814233,0.04526024100782,0.0449552242496561,0.057878789718983
0.0518542166814233,0.04526024100782,0.0449552242496561,0.057878789718983
0.0518542166814233,0.0468233743641452,0.0449552242496561,0.057878789718983
0.0518542166814233,0.0468233743641452,0.0449552242496561,0.057878789718983
0.0518542166814233,0.0468233743641452,0.0449552242496561,0.057878789718983
0.0518542166814233,0.0468233743641452,0.0449552242496561,0.057878789718983
0.0518542166814233,0.0468233743641452,0.0449552242496561,0.057878789718983
0.0518542166814233,0.0468233743641452,0.0449552242496561,0.057878789718983
0.0518542166814233,0.0468233743641452,0.0449552242496561,0.057878789718983
0.0518542166814233,0.0468233743641452,0.0449552242496561,0.057878789718983
0.0518542166814233,0.0468233743641452,0.0449552242496561,0.0536059835696686
0.0518542166814233,0.0468233743641452,0.0449552242496561,0.0536059835696686
0.0518542166814233,0.0468233743641452,0.0449552242496561,0.0536059835696686
0.0518542166814233,0.0468233743641452,0.0449552242496561,0.0536059835696686
0.0518542166814233,0.0468233743641452,0.0449552242496561,0.0536059835696686
0.0518542166814233,0.0468233743641452,0.0449552242496561,0.0536059835696686
0.0518542166814233,0.0468233743641452,0.0449552242496561,0.0536059835696686
0.0518542166814233,0.0468233743641452,0.0449552242496561,0.0536059835696686
0.0518542166814233,0.0468233743641452,0.0449552242496561,0.0536059835696686
0.0518542166814233,0.0468233743641452,0.0449552242496561,0.0536059835696686
0.0518542166814233,0.0501317325948684,0.0449552242496561,0.0536059835696686
0.0509713645185155,0.0501317325948684,0.0449552242496561,0.0536059835696686
0.0509713645185155,0.0501317325948684,0.0449552242496561,0.0467402930612573
0.0509713645185155,0.0501317325948684,0.0449552242496561,0.0467402930612573
0.0509713645185155,0.0501317325948684,0.0449552242496561,0.0467402930612573
0.0509713645185155,0.0501317325948684,0.0449552242496561,0.0467402930612573
0.0509713645185155,0.0501317325948684,0.0449552242496561,0.0467402930612573
0.0509713645185155,0.0501317325948684,0.0449552242496561,0.0467402930612573
0.0509713645185155,0.0501317325948684,0.0449552242496561,0.0467402930612573
0.0509713645185155,0.0453269967228157,0.0449552242496561,0.0467402930612573
0.0509713645185155,0.0453269967228157,0.0449552242496561,0.0467402930612573
0.0509713645185155,0.0453269967228157,0.0449552242496561,0.0467402930612573
0.0509713645185155,0.0453269967228157,0.0449552242496561,0.0467402930612573
0.0509713645185155,0.0453269967228157,0.0449552242496561,0.0467402930612573
0.0509713645185155,0.0453269967228157,0.0449552242496561,0.0467402930612573
0.0509713645185155,0.0453269967228157,0.0449552242496561,0.0467402930612573
0.0509713645185155,0.0453269967228157,0.0449552242496561,0.0467402930612573
0.0509713645185155,0.0453269967228157,0.0449552242496561,0.0467402930612573
0.0509713645185155,0.0453269967228157,0.0449552242496561,0.0467402930612573
0.0509713645185155,0.0469728611725703,0.0449552242496561,0.0467402930612573
0.0509713645185155,0.0469728611725703,0.0449552242496561,0.0467402930612573
0.0509713645185155,0.0469728611725703,0.0449552242496561,0.0467402930612573
0.0509713645185155,0.0469728611725703,0.0449552242496561,0.0467402930612573
0.0509713645185155,0.0469728611725703,0.0449552242496561,0.0467402930612573
0.0509713645185155,0.0469728611725703,0.0449552242496561,0.0467402930612573
0.0509713645185155,0.0469728611725703,0.0449552242496561,0.0467402930612573
0.0509713645185155,0.0469728611725703,0.0449552242496561,0.0467402930612573
0.0509713645185155,0.0469728611725703,0.0442062079520117,0.0467402930612573
0.0509713645185155,0.0469728611725703,0.0442062079520117,0.0467402930612573
0.0509713645185155,0.0469728611725703,0.0442062079520117,0.0495503353259649
0.0509713645185155,0.0469728611725703,0.0446310407420364,0.0495503353259649
0.0509713645185155,0.0469728611725703,0.0446310407420364,0.0495503353259649
0.0509713645185155,0.0469728611725703,0.0446310407420364,0.0495503353259649
0.0509713645185155,0.0496704207652167,0.0446310407420364,0.0495503353259649
0.0509713645185155,0.0496704207652167,0.0446310407420364,0.0495503353259649
0.0509713645185155,0.0496704207652167,0.0446310407420364,0.0495503353259649
0.0509713645185155,0.0496704207652167,0.0446310407420364,0.0495503353259649
0.0509713645185155,0.0496704207652167,0.0446310407420364,0.0495503353259649
0.0509713645185155,0.0496704207652167,0.0446310407420364,0.0495503353259649
0.0509713645185155,0.0496704207652167,0.0446310407420364,0.0495503353259649
0.0509713645185155,0.0496704207652167,0.0446310407420364,0.0495503353259649
0.0509713645185155,0.0496704207652167,0.0446310407420364,0.0495503353259649
0.0509713645185155,0.0496704207652167,0.0446310407420364,0.0495503353259649
0.0509713645185155,0.0496704207652167,0.0446310407420364,0.0495503353259649
0.0509713645185155,0.0496704207652167,0.0446310407420364,0.0495503353259649
0.0509713645185155,0.0496704207652167,0.0446310407420364,0.0495503353259649
0.0509713645185155,0.0496704207652167,0.0446310407420364,0.0495503353259649
0.0509713645185155,0.0496704207652167,0.0446310407420364,0.0495503353259649
0.0509713645185155,0.0496704207652167,0.0446310407420364,0.0495503353259649
0.0509713645185155,0.0496704207652167,0.0446310407420364,0.0495503353259649
0.0509713645185155,0.0496704207652167,0.0446310407420364,0.0495503353259649
0.0509713645185155,0.0496704207652167,0.0446310407420364,0.0495503353259649
0.0509713645185155,0.0496704207652167,0.0446310407420364,0.0495503353259649
0.0509713645185155,0.0496704207652167,0.0446310407420364,0.0495503353259649
0.0509713645185155,0.0496704207652167,0.0446310407420364,0.0495503353259649
0.0509713645185155,0.0496704207652167,0.0446310407420364,0.0495503353259649
0.0509713645185155,0.0496704207652167,0.0446310407420364,0.0504384398263167
0.0509713645185155,0.0496704207652167,0.0446310407420364,0.0504384398263167
0.0509713645185155,0.0496704207652167,0.0446310407420364,0.0395398344813911
0.0509713645185155,0.0496704207652167,0.0446310407420364,0.0395398344813911
0.0509713645185155,0.0496704207652167,0.0446310407420364,0.0395398344813911
0.0509713645185155,0.0496704207652167,0.0446310407420364,0.0395398344813911
0.0509713645185155,0.0450757789263275,0.0446310407420364,0.0395398344813911
0.0509713645185155,0.0450757789263275,0.0446310407420364,0.0395398344813911
0.0509713645185155,0.0450757789263275,0.0446310407420364,0.0395398344813911
0.0509713645185155,0.0450757789263275,0.0446310407420364,0.0395398344813911
0.0509713645185155,0.0450757789263275,0.0446310407420364,0.0395398344813911
0.0509713645185155,0.0450757789263275,0.0446310407420364,0.0395398344813911
0.0509713645185155,0.0450757789263275,0.0446310407420364,0.0395398344813911
0.0509713645185155,0.0450757789263275,0.0446310407420364,0.0395398344813911
0.0509713645185155,0.0450757789263275,0.0446310407420364,0.0395398344813911
0.0509713645185155,0.0450757789263275,0.0446310407420364,0.0450873280491013
0.0509713645185155,0.0450757789263275,0.0446310407420364,0.0429778216882984
0.0509713645185155,0.0450757789263275,0.0446310407420364,0.0429778216882984
0.0509713645185155,0.0450757789263275,0.0446310407420364,0.0429778216882984
0.0509713645185155,0.0450757789263275,0.0446310407420364,0.0429778216882984
0.0509713645185155,0.0450757789263275,0.0446310407420364,0.0429778216882984
0.0509713645185155,0.0450757789263275,0.0446310407420364,0.0429778216882984
0.0509713645185155,0.0450757789263275,0.0446310407420364,0.0429778216882984
0.0509713645185155,0.0450757789263275,0.0446310407420364,0.0429778216882984
0.0509713645185155,0.0450757789263275,0.0446310407420364,0.0429778216882984
0.0509713645185155,0.0527488226689587,0.0446310407420364,0.0429778216882984
0.0509713645185155,0.0527488226689587,0.0446310407420364,0.0429778216882984
0.0509713645185155,0.0527488226689587,0.0446310407420364,0.0429778216882984
0.0509713645185155,0.0527488226689587,0.0446310407420364,0.0429778216882984
0.0509713645185155,0.0527488226689587,0.0446310407420364,0.0429778216882984
0.0509713645185155,0.0527488226689587,0.0446310407420364,0.0429778216882984
0.0509713645185155,0.0527488226689587,0.0446310407420364,0.0429778216882984
0.0509713645185155,0.0527488226689587,0.0446310407420364,0.0429778216882984
0.0509713645185155,0.0527488226689587,0.0446310407420364,0.0429778216882984
0.0509713645185155,0.0527488226689587,0.0446310407420364,0.0429778216882984
0.0509713645185155,0.0527488226689587,0.0446310407420364,0.0429778216882984
0.0509713645185155,0.0527488226689587,0.0446310407420364,0.0429778216882984
0.0509713645185155,0.0527488226689587,0.0446310407420364,0.0429778216882984
0.0509713645185155,0.0527488226689587,0.0446310407420364,0.0429778216882984
0.0509713645185155,0.0527488226689587,0.0445202175585793,0.0429778216882984
0.0509713645185155,0.0527488226689587,0.0445202175585793,0.0429778216882984
0.0509713645185155,0.0527488226689587,0.0445202175585793,0.0429778216882984
0.0509713645185155,0.0527488226689587,0.0445202175585793,0.0429778216882984
0.0509713645185155,0.0527488226689587,0.0445202175585793,0.0484543340318477
0.0509713645185155,0.0504412413842024,0.0459267620321303,0.0484543340318477
0.0509713645185155,0.0504412413842024,0.0448773039988143,0.0484543340318477
0.0509713645185155,0.0504412413842024,0.0448773039988143,0.0484543340318477
0.0509713645185155,0.0504412413842024,0.0448773039988143,0.0484543340318477
0.0509713645185155,0.0504412413842024,0.0452963267982358,0.0484543340318477
0.0509713645185155,0.0468049603681691,0.0452963267982358,0.0484543340318477
0.0509713645185155,0.0468049603681691,0.0452963267982358,0.0413205998796051
0.0509713645185155,0.0468049603681691,0.0452963267982358,0.0413205998796051
0.0509713645185155,0.0468049603681691,0.0452963267982358,0.0413205998796051
0.0509713645185155,0.0468049603681691,0.0452963267982358,0.0413205998796051
0.0509713645185155,0.0468049603681691,0.0452963267982358,0.0413205998796051
0.0509713645185155,0.0468049603681691,0.0452963267982358,0.0413205998796051
0.0509713645185155,0.0468049603681691,0.0452963267982358,0.0413205998796051
0.0509713645185155,0.0468049603681691,0.0452963267982358,0.0413205998796051
0.0509713645185155,0.0468049603681691,0.0452963267982358,0.0413205998796051
0.0509713645185155,0.0468049603681691,0.0452963267982358,0.0413205998796051
0.0509713645185155,0.0468049603681691,0.0452963267982358,0.0413205998796051
0.0509713645185155,0.0468049603681691,0.0452963267982358,0.0413205998796051
0.0509713645185155,0.0468049603681691,0.0473220079037066,0.0413205998796051
0.0509713645185155,0.0468049603681691,0.0473220079037066,0.0413205998796051
0.0509713645185155,0.0510545669363411,0.0473220079037066,0.0413205998796051
0.0509713645185155,0.0510545669363411,0.0473220079037066,0.0413205998796051
0.0509713645185155,0.0510545669363411,0.0473220079037066,0.0413205998796051
0.0509713645185155,0.0510545669363411,0.0473220079037066,0.0413205998796051
0.0509713645185155,0.0510545669363411,0.0473220079037066,0.0413205998796051
0.0509713645185155,0.0510545669363411,0.0447586298160371,0.0413205998796051
0.0509713645185155,0.0510545669363411,0.0447586298160371,0.0413205998796051
0.0509713645185155,0.0485987967503747,0.0447586298160371,0.0413205998796051
0.0509713645185155,0.0485987967503747,0.0447586298160371,0.0413205998796051
0.0509713645185155,0.0485987967503747,0.0447586298160371,0.0413205998796051
0.0509713645185155,0.0485987967503747,0.0447586298160371,0.0413205998796051
0.0509713645185155,0.0485987967503747,0.0447586298160371,0.0413205998796051
0.0509713645185155,0.0485987967503747,0.0447586298160371,0.0413205998796051
0.0509713645185155,0.0485987967503747,0.0447586298160371,0.0413205998796051
0.0509713645185155,0.0485987967503747,0.0447586298160371,0.0413205998796051
0.0509713645185155,0.0485987967503747,0.0447586298160371,0.0413205998796051
0.0509713645185155,0.0485987967503747,0.0447586298160371,0.0413205998796051
0.0509713645185155,0.0485987967503747,0.0447586298160371,0.0413205998796051
0.0509713645185155,0.0485987967503747,0.0447586298160371,0.0413205998796051
0.0509713645185155,0.051808429099612,0.0447586298160371,0.0420569924070457
0.0509713645185155,0.051808429099612,0.0447586298160371,0.0420569924070457
0.0509713645185155,0.051808429099612,0.0447586298160371,0.0420569924070457
0.0509713645185155,0.051808429099612,0.0447586298160371,0.0420569924070457
0.0509713645185155,0.051808429099612,0.0447586298160371,0.0420569924070457
0.0509713645185155,0.051808429099612,0.0447586298160371,0.0420569924070457
0.0509713645185155,0.051808429099612,0.0447586298160371,0.0420569924070457
0.0509713645185155,0.051808429099612,0.0447586298160371,0.0420569924070457
0.0509713645185155,0.051808429099612,0.0447586298160371,0.0420569924070457
0.0509713645185155,0.051808429099612,0.0447586298160371,0.0420569924070457
0.0509713645185155,0.051808429099612,0.0447586298160371,0.0420569924070457
0.0509713645185155,0.051808429099612,0.0447586298160371,0.0420569924070457
0.0509713645185155,0.051808429099612,0.0447586298160371,0.0420569924070457
0.0509713645185155,0.051808429099612,0.0447586298160371,0.0420569924070457
0.0509713645185155,0.051808429099612,0.0447586298160371,0.0420569924070457
0.0509713645185155,0.051808429099612,0.0447586298160371,0.0420569924070457
0.0509713645185155,0.051808429099612,0.0447586298160371,0.0420569924070457
0.0509713645185155,0.051808429099612,0.0447586298160371,0.0361420498638115
0.0509713645185155,0.0417849989150873,0.0447586298160371,0.0361420498638115
0.0509713645185155,0.0417849989150873,0.0447586298160371,0.0361420498638115
0.0509713645185155,0.0417849989150873,0.0447586298160371,0.0361420498638115
0.0509713645185155,0.0417849989150873,0.0447586298160371,0.0361420498638115
0.0509713645185155,0.0417849989150873,0.0447586298160371,0.0361420498638115
0.0509713645185155,0.0417849989150873,0.0420959287381096,0.0361420498638115
0.0509713645185155,0.0417849989150873,0.0420959287381096,0.0361420498638115
0.0509713645185155,0.0417849989150873,0.0420959287381096,0.0361420498638115
0.0509713645185155,0.0417849989150873,0.0420959287381096,0.0361420498638115
0.0509713645185155,0.0417849989150873,0.0420959287381096,0.0361420498638115
0.0509713645185155,0.0417849989150873,0.0420959287381096,0.0361420498638115
0.0509713645185155,0.0417849989150873,0.0420959287381096,0.0361420498638115
0.0509713645185155,0.0417849989150873,0.0420959287381096,0.0361420498638115
0.0509713645185155,0.0424613564940512,0.0420959287381096,0.0361420498638115
0.0509713645185155,0.0442688492597491,0.0420959287381096,0.0361420498638115
0.0509713645185155,0.0442688492597491,0.0420959287381096,0.0361420498638115
0.0509713645185155,0.0442688492597491,0.0420959287381096,0.0361420498638115
0.0509713645185155,0.0442688492597491,0.0420959287381096,0.0361420498638115
0.0509713645185155,0.0442688492597491,0.0420959287381096,0.0361420498638115
0.0509713645185155,0.0442688492597491,0.0420959287381096,0.0361420498638115
0.0509713645185155,0.0442688492597491,0.0420959287381096,0.0415021229751519
0.0509713645185155,0.0442688492597491,0.0420959287381096,0.0415021229751519
0.0509713645185155,0.0442688492597491,0.0420959287381096,0.0415021229751519
0.051666199544431,0.0442688492597491,0.0420959287381096,0.0415021229751519
0.051666199544431,0.0442688492597491,0.0420959287381096,0.0415021229751519
0.051666199544431,0.0442688492597491,0.0420959287381096,0.0415021229751519
0.051666199544431,0.0442688492597491,0.0420959287381096,0.0415021229751519
0.051666199544431,0.0442688492597491,0.0420959287381096,0.0415021229751519
0.051666199544431,0.0442688492597491,0.0420959287381096,0.0415021229751519
0.051666199544431,0.0442688492597491,0.0420959287381096,0.0415021229751519
0.051666199544431,0.0442688492597491,0.044638798191318,0.0415021229751519
0.051666199544431,0.0442688492597491,0.044638798191318,0.0415021229751519
0.051666199544431,0.0442688492597491,0.044638798191318,0.0415021229751519
0.051666199544431,0.0442688492597491,0.044638798191318,0.0415021229751519
0.051666199544431,0.0442688492597491,0.044638798191318,0.0415021229751519
0.051666199544431,0.0442688492597491,0.044638798191318,0.0415021229751519
0.051666199544431,0.0442688492597491,0.044638798191318,0.0415021229751519
0.051666199544431,0.0442688492597491,0.044638798191318,0.0415021229751519
0.051666199544431,0.0442688492597491,0.044638798191318,0.0415021229751519
0.051666199544431,0.0442688492597491,0.044638798191318,0.0415021229751519
0.051666199544431,0.0442688492597491,0.044638798191318,0.0415021229751519
0.051666199544431,0.0465185813373975,0.044638798191318,0.0415021229751519
0.051666199544431,0.0465185813373975,0.044638798191318,0.0415021229751519
0.051666199544431,0.0465185813373975,0.044638798191318,0.043724131398332
0.051666199544431,0.0465185813373975,0.044638798191318,0.043724131398332
0.051666199544431,0.0465185813373975,0.0440044541475854,0.043724131398332
0.051666199544431,0.0465185813373975,0.0440044541475854,0.043724131398332
0.051666199544431,0.0465185813373975,0.0440044541475854,0.043724131398332
0.051666199544431,0.0465185813373975,0.0440044541475854,0.043724131398332
0.051666199544431,0.0465185813373975,0.0440044541475854,0.043724131398332
0.051666199544431,0.0465185813373975,0.0440044541475854,0.043724131398332
0.051666199544431,0.0465185813373975,0.0440044541475854,0.043724131398332
0.051666199544431,0.0450062775767102,0.0440044541475854,0.043724131398332
0.051666199544431,0.0450062775767102,0.0440044541475854,0.043724131398332
0.051666199544431,0.0450062775767102,0.0440044541475854,0.043724131398332
0.051666199544431,0.0450062775767102,0.0440044541475854,0.043724131398332
0.051666199544431,0.0450062775767102,0.0440044541475854,0.043724131398332
0.051666199544431,0.0545135510435802,0.0440044541475854,0.043724131398332
0.051666199544431,0.0545135510435802,0.0440044541475854,0.043724131398332
0.051666199544431,0.0416791279931215,0.0440044541475854,0.043724131398332
0.051666199544431,0.0416791279931215,0.0440044541475854,0.043724131398332
0.051666199544431,0.0416791279931215,0.0440044541475854,0.043724131398332
0.051666199544431,0.0416791279931215,0.0440044541475854,0.043724131398332
0.051666199544431,0.0416791279931215,0.0440044541475854,0.043724131398332
0.051666199544431,0.0416791279931215,0.0440044541475854,0.043724131398332
0.051666199544431,0.0416791279931215,0.0440044541475854,0.043724131398332
0.051666199544431,0.0416791279931215,0.0440044541475854,0.043724131398332
0.051666199544431,0.0416791279931215,0.0440044541475854,0.043724131398332
0.051666199544431,0.0416791279931215,0.0440044541475854,0.043724131398332
0.051666199544431,0.0416791279931215,0.0440044541475854,0.043724131398332
0.051666199544431,0.0416791279931215,0.0421791700011216,0.043724131398332
0.051666199544431,0.0416791279931215,0.0421791700011216,0.043724131398332
0.051666199544431,0.0416791279931215,0.0421791700011216,0.043724131398332
0.051666199544431,0.0416791279931215,0.0421791700011216,0.043724131398332
0.051666199544431,0.0416791279931215,0.0421791700011216,0.043724131398332
0.051666199544431,0.0416791279931215,0.0421791700011216,0.043724131398332
0.051666199544431,0.0416791279931215,0.0421791700011216,0.043724131398332
0.051666199544431,0.0416791279931215,0.0421791700011216,0.043724131398332
0.051666199544431,0.0416791279931215,0.0421791700011216,0.043724131398332
0.051666199544431,0.0416791279931215,0.0421791700011216,0.043724131398332
0.051666199544431,0.0416791279931215,0.0421791700011216,0.043724131398332
0.051666199544431,0.0416791279931215,0.0421791700011216,0.043724131398332
0.051666199544431,0.0416791279931215,0.0421791700011216,0.043724131398332
0.051666199544431,0.0416791279931215,0.0421791700011216,0.043724131398332
0.051666199544431,0.0416791279931215,0.0421791700011216,0.043724131398332
0.051666199544431,0.0416791279931215,0.0421791700011216,0.043724131398332
0.051666199544431,0.0429887486313566,0.0421791700011216,0.043724131398332
0.051666199544431,0.0429887486313566,0.0421791700011216,0.043724131398332
0.051666199544431,0.0429887486313566,0.0421791700011216,0.043724131398332
0.051666199544431,0.0429887486313566,0.0421791700011216,0.043724131398332
0.051666199544431,0.0429887486313566,0.0421791700011216,0.043724131398332
0.051666199544431,0.0429887486313566,0.0421791700011216,0.043724131398332
0.051666199544431,0.0429887486313566,0.0421791700011216,0.044445118357058
0.051666199544431,0.048171127788335,0.0421791700011216,0.044445118357058
0.051666199544431,0.048171127788335,0.0421791700011216,0.044445118357058
0.051666199544431,0.048171127788335,0.0421791700011216,0.044445118357058
0.051666199544431,0.048171127788335,0.0421791700011216,0.044445118357058
0.051666199544431,0.0467040138617641,0.0421791700011216,0.044445118357058
0.051666199544431,0.0467040138617641,0.0421791700011216,0.044445118357058
0.051666199544431,0.0467040138617641,0.0421791700011216,0.044445118357058
0.051666199544431,0.0467040138617641,0.0421791700011216,0.044445118357058
0.051666199544431,0.0467040138617641,0.0421791700011216,0.044445118357058
0.051666199544431,0.0467040138617641,0.0421791700011216,0.044445118357058
0.051666199544431,0.0467040138617641,0.0421791700011216,0.044445118357058
0.051666199544431,0.0467040138617641,0.0421791700011216,0.044445118357058
0.051666199544431,0.0467040138617641,0.0421791700011216,0.044445118357058
0.051666199544431,0.0467040138617641,0.0421791700011216,0.044445118357058
0.051666199544431,0.0467040138617641,0.0421791700011216,0.044445118357058
0.051666199544431,0.0467040138617641,0.0421791700011216,0.044445118357058
0.051666199544431,0.0467040138617641,0.0421791700011216,0.044445118357058
0.051666199544431,0.0467040138617641,0.0421791700011216,0.044445118357058
0.051666199544431,0.0467040138617641,0.0421791700011216,0.044445118357058
0.051666199544431,0.0467040138617641,0.0421791700011216,0.044445118357058
0.051666199544431,0.0467040138617641,0.0421791700011216,0.044445118357058
0.051666199544431,0.0467040138617641,0.0421791700011216,0.044445118357058
0.051666199544431,0.0467040138617641,0.0421791700011216,0.032939956632902
0.051666199544431,0.0467040138617641,0.0421791700011216,0.032939956632902
0.051666199544431,0.0467040138617641,0.0421791700011216,0.032939956632902
0.051666199544431,0.0467040138617641,0.0421791700011216,0.032939956632902
0.051666199544431,0.0467040138617641,0.0412365524954604,0.032939956632902
0.051666199544431,0.0467040138617641,0.0412365524954604,0.032939956632902
0.051666199544431,0.0467040138617641,0.0412365524954604,0.032939956632902
0.051666199544431,0.0467040138617641,0.0412365524954604,0.032939956632902
0.051666199544431,0.0467040138617641,0.0412365524954604,0.032939956632902
0.051666199544431,0.0467040138617641,0.0412365524954604,0.032939956632902
0.051666199544431,0.0467040138617641,0.0412365524954604,0.0375909419108167
0.051666199544431,0.0467040138617641,0.0412365524954604,0.0375909419108167
0.051666199544431,0.0467040138617641,0.0412365524954604,0.0375909419108167
0.051666199544431,0.0467040138617641,0.0455462798561566,0.0375909419108167
0.051666199544431,0.0467040138617641,0.0455462798561566,0.0375909419108167
0.051666199544431,0.0467040138617641,0.0455462798561566,0.0375909419108167
0.051666199544431,0.0467040138617641,0.0455462798561566,0.0375909419108167
0.051666199544431,0.0467040138617641,0.0455462798561566,0.0375909419108167
0.051666199544431,0.0467040138617641,0.0455462798561566,0.0375909419108167
0.051666199544431,0.0467040138617641,0.0455462798561566,0.0375909419108167
0.051666199544431,0.0467040138617641,0.0455462798561566,0.0375909419108167
0.051666199544431,0.0467040138617641,0.0455462798561566,0.0372552154307711
0.051666199544431,0.0467040138617641,0.0455462798561566,0.0372552154307711
0.051666199544431,0.0467040138617641,0.0455462798561566,0.0372552154307711
0.051666199544431,0.0467040138617641,0.0455462798561566,0.0372552154307711
0.051666199544431,0.0467040138617641,0.0440593963684676,0.0372552154307711
0.051666199544431,0.0467040138617641,0.0440593963684676,0.0372552154307711
0.051666199544431,0.0467040138617641,0.0440593963684676,0.0372552154307711
0.051666199544431,0.0467040138617641,0.0440593963684676,0.0372552154307711
0.051666199544431,0.0467040138617641,0.0440593963684676,0.0372552154307711
0.051666199544431,0.0467040138617641,0.0440593963684676,0.0372552154307711
0.051666199544431,0.0467040138617641,0.0440593963684676,0.0372552154307711
0.051666199544431,0.060332353540673,0.0440593963684676,0.0372552154307711
0.051666199544431,0.060332353540673,0.0440593963684676,0.0372552154307711
0.051666199544431,0.0543885330080895,0.0440593963684676,0.0372552154307711
0.051666199544431,0.0543885330080895,0.0440593963684676,0.0425710694525515
0.051666199544431,0.0543885330080895,0.0440593963684676,0.0425710694525515
0.051666199544431,0.0543885330080895,0.0440593963684676,0.0425710694525515
0.051666199544431,0.0543885330080895,0.0440593963684676,0.0425710694525515
0.051666199544431,0.0543885330080895,0.0440593963684676,0.0425710694525515
0.051666199544431,0.0543885330080895,0.0440593963684676,0.0425710694525515
0.051666199544431,0.0543885330080895,0.0440593963684676,0.0425710694525515
0.051666199544431,0.0543885330080895,0.0440593963684676,0.0425710694525515
0.051666199544431,0.0543885330080895,0.0440593963684676,0.0425710694525515
0.051666199544431,0.0516368239026735,0.0440593963684676,0.0425710694525515
0.051666199544431,0.0516368239026735,0.0440593963684676,0.0425710694525515
0.051666199544431,0.0516368239026735,0.0440593963684676,0.0425710694525515
0.051666199544431,0.0516368239026735,0.0447848271740755,0.0425710694525515
0.051666199544431,0.0516368239026735,0.0447848271740755,0.0425710694525515
0.051666199544431,0.0516368239026735,0.0447848271740755,0.0425710694525515
0.051666199544431,0.0516368239026735,0.0447848271740755,0.0425710694525515
0.051666199544431,0.0516368239026735,0.0447848271740755,0.0425710694525515
0.051666199544431,0.0516368239026735,0.0447848271740755,0.0425710694525515
0.051666199544431,0.0516368239026735,0.0447848271740755,0.0417314336070863
0.051666199544431,0.0516368239026735,0.0430772399499226,0.0417314336070863
0.051666199544431,0.0516368239026735,0.0430772399499226,0.0417314336070863
0.051666199544431,0.0516368239026735,0.0430772399499226,0.0417314336070863
0.051666199544431,0.0516368239026735,0.0430772399499226,0.0417314336070863
0.051666199544431,0.0516368239026735,0.0430772399499226,0.0417314336070863
0.051666199544431,0.0516368239026735,0.0430772399499226,0.0417314336070863
0.051666199544431,0.0516368239026735,0.0430772399499226,0.0417314336070863
0.051666199544431,0.0516368239026735,0.0430772399499226,0.0417314336070863
0.051666199544431,0.0516368239026735,0.0430772399499226,0.0417314336070863
0.051666199544431,0.0516368239026735,0.0430772399499226,0.0417314336070863
0.051666199544431,0.0516368239026735,0.0430772399499226,0.0417314336070863
0.051666199544431,0.0516368239026735,0.0430772399499226,0.0417314336070863
0.051666199544431,0.0516368239026735,0.0430772399499226,0.0417314336070863
0.051666199544431,0.0516368239026735,0.0430772399499226,0.0417314336070863
0.051666199544431,0.0516368239026735,0.0430772399499226,0.0417314336070863
0.051666199544431,0.0516368239026735,0.0430772399499226,0.0417314336070863
0.051666199544431,0.0516368239026735,0.0430772399499226,0.0417314336070863
0.051666199544431,0.0580333274284698,0.0430772399499226,0.0417314336070863
0.051666199544431,0.0580333274284698,0.0430772399499226,0.0417314336070863
0.051666199544431,0.0580333274284698,0.0430772399499226,0.0417314336070863
0.051666199544431,0.0580333274284698,0.0430772399499226,0.0417314336070863
0.051666199544431,0.0580333274284698,0.0430772399499226,0.0417314336070863
0.051666199544431,0.0580333274284698,0.0430772399499226,0.0417314336070863
0.051666199544431,0.0580333274284698,0.0430772399499226,0.0417314336070863
0.051666199544431,0.0580333274284698,0.0430772399499226,0.0417314336070863
0.051666199544431,0.0580333274284698,0.0430772399499226,0.0417314336070863
0.051666199544431,0.0580333274284698,0.0430772399499226,0.0417314336070863
0.051666199544431,0.0580333274284698,0.0430772399499226,0.0417314336070863
0.051666199544431,0.0580333274284698,0.0430772399499226,0.0417314336070863
0.051666199544431,0.0580333274284698,0.0430772399499226,0.0417314336070863
0.051666199544431,0.0577459540426878,0.0430772399499226,0.0417314336070863
0.051666199544431,0.0577459540426878,0.0430772399499226,0.0417314336070863
0.051666199544431,0.0577459540426878,0.0430772399499226,0.0417314336070863
0.051666199544431,0.0577459540426878,0.0430772399499226,0.0417314336070863
0.051666199544431,0.0577459540426878,0.0430772399499226,0.0417314336070863
0.051666199544431,0.0577459540426878,0.0430772399499226,0.0417314336070863
0.051666199544431,0.0577459540426878,0.0430772399499226,0.0417314336070863
0.051666199544431,0.0577459540426878,0.0430772399499226,0.0417314336070863
0.051666199544431,0.0543998766996135,0.0430772399499226,0.0417314336070863
0.051666199544431,0.0543998766996135,0.0430772399499226,0.0417314336070863
0.051666199544431,0.0543998766996135,0.0430772399499226,0.0417314336070863
0.051666199544431,0.0543998766996135,0.0430772399499226,0.0417314336070863
0.051666199544431,0.0543998766996135,0.0430772399499226,0.0417314336070863
0.051666199544431,0.0543998766996135,0.0430772399499226,0.0417314336070863
0.051666199544431,0.0543998766996135,0.0430772399499226,0.0417314336070863
0.051666199544431,0.0543998766996135,0.0430772399499226,0.0417314336070863
0.051666199544431,0.0543998766996135,0.0430772399499226,0.0417314336070863
0.051666199544431,0.0543998766996135,0.0430772399499226,0.0417314336070863
0.051666199544431,0.0543998766996135,0.0430772399499226,0.0417314336070863
0.051666199544431,0.0543998766996135,0.0430772399499226,0.0417314336070863
0.051666199544431,0.0543998766996135,0.0430772399499226,0.0417314336070863
0.051666199544431,0.0543998766996135,0.0430772399499226,0.0417314336070863
0.051666199544431,0.0543998766996135,0.0430772399499226,0.0417314336070863
0.051666199544431,0.0543998766996135,0.0430772399499226,0.0417314336070863
0.051666199544431,0.0543998766996135,0.0430772399499226,0.0417314336070863
0.051666199544431,0.0543998766996135,0.0430772399499226,0.0427301716538692
0.051666199544431,0.0543998766996135,0.0430772399499226,0.0427301716538692
0.051666199544431,0.0543998766996135,0.0430772399499226,0.0427301716538692
0.051666199544431,0.0545946056678651,0.0430772399499226,0.0427301716538692
0.051666199544431,0.0545946056678651,0.0430772399499226,0.0427301716538692
0.051666199544431,0.0545946056678651,0.0430772399499226,0.0427301716538692
0.051666199544431,0.0545946056678651,0.0430772399499226,0.0427301716538692
0.051666199544431,0.0545946056678651,0.0430772399499226,0.0427301716538692
0.051666199544431,0.0545946056678651,0.0430772399499226,0.0427301716538692
0.051666199544431,0.0545946056678651,0.0430772399499226,0.0427301716538692
0.051666199544431,0.0545946056678651,0.0430772399499226,0.0427301716538692
0.051666199544431,0.0545946056678651,0.0430772399499226,0.0427301716538692
0.051666199544431,0.0545946056678651,0.0430772399499226,0.0427301716538692
0.051666199544431,0.0545946056678651,0.0430772399499226,0.0427301716538692
0.051666199544431,0.0545946056678651,0.0430772399499226,0.0427301716538692
0.051666199544431,0.0545946056678651,0.0445753949026234,0.0427301716538692
0.051666199544431,0.0545946056678651,0.0445753949026234,0.0427301716538692
0.051666199544431,0.0545946056678651,0.0445753949026234,0.0427301716538692
0.051666199544431,0.0494148204790238,0.0445753949026234,0.0420334727948382
0.051666199544431,0.0494148204790238,0.0445753949026234,0.0420334727948382
0.051666199544431,0.0494148204790238,0.0445753949026234,0.0420334727948382
0.051666199544431,0.0494148204790238,0.0445753949026234,0.0420334727948382
0.051666199544431,0.0494148204790238,0.0445753949026234,0.0420334727948382
0.051666199544431,0.0494148204790238,0.0445753949026234,0.0420334727948382
0.051666199544431,0.0494148204790238,0.0445753949026234,0.039838229024066
0.051666199544431,0.0494148204790238,0.0445753949026234,0.039838229024066
0.051666199544431,0.0494148204790238,0.0445753949026234,0.039838229024066
0.051666199544431,0.0494148204790238,0.0445753949026234,0.039838229024066
0.051666199544431,0.0494148204790238,0.0445753949026234,0.039838229024066
0.0514758125194198,0.0494148204790238,0.0445753949026234,0.039838229024066
0.0514758125194198,0.0494148204790238,0.0445753949026234,0.039838229024066
0.0514758125194198,0.0494148204790238,0.0445753949026234,0.039838229024066
0.0514758125194198,0.0494148204790238,0.0445753949026234,0.039838229024066
0.0514758125194198,0.0494148204790238,0.0445753949026234,0.039838229024066
0.0514758125194198,0.0494148204790238,0.0445753949026234,0.039838229024066
0.0514758125194198,0.0494148204790238,0.0445753949026234,0.0414098562972809
0.0514758125194198,0.0494148204790238,0.0426741896358355,0.0414098562972809
0.0514758125194198,0.0494148204790238,0.0426741896358355,0.0414098562972809
0.0514758125194198,0.0494148204790238,0.0426741896358355,0.0414098562972809
0.0514758125194198,0.0494148204790238,0.0426741896358355,0.0414098562972809
0.0514758125194198,0.0494148204790238,0.0426741896358355,0.0414098562972809
0.0514758125194198,0.0494148204790238,0.0426741896358355,0.0414098562972809
0.0514758125194198,0.0494148204790238,0.0463549121921758,0.0414098562972809
0.0514758125194198,0.0494148204790238,0.0463549121921758,0.0414098562972809
0.0514758125194198,0.0494148204790238,0.0463549121921758,0.0414098562972809
0.0514758125194198,0.0494148204790238,0.0463549121921758,0.0414098562972809
0.0514758125194198,0.0494148204790238,0.0463549121921758,0.0414098562972809
0.0514758125194198,0.0494148204790238,0.0463549121921758,0.0414098562972809
0.0514758125194198,0.0494148204790238,0.0463549121921758,0.0414098562972809
0.0514758125194198,0.0494148204790238,0.0463549121921758,0.0414098562972809
0.0514758125194198,0.0494148204790238,0.0463549121921758,0.0414098562972809
0.0514758125194198,0.0494148204790238,0.0463549121921758,0.0414098562972809
0.0514758125194198,0.0509751735180013,0.0463549121921758,0.0414098562972809
0.0514758125194198,0.0509751735180013,0.0463549121921758,0.0414098562972809
0.0514758125194198,0.0509751735180013,0.047296057620441,0.0414098562972809
0.0514758125194198,0.0509751735180013,0.047296057620441,0.0414098562972809
0.0514758125194198,0.0509751735180013,0.047296057620441,0.0414098562972809
0.0514758125194198,0.0509751735180013,0.047296057620441,0.0414098562972809
0.0514758125194198,0.0509751735180013,0.047296057620441,0.0414098562972809
0.0514758125194198,0.0509751735180013,0.047296057620441,0.0414098562972809
0.0514758125194198,0.0509751735180013,0.047296057620441,0.0414098562972809
0.0514758125194198,0.0509751735180013,0.047296057620441,0.0414098562972809
0.0514758125194198,0.0509751735180013,0.047296057620441,0.0414098562972809
0.0514758125194198,0.0509751735180013,0.047296057620441,0.0414098562972809
0.0514758125194198,0.0509751735180013,0.047296057620441,0.0414098562972809
0.0514758125194198,0.0509751735180013,0.047296057620441,0.0414098562972809
0.0514758125194198,0.0509751735180013,0.047296057620441,0.0414098562972809
0.0514758125194198,0.0509751735180013,0.047296057620441,0.0414098562972809
0.0514758125194198,0.0509751735180013,0.047296057620441,0.0414098562972809
0.0514758125194198,0.0433431166110406,0.047296057620441,0.0414098562972809
0.0514758125194198,0.0433431166110406,0.047296057620441,0.0414098562972809
0.0514758125194198,0.0433431166110406,0.047296057620441,0.0414098562972809
0.0514758125194198,0.0433431166110406,0.047296057620441,0.0414098562972809
0.0514758125194198,0.0433431166110406,0.047296057620441,0.0414098562972809
0.0514758125194198,0.0433431166110406,0.047296057620441,0.0414098562972809
0.0514758125194198,0.0433431166110406,0.0441334022130952,0.0414098562972809
0.0514758125194198,0.0433431166110406,0.0441334022130952,0.0414098562972809
0.0514758125194198,0.0433431166110406,0.0441334022130952,0.0414098562972809
0.0514758125194198,0.0433431166110406,0.0441334022130952,0.0414098562972809
0.0514758125194198,0.0433431166110406,0.0441334022130952,0.0414098562972809
0.0514758125194198,0.0433431166110406,0.0441334022130952,0.0441635147477736
0.0514758125194198,0.0433431166110406,0.0441334022130952,0.0441635147477736
0.0514758125194198,0.0433431166110406,0.0441334022130952,0.0441635147477736
0.0514758125194198,0.0433431166110406,0.0441334022130952,0.0441635147477736
0.0514758125194198,0.0433431166110406,0.0441334022130952,0.0441635147477736
0.0514758125194198,0.0433431166110406,0.0441334022130952,0.0441635147477736
0.0514758125194198,0.0433431166110406,0.0441334022130952,0.0441635147477736
0.0514758125194198,0.0433431166110406,0.0441334022130952,0.0441635147477736
0.0514758125194198,0.0433431166110406,0.0441334022130952,0.0405260307724764
0.0514758125194198,0.0433431166110406,0.0441334022130952,0.0405260307724764
0.0514758125194198,0.0433431166110406,0.0441334022130952,0.0405260307724764
0.0514758125194198,0.0457856973931297,0.0441334022130952,0.0405260307724764
0.0514758125194198,0.0457856973931297,0.0441334022130952,0.0405260307724764
0.0514758125194198,0.0457856973931297,0.0441334022130952,0.0405260307724764
0.0514758125194198,0.0457856973931297,0.0441334022130952,0.0447555088423115
0.0514758125194198,0.0457856973931297,0.0441334022130952,0.0447555088423115
0.0514758125194198,0.0457856973931297,0.0441334022130952,0.0447555088423115
0.0514758125194198,0.0457856973931297,0.0441334022130952,0.0447555088423115
0.0514758125194198,0.0457856973931297,0.0441334022130952,0.0447555088423115
0.0514758125194198,0.0457856973931297,0.0441334022130952,0.0447555088423115
0.0514758125194198,0.0457856973931297,0.0441334022130952,0.0454711050434057
0.0514758125194198,0.0457856973931297,0.0441334022130952,0.0454711050434057
0.0514758125194198,0.0457856973931297,0.0441334022130952,0.0454711050434057
0.0514758125194198,0.0457856973931297,0.0441334022130952,0.0454711050434057
0.0514758125194198,0.0457856973931297,0.0441334022130952,0.0454711050434057
0.0514758125194198,0.0457856973931297,0.0441334022130952,0.0454711050434057
0.0514758125194198,0.0457856973931297,0.0441334022130952,0.0454711050434057
0.0514758125194198,0.0457856973931297,0.0441334022130952,0.0454711050434057
0.0514758125194198,0.0457856973931297,0.0441334022130952,0.0454711050434057
0.0514758125194198,0.0457856973931297,0.0441334022130952,0.0454711050434057
0.0514758125194198,0.0457856973931297,0.0441334022130952,0.0454711050434057
0.0514758125194198,0.0457856973931297,0.0441334022130952,0.0454711050434057
0.0514758125194198,0.0457856973931297,0.0441334022130952,0.0454711050434057
0.0514758125194198,0.0457856973931297,0.0441334022130952,0.0454711050434057
0.0514758125194198,0.0457856973931297,0.0441334022130952,0.0454711050434057
0.0514758125194198,0.0457856973931297,0.0441334022130952,0.0454711050434057
0.0514758125194198,0.0457856973931297,0.0441334022130952,0.0454711050434057
0.0519564911978347,0.0457856973931297,0.0441334022130952,0.0454711050434057
0.0519611250430243,0.0457856973931297,0.0441334022130952,0.0454711050434057
0.0519611250430243,0.0457856973931297,0.0441334022130952,0.0454711050434057
0.0519611250430243,0.0457856973931297,0.0441334022130952,0.0454711050434057
0.0519611250430243,0.0457856973931297,0.0441334022130952,0.0454711050434057
0.0519611250430243,0.0457856973931297,0.0441334022130952,0.0454711050434057
0.0519611250430243,0.0457856973931297,0.0441334022130952,0.0454711050434057
0.0519611250430243,0.0457856973931297,0.0441334022130952,0.0454711050434057
0.0519611250430243,0.0446592544747365,0.0441334022130952,0.0446714418989111
0.0519611250430243,0.0446592544747365,0.0441334022130952,0.0446714418989111
0.0519611250430243,0.0446592544747365,0.0441334022130952,0.0446714418989111
0.0519611250430243,0.0446592544747365,0.0441334022130952,0.0446714418989111
0.0519611250430243,0.0446592544747365,0.0441334022130952,0.0446714418989111
0.0519611250430243,0.0446592544747365,0.0441334022130952,0.0446714418989111
0.0519611250430243,0.0446592544747365,0.0441334022130952,0.0446714418989111
0.0519611250430243,0.0446592544747365,0.0437536631469623,0.0446714418989111
0.0519611250430243,0.0446592544747365,0.0437536631469623,0.0446714418989111
0.0519611250430243,0.0446592544747365,0.0437536631469623,0.0446714418989111
0.0519611250430243,0.0446592544747365,0.0437536631469623,0.0446714418989111
0.0519611250430243,0.0446592544747365,0.0437536631469623,0.0446714418989111
0.0519611250430243,0.0446592544747365,0.0437536631469623,0.0446714418989111
0.0519611250430243,0.0446592544747365,0.0437536631469623,0.0446714418989111
0.0519611250430243,0.0446592544747365,0.0437536631469623,0.0446714418989111
0.0519611250430243,0.0446592544747365,0.0437536631469623,0.0446714418989111
0.0519611250430243,0.0446592544747365,0.0437536631469623,0.0446714418989111
0.0519611250430243,0.0446592544747365,0.0437536631469623,0.0446714418989111
0.0519611250430243,0.0446592544747365,0.0437536631469623,0.0446714418989111
0.0519611250430243,0.0446592544747365,0.0437536631469623,0.0446714418989111
0.0519611250430243,0.0446592544747365,0.0437536631469623,0.0446714418989111
0.0519611250430243,0.0446592544747365,0.0437536631469623,0.0446714418989111
0.0519611250430243,0.0446592544747365,0.0437536631469623,0.0446714418989111
0.0524854299169251,0.0446592544747365,0.0437536631469623,0.0446714418989111
0.0524854299169251,0.0446592544747365,0.0437536631469623,0.0446714418989111
0.0524854299169251,0.0446592544747365,0.0437536631469623,0.0446714418989111
0.0524854299169251,0.0446592544747365,0.0437536631469623,0.0446714418989111
0.0524854299169251,0.0446592544747365,0.0437536631469623,0.0446714418989111
0.0524854299169251,0.0446592544747365,0.0437536631469623,0.0446714418989111
0.0524854299169251,0.0446592544747365,0.0437536631469623,0.0446714418989111
0.0524854299169251,0.0446592544747365,0.0437536631469623,0.0446714418989111
0.0524854299169251,0.0446592544747365,0.0437536631469623,0.0446714418989111
0.0524854299169251,0.0446592544747365,0.0437536631469623,0.0446714418989111
0.0524854299169251,0.0446592544747365,0.0437536631469623,0.0446714418989111
0.0524854299169251,0.0446592544747365,0.0437536631469623,0.0446714418989111
0.0524854299169251,0.0446592544747365,0.0437536631469623,0.0446714418989111
0.0524854299169251,0.0446592544747365,0.0437536631469623,0.0446714418989111
0.0524854299169251,0.0446592544747365,0.0437536631469623,0.0446714418989111
0.0524854299169251,0.0446592544747365,0.0437536631469623,0.0446714418989111
0.0524854299169251,0.0446592544747365,0.0437536631469623,0.0446714418989111
0.0524854299169251,0.0446592544747365,0.0437536631469623,0.0446714418989111
0.0524854299169251,0.0446592544747365,0.0437536631469623,0.0446714418989111
0.0524854299169251,0.0446592544747365,0.0437536631469623,0.0446714418989111
0.0524854299169251,0.0446592544747365,0.0437536631469623,0.0477272130163733
0.0524854299169251,0.0446592544747365,0.0437536631469623,0.0477272130163733
0.0524854299169251,0.0446592544747365,0.0437536631469623,0.0477272130163733
0.0524854299169251,0.0446592544747365,0.0437536631469623,0.0477272130163733
0.0524854299169251,0.0446592544747365,0.0437536631469623,0.0477272130163733
0.0524854299169251,0.0446592544747365,0.0437536631469623,0.0477272130163733
0.0524854299169251,0.0446592544747365,0.0437536631469623,0.0477272130163733
0.0524854299169251,0.0446592544747365,0.0437536631469623,0.0477272130163733
0.0524854299169251,0.0446592544747365,0.0428152509695631,0.0477272130163733
0.0524854299169251,0.0446592544747365,0.0428152509695631,0.0477272130163733
0.0524854299169251,0.0446592544747365,0.0428152509695631,0.0477272130163733
0.0524854299169251,0.0446592544747365,0.0428152509695631,0.0477272130163733
0.0524854299169251,0.0446592544747365,0.0428152509695631,0.0477272130163733
0.0524854299169251,0.0446592544747365,0.0428152509695631,0.0477272130163733
0.0524854299169251,0.0446592544747365,0.0428152509695631,0.0477272130163733
0.0524854299169251,0.052405580596888,0.0428152509695631,0.0477272130163733
0.0524854299169251,0.0516332062767754,0.0428152509695631,0.0477272130163733
0.0524854299169251,0.0516332062767754,0.0428152509695631,0.0477272130163733
0.0524854299169251,0.0516332062767754,0.0428152509695631,0.0477272130163733
0.0524854299169251,0.0516332062767754,0.0428152509695631,0.0477272130163733
0.0524854299169251,0.0516332062767754,0.0428152509695631,0.0477272130163733
0.0524854299169251,0.0516332062767754,0.0428152509695631,0.0477272130163733
0.0478644239781987,0.0516332062767754,0.0428152509695631,0.0477272130163733
0.0478644239781987,0.0516332062767754,0.0428152509695631,0.0477272130163733
0.0478644239781987,0.0516332062767754,0.0428152509695631,0.0477272130163733
0.0478644239781987,0.0516332062767754,0.0428152509695631,0.0477272130163733
0.0478644239781987,0.0516332062767754,0.0428152509695631,0.0477272130163733
0.0478644239781987,0.0516332062767754,0.0428152509695631,0.0477272130163733
0.0478644239781987,0.0516332062767754,0.0413100299797413,0.0477272130163733
0.0478644239781987,0.0516332062767754,0.0413100299797413,0.0477272130163733
0.0478644239781987,0.0516332062767754,0.0413100299797413,0.0477272130163733
0.0478644239781987,0.0516332062767754,0.0413100299797413,0.0477272130163733
0.0478644239781987,0.0516332062767754,0.0413100299797413,0.0477272130163733
0.0478644239781987,0.0516332062767754,0.0413100299797413,0.0400179195633734
0.0478644239781987,0.0516332062767754,0.0413100299797413,0.0438860211759981
0.0478644239781987,0.0516332062767754,0.0413100299797413,0.0438860211759981
0.0478644239781987,0.0516332062767754,0.0413100299797413,0.0438860211759981
0.0478644239781987,0.0516332062767754,0.0413100299797413,0.0438860211759981
0.0478644239781987,0.0516332062767754,0.0413100299797413,0.0412830054931626
0.0478644239781987,0.0516332062767754,0.0413100299797413,0.0412830054931626
0.0478644239781987,0.0516332062767754,0.0413100299797413,0.0412830054931626
0.0478644239781987,0.0516332062767754,0.0413100299797413,0.0412830054931626
0.0478644239781987,0.0516332062767754,0.0413100299797413,0.0412830054931626
0.0478644239781987,0.0516332062767754,0.0413100299797413,0.0412830054931626
0.0478644239781987,0.0516332062767754,0.0413100299797413,0.0412830054931626
0.0478644239781987,0.0516332062767754,0.0413100299797413,0.0412830054931626
0.050113413329952,0.0516332062767754,0.0413100299797413,0.0412830054931626
0.050113413329952,0.0516332062767754,0.0413100299797413,0.0412830054931626
0.050113413329952,0.0516332062767754,0.0413100299797413,0.0412830054931626
0.050113413329952,0.0516332062767754,0.0413100299797413,0.0412830054931626
0.050113413329952,0.0516332062767754,0.0413100299797413,0.0412830054931626
0.050113413329952,0.0516332062767754,0.0413100299797413,0.0412830054931626
0.050113413329952,0.0516332062767754,0.0413100299797413,0.0412830054931626
0.050113413329952,0.0516332062767754,0.0413100299797413,0.0412830054931626
0.050113413329952,0.0516332062767754,0.0413100299797413,0.0412830054931626
0.050113413329952,0.0516332062767754,0.0413100299797413,0.0412830054931626
0.050113413329952,0.0516332062767754,0.0413100299797413,0.0412830054931626
0.050113413329952,0.0516332062767754,0.0413100299797413,0.0412830054931626
0.050113413329952,0.0516332062767754,0.0413100299797413,0.0412830054931626
0.050113413329952,0.0516332062767754,0.0413100299797413,0.0412830054931626
0.050113413329952,0.0516332062767754,0.0413100299797413,0.0412830054931626
0.050113413329952,0.0516332062767754,0.0413100299797413,0.0412830054931626
0.050113413329952,0.0516332062767754,0.0413100299797413,0.0412830054931626
0.050113413329952,0.0516332062767754,0.0413100299797413,0.0412830054931626
0.050113413329952,0.0516332062767754,0.0413100299797413,0.0412830054931626
0.050113413329952,0.0516332062767754,0.0413100299797413,0.0412830054931626
0.050113413329952,0.0516332062767754,0.0413100299797413,0.0412830054931626
0.050113413329952,0.0516332062767754,0.0413100299797413,0.0412830054931626
0.050113413329952,0.0516332062767754,0.0413100299797413,0.0412830054931626
0.050113413329952,0.0516332062767754,0.0413100299797413,0.0412830054931626
0.050113413329952,0.0516332062767754,0.0413100299797413,0.0412830054931626
0.050113413329952,0.0516332062767754,0.0413100299797413,0.0469435829459971
0.050113413329952,0.0556613611352473,0.0413100299797413,0.0469435829459971
0.050113413329952,0.0556613611352473,0.0389297442376242,0.0469435829459971
0.050113413329952,0.0556613611352473,0.0389297442376242,0.0469435829459971
0.050113413329952,0.0556613611352473,0.0389297442376242,0.0469435829459971
0.050113413329952,0.0556613611352473,0.0389297442376242,0.0469435829459971
0.050113413329952,0.0556613611352473,0.0389297442376242,0.0469435829459971
0.050113413329952,0.0556613611352473,0.0389297442376242,0.0469435829459971
0.050113413329952,0.0556613611352473,0.0389297442376242,0.0469435829459971
0.050113413329952,0.0556613611352473,0.0389297442376242,0.0469435829459971
0.050113413329952,0.0556613611352473,0.0389297442376242,0.0469435829459971
0.050113413329952,0.0556613611352473,0.0433231188314719,0.0469435829459971
0.050113413329952,0.0556613611352473,0.0433231188314719,0.0469435829459971
0.050113413329952,0.0556613611352473,0.0433231188314719,0.0469435829459971
0.050113413329952,0.0556613611352473,0.0433231188314719,0.0469435829459971
0.050113413329952,0.0556613611352473,0.0433231188314719,0.0469435829459971
0.050113413329952,0.0556613611352473,0.0433231188314719,0.0469435829459971
0.050113413329952,0.0556613611352473,0.0433231188314719,0.0469435829459971
0.050113413329952,0.0556613611352473,0.0419812820137287,0.0469435829459971
0.050113413329952,0.0556613611352473,0.0419812820137287,0.0469435829459971
0.050113413329952,0.0556613611352473,0.0419812820137287,0.0469435829459971
0.050113413329952,0.0556613611352473,0.0419812820137287,0.0448617005750973
0.050113413329952,0.0556613611352473,0.0419812820137287,0.0448617005750973
0.050113413329952,0.0556613611352473,0.0419812820137287,0.0448617005750973
0.050113413329952,0.0556613611352473,0.0419812820137287,0.0448617005750973
0.050113413329952,0.0556613611352473,0.0419812820137287,0.0448617005750973
0.050113413329952,0.0556613611352473,0.0419812820137287,0.0448617005750973
0.050113413329952,0.0556613611352473,0.0419812820137287,0.0448617005750973
0.050113413329952,0.0556613611352473,0.0419812820137287,0.0448617005750973
0.050113413329952,0.0556613611352473,0.0419812820137287,0.0448617005750973
0.050113413329952,0.0556613611352473,0.0419812820137287,0.0448617005750973
0.050113413329952,0.0556613611352473,0.0419812820137287,0.0448617005750973
0.050113413329952,0.0556613611352473,0.0419812820137287,0.0448617005750973
0.050113413329952,0.0556613611352473,0.0419812820137287,0.0451338552508906
0.050113413329952,0.0553736633074043,0.0419812820137287,0.0451338552508906
0.050113413329952,0.0553736633074043,0.0419812820137287,0.0451338552508906
0.050113413329952,0.0553736633074043,0.0419812820137287,0.0451338552508906
0.050113413329952,0.0553736633074043,0.0419812820137287,0.0451338552508906
0.050113413329952,0.0553736633074043,0.0419812820137287,0.0451338552508906
0.050113413329952,0.0553736633074043,0.0412932940964698,0.0451338552508906
0.050113413329952,0.0553736633074043,0.0412932940964698,0.0451338552508906
0.050113413329952,0.0553736633074043,0.0412932940964698,0.0451338552508906
0.050113413329952,0.0553736633074043,0.0412932940964698,0.0451338552508906
0.050113413329952,0.0541131619955718,0.0412932940964698,0.0451338552508906
0.050113413329952,0.0541131619955718,0.0412932940964698,0.0451338552508906
0.054963318352445,0.0541131619955718,0.0412932940964698,0.0451338552508906
0.054963318352445,0.0541131619955718,0.0412932940964698,0.0451338552508906
0.054963318352445,0.0541131619955718,0.0412932940964698,0.0451338552508906
0.054963318352445,0.0541131619955718,0.0412932940964698,0.0451338552508906
0.054963318352445,0.0541131619955718,0.0412932940964698,0.0451338552508906
0.054963318352445,0.0541131619955718,0.0412932940964698,0.0451338552508906
0.054963318352445,0.0541131619955718,0.0412932940964698,0.0451338552508906
0.054963318352445,0.053191909987024,0.0412932940964698,0.0451338552508906
0.0549141087158913,0.053191909987024,0.0412932940964698,0.0451338552508906
0.0549141087158913,0.053191909987024,0.0412932940964698,0.0451338552508906
0.0549141087158913,0.053191909987024,0.0412932940964698,0.0451338552508906
0.0549141087158913,0.053191909987024,0.0412932940964698,0.0451338552508906
0.0549141087158913,0.053191909987024,0.0412932940964698,0.0451338552508906
0.051494510128735,0.053191909987024,0.0412932940964698,0.0451338552508906
0.051494510128735,0.0613282862936577,0.0412932940964698,0.0451338552508906
0.051494510128735,0.0613282862936577,0.0412932940964698,0.0451338552508906
0.051494510128735,0.0613282862936577,0.0412932940964698,0.0451338552508906
0.051494510128735,0.0642092993137859,0.0412932940964698,0.0451338552508906
0.051494510128735,0.0642092993137859,0.0412932940964698,0.0451338552508906
0.051494510128735,0.0642092993137859,0.0412932940964698,0.0451338552508906
0.051494510128735,0.0642092993137859,0.0412932940964698,0.0451338552508906
0.051494510128735,0.0642092993137859,0.0412932940964698,0.0451338552508906
0.051494510128735,0.0642092993137859,0.0412932940964698,0.0406635566840533
0.051494510128735,0.0642092993137859,0.0412932940964698,0.0406635566840533
0.051494510128735,0.0642092993137859,0.0412932940964698,0.0406635566840533
0.051494510128735,0.0642092993137859,0.0412932940964698,0.0406635566840533
0.051494510128735,0.0642092993137859,0.0412932940964698,0.0406635566840533
0.051494510128735,0.0642092993137859,0.0412932940964698,0.0406635566840533
0.051494510128735,0.0642092993137859,0.0412932940964698,0.0406635566840533
0.051494510128735,0.0642092993137859,0.0412932940964698,0.0406635566840533
0.051494510128735,0.0642092993137859,0.0412932940964698,0.0406635566840533
0.051494510128735,0.0642092993137859,0.0412932940964698,0.0406635566840533
0.051494510128735,0.0642092993137859,0.0412932940964698,0.0406635566840533
0.051494510128735,0.0642092993137859,0.0412932940964698,0.0406635566840533
0.051494510128735,0.0642092993137859,0.0412932940964698,0.0406635566840533
0.051494510128735,0.0642092993137859,0.0412932940964698,0.0406635566840533
0.051494510128735,0.0642092993137859,0.0412932940964698,0.0406635566840533
0.051494510128735,0.0642092993137859,0.0412932940964698,0.0406635566840533
0.051494510128735,0.0642092993137859,0.0412932940964698,0.0406635566840533
0.051494510128735,0.0642092993137859,0.0412932940964698,0.0406635566840533
0.051494510128735,0.0642092993137859,0.0412932940964698,0.0406635566840533
0.051494510128735,0.0642092993137859,0.0412932940964698,0.0406635566840533
0.051494510128735,0.0642092993137859,0.0412932940964698,0.0406635566840533
0.051494510128735,0.0642092993137859,0.0412932940964698,0.0406635566840533
0.051494510128735,0.0642092993137859,0.0412932940964698,0.0406635566840533
0.051494510128735,0.0642092993137859,0.0412932940964698,0.0406635566840533
0.051494510128735,0.0642092993137859,0.0412932940964698,0.0406635566840533
0.051494510128735,0.0642092993137859,0.0412932940964698,0.0406635566840533
0.051494510128735,0.0642092993137859,0.0412932940964698,0.0406635566840533
0.051494510128735,0.0642092993137859,0.0412932940964698,0.0406635566840533
0.051494510128735,0.0642092993137859,0.0412932940964698,0.0406635566840533
0.051494510128735,0.0642092993137859,0.0412932940964698,0.0406635566840533
0.051494510128735,0.0642092993137859,0.0412932940964698,0.0406635566840533
0.051494510128735,0.0642092993137859,0.0412932940964698,0.0406635566840533
0.051494510128735,0.0642092993137859,0.0412932940964698,0.0406635566840533
0.051494510128735,0.0642092993137859,0.0412932940964698,0.0406635566840533
0.051494510128735,0.0642092993137859,0.0412932940964698,0.0406635566840533
0.051494510128735,0.0642092993137859,0.0412932940964698,0.0406635566840533
0.051494510128735,0.0642092993137859,0.0412932940964698,0.0473810518919505
0.051494510128735,0.0642092993137859,0.0412932940964698,0.0473810518919505
0.0502200051966542,0.0642092993137859,0.0412932940964698,0.0473810518919505
0.0502200051966542,0.0642092993137859,0.0412932940964698,0.0473810518919505
0.0502200051966542,0.0642092993137859,0.0412932940964698,0.0473810518919505
0.0502200051966542,0.0642092993137859,0.0412932940964698,0.0473810518919505
0.0502200051966542,0.0642092993137859,0.0412932940964698,0.0473810518919505
0.0502200051966542,0.0642092993137859,0.0412932940964698,0.0473810518919505
0.0502200051966542,0.0642092993137859,0.0443039208260466,0.0473810518919505
0.0502200051966542,0.0642092993137859,0.0443039208260466,0.0473810518919505
0.0502200051966542,0.0642092993137859,0.0443039208260466,0.0473810518919505
0.0502200051966542,0.0636422296224416,0.0443039208260466,0.0473810518919505
0.0502200051966542,0.0636422296224416,0.0443039208260466,0.0473810518919505
0.0502200051966542,0.0636422296224416,0.0443039208260466,0.0473810518919505
0.0502200051966542,0.0636422296224416,0.0443039208260466,0.0473810518919505
0.0502200051966542,0.0636422296224416,0.0443039208260466,0.0473810518919505
0.0502200051966542,0.0636422296224416,0.0443039208260466,0.0473810518919505
0.0502200051966542,0.0555402718189621,0.0443039208260466,0.0473810518919505
0.0502200051966542,0.0555402718189621,0.0443039208260466,0.0473810518919505
0.0502200051966542,0.0555402718189621,0.0443039208260466,0.0473810518919505
0.0502200051966542,0.0555402718189621,0.0443039208260466,0.0473810518919505
0.0502200051966542,0.0586092386267114,0.0443039208260466,0.0473810518919505
0.0502200051966542,0.0586092386267114,0.0443039208260466,0.0473810518919505
0.0502200051966542,0.0586092386267114,0.0443039208260466,0.0473810518919505
0.0502200051966542,0.0586092386267114,0.0443039208260466,0.0473810518919505
0.0502200051966542,0.0586092386267114,0.0443039208260466,0.0473810518919505
0.0502200051966542,0.0586092386267114,0.0443039208260466,0.0473810518919505
0.0502200051966542,0.0586092386267114,0.0443039208260466,0.0473810518919505
0.0502200051966542,0.0586092386267114,0.0443039208260466,0.0473810518919505
0.0502200051966542,0.0586092386267114,0.0443039208260466,0.0473810518919505
0.0502200051966542,0.0586092386267114,0.0443039208260466,0.0424523993216386
0.0502200051966542,0.0586092386267114,0.0443039208260466,0.0424523993216386
0.0502200051966542,0.0586092386267114,0.0443039208260466,0.0424523993216386
0.0502200051966542,0.0586092386267114,0.0497483029169848,0.0424523993216386
0.0502200051966542,0.0586092386267114,0.0497483029169848,0.0424523993216386
0.0502200051966542,0.0586092386267114,0.0497483029169848,0.0424523993216386
0.0502200051966542,0.0586092386267114,0.0497483029169848,0.0424523993216386
0.0502200051966542,0.0586092386267114,0.0497483029169848,0.0424523993216386
0.0502200051966542,0.0586092386267114,0.0497483029169848,0.0424523993216386
0.0502200051966542,0.0586092386267114,0.0497483029169848,0.0424523993216386
0.0502200051966542,0.0586092386267114,0.0497483029169848,0.0424523993216386
0.0502200051966542,0.0586092386267114,0.0497483029169848,0.0424523993216386
0.0502200051966542,0.0586092386267114,0.0497483029169848,0.0424523993216386
0.0502200051966542,0.0586092386267114,0.0497483029169848,0.0424523993216386
0.0542027012322156,0.0586092386267114,0.0497483029169848,0.0424523993216386
0.0542027012322156,0.0586092386267114,0.0497483029169848,0.039736801935409
0.0542027012322156,0.0586092386267114,0.0497483029169848,0.039736801935409
0.0542027012322156,0.0586092386267114,0.0497483029169848,0.039736801935409
0.0542027012322156,0.0520372501951339,0.0497483029169848,0.0456473252406508
0.0542027012322156,0.0520372501951339,0.0497483029169848,0.0456473252406508
0.0542027012322156,0.0520372501951339,0.0497483029169848,0.0456473252406508
0.0542027012322156,0.0520372501951339,0.0497483029169848,0.0456473252406508
0.0542027012322156,0.0520372501951339,0.0497483029169848,0.0456473252406508
0.0542027012322156,0.0520372501951339,0.0497483029169848,0.0456473252406508
0.0542027012322156,0.0520372501951339,0.0497483029169848,0.0456473252406508
0.0542027012322156,0.0520372501951339,0.0497483029169848,0.0456473252406508
0.0542027012322156,0.0520372501951339,0.0497483029169848,0.0456473252406508
0.0542027012322156,0.0520372501951339,0.0432052300385737,0.0489418049985594
0.0542027012322156,0.0520372501951339,0.0432052300385737,0.0489418049985594
0.0542027012322156,0.0520372501951339,0.0432052300385737,0.0479177697748076
0.0542027012322156,0.0520372501951339,0.0432052300385737,0.0479177697748076
0.0542027012322156,0.0520372501951339,0.0432052300385737,0.0479177697748076
0.0542027012322156,0.0520372501951339,0.0432052300385737,0.0479177697748076
0.0542027012322156,0.0520372501951339,0.0432052300385737,0.0479177697748076
0.0542027012322156,0.0520372501951339,0.0432052300385737,0.0479177697748076
0.0542027012322156,0.0520372501951339,0.0432052300385737,0.0479177697748076
0.0542027012322156,0.0520372501951339,0.0432052300385737,0.0479177697748076
0.0542027012322156,0.0520372501951339,0.0432052300385737,0.0479177697748076
0.0542027012322156,0.0520372501951339,0.0432052300385737,0.0479177697748076
0.0542027012322156,0.0520372501951339,0.0432052300385737,0.0479177697748076
0.0542027012322156,0.0520372501951339,0.0413066229210349,0.0479177697748076
0.0542027012322156,0.0520372501951339,0.0413066229210349,0.0431169377467397
0.0542027012322156,0.0520372501951339,0.0413066229210349,0.0431169377467397
0.0542027012322156,0.0520372501951339,0.0413066229210349,0.0431169377467397
0.0542027012322156,0.0520372501951339,0.0413066229210349,0.0431169377467397
0.0542027012322156,0.0520372501951339,0.0413066229210349,0.0431169377467397
0.0542027012322156,0.0520372501951339,0.0413066229210349,0.0431169377467397
0.0542027012322156,0.0520372501951339,0.0413066229210349,0.0431169377467397
0.0542027012322156,0.0520372501951339,0.0413066229210349,0.0431169377467397
0.0542027012322156,0.0520372501951339,0.0413066229210349,0.0431169377467397
0.0542027012322156,0.0520372501951339,0.047628846026327,0.0431169377467397
0.0542027012322156,0.0520372501951339,0.047628846026327,0.0431169377467397
0.0542027012322156,0.0520372501951339,0.047628846026327,0.0431169377467397
0.0542027012322156,0.0520372501951339,0.047628846026327,0.0431169377467397
0.0542027012322156,0.0520372501951339,0.047628846026327,0.0431169377467397
0.0542027012322156,0.0520372501951339,0.047628846026327,0.0431169377467397
0.0542027012322156,0.0520372501951339,0.047628846026327,0.0431169377467397
0.0542027012322156,0.0520372501951339,0.047628846026327,0.0431169377467397
0.0542027012322156,0.0520372501951339,0.047628846026327,0.0431169377467397
0.0542027012322156,0.0520372501951339,0.047628846026327,0.0431169377467397
0.0542027012322156,0.0520372501951339,0.047628846026327,0.0431169377467397
0.0542027012322156,0.0520372501951339,0.047628846026327,0.0517583103472262
0.0542027012322156,0.0520372501951339,0.047628846026327,0.0517583103472262
0.0542027012322156,0.0520372501951339,0.047628846026327,0.0517583103472262
0.0542027012322156,0.0520372501951339,0.047628846026327,0.0517583103472262
0.0542027012322156,0.0520372501951339,0.047628846026327,0.0517583103472262
0.0542027012322156,0.0520372501951339,0.047628846026327,0.0517583103472262
0.0542027012322156,0.0520372501951339,0.047628846026327,0.0528950830066682
0.0542027012322156,0.0520372501951339,0.047628846026327,0.0528950830066682
0.0542027012322156,0.0520372501951339,0.047628846026327,0.0528950830066682
0.0542027012322156,0.0520372501951339,0.0455880585242307,0.0528950830066682
0.0542027012322156,0.0520372501951339,0.0455880585242307,0.0528950830066682
0.0542027012322156,0.0520372501951339,0.0455880585242307,0.0528950830066682
0.0542027012322156,0.0520372501951339,0.0455880585242307,0.0528950830066682
0.0542027012322156,0.0520372501951339,0.0455880585242307,0.0528950830066682
0.0542027012322156,0.0520372501951339,0.0456308664581055,0.0528950830066682
0.0542027012322156,0.0520372501951339,0.0456308664581055,0.0528950830066682
0.0542027012322156,0.0520372501951339,0.0456308664581055,0.0530964994909135
0.0542027012322156,0.0520372501951339,0.0456308664581055,0.0530964994909135
0.0542027012322156,0.0520372501951339,0.0456308664581055,0.0530964994909135
0.0542027012322156,0.0520372501951339,0.0456308664581055,0.0530964994909135
0.0542027012322156,0.0520372501951339,0.0456308664581055,0.0530964994909135
0.0542027012322156,0.0520372501951339,0.0456308664581055,0.0530964994909135
0.0542027012322156,0.0520372501951339,0.0456308664581055,0.0530964994909135
0.0542027012322156,0.0520372501951339,0.0456308664581055,0.0530964994909135
0.0542027012322156,0.0520372501951339,0.0456308664581055,0.0530964994909135
0.0542027012322156,0.0520372501951339,0.0456308664581055,0.0530964994909135
0.055801860934184,0.0520372501951339,0.0456308664581055,0.0530964994909135
0.055801860934184,0.0520372501951339,0.0456308664581055,0.0530964994909135
0.055801860934184,0.0520372501951339,0.0456308664581055,0.0530964994909135
0.055801860934184,0.0520372501951339,0.0456308664581055,0.0530964994909135
0.055801860934184,0.0491832320131447,0.0456308664581055,0.0530964994909135
0.055801860934184,0.0491832320131447,0.0456308664581055,0.0530964994909135
0.055801860934184,0.0491832320131447,0.0456308664581055,0.0530964994909135
0.055801860934184,0.0491832320131447,0.0456308664581055,0.0530964994909135
0.055801860934184,0.0491832320131447,0.0456308664581055,0.0530964994909135
0.055801860934184,0.0608114571126338,0.0456308664581055,0.0530964994909135
0.055801860934184,0.0608114571126338,0.0456308664581055,0.0530964994909135
0.055801860934184,0.0608114571126338,0.0456308664581055,0.0530964994909135
0.055801860934184,0.0608114571126338,0.0456308664581055,0.0530964994909135
0.055801860934184,0.0608114571126338,0.0456308664581055,0.0530964994909135
0.055801860934184,0.0608114571126338,0.0456308664581055,0.0530964994909135
0.055801860934184,0.042887535832385,0.0456308664581055,0.0530964994909135
0.055801860934184,0.042887535832385,0.0456308664581055,0.0530964994909135
0.055801860934184,0.042887535832385,0.0456308664581055,0.0530964994909135
0.055801860934184,0.042887535832385,0.0456308664581055,0.0530964994909135
0.055801860934184,0.042887535832385,0.0456308664581055,0.0530964994909135
0.055801860934184,0.042887535832385,0.0456308664581055,0.0530964994909135
0.055801860934184,0.042887535832385,0.0456308664581055,0.0530964994909135
0.055801860934184,0.0490153802964611,0.0456308664581055,0.0530964994909135
0.055801860934184,0.0490153802964611,0.0456308664581055,0.0530964994909135
0.055801860934184,0.0490153802964611,0.0456308664581055,0.0530964994909135
0.055801860934184,0.0490153802964611,0.0456308664581055,0.0530964994909135
0.055801860934184,0.0490153802964611,0.0456308664581055,0.0530964994909135
0.055801860934184,0.0490153802964611,0.0456308664581055,0.0530964994909135
0.055801860934184,0.0490153802964611,0.0456308664581055,0.0530964994909135
0.055801860934184,0.0441546813939657,0.0456308664581055,0.0530964994909135
0.055801860934184,0.0441546813939657,0.0456308664581055,0.0530964994909135
0.055801860934184,0.0441546813939657,0.0456308664581055,0.0530964994909135
0.055801860934184,0.0441546813939657,0.0456308664581055,0.0530964994909135
0.055801860934184,0.0441546813939657,0.0456308664581055,0.0530964994909135
0.055801860934184,0.0441546813939657,0.0456308664581055,0.0530964994909135
0.055801860934184,0.0441546813939657,0.0456308664581055,0.0530964994909135
0.055801860934184,0.0441546813939657,0.0456308664581055,0.0530964994909135
0.055801860934184,0.0441546813939657,0.0456308664581055,0.0530964994909135
0.055801860934184,0.0441546813939657,0.0456308664581055,0.0530964994909135
0.055801860934184,0.0441546813939657,0.0456308664581055,0.0530964994909135
0.055801860934184,0.0441546813939657,0.0456308664581055,0.0530964994909135
0.055801860934184,0.0441546813939657,0.0456308664581055,0.0530964994909135
0.055801860934184,0.0441546813939657,0.0456308664581055,0.0530964994909135
0.055801860934184,0.0441546813939657,0.0456308664581055,0.0530964994909135
0.055801860934184,0.0441546813939657,0.0456308664581055,0.0441162877675463
0.055801860934184,0.0441546813939657,0.0456308664581055,0.0441162877675463
0.055801860934184,0.0441546813939657,0.0456308664581055,0.0441162877675463
0.055801860934184,0.0441546813939657,0.0456308664581055,0.0441162877675463
0.055801860934184,0.0441546813939657,0.0456308664581055,0.0441162877675463
0.055801860934184,0.0441546813939657,0.0456308664581055,0.0479025511499477
0.055801860934184,0.0441546813939657,0.0456308664581055,0.0479025511499477
0.055801860934184,0.0441546813939657,0.041369411309922,0.0479025511499477
0.055801860934184,0.0426492752346837,0.041369411309922,0.0479025511499477
0.055801860934184,0.0426492752346837,0.0423987723171884,0.0479025511499477
0.055801860934184,0.0426492752346837,0.0423987723171884,0.0479025511499477
0.055801860934184,0.0426492752346837,0.0423987723171884,0.0479025511499477
0.055801860934184,0.0426492752346837,0.0423987723171884,0.0479025511499477
0.055801860934184,0.0426492752346837,0.0423987723171884,0.0479025511499477
0.055801860934184,0.0426492752346837,0.0423987723171884,0.0479025511499477
0.055801860934184,0.0426492752346837,0.0423987723171884,0.0479025511499477
0.055801860934184,0.0426492752346837,0.0423987723171884,0.0479025511499477
0.055801860934184,0.0426492752346837,0.0423987723171884,0.0479025511499477
0.055801860934184,0.0426492752346837,0.0423987723171884,0.0479025511499477
0.055801860934184,0.0426492752346837,0.0423987723171884,0.0479025511499477
0.055801860934184,0.0426492752346837,0.0423987723171884,0.0479025511499477
0.055801860934184,0.0426492752346837,0.0423987723171884,0.0479025511499477
0.055801860934184,0.0426492752346837,0.0423987723171884,0.0479025511499477
0.055801860934184,0.0426492752346837,0.0423987723171884,0.0479025511499477
0.055801860934184,0.0426492752346837,0.0423987723171884,0.0479025511499477
0.055801860934184,0.0426492752346837,0.0423987723171884,0.0479025511499477
0.055801860934184,0.0426492752346837,0.0423987723171884,0.0479025511499477
0.055801860934184,0.0426492752346837,0.0423987723171884,0.0479025511499477
0.055801860934184,0.0426492752346837,0.0423987723171884,0.0479025511499477
0.055801860934184,0.0426492752346837,0.0423987723171884,0.0479025511499477
0.055801860934184,0.0426492752346837,0.0423987723171884,0.0479025511499477
0.055801860934184,0.0423792501373161,0.0423987723171884,0.0479025511499477
0.055801860934184,0.0423792501373161,0.0423987723171884,0.0479025511499477
0.055801860934184,0.0423792501373161,0.0423987723171884,0.0479025511499477
0.055801860934184,0.0423792501373161,0.0423987723171884,0.0479025511499477
0.055801860934184,0.0423792501373161,0.0423987723171884,0.0479025511499477
0.055801860934184,0.0423792501373161,0.0423987723171884,0.0479025511499477
0.055801860934184,0.0419883341930912,0.0423987723171884,0.0479025511499477
0.055801860934184,0.0419883341930912,0.0423987723171884,0.0479025511499477
0.055801860934184,0.0419883341930912,0.0423987723171884,0.0479025511499477
0.055801860934184,0.0419883341930912,0.0423987723171884,0.0479025511499477
0.055801860934184,0.0419883341930912,0.0423987723171884,0.0479025511499477
0.055801860934184,0.0419883341930912,0.0423987723171884,0.0479025511499477
0.055801860934184,0.0419883341930912,0.0423987723171884,0.0479025511499477
0.055801860934184,0.0419883341930912,0.0423987723171884,0.0479025511499477
0.055801860934184,0.0419883341930912,0.0423987723171884,0.0497482433588829
0.055801860934184,0.0419883341930912,0.0423987723171884,0.0497482433588829
0.055801860934184,0.0419883341930912,0.0423987723171884,0.0497482433588829
0.055801860934184,0.0419883341930912,0.0423987723171884,0.0497482433588829
0.055801860934184,0.0419883341930912,0.0423987723171884,0.0497482433588829
0.055801860934184,0.0419883341930912,0.0423987723171884,0.0497482433588829
0.055801860934184,0.0419883341930912,0.0423987723171884,0.0497482433588829
0.055801860934184,0.0419883341930912,0.0423987723171884,0.0497482433588829
0.055801860934184,0.0419883341930912,0.0423987723171884,0.0497482433588829
0.055801860934184,0.0482696174861862,0.0423987723171884,0.0497482433588829
0.055801860934184,0.0482696174861862,0.0423987723171884,0.0497482433588829
0.055801860934184,0.0482696174861862,0.0423987723171884,0.0497482433588829
0.055801860934184,0.0482696174861862,0.0423987723171884,0.0497482433588829
0.055801860934184,0.0482696174861862,0.0423987723171884,0.0497482433588829
0.055801860934184,0.0424890362847861,0.0423987723171884,0.0497482433588829
0.055801860934184,0.0424890362847861,0.0423987723171884,0.0497482433588829
0.055801860934184,0.0424890362847861,0.0423987723171884,0.0497482433588829
0.055801860934184,0.0424890362847861,0.0423987723171884,0.0497482433588829
0.055801860934184,0.0462321742447702,0.0423987723171884,0.0497482433588829
0.055801860934184,0.0462321742447702,0.0435529604891924,0.0497482433588829
0.055801860934184,0.0462321742447702,0.0435529604891924,0.0497482433588829
0.055801860934184,0.0462321742447702,0.0435529604891924,0.0497482433588829
0.055801860934184,0.0462321742447702,0.0435529604891924,0.0497482433588829
0.055801860934184,0.0462321742447702,0.0435529604891924,0.0474084130693409
0.055801860934184,0.0462321742447702,0.0435529604891924,0.0474084130693409
0.055801860934184,0.0462321742447702,0.0435529604891924,0.0474084130693409
0.055801860934184,0.0526427368232378,0.0435529604891924,0.0474084130693409
0.055801860934184,0.0526427368232378,0.0435529604891924,0.0474084130693409
0.055801860934184,0.0526427368232378,0.0435529604891924,0.0474084130693409
0.055801860934184,0.0526427368232378,0.0435529604891924,0.0474084130693409
0.055801860934184,0.0526427368232378,0.0435529604891924,0.0474084130693409
0.055801860934184,0.0526427368232378,0.0435529604891924,0.0474084130693409
0.055801860934184,0.0526427368232378,0.0435529604891924,0.0474084130693409
0.055801860934184,0.0526427368232378,0.0435529604891924,0.0474084130693409
0.055801860934184,0.0526427368232378,0.0435529604891924,0.0496012516497843
0.055801860934184,0.042728122129206,0.0435529604891924,0.0496012516497843
0.055801860934184,0.042728122129206,0.0435529604891924,0.0496012516497843
0.055801860934184,0.042728122129206,0.0435529604891924,0.0496012516497843
0.055801860934184,0.042728122129206,0.0435529604891924,0.0496012516497843
0.055801860934184,0.042728122129206,0.0435529604891924,0.0496012516497843
0.055801860934184,0.042728122129206,0.0435529604891924,0.0496012516497843
0.055801860934184,0.042728122129206,0.0435529604891924,0.0496012516497843
0.055801860934184,0.042728122129206,0.0435529604891924,0.0496012516497843
0.055801860934184,0.042728122129206,0.0435529604891924,0.0496012516497843
0.055801860934184,0.042728122129206,0.0435529604891924,0.0496012516497843
0.055801860934184,0.042728122129206,0.0435529604891924,0.0496012516497843
0.055801860934184,0.042728122129206,0.0435529604891924,0.0496012516497843
0.055801860934184,0.042728122129206,0.0435529604891924,0.0510132069477724
0.055801860934184,0.042728122129206,0.0435529604891924,0.0510132069477724
0.055801860934184,0.042728122129206,0.0435529604891924,0.0510132069477724
0.055801860934184,0.0464107616049553,0.0435529604891924,0.0510132069477724
0.055801860934184,0.0464107616049553,0.0435529604891924,0.0510132069477724
0.055801860934184,0.0464107616049553,0.0435529604891924,0.0510132069477724
0.055801860934184,0.0464107616049553,0.0435529604891924,0.0510132069477724
0.055801860934184,0.0464107616049553,0.0518086137822354,0.0510132069477724
0.055801860934184,0.0464107616049553,0.0518086137822354,0.0510132069477724
0.055801860934184,0.0464107616049553,0.0437676386116018,0.0510132069477724
0.055801860934184,0.0464107616049553,0.0437676386116018,0.0510132069477724
0.055801860934184,0.0464107616049553,0.0437676386116018,0.0510132069477724
0.055801860934184,0.0464107616049553,0.0437676386116018,0.0510132069477724
0.055801860934184,0.0464107616049553,0.0437676386116018,0.0510132069477724
0.055801860934184,0.0464107616049553,0.0437676386116018,0.0510132069477724
0.055801860934184,0.0464107616049553,0.0437676386116018,0.0510132069477724
0.055801860934184,0.0464107616049553,0.0502658201996733,0.0510132069477724
0.055801860934184,0.0464107616049553,0.0502658201996733,0.0510132069477724
0.055801860934184,0.0464107616049553,0.0502658201996733,0.0510132069477724
0.055801860934184,0.0464107616049553,0.0502658201996733,0.0510132069477724
0.055801860934184,0.0464107616049553,0.0502658201996733,0.0510132069477724
0.055801860934184,0.0464107616049553,0.0502658201996733,0.0510132069477724
0.055801860934184,0.0464107616049553,0.0502658201996733,0.0510132069477724
0.055801860934184,0.0464107616049553,0.0502658201996733,0.0510132069477724
0.055801860934184,0.0464107616049553,0.0502658201996733,0.0510132069477724
0.055801860934184,0.0464107616049553,0.0502658201996733,0.0510132069477724
0.055801860934184,0.0464107616049553,0.0502658201996733,0.0510132069477724
0.055801860934184,0.0464107616049553,0.0502658201996733,0.0510132069477724
0.055801860934184,0.0464107616049553,0.0502658201996733,0.0510132069477724
0.055801860934184,0.0464107616049553,0.0502658201996733,0.0510132069477724
0.055801860934184,0.0464107616049553,0.0502658201996733,0.0510132069477724
0.055801860934184,0.0464107616049553,0.0502658201996733,0.0510132069477724
0.055801860934184,0.0464107616049553,0.0502658201996733,0.0510132069477724
0.055801860934184,0.0349101269013072,0.0502658201996733,0.0510132069477724
0.055801860934184,0.0349101269013072,0.0502658201996733,0.0510132069477724
0.055801860934184,0.0349101269013072,0.0502658201996733,0.0510132069477724
0.055801860934184,0.0349101269013072,0.0502658201996733,0.0510132069477724
0.055801860934184,0.0349101269013072,0.0502658201996733,0.0510132069477724
0.055801860934184,0.0349101269013072,0.0502658201996733,0.0509782588349837
0.055801860934184,0.0349101269013072,0.0502658201996733,0.0509782588349837
0.055801860934184,0.0349101269013072,0.0502658201996733,0.0509782588349837
0.055801860934184,0.0349101269013072,0.0502658201996733,0.0509782588349837
0.055801860934184,0.0349101269013072,0.0502658201996733,0.0509782588349837
0.055801860934184,0.0349101269013072,0.0502658201996733,0.0509782588349837
0.055801860934184,0.0349101269013072,0.0502658201996733,0.0509782588349837
0.055801860934184,0.0467463379423432,0.0502658201996733,0.0509782588349837
0.055801860934184,0.0467463379423432,0.0502658201996733,0.0509782588349837
0.055801860934184,0.0467463379423432,0.0502658201996733,0.0509782588349837
0.055801860934184,0.0467463379423432,0.0502658201996733,0.0509782588349837
0.055801860934184,0.0467463379423432,0.0502658201996733,0.0509782588349837
0.055801860934184,0.0452384555078805,0.0502658201996733,0.0509782588349837
0.055801860934184,0.0452384555078805,0.0502658201996733,0.0509782588349837
0.055801860934184,0.0452384555078805,0.0502658201996733,0.0509782588349837
0.055801860934184,0.0452384555078805,0.0502658201996733,0.0509782588349837
0.055801860934184,0.0452384555078805,0.0502658201996733,0.0509782588349837
0.055801860934184,0.0452384555078805,0.0502658201996733,0.0509782588349837
0.055801860934184,0.0452384555078805,0.0502658201996733,0.0509782588349837
0.055801860934184,0.0452384555078805,0.0502658201996733,0.0509782588349837
0.055801860934184,0.0452384555078805,0.0502658201996733,0.0509782588349837
0.055801860934184,0.0452384555078805,0.0502658201996733,0.0509782588349837
0.055801860934184,0.0452384555078805,0.0502658201996733,0.0509782588349837
0.055801860934184,0.0452384555078805,0.0502658201996733,0.0509782588349837
0.055801860934184,0.0452384555078805,0.0502658201996733,0.0521129365996622
0.055801860934184,0.0452384555078805,0.0502658201996733,0.0521129365996622
0.055801860934184,0.0452384555078805,0.0502658201996733,0.0521129365996622
0.055801860934184,0.0452384555078805,0.0502658201996733,0.0521129365996622
0.055801860934184,0.0452384555078805,0.0502658201996733,0.0521129365996622
0.055801860934184,0.0452384555078805,0.0502658201996733,0.0521129365996622
0.055801860934184,0.0452384555078805,0.0502658201996733,0.0521129365996622
0.055801860934184,0.0452384555078805,0.0502658201996733,0.0521129365996622
0.055801860934184,0.0452384555078805,0.0502658201996733,0.0521129365996622
0.055801860934184,0.0452384555078805,0.0502658201996733,0.0521129365996622
0.055801860934184,0.0452384555078805,0.0502658201996733,0.0521129365996622
0.055801860934184,0.0452384555078805,0.0502658201996733,0.0521129365996622
0.055801860934184,0.0452384555078805,0.0502658201996733,0.0521129365996622
0.055597089897307,0.0452384555078805,0.0502658201996733,0.0521129365996622
0.055597089897307,0.0452384555078805,0.0502658201996733,0.0521129365996622
0.055597089897307,0.0452384555078805,0.0502658201996733,0.0521129365996622
0.055597089897307,0.0452384555078805,0.0502658201996733,0.0498299781380532
0.055597089897307,0.0452384555078805,0.0502658201996733,0.0498299781380532
0.055597089897307,0.0425217761121166,0.0502658201996733,0.0498299781380532
0.055597089897307,0.0425217761121166,0.0502658201996733,0.0498299781380532
0.055597089897307,0.0425217761121166,0.0502658201996733,0.0498299781380532
0.055597089897307,0.0425217761121166,0.0502658201996733,0.0498299781380532
0.055597089897307,0.0425217761121166,0.0502658201996733,0.0498299781380532
0.055597089897307,0.0425217761121166,0.0502658201996733,0.0498299781380532
0.055597089897307,0.0425217761121166,0.0502658201996733,0.0498299781380532
0.055597089897307,0.0425217761121166,0.0502658201996733,0.0498299781380532
0.055597089897307,0.0425217761121166,0.0502658201996733,0.0498299781380532
0.055597089897307,0.0548335943109977,0.0502658201996733,0.0498299781380532
0.055597089897307,0.0548335943109977,0.0502658201996733,0.0498299781380532
0.055597089897307,0.0548335943109977,0.0502658201996733,0.0498299781380532
0.055597089897307,0.0548335943109977,0.0502658201996733,0.0498299781380532
0.055597089897307,0.0548335943109977,0.0502658201996733,0.0498299781380532
0.055597089897307,0.0548335943109977,0.0502658201996733,0.0498299781380532
0.055597089897307,0.0548335943109977,0.0502658201996733,0.0498299781380532
0.055597089897307,0.0548335943109977,0.0502658201996733,0.0498299781380532
0.055597089897307,0.0548335943109977,0.0502658201996733,0.0498299781380532
0.055597089897307,0.0548335943109977,0.0502658201996733,0.0498299781380532
0.055597089897307,0.0548335943109977,0.0502658201996733,0.0498299781380532
0.055597089897307,0.0548335943109977,0.0502658201996733,0.0498299781380532
0.055597089897307,0.0548335943109977,0.0502658201996733,0.0498299781380532
0.055597089897307,0.0548335943109977,0.0502658201996733,0.0498299781380532
0.055597089897307,0.0548335943109977,0.0502658201996733,0.0498299781380532
0.055597089897307,0.0548335943109977,0.0502658201996733,0.0498299781380532
0.055597089897307,0.0548335943109977,0.0502658201996733,0.0498299781380532
0.055597089897307,0.0548335943109977,0.0502658201996733,0.0498299781380532
0.055597089897307,0.0548335943109977,0.0502658201996733,0.0498299781380532
0.055597089897307,0.0495548134695118,0.0502658201996733,0.0498299781380532
0.055597089897307,0.0495548134695118,0.0502658201996733,0.0498299781380532
0.055597089897307,0.0495548134695118,0.0502658201996733,0.0498299781380532
0.055597089897307,0.0495548134695118,0.0502658201996733,0.0498299781380532
0.055597089897307,0.0495548134695118,0.0502658201996733,0.0498299781380532
0.055597089897307,0.0495548134695118,0.0502658201996733,0.0498299781380532
0.055597089897307,0.0495548134695118,0.0502658201996733,0.0498299781380532
0.055597089897307,0.0495548134695118,0.0502658201996733,0.0498299781380532
0.055597089897307,0.0495548134695118,0.0502658201996733,0.0498299781380532
0.055597089897307,0.0495548134695118,0.0502658201996733,0.0498299781380532
0.055597089897307,0.0495548134695118,0.0502658201996733,0.0498299781380532
0.055597089897307,0.0495548134695118,0.0502658201996733,0.0498299781380532
0.055597089897307,0.0495548134695118,0.0502658201996733,0.0498299781380532
0.055597089897307,0.0495548134695118,0.0502658201996733,0.0498299781380532
0.055597089897307,0.0525470912234048,0.0502658201996733,0.0498299781380532
0.055597089897307,0.0525470912234048,0.0502658201996733,0.0498299781380532
0.055597089897307,0.0525470912234048,0.0502658201996733,0.0498299781380532
0.055597089897307,0.0525470912234048,0.0502658201996733,0.0505129259086063
0.055597089897307,0.0525470912234048,0.0502658201996733,0.0505129259086063
0.055597089897307,0.0525470912234048,0.0502658201996733,0.0505129259086063
0.055597089897307,0.0493383202259226,0.0502658201996733,0.0505129259086063
0.055597089897307,0.0493383202259226,0.0502658201996733,0.0505129259086063
0.055597089897307,0.0493383202259226,0.0502658201996733,0.0505129259086063
0.055597089897307,0.0493383202259226,0.0502658201996733,0.0505129259086063
0.055597089897307,0.0493383202259226,0.0502658201996733,0.0505129259086063
0.055597089897307,0.0493383202259226,0.0502658201996733,0.0505129259086063
0.055597089897307,0.0493383202259226,0.0502658201996733,0.0505129259086063
0.055597089897307,0.0493383202259226,0.0502658201996733,0.0505129259086063
0.055597089897307,0.0493383202259226,0.0502658201996733,0.0505129259086063
0.0572051918315163,0.0493383202259226,0.0502658201996733,0.0505129259086063
0.0572051918315163,0.0493383202259226,0.0502658201996733,0.0505129259086063
0.0572051918315163,0.0493383202259226,0.0502658201996733,0.0505129259086063
0.0572051918315163,0.0493383202259226,0.0502658201996733,0.0505129259086063
0.0572051918315163,0.0493383202259226,0.0502658201996733,0.0505129259086063
0.0581656167281493,0.0493383202259226,0.0502658201996733,0.0505129259086063
0.0581656167281493,0.0493383202259226,0.0502658201996733,0.0505129259086063
0.0581656167281493,0.0493383202259226,0.0502658201996733,0.0505129259086063
0.0581656167281493,0.0493383202259226,0.0502658201996733,0.0464269061550974
0.0581656167281493,0.0493383202259226,0.0502658201996733,0.0464269061550974
0.0581656167281493,0.0521413860206485,0.0502658201996733,0.0464269061550974
0.0581656167281493,0.0521413860206485,0.0502658201996733,0.0464269061550974
0.0581656167281493,0.0521413860206485,0.0502658201996733,0.0464269061550974
0.0581656167281493,0.0521413860206485,0.0502658201996733,0.0464269061550974
0.0581656167281493,0.0521413860206485,0.0502658201996733,0.0464269061550974
0.0581656167281493,0.0521413860206485,0.0502658201996733,0.0464269061550974
0.0581656167281493,0.0521413860206485,0.0502658201996733,0.0464269061550974
0.0581656167281493,0.0521413860206485,0.0502658201996733,0.0464269061550974
0.0581656167281493,0.0521413860206485,0.0502658201996733,0.0464269061550974
0.0581656167281493,0.0521413860206485,0.0502658201996733,0.0464269061550974
0.0581656167281493,0.0521413860206485,0.0502658201996733,0.0464269061550974
0.0581656167281493,0.0521413860206485,0.0502658201996733,0.0464269061550974
0.0581656167281493,0.0521413860206485,0.0502658201996733,0.0464269061550974
0.0581656167281493,0.0521413860206485,0.0502658201996733,0.0539322001538423
0.0581656167281493,0.0521413860206485,0.0502658201996733,0.0539322001538423
0.0581656167281493,0.0521413860206485,0.0502658201996733,0.0539322001538423
0.0581656167281493,0.0521413860206485,0.0502658201996733,0.0539322001538423
0.0581656167281493,0.0521413860206485,0.0502658201996733,0.0539322001538423
0.0581656167281493,0.0521413860206485,0.0502658201996733,0.048263316953805
0.0581656167281493,0.0521413860206485,0.0502658201996733,0.048263316953805
0.0581656167281493,0.0521413860206485,0.0502658201996733,0.0422105070662971
0.0581656167281493,0.0521413860206485,0.0502658201996733,0.0422105070662971
0.0581656167281493,0.0521413860206485,0.0502658201996733,0.0422105070662971
0.0581656167281493,0.0521413860206485,0.0502658201996733,0.0422105070662971
0.0581656167281493,0.0521413860206485,0.0502658201996733,0.0422105070662971
0.0581656167281493,0.0521413860206485,0.0502658201996733,0.0422105070662971
0.0581656167281493,0.0521413860206485,0.0502658201996733,0.0391813695669339
0.0581656167281493,0.0521413860206485,0.0502658201996733,0.0391813695669339
0.0581656167281493,0.0521413860206485,0.0502658201996733,0.0391813695669339
0.0581656167281493,0.0521413860206485,0.0502658201996733,0.0391813695669339
0.0581656167281493,0.0521413860206485,0.0502658201996733,0.0391813695669339
0.0581656167281493,0.0521413860206485,0.0502658201996733,0.0391813695669339
0.0581656167281493,0.0521413860206485,0.0502658201996733,0.0391813695669339
0.0581656167281493,0.0521413860206485,0.0502658201996733,0.0391813695669339
0.0581656167281493,0.0521413860206485,0.0502658201996733,0.0391813695669339
0.0581656167281493,0.0521413860206485,0.0502658201996733,0.0391813695669339
0.0581656167281493,0.0521413860206485,0.0521391577913962,0.0391813695669339
0.0581656167281493,0.0521413860206485,0.0521391577913962,0.0391813695669339
0.0581656167281493,0.0521413860206485,0.0521391577913962,0.0391813695669339
0.0581656167281493,0.0521413860206485,0.0521391577913962,0.0391813695669339
0.0581656167281493,0.048819071926534,0.0521391577913962,0.0391813695669339
0.0581656167281493,0.048819071926534,0.0521391577913962,0.0391813695669339
0.0581656167281493,0.048819071926534,0.0521391577913962,0.0391813695669339
0.0581656167281493,0.048819071926534,0.0514789956319832,0.0391813695669339
0.0581656167281493,0.048819071926534,0.0514789956319832,0.0391813695669339
0.0581656167281493,0.0431930422647643,0.0514789956319832,0.0391813695669339
0.0581656167281493,0.0431930422647643,0.0514789956319832,0.0391813695669339
0.0581656167281493,0.0431930422647643,0.0514789956319832,0.0391813695669339
0.0581656167281493,0.0431930422647643,0.0514789956319832,0.0391813695669339
0.0581656167281493,0.0431930422647643,0.0514789956319832,0.0354198712604872
0.0581656167281493,0.0431930422647643,0.0514789956319832,0.0354198712604872
0.0581656167281493,0.0431930422647643,0.0514789956319832,0.0354198712604872
0.0581656167281493,0.0431930422647643,0.0514789956319832,0.0354198712604872
0.0581656167281493,0.0431930422647643,0.0514789956319832,0.0354198712604872
0.0581656167281493,0.0431930422647643,0.0514789956319832,0.0354198712604872
0.0581656167281493,0.0431930422647643,0.0514789956319832,0.0354198712604872
0.0581656167281493,0.0431930422647643,0.0514789956319832,0.0354198712604872
0.0581656167281493,0.0431930422647643,0.0514789956319832,0.0354198712604872
0.0581656167281493,0.0431930422647643,0.0514789956319832,0.0354198712604872
0.0581656167281493,0.0431930422647643,0.0514789956319832,0.0354198712604872
0.0581656167281493,0.0431930422647643,0.0514789956319832,0.0354198712604872
0.0581656167281493,0.0431930422647643,0.0514789956319832,0.044345046636382
0.0581656167281493,0.0431930422647643,0.0514789956319832,0.044345046636382
0.0581656167281493,0.0431930422647643,0.0514789956319832,0.044345046636382
0.0581656167281493,0.0431930422647643,0.0514789956319832,0.044345046636382
0.0581656167281493,0.0431930422647643,0.0514789956319832,0.044345046636382
0.062456877517406,0.0491279984050401,0.0514789956319832,0.044345046636382
0.062456877517406,0.0491279984050401,0.0514789956319832,0.044345046636382
0.062456877517406,0.0491279984050401,0.0514789956319832,0.044345046636382
0.062456877517406,0.0491279984050401,0.0514789956319832,0.044345046636382
0.062456877517406,0.0491279984050401,0.0514789956319832,0.044345046636382
0.062456877517406,0.0491279984050401,0.0514789956319832,0.044345046636382
0.062456877517406,0.0491279984050401,0.0514789956319832,0.044345046636382
0.062456877517406,0.0491279984050401,0.0514789956319832,0.044345046636382
0.062456877517406,0.0491279984050401,0.0514789956319832,0.044345046636382
0.062456877517406,0.0491279984050401,0.0514789956319832,0.044345046636382
0.062456877517406,0.0491279984050401,0.0514789956319832,0.044345046636382
0.062456877517406,0.0491279984050401,0.0514789956319832,0.044345046636382
0.062456877517406,0.0491279984050401,0.0514789956319832,0.044345046636382
0.062456877517406,0.0491279984050401,0.0514789956319832,0.044345046636382
0.062456877517406,0.0491279984050401,0.0514789956319832,0.044345046636382
0.062456877517406,0.0491279984050401,0.0514789956319832,0.044345046636382
0.062456877517406,0.0491279984050401,0.0514789956319832,0.044345046636382
0.062456877517406,0.0491279984050401,0.0514789956319832,0.044345046636382
0.062456877517406,0.0491279984050401,0.0514789956319832,0.044345046636382
0.062456877517406,0.0491279984050401,0.0514789956319832,0.044345046636382
0.062456877517406,0.0491279984050401,0.0514789956319832,0.044345046636382
0.062456877517406,0.0491279984050401,0.0514789956319832,0.044345046636382
0.062456877517406,0.0491279984050401,0.0514789956319832,0.044345046636382
0.062456877517406,0.0493254047335952,0.0514789956319832,0.044345046636382
0.062456877517406,0.0493254047335952,0.0514789956319832,0.044345046636382
0.062456877517406,0.0493254047335952,0.0514789956319832,0.044345046636382
0.062456877517406,0.0493254047335952,0.0514789956319832,0.044345046636382
0.062456877517406,0.0493254047335952,0.0514789956319832,0.044345046636382
0.062456877517406,0.0493254047335952,0.0514789956319832,0.044345046636382
0.062456877517406,0.0493254047335952,0.0514789956319832,0.044345046636382
0.062456877517406,0.0493254047335952,0.0514789956319832,0.044345046636382
0.062456877517406,0.0493254047335952,0.0514789956319832,0.044345046636382
0.062456877517406,0.0493254047335952,0.0514789956319832,0.044345046636382
0.062456877517406,0.0493254047335952,0.0514789956319832,0.044345046636382
0.062456877517406,0.0493254047335952,0.0514789956319832,0.044345046636382
0.062456877517406,0.0493254047335952,0.0514789956319832,0.044345046636382
0.062456877517406,0.0493254047335952,0.0514789956319832,0.044345046636382
0.062456877517406,0.0493254047335952,0.0514789956319832,0.044345046636382
0.062456877517406,0.0493254047335952,0.0514789956319832,0.044345046636382
0.062456877517406,0.0493254047335952,0.0514789956319832,0.044345046636382
0.062456877517406,0.0493254047335952,0.0514789956319832,0.044345046636382
0.062456877517406,0.0493254047335952,0.0514789956319832,0.044345046636382
0.062456877517406,0.0493254047335952,0.0514789956319832,0.044345046636382
0.062456877517406,0.0493254047335952,0.0514789956319832,0.044345046636382
0.062456877517406,0.0493254047335952,0.052757616387754,0.044345046636382
0.062456877517406,0.0493254047335952,0.052757616387754,0.044345046636382
0.062456877517406,0.0493254047335952,0.052757616387754,0.044345046636382
0.062456877517406,0.0493254047335952,0.052757616387754,0.044345046636382
0.062456877517406,0.0493254047335952,0.052757616387754,0.044345046636382
0.062456877517406,0.0493254047335952,0.052757616387754,0.0396648296795373
0.062456877517406,0.0493254047335952,0.052757616387754,0.0432526062258823
0.062456877517406,0.0493254047335952,0.052757616387754,0.0432526062258823
0.062456877517406,0.0493254047335952,0.052757616387754,0.0388698130158651
0.062456877517406,0.0493254047335952,0.052757616387754,0.0388698130158651
0.062456877517406,0.0493254047335952,0.052757616387754,0.0388698130158651
0.062456877517406,0.0493254047335952,0.052757616387754,0.0388698130158651
0.062456877517406,0.0493254047335952,0.052757616387754,0.0388698130158651
0.062456877517406,0.0493254047335952,0.052757616387754,0.0388698130158651
0.062456877517406,0.0493254047335952,0.052757616387754,0.0388698130158651
0.062456877517406,0.0493254047335952,0.052757616387754,0.0388698130158651
0.062456877517406,0.0479199662793238,0.052757616387754,0.0388698130158651
0.062456877517406,0.0479199662793238,0.052757616387754,0.0388698130158651
0.062456877517406,0.0479199662793238,0.052757616387754,0.0388698130158651
0.062456877517406,0.0479199662793238,0.052757616387754,0.0388698130158651
0.062456877517406,0.0479199662793238,0.052757616387754,0.0388698130158651
0.062456877517406,0.0479199662793238,0.052757616387754,0.0388698130158651
0.062456877517406,0.0479199662793238,0.052757616387754,0.0388698130158651
0.062456877517406,0.0479199662793238,0.052757616387754,0.0388698130158651
0.062456877517406,0.0479199662793238,0.052757616387754,0.0388698130158651
0.062456877517406,0.0479199662793238,0.052757616387754,0.0388698130158651
0.062456877517406,0.0479199662793238,0.052757616387754,0.0388698130158651
0.062456877517406,0.0479199662793238,0.052757616387754,0.0388698130158651
0.062456877517406,0.0479199662793238,0.052757616387754,0.0470998447662948
0.062456877517406,0.0479199662793238,0.052757616387754,0.03833047420909
0.062456877517406,0.0479199662793238,0.052757616387754,0.03833047420909
0.062456877517406,0.0479199662793238,0.052757616387754,0.03833047420909
0.062456877517406,0.0479199662793238,0.052757616387754,0.03833047420909
0.062456877517406,0.0479199662793238,0.052757616387754,0.03833047420909
0.062456877517406,0.0479199662793238,0.052757616387754,0.03833047420909
0.062456877517406,0.0479199662793238,0.052757616387754,0.03833047420909
0.062456877517406,0.0479199662793238,0.052757616387754,0.03833047420909
0.062456877517406,0.0479199662793238,0.052757616387754,0.03833047420909
0.062456877517406,0.0479199662793238,0.052757616387754,0.03833047420909
0.062456877517406,0.0479199662793238,0.052757616387754,0.03833047420909
0.062456877517406,0.0479199662793238,0.052757616387754,0.03833047420909
0.062456877517406,0.0479199662793238,0.052757616387754,0.03833047420909
0.062456877517406,0.0479199662793238,0.052757616387754,0.03833047420909
0.062456877517406,0.0479199662793238,0.052757616387754,0.03833047420909
0.062456877517406,0.0479199662793238,0.052757616387754,0.03833047420909
0.062456877517406,0.0479199662793238,0.052757616387754,0.03833047420909
0.062456877517406,0.0479199662793238,0.052757616387754,0.03833047420909
0.062456877517406,0.0479199662793238,0.052757616387754,0.03833047420909
0.062456877517406,0.0479199662793238,0.052757616387754,0.03833047420909
0.062456877517406,0.0479199662793238,0.052757616387754,0.03833047420909
0.062456877517406,0.0479199662793238,0.052757616387754,0.03833047420909
0.062456877517406,0.0479199662793238,0.052757616387754,0.03833047420909
0.062456877517406,0.0479199662793238,0.052757616387754,0.03833047420909
0.062456877517406,0.0479199662793238,0.052757616387754,0.0413254875123469
0.062456877517406,0.0479199662793238,0.052757616387754,0.0413254875123469
0.062456877517406,0.0479199662793238,0.052757616387754,0.040297596830445
0.062456877517406,0.0479199662793238,0.052757616387754,0.040297596830445
0.062456877517406,0.0479199662793238,0.052757616387754,0.040297596830445
0.062456877517406,0.0479199662793238,0.052757616387754,0.040297596830445
0.062456877517406,0.0479199662793238,0.052757616387754,0.040297596830445
0.062456877517406,0.0479199662793238,0.052757616387754,0.040297596830445
0.062456877517406,0.0479199662793238,0.052757616387754,0.040297596830445
0.062456877517406,0.0479199662793238,0.052757616387754,0.040297596830445
0.062456877517406,0.0479199662793238,0.052757616387754,0.040297596830445
0.062456877517406,0.0479199662793238,0.052757616387754,0.040297596830445
0.062456877517406,0.0479199662793238,0.052757616387754,0.040297596830445
0.062456877517406,0.0479199662793238,0.052757616387754,0.040297596830445
0.062456877517406,0.0479199662793238,0.052757616387754,0.040297596830445
0.062456877517406,0.0479199662793238,0.052757616387754,0.040297596830445
0.062456877517406,0.0479199662793238,0.052757616387754,0.040297596830445
0.062456877517406,0.0503206819852055,0.052757616387754,0.040297596830445
0.062456877517406,0.0503206819852055,0.052757616387754,0.040297596830445
0.062456877517406,0.0503206819852055,0.052757616387754,0.040297596830445
0.062456877517406,0.0503206819852055,0.052757616387754,0.040297596830445
0.062456877517406,0.0503206819852055,0.052757616387754,0.040297596830445
0.062456877517406,0.0503206819852055,0.052757616387754,0.040297596830445
0.062456877517406,0.0503206819852055,0.052757616387754,0.040297596830445
0.0603549643412442,0.0503206819852055,0.052757616387754,0.040297596830445
0.0603549643412442,0.0503206819852055,0.052757616387754,0.040297596830445
0.0603549643412442,0.0503206819852055,0.052757616387754,0.040297596830445
0.0603549643412442,0.0503206819852055,0.052757616387754,0.040297596830445
0.0603549643412442,0.0503206819852055,0.052757616387754,0.040297596830445
0.0603549643412442,0.0503206819852055,0.052757616387754,0.040297596830445
0.0603549643412442,0.0503206819852055,0.052757616387754,0.040297596830445
0.0603549643412442,0.0503206819852055,0.052757616387754,0.040297596830445
0.0603549643412442,0.0503206819852055,0.052757616387754,0.040297596830445
0.0603549643412442,0.0503206819852055,0.052757616387754,0.040297596830445
0.0603549643412442,0.0503206819852055,0.052757616387754,0.040297596830445
0.0603549643412442,0.0503206819852055,0.052757616387754,0.040297596830445
0.0603549643412442,0.0503206819852055,0.052757616387754,0.040297596830445
0.0603549643412442,0.0503206819852055,0.052757616387754,0.040297596830445
0.0603549643412442,0.0503206819852055,0.052757616387754,0.040297596830445
0.0603549643412442,0.0503206819852055,0.052757616387754,0.0414628723811543
0.0603549643412442,0.0503206819852055,0.052757616387754,0.0414628723811543
0.0603549643412442,0.0503206819852055,0.052757616387754,0.0414628723811543
0.0603549643412442,0.0503206819852055,0.0530012724029619,0.0414628723811543
0.0603549643412442,0.0503206819852055,0.0530012724029619,0.0414628723811543
0.0603549643412442,0.0503206819852055,0.0530012724029619,0.0430314577247971
0.0603549643412442,0.0503206819852055,0.0530012724029619,0.0430314577247971
0.0603549643412442,0.0503206819852055,0.0530012724029619,0.0430314577247971
0.0603549643412442,0.0503206819852055,0.0530012724029619,0.0430314577247971
0.0603549643412442,0.0503206819852055,0.0530012724029619,0.0430314577247971
0.0603549643412442,0.0503206819852055,0.0530012724029619,0.0430314577247971
0.0603549643412442,0.0503206819852055,0.0530012724029619,0.0430314577247971
0.0603549643412442,0.0503206819852055,0.0530012724029619,0.0430314577247971
0.0603549643412442,0.0503206819852055,0.0530012724029619,0.0430314577247971
0.0603549643412442,0.0503206819852055,0.0530012724029619,0.0430314577247971
0.0603549643412442,0.0503206819852055,0.0530012724029619,0.0430314577247971
0.0603549643412442,0.0503206819852055,0.0530012724029619,0.0430314577247971
0.0603549643412442,0.0503206819852055,0.0530012724029619,0.0430314577247971
0.0603549643412442,0.0503206819852055,0.0530012724029619,0.0430314577247971
0.0603549643412442,0.0503206819852055,0.0530012724029619,0.0430314577247971
0.0603549643412442,0.0503206819852055,0.0530012724029619,0.0430314577247971
0.0603549643412442,0.0503206819852055,0.0530012724029619,0.0430314577247971
0.0603549643412442,0.0503206819852055,0.0530012724029619,0.0430314577247971
0.0603549643412442,0.0503206819852055,0.0530012724029619,0.0430314577247971
0.0603549643412442,0.0503206819852055,0.0530012724029619,0.0430314577247971
0.0603549643412442,0.0503206819852055,0.0530012724029619,0.0430314577247971
0.0603549643412442,0.0503206819852055,0.0530012724029619,0.0430314577247971
0.0603549643412442,0.0503206819852055,0.0530012724029619,0.0430314577247971
0.0603549643412442,0.0503206819852055,0.0530012724029619,0.0430314577247971
0.0582139339679106,0.0503206819852055,0.0530012724029619,0.0430314577247971
0.0582139339679106,0.0498316831391902,0.0530012724029619,0.0430314577247971
0.0582139339679106,0.0498316831391902,0.0530012724029619,0.0430314577247971
0.0582139339679106,0.0498316831391902,0.0530012724029619,0.0430314577247971
0.0582139339679106,0.0553005150309543,0.0530012724029619,0.0430314577247971
0.0582139339679106,0.0553005150309543,0.0530012724029619,0.0430314577247971
0.0582139339679106,0.0553005150309543,0.0530012724029619,0.0426264244182975
0.0582139339679106,0.0553005150309543,0.0530012724029619,0.0426264244182975
0.0582139339679106,0.0553005150309543,0.0530012724029619,0.0426264244182975
0.0582139339679106,0.0553005150309543,0.0530012724029619,0.0426264244182975
0.0582139339679106,0.0553005150309543,0.0530012724029619,0.0426264244182975
0.0582139339679106,0.0553005150309543,0.0530012724029619,0.0426264244182975
0.0582139339679106,0.0553005150309543,0.0530012724029619,0.038482165729608
0.0582139339679106,0.0553005150309543,0.0530012724029619,0.038482165729608
0.0582139339679106,0.0553005150309543,0.0530012724029619,0.038482165729608
0.0601868340198532,0.0553005150309543,0.0530012724029619,0.038482165729608
0.0601868340198532,0.0553005150309543,0.0530012724029619,0.038482165729608
0.0601868340198532,0.0553005150309543,0.0530012724029619,0.038482165729608
0.0601868340198532,0.0553005150309543,0.0530012724029619,0.038482165729608
0.0601868340198532,0.0553005150309543,0.0530012724029619,0.038482165729608
0.0601868340198532,0.0553005150309543,0.0530012724029619,0.038482165729608
0.0601868340198532,0.0553005150309543,0.0530012724029619,0.038482165729608
0.0601868340198532,0.052114034240962,0.0530012724029619,0.038482165729608
0.0601868340198532,0.052114034240962,0.0530012724029619,0.038482165729608
0.0601868340198532,0.052114034240962,0.0530012724029619,0.038482165729608
0.0601868340198532,0.052114034240962,0.0530012724029619,0.038482165729608
0.0601868340198532,0.052114034240962,0.0530012724029619,0.038482165729608
0.0601868340198532,0.052114034240962,0.0530012724029619,0.038482165729608
0.0601868340198532,0.052114034240962,0.0530012724029619,0.038482165729608
0.0601868340198532,0.052114034240962,0.0530012724029619,0.038482165729608
0.0601868340198532,0.052114034240962,0.0530012724029619,0.038482165729608
0.0601868340198532,0.052114034240962,0.0530012724029619,0.038482165729608
0.0601868340198532,0.052114034240962,0.0530012724029619,0.038482165729608
0.0601868340198532,0.052114034240962,0.0530012724029619,0.038482165729608
0.0601868340198532,0.052114034240962,0.0530012724029619,0.038482165729608
0.0601868340198532,0.052114034240962,0.0530012724029619,0.038482165729608
0.0601868340198532,0.052114034240962,0.0530012724029619,0.038482165729608
0.0601868340198532,0.052114034240962,0.0530012724029619,0.038482165729608
0.0601868340198532,0.052114034240962,0.0530012724029619,0.038482165729608
0.0601868340198532,0.052114034240962,0.0530012724029619,0.038482165729608
0.0601868340198532,0.052114034240962,0.0530012724029619,0.038482165729608
0.0601868340198532,0.052114034240962,0.0530012724029619,0.038482165729608
0.0601868340198532,0.052114034240962,0.0530012724029619,0.038482165729608
0.0601868340198532,0.052114034240962,0.0530012724029619,0.038482165729608
0.0601868340198532,0.052114034240962,0.0530012724029619,0.038482165729608
0.0601868340198532,0.052114034240962,0.0530012724029619,0.038482165729608
0.0601868340198532,0.052114034240962,0.0530012724029619,0.038482165729608
0.0601868340198532,0.052114034240962,0.0530012724029619,0.038482165729608
0.0601868340198532,0.052114034240962,0.0530012724029619,0.038482165729608
0.0601868340198532,0.052114034240962,0.0530012724029619,0.038482165729608
0.0601868340198532,0.052114034240962,0.0530012724029619,0.038482165729608
0.0601868340198532,0.052114034240962,0.0530012724029619,0.038482165729608
0.0601868340198532,0.052114034240962,0.0530012724029619,0.038482165729608
0.0601868340198532,0.052114034240962,0.0530012724029619,0.038482165729608
0.0601868340198532,0.052114034240962,0.0530012724029619,0.038482165729608
0.0601868340198532,0.052114034240962,0.0530012724029619,0.0498810408939582
0.0601868340198532,0.052114034240962,0.0530012724029619,0.0510233804198057
0.0601868340198532,0.052114034240962,0.0530012724029619,0.0510233804198057
0.0601868340198532,0.052114034240962,0.0530012724029619,0.0510233804198057
0.0601868340198532,0.052114034240962,0.0530012724029619,0.0510233804198057
0.0601868340198532,0.052114034240962,0.0530012724029619,0.0510233804198057
0.0601868340198532,0.052114034240962,0.0530012724029619,0.0510233804198057
0.0601868340198532,0.052114034240962,0.0530012724029619,0.0510233804198057
0.0601868340198532,0.052114034240962,0.0530012724029619,0.0510233804198057
0.0601868340198532,0.052114034240962,0.0530012724029619,0.0510233804198057
0.0601868340198532,0.052114034240962,0.0530012724029619,0.0510233804198057
0.0601868340198532,0.055416999981995,0.0530012724029619,0.0510233804198057
0.0601868340198532,0.055416999981995,0.0530012724029619,0.0510233804198057
0.0601868340198532,0.055416999981995,0.0530012724029619,0.0510233804198057
0.0601868340198532,0.055416999981995,0.0530012724029619,0.0510233804198057
0.0601868340198532,0.054244657750188,0.0530012724029619,0.0510233804198057
0.0601868340198532,0.054244657750188,0.0530012724029619,0.0510233804198057
0.0601868340198532,0.054244657750188,0.0530012724029619,0.0510233804198057
0.0601868340198532,0.054244657750188,0.0530012724029619,0.0510233804198057
0.0601868340198532,0.054244657750188,0.0530012724029619,0.0510233804198057
0.0601868340198532,0.054244657750188,0.0530012724029619,0.0510233804198057
0.0601868340198532,0.054244657750188,0.0530012724029619,0.0510233804198057
0.0601868340198532,0.054244657750188,0.0530012724029619,0.0510233804198057
0.0601868340198532,0.054244657750188,0.0530012724029619,0.0510233804198057
0.0601868340198532,0.054244657750188,0.0530012724029619,0.0510233804198057
0.0601868340198532,0.054244657750188,0.0530012724029619,0.0510233804198057
0.0601868340198532,0.054244657750188,0.0530012724029619,0.0510233804198057
0.0620180849920474,0.054244657750188,0.0530012724029619,0.0510233804198057
0.0620180849920474,0.054244657750188,0.0530012724029619,0.0510233804198057
0.0620180849920474,0.054244657750188,0.0530012724029619,0.0510233804198057
0.0620180849920474,0.054244657750188,0.0530012724029619,0.0510233804198057
0.0620180849920474,0.054244657750188,0.0530012724029619,0.0510233804198057
0.0620180849920474,0.054244657750188,0.0530012724029619,0.0510233804198057
0.0620180849920474,0.054244657750188,0.0530012724029619,0.0510233804198057
0.0620180849920474,0.054244657750188,0.0530012724029619,0.0510233804198057
0.0620180849920474,0.054244657750188,0.0530012724029619,0.0510233804198057
0.0620180849920474,0.054244657750188,0.0530012724029619,0.0510233804198057
0.0620180849920474,0.054244657750188,0.0530012724029619,0.0510233804198057
0.0620180849920474,0.054244657750188,0.0530012724029619,0.0510233804198057
0.0620180849920474,0.054244657750188,0.0530012724029619,0.0472865304261014
0.0620180849920474,0.054244657750188,0.0530012724029619,0.0472865304261014
0.0620180849920474,0.054244657750188,0.0530012724029619,0.0472865304261014
0.0620180849920474,0.054244657750188,0.0530012724029619,0.0491950024180156
0.0620180849920474,0.054244657750188,0.0530012724029619,0.0491950024180156
0.0620180849920474,0.054244657750188,0.0530012724029619,0.0491950024180156
0.0620180849920474,0.054244657750188,0.0509092017840801,0.0491950024180156
0.0620180849920474,0.054244657750188,0.0484972237027976,0.0491950024180156
0.0620180849920474,0.054244657750188,0.0484972237027976,0.0491950024180156
0.0620180849920474,0.054244657750188,0.0484972237027976,0.0491950024180156
0.0620180849920474,0.054244657750188,0.0484972237027976,0.0491950024180156
0.0620180849920474,0.054244657750188,0.0484972237027976,0.0491950024180156
0.0620180849920474,0.051735039761878,0.0484972237027976,0.0491950024180156
0.0620180849920474,0.051735039761878,0.0484972237027976,0.0491950024180156
0.0620180849920474,0.051735039761878,0.0484972237027976,0.0491950024180156
0.0620180849920474,0.051735039761878,0.0484972237027976,0.0491950024180156
0.0620180849920474,0.0580307148811527,0.0484972237027976,0.0491950024180156
0.0620180849920474,0.0580307148811527,0.0484972237027976,0.0491950024180156
0.0620180849920474,0.0580307148811527,0.0484972237027976,0.0491950024180156
0.0620180849920474,0.0580307148811527,0.0484972237027976,0.0491950024180156
0.0620180849920474,0.0580307148811527,0.0484972237027976,0.0491950024180156
0.0620180849920474,0.0580307148811527,0.0484972237027976,0.0491950024180156
0.0620180849920474,0.0580307148811527,0.0484972237027976,0.0491950024180156
0.0620180849920474,0.0580307148811527,0.0517472815628666,0.0491950024180156
0.0620180849920474,0.0580307148811527,0.0517472815628666,0.0491950024180156
0.0620180849920474,0.0580307148811527,0.0517472815628666,0.0491950024180156
0.0620180849920474,0.0580307148811527,0.0517472815628666,0.0491950024180156
0.0620180849920474,0.0580307148811527,0.0517472815628666,0.0491950024180156
0.0620180849920474,0.0580307148811527,0.0517472815628666,0.0491950024180156
0.0620180849920474,0.0580307148811527,0.0517472815628666,0.0491950024180156
0.0620180849920474,0.0580307148811527,0.0517472815628666,0.0491950024180156
0.0620180849920474,0.0580307148811527,0.0517472815628666,0.0491950024180156
0.0620180849920474,0.0580307148811527,0.0517472815628666,0.0491950024180156
0.0620180849920474,0.0580307148811527,0.0517472815628666,0.0491950024180156
0.0620180849920474,0.0580307148811527,0.0517472815628666,0.0491950024180156
0.0620180849920474,0.0580307148811527,0.0517472815628666,0.0491950024180156
0.0620180849920474,0.0580307148811527,0.0507499220879164,0.0491950024180156
0.0620180849920474,0.0580307148811527,0.0499165225053656,0.0491950024180156
0.0620180849920474,0.0580307148811527,0.0499165225053656,0.0491950024180156
0.0620180849920474,0.0580307148811527,0.0499165225053656,0.0491950024180156
0.0620180849920474,0.0580307148811527,0.0499165225053656,0.0491950024180156
0.0620180849920474,0.0580307148811527,0.0499165225053656,0.0491950024180156
0.0620180849920474,0.0580307148811527,0.0499165225053656,0.0491950024180156
0.0620180849920474,0.0580307148811527,0.0499165225053656,0.0472470303171838
0.0620180849920474,0.0580307148811527,0.0499165225053656,0.0472470303171838
0.0620180849920474,0.0580307148811527,0.0499165225053656,0.0472470303171838
0.0620180849920474,0.0580307148811527,0.0499165225053656,0.0472470303171838
0.0620180849920474,0.0580307148811527,0.0499165225053656,0.0472470303171838
0.0620180849920474,0.0580307148811527,0.0499165225053656,0.0472470303171838
0.0620180849920474,0.0580307148811527,0.0499165225053656,0.0472470303171838
0.0620180849920474,0.0580307148811527,0.0499165225053656,0.0472470303171838
0.0620180849920474,0.0580307148811527,0.0499165225053656,0.0472470303171838
0.0620180849920474,0.0580307148811527,0.0499165225053656,0.0472470303171838
0.0620180849920474,0.0580307148811527,0.0499165225053656,0.0472470303171838
0.0620180849920474,0.0580307148811527,0.0499165225053656,0.058231157266584
0.0620180849920474,0.0580307148811527,0.0499165225053656,0.0564908385119951
0.0620180849920474,0.0580307148811527,0.0499165225053656,0.0564908385119951
0.0620180849920474,0.0580307148811527,0.0499165225053656,0.0564908385119951
0.0620180849920474,0.0580307148811527,0.0499165225053656,0.0564908385119951
0.0620180849920474,0.0580307148811527,0.0499165225053656,0.0564908385119951
0.0620180849920474,0.0580307148811527,0.0499165225053656,0.0564908385119951
0.0620180849920474,0.0580307148811527,0.0499165225053656,0.0564908385119951
0.0620180849920474,0.0580307148811527,0.0499165225053656,0.0564908385119951
0.0620180849920474,0.0580307148811527,0.0499165225053656,0.0564908385119951
0.0620180849920474,0.0577634068045904,0.0499165225053656,0.0564908385119951
0.0620180849920474,0.0577634068045904,0.0499165225053656,0.0564908385119951
0.0620180849920474,0.0577634068045904,0.0499165225053656,0.0564908385119951
0.0620180849920474,0.0577634068045904,0.0499165225053656,0.0564908385119951
0.0620180849920474,0.0577634068045904,0.0499165225053656,0.0564908385119951
0.0620180849920474,0.0577634068045904,0.0499165225053656,0.0564908385119951
0.0620180849920474,0.0577634068045904,0.0499165225053656,0.0564908385119951
0.0620180849920474,0.0577634068045904,0.0499165225053656,0.0564908385119951
0.0620180849920474,0.0577634068045904,0.0499165225053656,0.0564908385119951
0.0620180849920474,0.0577634068045904,0.0499165225053656,0.0564908385119951
0.0620180849920474,0.0577634068045904,0.0499165225053656,0.0564908385119951
0.0620180849920474,0.0577634068045904,0.0499165225053656,0.0564908385119951
0.0620180849920474,0.0577634068045904,0.0499165225053656,0.0564908385119951
0.0620180849920474,0.0577634068045904,0.0499165225053656,0.0564908385119951
0.0620180849920474,0.0577634068045904,0.0499165225053656,0.0564908385119951
0.0620180849920474,0.0577634068045904,0.0499165225053656,0.0564908385119951
0.0620180849920474,0.0577634068045904,0.0499165225053656,0.0564908385119951
0.0620180849920474,0.0577634068045904,0.0499165225053656,0.0564908385119951
0.0620180849920474,0.0577634068045904,0.0499165225053656,0.0564908385119951
0.0620180849920474,0.0577634068045904,0.0499165225053656,0.0564908385119951
0.0620180849920474,0.0577634068045904,0.0499165225053656,0.0564908385119951
0.0620180849920474,0.0577634068045904,0.0499165225053656,0.0564908385119951
0.0620180849920474,0.0577634068045904,0.0499165225053656,0.0564908385119951
0.0620180849920474,0.0577634068045904,0.0499165225053656,0.0564908385119951
0.0620180849920474,0.0577634068045904,0.0499165225053656,0.0564908385119951
0.0620180849920474,0.0577634068045904,0.0499165225053656,0.0564908385119951
0.0620180849920474,0.0577634068045904,0.0499165225053656,0.0564908385119951
0.0620180849920474,0.0577634068045904,0.0499165225053656,0.0564908385119951
0.0620180849920474,0.0577634068045904,0.0499165225053656,0.0564908385119951
0.0620180849920474,0.0577634068045904,0.0499165225053656,0.0564908385119951
0.0620180849920474,0.0507435479688149,0.0499165225053656,0.0564908385119951
0.0620180849920474,0.0507435479688149,0.0499165225053656,0.0564908385119951
0.0620180849920474,0.0507435479688149,0.0499165225053656,0.0564908385119951
0.0620180849920474,0.0507435479688149,0.0499165225053656,0.0564908385119951
0.0620180849920474,0.0507435479688149,0.0499165225053656,0.0595023737706759
0.0635120510848183,0.0507435479688149,0.0499165225053656,0.0584060336146288
0.0635120510848183,0.0507435479688149,0.0499165225053656,0.0584060336146288
0.0635120510848183,0.0507435479688149,0.0499165225053656,0.0584060336146288
0.0635120510848183,0.0507435479688149,0.0499165225053656,0.0584060336146288
0.0635120510848183,0.0507435479688149,0.0499165225053656,0.0584060336146288
0.0635120510848183,0.0507435479688149,0.0499165225053656,0.0584060336146288
0.0664053534568322,0.0507435479688149,0.0499165225053656,0.0584060336146288
0.0664053534568322,0.0507435479688149,0.0499165225053656,0.0584060336146288
0.0664053534568322,0.0507435479688149,0.0499165225053656,0.0584060336146288
0.0664053534568322,0.0507435479688149,0.0499165225053656,0.0584060336146288
0.0664053534568322,0.0507435479688149,0.0499165225053656,0.0584060336146288
0.0664053534568322,0.0507435479688149,0.0499165225053656,0.0584060336146288
0.0664053534568322,0.0507435479688149,0.0499165225053656,0.0584060336146288
0.0664053534568322,0.0507435479688149,0.0499165225053656,0.0584060336146288
0.0664053534568322,0.0507435479688149,0.0499165225053656,0.0584060336146288
0.0664053534568322,0.0524685411170982,0.0499165225053656,0.0584060336146288
0.0664053534568322,0.0524685411170982,0.0499165225053656,0.0584060336146288
0.0664053534568322,0.0514703536022368,0.0499165225053656,0.0584060336146288
0.0664053534568322,0.0514703536022368,0.0498292364991798,0.0584060336146288
0.0664053534568322,0.0514703536022368,0.0498292364991798,0.0584060336146288
0.0664053534568322,0.0514703536022368,0.0498292364991798,0.0584060336146288
0.0664053534568322,0.0514703536022368,0.0498292364991798,0.0584060336146288
0.0664053534568322,0.0514703536022368,0.0498292364991798,0.0584060336146288
0.0664053534568322,0.0514703536022368,0.0498292364991798,0.0584060336146288
0.0664053534568322,0.0514703536022368,0.0498292364991798,0.0584060336146288
0.0664053534568322,0.0514703536022368,0.0498292364991798,0.0584060336146288
0.0664053534568322,0.0514703536022368,0.0498292364991798,0.0584060336146288
0.0664053534568322,0.0514703536022368,0.0498292364991798,0.0584060336146288
0.0664053534568322,0.0511315983055994,0.0498292364991798,0.0584060336146288
0.0664053534568322,0.0511315983055994,0.0498292364991798,0.0584060336146288
0.0664053534568322,0.0511315983055994,0.0498292364991798,0.0584060336146288
0.0664053534568322,0.0511315983055994,0.0498292364991798,0.0584060336146288
0.0664053534568322,0.0511315983055994,0.0498292364991798,0.0584060336146288
0.0664053534568322,0.0511315983055994,0.0498292364991798,0.0584060336146288
0.0664053534568322,0.0511315983055994,0.0498292364991798,0.0584060336146288
0.0664053534568322,0.0511315983055994,0.0532620751333157,0.0436101402265683
0.0664053534568322,0.0511315983055994,0.0583302446111119,0.0436101402265683
0.0664053534568322,0.0511315983055994,0.0583302446111119,0.0436101402265683
0.0664053534568322,0.0511315983055994,0.0583302446111119,0.0436101402265683
0.0664053534568322,0.0511315983055994,0.0583302446111119,0.0436101402265683
0.0590532395173264,0.0511315983055994,0.0583302446111119,0.0436101402265683
0.0590532395173264,0.0511315983055994,0.0583302446111119,0.0436101402265683
0.0590532395173264,0.0511315983055994,0.0583302446111119,0.0436101402265683
0.0590532395173264,0.0511315983055994,0.0519001763863842,0.0436101402265683
0.0590532395173264,0.0511315983055994,0.0594359995321122,0.0436101402265683
0.0590532395173264,0.0511315983055994,0.0594359995321122,0.0436101402265683
0.0590532395173264,0.0511315983055994,0.0594359995321122,0.0436101402265683
0.0590532395173264,0.0511315983055994,0.0594359995321122,0.0436101402265683
0.0590532395173264,0.0511315983055994,0.0594359995321122,0.0436101402265683
0.0590532395173264,0.0511315983055994,0.0594359995321122,0.0436101402265683
0.0590532395173264,0.0511315983055994,0.0594359995321122,0.0436101402265683
0.0590532395173264,0.0511315983055994,0.0515893266892118,0.0436101402265683
0.0590532395173264,0.0511315983055994,0.0515893266892118,0.0436101402265683
0.0590532395173264,0.0511315983055994,0.0515893266892118,0.0436101402265683
0.0590532395173264,0.0511315983055994,0.0515893266892118,0.0436101402265683
0.0590532395173264,0.0511315983055994,0.0515893266892118,0.0436101402265683
0.0605281977794571,0.0511315983055994,0.0515893266892118,0.0436101402265683
0.0605281977794571,0.0511315983055994,0.0515893266892118,0.0436101402265683
0.0605281977794571,0.0511315983055994,0.0515893266892118,0.0440849100841898
0.0605281977794571,0.0511315983055994,0.0515893266892118,0.0440849100841898
0.0605281977794571,0.0511315983055994,0.0515893266892118,0.0440849100841898
0.0605281977794571,0.0576270257628402,0.0515893266892118,0.0440849100841898
0.0605281977794571,0.0576270257628402,0.0515893266892118,0.0440849100841898
0.0605281977794571,0.0576270257628402,0.0515893266892118,0.0440849100841898
0.0605281977794571,0.0576270257628402,0.0515893266892118,0.0440849100841898
0.0550855409377711,0.0576270257628402,0.0515893266892118,0.0440849100841898
0.0550855409377711,0.0576270257628402,0.0515893266892118,0.0440849100841898
0.0550855409377711,0.0576270257628402,0.0515893266892118,0.0440849100841898
0.0550855409377711,0.0576270257628402,0.0515893266892118,0.0504932809770891
0.0550855409377711,0.0576270257628402,0.0515893266892118,0.0504932809770891
0.0550855409377711,0.0576270257628402,0.0542388683549567,0.0504932809770891
0.0550855409377711,0.0576270257628402,0.0480635519718231,0.0504932809770891
0.0550855409377711,0.0576270257628402,0.0480635519718231,0.0558344846586999
0.0550855409377711,0.0576270257628402,0.0480635519718231,0.0511551801862616
0.0550855409377711,0.0576270257628402,0.0480635519718231,0.0511551801862616
0.0550855409377711,0.0576270257628402,0.0480635519718231,0.0511551801862616
0.0550855409377711,0.0576270257628402,0.0480635519718231,0.0511551801862616
0.0550855409377711,0.0576270257628402,0.0480635519718231,0.0511551801862616
0.0550855409377711,0.0576270257628402,0.0480635519718231,0.0511551801862616
0.0550855409377711,0.0576270257628402,0.0480635519718231,0.0511551801862616
0.0550855409377711,0.0576270257628402,0.0480635519718231,0.0511551801862616
0.0550855409377711,0.0576270257628402,0.0480635519718231,0.0511551801862616
0.0550855409377711,0.0576270257628402,0.0480635519718231,0.0511551801862616
0.0550855409377711,0.0576270257628402,0.0480635519718231,0.0511551801862616
0.0550855409377711,0.0576270257628402,0.0480635519718231,0.0511551801862616
0.0550855409377711,0.0576270257628402,0.0468774531863871,0.0511551801862616
0.0550855409377711,0.0576270257628402,0.0468774531863871,0.0511551801862616
0.0550855409377711,0.0576270257628402,0.0468774531863871,0.0511551801862616
0.0550855409377711,0.0576270257628402,0.0468774531863871,0.0511551801862616
0.0550855409377711,0.0576270257628402,0.0468774531863871,0.0511551801862616
0.0550855409377711,0.0576270257628402,0.0468774531863871,0.0511551801862616
0.0550855409377711,0.0576270257628402,0.0468774531863871,0.0511551801862616
0.0550855409377711,0.0576270257628402,0.0468774531863871,0.0511551801862616
0.0550855409377711,0.0576270257628402,0.0468774531863871,0.0582859181266769
0.0550855409377711,0.0576270257628402,0.0468774531863871,0.0582859181266769
0.0550855409377711,0.0576270257628402,0.0460367823247665,0.0582859181266769
0.0550855409377711,0.0576270257628402,0.0460367823247665,0.0582859181266769
0.0550855409377711,0.0576270257628402,0.0460367823247665,0.0582859181266769
0.0550855409377711,0.0576270257628402,0.0460367823247665,0.0582859181266769
0.0550855409377711,0.0576270257628402,0.0460367823247665,0.0582859181266769
0.0550855409377711,0.0576270257628402,0.0460367823247665,0.0582859181266769
0.0550855409377711,0.0576270257628402,0.0460367823247665,0.0582859181266769
0.0550855409377711,0.0576270257628402,0.0460367823247665,0.0582859181266769
0.0550855409377711,0.0576270257628402,0.0460367823247665,0.0582859181266769
0.0557949049686985,0.0576270257628402,0.0460367823247665,0.0582859181266769
0.0564001477921882,0.0576270257628402,0.0460367823247665,0.0582859181266769
0.0564001477921882,0.0576270257628402,0.0460367823247665,0.0582859181266769
0.0564001477921882,0.0576270257628402,0.0460367823247665,0.0582859181266769
0.0564001477921882,0.0576270257628402,0.0460367823247665,0.0582859181266769
0.0564001477921882,0.0576270257628402,0.0460367823247665,0.0465655537280051
0.0564001477921882,0.0576270257628402,0.0460367823247665,0.0465655537280051
0.0564001477921882,0.0576270257628402,0.0460367823247665,0.0465655537280051
0.0564001477921882,0.0576270257628402,0.0506803745564783,0.0465655537280051
0.0564001477921882,0.0576270257628402,0.0506803745564783,0.0465655537280051
0.0564001477921882,0.0576270257628402,0.0506803745564783,0.0465655537280051
0.0564001477921882,0.0576270257628402,0.0506803745564783,0.0465655537280051
0.0564001477921882,0.0576270257628402,0.0506803745564783,0.0465655537280051
0.0564001477921882,0.0576270257628402,0.0506803745564783,0.0465655537280051
0.0564001477921882,0.0576270257628402,0.0506803745564783,0.0465655537280051
0.0526053860253086,0.0576270257628402,0.0506803745564783,0.0465655537280051
0.0526053860253086,0.0576270257628402,0.0506803745564783,0.0465655537280051
0.0526053860253086,0.0576270257628402,0.0506803745564783,0.0465655537280051
0.0526053860253086,0.0576270257628402,0.0506803745564783,0.0465655537280051
0.0526053860253086,0.0576270257628402,0.0506803745564783,0.0465655537280051
0.0526053860253086,0.0576270257628402,0.0506803745564783,0.0465655537280051
0.0526053860253086,0.0576270257628402,0.0506803745564783,0.0540545721856759
0.0526053860253086,0.0576270257628402,0.0506803745564783,0.0540545721856759
0.0526053860253086,0.0576270257628402,0.0506803745564783,0.0540545721856759
0.0526053860253086,0.0576270257628402,0.0506803745564783,0.0540545721856759
0.0526053860253086,0.0576270257628402,0.0506803745564783,0.0540545721856759
0.0526053860253086,0.0576270257628402,0.0506803745564783,0.0540545721856759
0.0526053860253086,0.0576270257628402,0.0459813943328958,0.0540545721856759
0.0526053860253086,0.0576270257628402,0.0459813943328958,0.0497296506562066
0.0526053860253086,0.0620725948649716,0.0459813943328958,0.0531998889145244
0.0526053860253086,0.0620725948649716,0.0459813943328958,0.0531998889145244
0.0526053860253086,0.0620725948649716,0.0459813943328958,0.0531998889145244
0.0526053860253086,0.0620725948649716,0.0459813943328958,0.0531998889145244
0.0526053860253086,0.0620725948649716,0.0459813943328958,0.0531998889145244
0.0526053860253086,0.0620725948649716,0.0459813943328958,0.0531998889145244
0.0526053860253086,0.0620725948649716,0.0459813943328958,0.0531998889145244
0.0526053860253086,0.0620725948649716,0.0459813943328958,0.0531998889145244
0.0526053860253086,0.0620725948649716,0.0459813943328958,0.0531998889145244
0.0526053860253086,0.0620725948649716,0.0459813943328958,0.0531998889145244
0.0526053860253086,0.0620725948649716,0.0490596427431246,0.0531998889145244
0.0526053860253086,0.0620725948649716,0.0490596427431246,0.0531998889145244
0.0526053860253086,0.0620725948649716,0.0490596427431246,0.0531998889145244
0.0526053860253086,0.0620725948649716,0.0490596427431246,0.0516541046454088
0.0526053860253086,0.0620725948649716,0.0490596427431246,0.0516541046454088
0.0526053860253086,0.0620725948649716,0.0490596427431246,0.0516541046454088
0.0526053860253086,0.0620725948649716,0.0490596427431246,0.0516541046454088
0.0526053860253086,0.0620725948649716,0.0490596427431246,0.0516541046454088
0.0526053860253086,0.0620725948649716,0.0490596427431246,0.0516541046454088
0.0526053860253086,0.0609561755814677,0.0490596427431246,0.0516541046454088
0.0526053860253086,0.0609561755814677,0.046871413137695,0.0516541046454088
0.0526053860253086,0.0609561755814677,0.046871413137695,0.0516541046454088
0.0526053860253086,0.0609561755814677,0.046871413137695,0.0516541046454088
0.0526053860253086,0.0609561755814677,0.046871413137695,0.0516541046454088
0.0526053860253086,0.0609561755814677,0.046871413137695,0.0516541046454088
0.0526053860253086,0.0609561755814677,0.046871413137695,0.0516541046454088
0.0526053860253086,0.0609561755814677,0.046871413137695,0.0516541046454088
0.0526053860253086,0.0609561755814677,0.046871413137695,0.0516541046454088
0.0526053860253086,0.0609561755814677,0.046871413137695,0.0516541046454088
0.0526053860253086,0.0609561755814677,0.046871413137695,0.0516541046454088
0.0526053860253086,0.0609561755814677,0.046871413137695,0.0516541046454088
0.0526053860253086,0.0609561755814677,0.046871413137695,0.0516541046454088
0.0526053860253086,0.0609561755814677,0.046871413137695,0.0516541046454088
0.0526053860253086,0.0609561755814677,0.046871413137695,0.0516541046454088
0.0526053860253086,0.0609561755814677,0.046871413137695,0.0516541046454088
0.0526053860253086,0.0609561755814677,0.046871413137695,0.0516541046454088
0.0526053860253086,0.0609561755814677,0.046871413137695,0.0516541046454088
0.0526053860253086,0.0609561755814677,0.046871413137695,0.0516541046454088
0.0526053860253086,0.0609561755814677,0.046871413137695,0.0516541046454088
0.0526053860253086,0.0609561755814677,0.046871413137695,0.0516541046454088
0.0526053860253086,0.0609561755814677,0.046871413137695,0.0516541046454088
0.0526053860253086,0.0609561755814677,0.046871413137695,0.0516541046454088
0.0526053860253086,0.0609561755814677,0.046871413137695,0.0516541046454088
0.0526053860253086,0.0609561755814677,0.046871413137695,0.0516541046454088
0.0526053860253086,0.0609561755814677,0.046871413137695,0.0516541046454088
0.0526053860253086,0.0609561755814677,0.046871413137695,0.0516541046454088
0.0526053860253086,0.0609561755814677,0.046871413137695,0.0516541046454088
0.0526053860253086,0.0609561755814677,0.046871413137695,0.0516541046454088
0.0526053860253086,0.0609561755814677,0.046871413137695,0.0540991218671983
0.0526053860253086,0.0609561755814677,0.046871413137695,0.0540991218671983
0.0526053860253086,0.0609561755814677,0.046871413137695,0.0540991218671983
0.0526053860253086,0.0609561755814677,0.046871413137695,0.0540991218671983
0.0526053860253086,0.0609561755814677,0.046871413137695,0.0540991218671983
0.0526053860253086,0.0609561755814677,0.046871413137695,0.0540991218671983
0.0526053860253086,0.0609561755814677,0.046871413137695,0.0540991218671983
0.0526053860253086,0.0609561755814677,0.046871413137695,0.0540991218671983
0.0526053860253086,0.0609561755814677,0.046871413137695,0.0540991218671983
0.0526053860253086,0.0609561755814677,0.046871413137695,0.0540991218671983
0.0526053860253086,0.0609561755814677,0.046871413137695,0.0540991218671983
0.0526053860253086,0.0609561755814677,0.046871413137695,0.0540991218671983
0.0506868896155805,0.0609561755814677,0.046871413137695,0.0540991218671983
0.0506868896155805,0.0609561755814677,0.046871413137695,0.0540991218671983
0.0506868896155805,0.0609561755814677,0.046871413137695,0.0540991218671983
0.0506868896155805,0.0609561755814677,0.046871413137695,0.0540991218671983
0.0506868896155805,0.0609561755814677,0.046871413137695,0.0540991218671983
0.0506868896155805,0.0609561755814677,0.0502794290745179,0.0540991218671983
0.0506868896155805,0.0609561755814677,0.0502794290745179,0.0540991218671983
0.0506868896155805,0.0561135518670873,0.0502794290745179,0.0540991218671983
0.0506868896155805,0.0561135518670873,0.0502794290745179,0.0540991218671983
0.0506868896155805,0.0561135518670873,0.0502794290745179,0.0540991218671983
0.0506868896155805,0.0561135518670873,0.0492514178960175,0.0540991218671983
0.0506868896155805,0.0561135518670873,0.0492514178960175,0.0540991218671983
0.0506868896155805,0.0561135518670873,0.0492514178960175,0.0540991218671983
0.0506868896155805,0.0561135518670873,0.0492514178960175,0.0540991218671983
0.0506868896155805,0.0561135518670873,0.0492514178960175,0.0540991218671983
0.0506868896155805,0.0561135518670873,0.0491771818195397,0.0540991218671983
0.0506868896155805,0.0561135518670873,0.0491771818195397,0.0540991218671983
0.0506868896155805,0.0561135518670873,0.0491771818195397,0.0540991218671983
0.0506868896155805,0.0561135518670873,0.0491771818195397,0.0540991218671983
0.0506868896155805,0.0561135518670873,0.0491771818195397,0.0540991218671983
0.0506868896155805,0.0561135518670873,0.0491771818195397,0.0540991218671983
0.0506868896155805,0.0561135518670873,0.0491771818195397,0.0540991218671983
0.0506868896155805,0.0561135518670873,0.0491771818195397,0.0486001885201538
0.0506868896155805,0.0561135518670873,0.0491771818195397,0.0486001885201538
0.0506868896155805,0.0561135518670873,0.0491771818195397,0.0486001885201538
0.0506868896155805,0.0561135518670873,0.0491771818195397,0.0486001885201538
0.0506868896155805,0.0561135518670873,0.0491771818195397,0.0486001885201538
0.0506868896155805,0.0561135518670873,0.0491771818195397,0.0486001885201538
0.0506868896155805,0.0571052788151606,0.0491771818195397,0.0486001885201538
0.0506868896155805,0.0571052788151606,0.0491771818195397,0.0486001885201538
0.0506868896155805,0.0571052788151606,0.0491771818195397,0.0486001885201538
0.0506868896155805,0.0571052788151606,0.0491771818195397,0.0486001885201538
0.0506868896155805,0.0571052788151606,0.0491771818195397,0.0486001885201538
0.0498448433915288,0.0571052788151606,0.0446969593758674,0.0486001885201538
0.0498448433915288,0.0571052788151606,0.0508218227940907,0.0486001885201538
0.0498448433915288,0.0571052788151606,0.0508218227940907,0.0486001885201538
0.0498448433915288,0.0571052788151606,0.0508218227940907,0.0486001885201538
0.0498448433915288,0.0566531142034259,0.0508218227940907,0.0486001885201538
0.0498448433915288,0.0566531142034259,0.0508218227940907,0.05513614185409
0.0498448433915288,0.0566531142034259,0.0508218227940907,0.05513614185409
0.0498448433915288,0.0566531142034259,0.0508218227940907,0.05513614185409
0.0498448433915288,0.0566531142034259,0.0508218227940907,0.05513614185409
0.0498448433915288,0.0566531142034259,0.0508218227940907,0.05513614185409
0.0498448433915288,0.0566531142034259,0.0508218227940907,0.05513614185409
0.0498448433915288,0.0566531142034259,0.0508218227940907,0.05513614185409
0.0498448433915288,0.0566531142034259,0.0508218227940907,0.05513614185409
0.0498448433915288,0.0566531142034259,0.0508218227940907,0.05513614185409
0.0515840932933973,0.0566531142034259,0.0508218227940907,0.05513614185409
0.0515840932933973,0.0566531142034259,0.0508218227940907,0.05513614185409
0.0515840932933973,0.0566531142034259,0.0508218227940907,0.05513614185409
0.0515840932933973,0.0566531142034259,0.0508218227940907,0.05513614185409
0.0515840932933973,0.0566531142034259,0.0508218227940907,0.05513614185409
0.0515840932933973,0.0566531142034259,0.0508218227940907,0.05513614185409
0.0515840932933973,0.0566531142034259,0.0508218227940907,0.05513614185409
0.0515840932933973,0.0502372531769925,0.0508218227940907,0.05513614185409
0.0515840932933973,0.0502372531769925,0.0508218227940907,0.05513614185409
0.0515840932933973,0.0502372531769925,0.0508218227940907,0.05513614185409
0.0515840932933973,0.0502372531769925,0.0508218227940907,0.05513614185409
0.0515840932933973,0.0502372531769925,0.0508218227940907,0.05513614185409
0.0501908249462352,0.0502372531769925,0.0508218227940907,0.05513614185409
0.0501908249462352,0.0502372531769925,0.0508218227940907,0.05513614185409
0.0501908249462352,0.0502372531769925,0.0508218227940907,0.05513614185409
0.0501908249462352,0.0502372531769925,0.0508218227940907,0.05513614185409
0.0501908249462352,0.0502372531769925,0.0508218227940907,0.05513614185409
0.0501908249462352,0.0502372531769925,0.0508218227940907,0.05513614185409
0.0501908249462352,0.0502372531769925,0.0508218227940907,0.05513614185409
0.0501908249462352,0.0502372531769925,0.0508218227940907,0.05513614185409
0.0501908249462352,0.0502372531769925,0.0508218227940907,0.05513614185409
0.0501908249462352,0.0502372531769925,0.0508218227940907,0.05513614185409
0.0501908249462352,0.0502372531769925,0.0508218227940907,0.05513614185409
0.0501908249462352,0.0502372531769925,0.0508218227940907,0.05513614185409
0.0501908249462352,0.0502372531769925,0.0508218227940907,0.05513614185409
0.0501908249462352,0.0502372531769925,0.0508218227940907,0.05513614185409
0.0501908249462352,0.051855222597365,0.0508218227940907,0.05513614185409
0.0501908249462352,0.051855222597365,0.0508218227940907,0.05513614185409
0.0501908249462352,0.051855222597365,0.0508218227940907,0.05513614185409
0.0501908249462352,0.051855222597365,0.0508218227940907,0.05513614185409
0.0501908249462352,0.051855222597365,0.0508218227940907,0.05513614185409
0.0501908249462352,0.051855222597365,0.0508218227940907,0.05513614185409
0.0501908249462352,0.0495523277690329,0.0508218227940907,0.05513614185409
0.0501908249462352,0.0495523277690329,0.0508218227940907,0.05513614185409
0.0501908249462352,0.0495523277690329,0.0508218227940907,0.05513614185409
0.0501908249462352,0.0495523277690329,0.0508218227940907,0.05513614185409
0.0501908249462352,0.0495523277690329,0.0508218227940907,0.0557154894789879
0.0501908249462352,0.0495523277690329,0.0508218227940907,0.0557154894789879
0.0501908249462352,0.0495523277690329,0.0508218227940907,0.051853520757137
0.0501908249462352,0.0495523277690329,0.0508218227940907,0.051853520757137
0.0501908249462352,0.0495523277690329,0.0508218227940907,0.051853520757137
0.0501908249462352,0.0495523277690329,0.0508218227940907,0.051853520757137
0.0501908249462352,0.0495523277690329,0.0508218227940907,0.051853520757137
0.0501908249462352,0.0495523277690329,0.0508218227940907,0.051853520757137
0.0501908249462352,0.0495523277690329,0.0508218227940907,0.051853520757137
0.0501908249462352,0.0495523277690329,0.0508218227940907,0.051853520757137
0.0501908249462352,0.0495523277690329,0.0508218227940907,0.0535557205141706
0.0501908249462352,0.0495523277690329,0.0508218227940907,0.0535557205141706
0.0501908249462352,0.0495523277690329,0.0508218227940907,0.0535557205141706
0.0501908249462352,0.0495523277690329,0.0508218227940907,0.0535557205141706
0.0501908249462352,0.04997453176076,0.0508218227940907,0.0535557205141706
0.0501908249462352,0.04997453176076,0.0508218227940907,0.0535557205141706
0.0501908249462352,0.04997453176076,0.0508218227940907,0.0535557205141706
0.0501908249462352,0.04997453176076,0.0508218227940907,0.0535557205141706
0.0501908249462352,0.04997453176076,0.0508218227940907,0.0535557205141706
0.0501908249462352,0.0508047675082693,0.0508218227940907,0.0535557205141706
0.0501908249462352,0.0508047675082693,0.0508218227940907,0.0535557205141706
0.0501908249462352,0.0508047675082693,0.0508218227940907,0.0535557205141706
0.0501908249462352,0.0508047675082693,0.0508218227940907,0.0535557205141706
0.0501908249462352,0.0478227447512704,0.0508218227940907,0.0535557205141706
0.0501908249462352,0.0478227447512704,0.0508218227940907,0.0535557205141706
0.0501908249462352,0.0478227447512704,0.0508218227940907,0.0535557205141706
0.0501908249462352,0.0478227447512704,0.0508218227940907,0.0535557205141706
0.0501908249462352,0.0478227447512704,0.0508218227940907,0.0535557205141706
0.0501908249462352,0.0478227447512704,0.0508218227940907,0.0535557205141706
0.0501908249462352,0.0478227447512704,0.0508218227940907,0.0535557205141706
0.0501908249462352,0.0523877471445619,0.0508218227940907,0.0535557205141706
0.0501908249462352,0.0523877471445619,0.0508218227940907,0.0535557205141706
0.0501908249462352,0.0523877471445619,0.0508218227940907,0.0535557205141706
0.0501908249462352,0.0523877471445619,0.0508218227940907,0.0535557205141706
0.0501908249462352,0.0523877471445619,0.0508218227940907,0.0535557205141706
0.0501908249462352,0.0523877471445619,0.0508218227940907,0.0535557205141706
0.0501908249462352,0.0523877471445619,0.0508218227940907,0.0486223786134594
0.0501908249462352,0.0523877471445619,0.0508218227940907,0.0486223786134594
0.0501908249462352,0.0507524032909353,0.0508218227940907,0.0486223786134594
0.0501908249462352,0.0507524032909353,0.0508218227940907,0.0486223786134594
0.0501908249462352,0.0507524032909353,0.0508218227940907,0.0486223786134594
0.0501908249462352,0.0507524032909353,0.0508218227940907,0.0486223786134594
0.0501908249462352,0.0507524032909353,0.0508218227940907,0.0486223786134594
0.0501908249462352,0.0507524032909353,0.0508218227940907,0.05153315882137
0.0501908249462352,0.0507524032909353,0.0508218227940907,0.05153315882137
0.0501908249462352,0.0507524032909353,0.0508218227940907,0.0483825375242054
0.0501908249462352,0.0507524032909353,0.0508218227940907,0.0483825375242054
0.0501908249462352,0.0507524032909353,0.0508218227940907,0.0483825375242054
0.0501908249462352,0.0507524032909353,0.0508218227940907,0.0483825375242054
0.0501908249462352,0.0507524032909353,0.0508218227940907,0.0483825375242054
0.0501908249462352,0.0507524032909353,0.0508218227940907,0.0483825375242054
0.0501908249462352,0.0507524032909353,0.0508218227940907,0.0470163828447909
0.0501908249462352,0.0507524032909353,0.0508218227940907,0.0470163828447909
0.0501908249462352,0.0507524032909353,0.0508218227940907,0.0470163828447909
0.0501908249462352,0.0507524032909353,0.0508218227940907,0.0470163828447909
0.0517944579435108,0.0507524032909353,0.0508218227940907,0.0470163828447909
0.0517944579435108,0.0507524032909353,0.0508218227940907,0.0470163828447909
0.0517944579435108,0.0507524032909353,0.0508218227940907,0.0470163828447909
0.0517944579435108,0.0507524032909353,0.0508218227940907,0.0470163828447909
0.0517944579435108,0.0507524032909353,0.0508218227940907,0.0470163828447909
0.0517944579435108,0.0507524032909353,0.0508218227940907,0.0470163828447909
0.0517944579435108,0.0507524032909353,0.0508218227940907,0.0470163828447909
0.0517944579435108,0.0507524032909353,0.0508218227940907,0.0470163828447909
0.0517944579435108,0.0507524032909353,0.0508218227940907,0.0470163828447909
0.0517944579435108,0.0472473280359956,0.0508218227940907,0.0470163828447909
0.0517944579435108,0.0472473280359956,0.0508218227940907,0.0470163828447909
0.0517944579435108,0.0472473280359956,0.0508218227940907,0.0470163828447909
0.0517944579435108,0.0472473280359956,0.0508218227940907,0.0470163828447909
0.0517944579435108,0.0472473280359956,0.0508218227940907,0.0470163828447909
0.0517944579435108,0.0472473280359956,0.0508218227940907,0.0470163828447909
0.0517944579435108,0.0472473280359956,0.0508218227940907,0.0470163828447909
0.0517944579435108,0.0472473280359956,0.0508218227940907,0.0470163828447909
0.0517944579435108,0.0472473280359956,0.0508218227940907,0.0470163828447909
0.0517944579435108,0.0472473280359956,0.0508218227940907,0.0470163828447909
0.0517944579435108,0.0472473280359956,0.0508218227940907,0.0470163828447909
0.0517944579435108,0.0472473280359956,0.0508218227940907,0.0470163828447909
0.0517944579435108,0.0486208802094945,0.0508218227940907,0.0502133486624948
0.0517944579435108,0.0486208802094945,0.0508218227940907,0.0502133486624948
0.0517944579435108,0.0486208802094945,0.0508218227940907,0.0502133486624948
0.0517944579435108,0.0486208802094945,0.0508218227940907,0.0502133486624948
0.0517944579435108,0.0486208802094945,0.0508218227940907,0.0502133486624948
0.0517944579435108,0.0486208802094945,0.0508218227940907,0.0502133486624948
0.0517944579435108,0.0486208802094945,0.0508218227940907,0.0502133486624948
0.0517944579435108,0.0486208802094945,0.0508218227940907,0.0502133486624948
0.0517944579435108,0.0486208802094945,0.0508218227940907,0.0502133486624948
0.0517944579435108,0.0486208802094945,0.0508218227940907,0.0502133486624948
0.0517944579435108,0.0486208802094945,0.0508218227940907,0.0502133486624948
0.0517944579435108,0.0486208802094945,0.0508218227940907,0.0502133486624948
0.0517944579435108,0.0486208802094945,0.0508218227940907,0.0502133486624948
0.0517944579435108,0.0486208802094945,0.0508218227940907,0.0502133486624948
0.0517944579435108,0.0486208802094945,0.0508218227940907,0.0449379259848733
0.0517944579435108,0.0486208802094945,0.0508218227940907,0.0449379259848733
0.0517944579435108,0.0486208802094945,0.0508218227940907,0.0449379259848733
0.0517944579435108,0.0486208802094945,0.0508218227940907,0.0449379259848733
0.0517944579435108,0.0486208802094945,0.0508218227940907,0.0449379259848733
0.0517944579435108,0.0486208802094945,0.0508218227940907,0.0449379259848733
0.0517944579435108,0.0486208802094945,0.0508218227940907,0.0449379259848733
0.0517944579435108,0.0486208802094945,0.0508218227940907,0.0449379259848733
0.0517944579435108,0.0486208802094945,0.0508218227940907,0.0449379259848733
0.0517944579435108,0.0486208802094945,0.0508218227940907,0.0449379259848733
0.0517944579435108,0.0486208802094945,0.0508218227940907,0.0449379259848733
0.0517944579435108,0.0486208802094945,0.0508218227940907,0.0449379259848733
0.0517944579435108,0.0486208802094945,0.0508218227940907,0.0449379259848733
0.0517944579435108,0.0486208802094945,0.0508218227940907,0.0449379259848733
0.0517944579435108,0.0486208802094945,0.0508218227940907,0.0449379259848733
0.0517944579435108,0.0486208802094945,0.0508218227940907,0.0449379259848733
0.0517944579435108,0.0486208802094945,0.0520485952904318,0.0449379259848733
0.0517944579435108,0.0486208802094945,0.0520485952904318,0.0449379259848733
0.0517944579435108,0.0486208802094945,0.0520485952904318,0.0449379259848733
0.0517944579435108,0.0486208802094945,0.0520485952904318,0.0449379259848733
0.0517944579435108,0.0486208802094945,0.0520485952904318,0.0449379259848733
0.0517944579435108,0.0486208802094945,0.0546776048383226,0.0449379259848733
0.0517944579435108,0.0486208802094945,0.0546776048383226,0.0449379259848733
0.0517944579435108,0.0486208802094945,0.0546776048383226,0.0449379259848733
0.0517944579435108,0.0486208802094945,0.0546776048383226,0.0449379259848733
0.0517944579435108,0.0486208802094945,0.0546776048383226,0.0449379259848733
0.0517944579435108,0.0486208802094945,0.0546776048383226,0.0449379259848733
0.0517944579435108,0.0486208802094945,0.0546776048383226,0.0449379259848733
0.0517944579435108,0.0486208802094945,0.0546776048383226,0.0449379259848733
0.0517944579435108,0.0486208802094945,0.0546776048383226,0.0449379259848733
0.0517944579435108,0.0486208802094945,0.0546776048383226,0.0449379259848733
0.0517944579435108,0.0486208802094945,0.0546776048383226,0.0449379259848733
0.0517944579435108,0.0486208802094945,0.0546776048383226,0.0449379259848733
0.0517944579435108,0.0486208802094945,0.0546776048383226,0.0449379259848733
0.0517944579435108,0.0486208802094945,0.0546776048383226,0.0449379259848733
0.0517944579435108,0.0486208802094945,0.052542162934926,0.0449379259848733
0.0517944579435108,0.0486208802094945,0.052542162934926,0.0449379259848733
0.0517944579435108,0.0486208802094945,0.052542162934926,0.0449379259848733
0.0517944579435108,0.0486208802094945,0.052542162934926,0.0449379259848733
0.0517944579435108,0.0486208802094945,0.052542162934926,0.0449379259848733
0.0517944579435108,0.0486208802094945,0.052542162934926,0.0449379259848733
0.0517944579435108,0.0486208802094945,0.052542162934926,0.0449379259848733
0.0517944579435108,0.0486208802094945,0.052542162934926,0.0449379259848733
0.0517944579435108,0.0486208802094945,0.052542162934926,0.0449379259848733
0.0517944579435108,0.0486208802094945,0.052542162934926,0.0449379259848733
0.0517944579435108,0.0486208802094945,0.052542162934926,0.0449379259848733
0.0517944579435108,0.0486208802094945,0.052542162934926,0.0417448808412518
0.0517944579435108,0.0486208802094945,0.052542162934926,0.0556674960876243
0.0517944579435108,0.0486208802094945,0.052542162934926,0.0556674960876243
0.0517944579435108,0.0486208802094945,0.052542162934926,0.0556674960876243
0.0517944579435108,0.0486208802094945,0.052542162934926,0.0556674960876243
0.0517944579435108,0.0486208802094945,0.052542162934926,0.0556674960876243
0.0517944579435108,0.0486208802094945,0.052542162934926,0.0556674960876243
0.0517944579435108,0.052875159536156,0.0538315365620387,0.0556674960876243
0.0517944579435108,0.052875159536156,0.0538315365620387,0.0556674960876243
0.0517944579435108,0.052875159536156,0.0538315365620387,0.0556674960876243
0.0517944579435108,0.052875159536156,0.0538315365620387,0.0556674960876243
0.0517944579435108,0.052875159536156,0.0538315365620387,0.0556674960876243
0.0517944579435108,0.052875159536156,0.0538315365620387,0.0556674960876243
0.0517944579435108,0.052875159536156,0.0538315365620387,0.0556674960876243
0.0517944579435108,0.052875159536156,0.0538315365620387,0.0556674960876243
0.0517944579435108,0.052875159536156,0.0538315365620387,0.0556674960876243
0.0517944579435108,0.052875159536156,0.0538315365620387,0.0556674960876243
0.0517944579435108,0.052875159536156,0.0538315365620387,0.0556674960876243
0.0517944579435108,0.052875159536156,0.0538315365620387,0.0556674960876243
0.0517944579435108,0.052875159536156,0.0538315365620387,0.0556674960876243
0.0517944579435108,0.0569539820626449,0.0538315365620387,0.0556674960876243
0.0517944579435108,0.0569539820626449,0.0538315365620387,0.0556674960876243
0.0517944579435108,0.0569539820626449,0.0538315365620387,0.0556674960876243
0.0517944579435108,0.0569539820626449,0.0538315365620387,0.0556674960876243
0.0517944579435108,0.0482268735627213,0.0538315365620387,0.0556674960876243
0.0528537612581533,0.0482268735627213,0.0522380372025698,0.0556674960876243
0.0528537612581533,0.0482268735627213,0.0522380372025698,0.0556674960876243
0.0528537612581533,0.0482268735627213,0.0522380372025698,0.0556674960876243
0.0528537612581533,0.0482268735627213,0.0522380372025698,0.0556674960876243
0.0528537612581533,0.0482268735627213,0.0522380372025698,0.0556674960876243
0.0528537612581533,0.0482268735627213,0.0522380372025698,0.0556674960876243
0.0528537612581533,0.0482268735627213,0.0522380372025698,0.0556674960876243
0.0528537612581533,0.0482268735627213,0.0522380372025698,0.0556674960876243
0.0528537612581533,0.0482268735627213,0.0522380372025698,0.0556674960876243
0.0528537612581533,0.0482268735627213,0.0522380372025698,0.0556674960876243
0.0528537612581533,0.0482268735627213,0.0522380372025698,0.0556674960876243
0.0528537612581533,0.0482268735627213,0.0522380372025698,0.0556674960876243
0.0528537612581533,0.0482268735627213,0.0522380372025698,0.0556674960876243
0.0528537612581533,0.0482268735627213,0.0522380372025698,0.0556674960876243
0.0528537612581533,0.0482268735627213,0.0522380372025698,0.0556674960876243
0.0528537612581533,0.0482268735627213,0.0522380372025698,0.0556674960876243
0.0528537612581533,0.0482268735627213,0.0522380372025698,0.0556674960876243
0.0528537612581533,0.0482268735627213,0.0522380372025698,0.0556674960876243
0.0528537612581533,0.0482268735627213,0.0522380372025698,0.0556674960876243
0.0528537612581533,0.0482268735627213,0.0522380372025698,0.0556674960876243
0.0528537612581533,0.0482268735627213,0.0522380372025698,0.0556674960876243
0.0528537612581533,0.0482268735627213,0.0522380372025698,0.0556674960876243
0.0528537612581533,0.0482268735627213,0.0522380372025698,0.0556674960876243
0.0528537612581533,0.0482268735627213,0.0522380372025698,0.0556674960876243
0.0528537612581533,0.0482268735627213,0.0522380372025698,0.0556674960876243
0.0528537612581533,0.0482268735627213,0.0522380372025698,0.0556674960876243
0.0528537612581533,0.0482268735627213,0.0522380372025698,0.0556674960876243
0.0528537612581533,0.0482268735627213,0.0522380372025698,0.0556674960876243
0.0528537612581533,0.0482268735627213,0.0522380372025698,0.0556674960876243
0.0528537612581533,0.0482268735627213,0.0522380372025698,0.0556674960876243
0.0528537612581533,0.0482268735627213,0.0522380372025698,0.0556674960876243
0.0528537612581533,0.0482268735627213,0.0522380372025698,0.0556674960876243
0.0528537612581533,0.0482268735627213,0.0522380372025698,0.0556674960876243
0.0528537612581533,0.0482268735627213,0.0522380372025698,0.0556674960876243
0.0528537612581533,0.0482268735627213,0.0522380372025698,0.0556674960876243
0.0528537612581533,0.0482268735627213,0.0522380372025698,0.0556674960876243
0.0528537612581533,0.0482268735627213,0.0522380372025698,0.0556674960876243
0.0528537612581533,0.0482268735627213,0.0522380372025698,0.0556674960876243
0.0528537612581533,0.0482268735627213,0.0471642267155683,0.0556674960876243
0.0528537612581533,0.0482268735627213,0.0471642267155683,0.0556674960876243
0.0528537612581533,0.0482268735627213,0.0471642267155683,0.0556674960876243
0.0528537612581533,0.0482268735627213,0.0471642267155683,0.0556674960876243
0.0528537612581533,0.0482268735627213,0.0471642267155683,0.0556674960876243
0.0528537612581533,0.0482268735627213,0.0471642267155683,0.0556674960876243
0.04862135964828,0.0482268735627213,0.0471642267155683,0.0556674960876243
0.04862135964828,0.0482268735627213,0.0471642267155683,0.0556674960876243
0.04862135964828,0.0482268735627213,0.0471642267155683,0.0556674960876243
0.04862135964828,0.0482268735627213,0.0471642267155683,0.0556674960876243
0.04862135964828,0.0482268735627213,0.0471642267155683,0.0556674960876243
0.04862135964828,0.0482268735627213,0.0471642267155683,0.0556674960876243
0.04862135964828,0.0482268735627213,0.0471642267155683,0.0556674960876243
0.04862135964828,0.0482268735627213,0.0471642267155683,0.0556674960876243
0.04862135964828,0.0482268735627213,0.0471642267155683,0.0556674960876243
0.04862135964828,0.0482268735627213,0.0471642267155683,0.0556674960876243
0.04862135964828,0.0482268735627213,0.0471642267155683,0.0556674960876243
0.04862135964828,0.0482246240648797,0.0471642267155683,0.0556674960876243
0.04862135964828,0.0482246240648797,0.0471642267155683,0.0556674960876243
0.04862135964828,0.0482246240648797,0.0471642267155683,0.0556674960876243
0.04862135964828,0.0482246240648797,0.0471642267155683,0.0556674960876243
0.04862135964828,0.0482246240648797,0.0471642267155683,0.0556674960876243
0.04862135964828,0.0482246240648797,0.0471642267155683,0.0556674960876243
0.04862135964828,0.0482246240648797,0.0471642267155683,0.0556674960876243
0.04862135964828,0.0482246240648797,0.0471642267155683,0.0556674960876243
0.04862135964828,0.0482246240648797,0.0471642267155683,0.0556674960876243
0.04862135964828,0.0482246240648797,0.0471642267155683,0.0556674960876243
0.04862135964828,0.0482246240648797,0.0471642267155683,0.0556674960876243
0.04862135964828,0.0482246240648797,0.0471642267155683,0.0556674960876243
0.04862135964828,0.0482246240648797,0.0471642267155683,0.0556674960876243
0.04862135964828,0.0482246240648797,0.0471642267155683,0.0556674960876243
0.04862135964828,0.0482246240648797,0.0471642267155683,0.0556674960876243
0.04862135964828,0.0482246240648797,0.0471642267155683,0.0556674960876243
0.04862135964828,0.0482246240648797,0.0471642267155683,0.0556674960876243
0.04862135964828,0.0482246240648797,0.0471642267155683,0.0556674960876243
0.04862135964828,0.0482246240648797,0.0471642267155683,0.0556674960876243
0.04862135964828,0.0482246240648797,0.0471642267155683,0.0556674960876243
0.04862135964828,0.0482246240648797,0.0471642267155683,0.0556674960876243
0.04862135964828,0.0482246240648797,0.0471642267155683,0.0556674960876243
0.04862135964828,0.0482246240648797,0.0471642267155683,0.0556674960876243
0.04862135964828,0.0482246240648797,0.0471642267155683,0.0556674960876243
0.04862135964828,0.0482246240648797,0.0471642267155683,0.0556674960876243
0.04862135964828,0.0482246240648797,0.0471642267155683,0.0556674960876243
0.04862135964828,0.0482246240648797,0.0471642267155683,0.0556674960876243
0.04862135964828,0.0482246240648797,0.0471642267155683,0.0556674960876243
0.04862135964828,0.0482246240648797,0.0471642267155683,0.0556674960876243
0.04862135964828,0.0482246240648797,0.0471642267155683,0.0556674960876243
0.04862135964828,0.0482246240648797,0.0471642267155683,0.0556674960876243
0.04862135964828,0.0482246240648797,0.0471642267155683,0.0556674960876243
0.04862135964828,0.0482246240648797,0.0471642267155683,0.0556674960876243
0.04862135964828,0.0482246240648797,0.0471642267155683,0.0556674960876243
0.04862135964828,0.0510300305394738,0.0471642267155683,0.0556674960876243
0.04862135964828,0.0510300305394738,0.0471642267155683,0.0556674960876243
0.04862135964828,0.0510300305394738,0.0471642267155683,0.0556674960876243
0.04862135964828,0.0510300305394738,0.0471642267155683,0.0556674960876243
0.04862135964828,0.0510300305394738,0.0471642267155683,0.0556674960876243
0.04862135964828,0.0510300305394738,0.0471642267155683,0.0556674960876243
0.04862135964828,0.0510300305394738,0.0471642267155683,0.0556674960876243
0.04862135964828,0.0510300305394738,0.0471642267155683,0.0556674960876243
0.04862135964828,0.0510300305394738,0.0471642267155683,0.0556674960876243
0.04862135964828,0.0510300305394738,0.0471642267155683,0.0556674960876243
0.04862135964828,0.0474569824866307,0.0471642267155683,0.0556674960876243
0.04862135964828,0.0474569824866307,0.0471642267155683,0.0556674960876243
0.04862135964828,0.0474569824866307,0.0471642267155683,0.0556674960876243
0.04862135964828,0.0474569824866307,0.0471642267155683,0.0556674960876243
0.04862135964828,0.0474569824866307,0.0471642267155683,0.0556674960876243
0.04862135964828,0.0474569824866307,0.0471642267155683,0.0556674960876243
0.04862135964828,0.0474569824866307,0.0471642267155683,0.0556674960876243
0.04862135964828,0.0474569824866307,0.0471642267155683,0.0556674960876243
0.04862135964828,0.0474569824866307,0.0471642267155683,0.0556674960876243
0.04862135964828,0.0474569824866307,0.0471642267155683,0.0556674960876243
0.04862135964828,0.0457474002748872,0.0471642267155683,0.0556674960876243
0.04862135964828,0.0457474002748872,0.0471642267155683,0.0556674960876243
0.04862135964828,0.0457474002748872,0.0529790700767553,0.0556674960876243
0.04862135964828,0.0457474002748872,0.0529790700767553,0.0556674960876243
0.04862135964828,0.0457474002748872,0.0529790700767553,0.0556674960876243
0.04862135964828,0.0457474002748872,0.0477440407310633,0.0562620540045175
0.04862135964828,0.0457474002748872,0.0477440407310633,0.0562620540045175
0.04862135964828,0.0457474002748872,0.0477440407310633,0.0562620540045175
0.04862135964828,0.0457474002748872,0.0477440407310633,0.0562620540045175
0.04862135964828,0.0457474002748872,0.0477440407310633,0.0562620540045175
0.04862135964828,0.0457474002748872,0.0477440407310633,0.0562620540045175
0.04862135964828,0.0457474002748872,0.0477440407310633,0.0562620540045175
0.04862135964828,0.0457474002748872,0.0477440407310633,0.0562620540045175
0.04862135964828,0.0457474002748872,0.0477440407310633,0.0562620540045175
0.04862135964828,0.0457474002748872,0.0477440407310633,0.0562620540045175
0.04862135964828,0.0457474002748872,0.0477440407310633,0.0562620540045175
0.04862135964828,0.0457474002748872,0.0477440407310633,0.0598433711830777
0.04862135964828,0.0457474002748872,0.0477440407310633,0.0598433711830777
0.04862135964828,0.0457474002748872,0.0477440407310633,0.0598433711830777
0.04862135964828,0.0457474002748872,0.0477440407310633,0.0598433711830777
0.04862135964828,0.0457474002748872,0.0477440407310633,0.0598433711830777
0.04862135964828,0.0457474002748872,0.0477440407310633,0.0598433711830777
0.04862135964828,0.0457474002748872,0.0477440407310633,0.0598433711830777
0.04862135964828,0.0457474002748872,0.0477440407310633,0.0598433711830777
0.04862135964828,0.0457474002748872,0.0477440407310633,0.0598433711830777
0.04862135964828,0.0457474002748872,0.0477440407310633,0.0598433711830777
0.04862135964828,0.0457474002748872,0.0477440407310633,0.0598433711830777
0.04862135964828,0.0457474002748872,0.0477440407310633,0.0598433711830777
0.04862135964828,0.0457474002748872,0.0477440407310633,0.0598433711830777
0.04862135964828,0.0457474002748872,0.0477440407310633,0.0598433711830777
0.04862135964828,0.0457474002748872,0.0477440407310633,0.0598433711830777
0.04862135964828,0.0457474002748872,0.0456772062615763,0.0598433711830777
0.04862135964828,0.0457474002748872,0.0456772062615763,0.0598433711830777
0.04862135964828,0.0457474002748872,0.0456772062615763,0.0598433711830777
0.04862135964828,0.0457474002748872,0.0456772062615763,0.0598433711830777
0.04862135964828,0.0457474002748872,0.0456772062615763,0.0598433711830777
0.04862135964828,0.0457474002748872,0.0456772062615763,0.0519897746692941
0.04862135964828,0.0457474002748872,0.0456772062615763,0.0519897746692941
0.04862135964828,0.0457474002748872,0.0456772062615763,0.0519897746692941
0.04862135964828,0.0457474002748872,0.0456772062615763,0.0519897746692941
0.04862135964828,0.0457474002748872,0.0456772062615763,0.0519897746692941
0.04862135964828,0.0457474002748872,0.0456772062615763,0.0519897746692941
0.04862135964828,0.0457474002748872,0.0456772062615763,0.0519897746692941
0.04862135964828,0.0457474002748872,0.0456772062615763,0.0519897746692941
0.04862135964828,0.0457474002748872,0.0456772062615763,0.0519897746692941
0.04862135964828,0.0457474002748872,0.0456772062615763,0.0519897746692941
0.04862135964828,0.0457474002748872,0.0456772062615763,0.0519897746692941
0.04862135964828,0.0457474002748872,0.0456772062615763,0.0519897746692941
0.04862135964828,0.0457474002748872,0.0456772062615763,0.0519897746692941
0.04862135964828,0.0457474002748872,0.0456772062615763,0.0519897746692941
0.04862135964828,0.0459711056311927,0.0456772062615763,0.0599362142793721
0.04862135964828,0.0459711056311927,0.0456772062615763,0.0599362142793721
0.04862135964828,0.0459711056311927,0.0456772062615763,0.0599362142793721
0.04862135964828,0.0459711056311927,0.0456772062615763,0.0599362142793721
0.04862135964828,0.0459711056311927,0.0456772062615763,0.0599362142793721
0.04862135964828,0.0459711056311927,0.0456772062615763,0.0599362142793721
0.04862135964828,0.0459711056311927,0.0456772062615763,0.0599362142793721
0.04862135964828,0.0459711056311927,0.0456772062615763,0.0599362142793721
0.04862135964828,0.0459711056311927,0.0417642720325959,0.0599362142793721
0.04862135964828,0.0459711056311927,0.0417642720325959,0.0599362142793721
0.0470804293592735,0.0459711056311927,0.0417642720325959,0.0599362142793721
0.0470804293592735,0.0459711056311927,0.0417642720325959,0.0599362142793721
0.0470804293592735,0.0459711056311927,0.0417642720325959,0.0599362142793721
0.0470804293592735,0.0459711056311927,0.0417642720325959,0.0599362142793721
0.0470804293592735,0.0459711056311927,0.0417642720325959,0.0599362142793721
0.0470804293592735,0.0459711056311927,0.0417642720325959,0.0599362142793721
0.0470804293592735,0.0459711056311927,0.0417642720325959,0.0599362142793721
0.0470804293592735,0.0459711056311927,0.0417642720325959,0.0599362142793721
0.0470804293592735,0.0459711056311927,0.0417642720325959,0.0599362142793721
0.0470804293592735,0.0459711056311927,0.0417642720325959,0.0599362142793721
0.0470804293592735,0.0459711056311927,0.0424113531576364,0.0599362142793721
0.0470804293592735,0.0459711056311927,0.0424113531576364,0.0599362142793721
0.0470804293592735,0.0459711056311927,0.0424113531576364,0.0599362142793721
0.0470804293592735,0.0459711056311927,0.0424113531576364,0.0599362142793721
0.0470804293592735,0.0459711056311927,0.0424113531576364,0.0599362142793721
0.0470804293592735,0.0459711056311927,0.0424113531576364,0.0599362142793721
0.0470804293592735,0.0459711056311927,0.0424113531576364,0.0599362142793721
0.0470804293592735,0.0459711056311927,0.0442499609242684,0.0599362142793721
0.0470804293592735,0.0459711056311927,0.0442499609242684,0.0599362142793721
0.0470804293592735,0.0459711056311927,0.0442499609242684,0.0599362142793721
0.0470804293592735,0.0459711056311927,0.0442499609242684,0.0599362142793721
0.0470804293592735,0.0459711056311927,0.0442499609242684,0.0599362142793721
0.047366075681426,0.0459711056311927,0.0442499609242684,0.0599362142793721
0.047366075681426,0.0459711056311927,0.0514622528018566,0.0599362142793721
0.047366075681426,0.0459711056311927,0.0514622528018566,0.0599362142793721
0.047366075681426,0.0459711056311927,0.0514622528018566,0.0599362142793721
0.047366075681426,0.0459711056311927,0.0514622528018566,0.0599362142793721
0.047366075681426,0.0459711056311927,0.0514622528018566,0.0599362142793721
0.047366075681426,0.0459711056311927,0.0514622528018566,0.0599362142793721
0.047366075681426,0.0459711056311927,0.0514622528018566,0.0599362142793721
0.047366075681426,0.0459711056311927,0.0514622528018566,0.0599362142793721
0.047366075681426,0.0459711056311927,0.0514622528018566,0.0599362142793721
0.047366075681426,0.0459711056311927,0.0514622528018566,0.0599362142793721
0.0533077850527589,0.0459711056311927,0.0514622528018566,0.0599362142793721
0.0533077850527589,0.0459711056311927,0.0514622528018566,0.0599362142793721
0.0533077850527589,0.0459711056311927,0.0514622528018566,0.0642519947417961
0.0533077850527589,0.0459711056311927,0.0514622528018566,0.0642519947417961
0.0533077850527589,0.0459711056311927,0.0514622528018566,0.0642519947417961
0.0533077850527589,0.0459711056311927,0.0514622528018566,0.0642519947417961
0.0533077850527589,0.0459711056311927,0.0514622528018566,0.0642519947417961
0.0533077850527589,0.0459711056311927,0.0514622528018566,0.0642519947417961
0.054237265685583,0.0459711056311927,0.0514622528018566,0.0586159890818899
0.054237265685583,0.0459711056311927,0.0514622528018566,0.0586159890818899
0.054237265685583,0.0459711056311927,0.0514622528018566,0.0586159890818899
0.054237265685583,0.0459711056311927,0.0516028552956325,0.0586159890818899
0.054237265685583,0.0459711056311927,0.0516028552956325,0.0586159890818899
0.054237265685583,0.0459711056311927,0.0516028552956325,0.0552876807532307
0.054237265685583,0.0459711056311927,0.0516028552956325,0.0552876807532307
0.054237265685583,0.0459711056311927,0.0516028552956325,0.0552876807532307
0.054237265685583,0.0413079144554725,0.0516028552956325,0.0552876807532307
0.054237265685583,0.0413079144554725,0.0516028552956325,0.0552876807532307
0.054237265685583,0.0413079144554725,0.0516028552956325,0.0552876807532307
0.054237265685583,0.0413079144554725,0.0516028552956325,0.0552876807532307
0.054237265685583,0.0413079144554725,0.0516028552956325,0.0552876807532307
0.054237265685583,0.0413079144554725,0.0516028552956325,0.0552876807532307
0.054237265685583,0.0413079144554725,0.0516028552956325,0.0552876807532307
0.054237265685583,0.0413079144554725,0.0516028552956325,0.0552876807532307
0.054237265685583,0.0413079144554725,0.0516028552956325,0.0552876807532307
0.0572799188177592,0.0413079144554725,0.0516028552956325,0.0552876807532307
0.0572799188177592,0.0413079144554725,0.0516028552956325,0.0552876807532307
0.0572799188177592,0.0413079144554725,0.0516028552956325,0.0551490288630329
0.0527214096886251,0.0413079144554725,0.0516028552956325,0.0551490288630329
0.0527214096886251,0.0413079144554725,0.0516028552956325,0.0551490288630329
0.0527214096886251,0.0413079144554725,0.0516028552956325,0.0551490288630329
0.0527214096886251,0.0413079144554725,0.0516028552956325,0.0551490288630329
0.0527214096886251,0.0413079144554725,0.0516028552956325,0.0551490288630329
0.0527214096886251,0.0413079144554725,0.0516028552956325,0.0551490288630329
0.0527214096886251,0.0413079144554725,0.0516028552956325,0.0551490288630329
0.0527214096886251,0.0413079144554725,0.0516028552956325,0.0551490288630329
0.0527214096886251,0.0413079144554725,0.0516028552956325,0.0551490288630329
0.0527214096886251,0.0413079144554725,0.0545107118144004,0.0551490288630329
0.0527214096886251,0.0413079144554725,0.0545107118144004,0.0551490288630329
0.0527214096886251,0.0413079144554725,0.0545107118144004,0.0551490288630329
0.0527214096886251,0.0413079144554725,0.0545107118144004,0.0551490288630329
0.0527214096886251,0.0413079144554725,0.0545107118144004,0.0551490288630329
0.0527214096886251,0.0413079144554725,0.0545107118144004,0.0551490288630329
0.0527214096886251,0.0413079144554725,0.0545107118144004,0.0564429754998635
0.0527214096886251,0.0413079144554725,0.0545107118144004,0.0564429754998635
0.0527214096886251,0.0413079144554725,0.0545107118144004,0.0564429754998635
0.0527214096886251,0.0413079144554725,0.0545107118144004,0.0564429754998635
0.0527214096886251,0.0413079144554725,0.0576019622471692,0.0564429754998635
0.0527214096886251,0.0413079144554725,0.0576019622471692,0.0564429754998635
0.0527214096886251,0.0413079144554725,0.0576019622471692,0.0564429754998635
0.0527214096886251,0.0413079144554725,0.0576019622471692,0.0564429754998635
0.0527214096886251,0.0413079144554725,0.0576019622471692,0.0564429754998635
0.0527214096886251,0.0413079144554725,0.0576019622471692,0.0564429754998635
0.0527214096886251,0.0413079144554725,0.0576019622471692,0.0564429754998635
0.0527214096886251,0.0413079144554725,0.0576019622471692,0.0564429754998635
0.0527214096886251,0.0413079144554725,0.0576019622471692,0.0564429754998635
0.0527214096886251,0.0413079144554725,0.0576019622471692,0.0564429754998635
0.0527214096886251,0.0413079144554725,0.0576019622471692,0.0527244443289829
0.0527214096886251,0.0452632468718495,0.0576019622471692,0.0527244443289829
0.0527214096886251,0.0452632468718495,0.0576019622471692,0.0527244443289829
0.0527214096886251,0.0452632468718495,0.0576019622471692,0.0527244443289829
0.0527214096886251,0.0452632468718495,0.0576019622471692,0.0527244443289829
0.0527214096886251,0.0452632468718495,0.0576019622471692,0.0527244443289829
0.0527214096886251,0.0452632468718495,0.0576019622471692,0.0527244443289829
0.0527214096886251,0.0452632468718495,0.0576019622471692,0.0527244443289829
0.0527214096886251,0.0452632468718495,0.0576019622471692,0.0527244443289829
0.0527214096886251,0.0452632468718495,0.0576019622471692,0.0527244443289829
0.0527214096886251,0.0452632468718495,0.0576019622471692,0.0527244443289829
0.0527214096886251,0.0452632468718495,0.053297904532754,0.0527244443289829
0.0527214096886251,0.0452632468718495,0.053297904532754,0.0527244443289829
0.0527214096886251,0.0452632468718495,0.053297904532754,0.0527244443289829
0.0527214096886251,0.0452632468718495,0.053297904532754,0.0532979491731719
0.0527214096886251,0.0452632468718495,0.053297904532754,0.0532979491731719
0.0527214096886251,0.0452632468718495,0.053297904532754,0.0532979491731719
0.0527214096886251,0.0452632468718495,0.053297904532754,0.0532979491731719
0.0527214096886251,0.0452632468718495,0.053297904532754,0.0533481387805031
0.0527214096886251,0.0452632468718495,0.053297904532754,0.0533481387805031
0.0527214096886251,0.0452632468718495,0.053297904532754,0.0533481387805031
0.0527214096886251,0.0452632468718495,0.053297904532754,0.0533481387805031
0.0527214096886251,0.0481122248003249,0.053297904532754,0.0533481387805031
0.0527214096886251,0.0481122248003249,0.053297904532754,0.0533481387805031
0.0527214096886251,0.0481122248003249,0.053297904532754,0.0533481387805031
0.0527214096886251,0.0481122248003249,0.053297904532754,0.0533481387805031
0.0527214096886251,0.0481122248003249,0.053297904532754,0.0533481387805031
0.0527214096886251,0.0481122248003249,0.053297904532754,0.0533481387805031
0.0527214096886251,0.0481122248003249,0.053297904532754,0.0533481387805031
0.0527214096886251,0.0481122248003249,0.053297904532754,0.0533481387805031
0.0527214096886251,0.0481122248003249,0.053297904532754,0.0533481387805031
0.0527214096886251,0.0472351953451292,0.053297904532754,0.0533481387805031
0.0527214096886251,0.0472351953451292,0.053297904532754,0.0533481387805031
0.0527214096886251,0.0472351953451292,0.053297904532754,0.0533481387805031
0.0527214096886251,0.0472351953451292,0.053297904532754,0.0533481387805031
0.0527214096886251,0.0472351953451292,0.053297904532754,0.0533481387805031
0.0527214096886251,0.0472351953451292,0.053297904532754,0.0533481387805031
0.0527214096886251,0.0472351953451292,0.053297904532754,0.0533481387805031
0.0527214096886251,0.0472351953451292,0.053297904532754,0.0533481387805031
0.0527214096886251,0.0472351953451292,0.053297904532754,0.0533481387805031
0.0527214096886251,0.0472351953451292,0.053297904532754,0.0533481387805031
0.0527214096886251,0.0472351953451292,0.053297904532754,0.0533481387805031
0.0527214096886251,0.0472351953451292,0.053297904532754,0.0533481387805031
0.0527214096886251,0.0472351953451292,0.053297904532754,0.0533481387805031
0.0527214096886251,0.0472351953451292,0.053297904532754,0.0533481387805031
0.0527214096886251,0.0472351953451292,0.053297904532754,0.0533481387805031
0.0527214096886251,0.0472351953451292,0.053297904532754,0.0533481387805031
0.0527214096886251,0.0472351953451292,0.053297904532754,0.0533481387805031
0.0527214096886251,0.0472351953451292,0.053297904532754,0.0533481387805031
0.0527214096886251,0.0472351953451292,0.053297904532754,0.0533481387805031
0.0527214096886251,0.0472351953451292,0.053297904532754,0.0565415468467357
0.0527214096886251,0.0472351953451292,0.053297904532754,0.0565415468467357
0.0527214096886251,0.0472351953451292,0.053297904532754,0.0565415468467357
0.0527214096886251,0.0472351953451292,0.0552665743543242,0.0565415468467357
0.0527214096886251,0.0472351953451292,0.0552665743543242,0.0541552729306067
0.0527214096886251,0.0472351953451292,0.0552665743543242,0.0541552729306067
0.0557822540961057,0.0472351953451292,0.0552665743543242,0.0541552729306067
0.0557822540961057,0.0472351953451292,0.0552665743543242,0.0541552729306067
0.0557822540961057,0.0472351953451292,0.0552665743543242,0.0541552729306067
0.0557822540961057,0.0472351953451292,0.0552665743543242,0.0541552729306067
0.0557822540961057,0.0472351953451292,0.0552665743543242,0.0541552729306067
0.0557822540961057,0.0472351953451292,0.0552665743543242,0.0541552729306067
0.0557822540961057,0.0472351953451292,0.0552665743543242,0.0541552729306067
0.0517162783751449,0.0472351953451292,0.0552665743543242,0.0541552729306067
0.0517162783751449,0.0472351953451292,0.0552665743543242,0.0541552729306067
0.0517162783751449,0.0472351953451292,0.0552665743543242,0.0541552729306067
0.0517162783751449,0.0472351953451292,0.0552665743543242,0.0541552729306067
0.0527477091144074,0.0472351953451292,0.0552665743543242,0.0541552729306067
0.0527477091144074,0.0472351953451292,0.0552665743543242,0.0541552729306067
0.0527477091144074,0.0472351953451292,0.0552665743543242,0.0541552729306067
0.0527477091144074,0.0472351953451292,0.0552665743543242,0.0541552729306067
0.0527477091144074,0.0472351953451292,0.0552665743543242,0.0541552729306067
0.0527477091144074,0.0472351953451292,0.0552665743543242,0.0541552729306067
0.0527477091144074,0.0472351953451292,0.0552665743543242,0.0541552729306067
0.0527477091144074,0.0472351953451292,0.0552665743543242,0.0541552729306067
0.0527477091144074,0.0472351953451292,0.0552665743543242,0.0541552729306067
0.0527477091144074,0.0472351953451292,0.0552665743543242,0.0541552729306067
0.0527477091144074,0.0472351953451292,0.0552665743543242,0.0541552729306067
0.0527477091144074,0.0472351953451292,0.0552665743543242,0.0541552729306067
0.0527477091144074,0.0472351953451292,0.0552665743543242,0.0541552729306067
0.0527477091144074,0.0472351953451292,0.0552665743543242,0.0541552729306067
0.055218824119403,0.0472351953451292,0.0552665743543242,0.0541552729306067
0.055218824119403,0.0472351953451292,0.0552665743543242,0.0541552729306067
0.055218824119403,0.0472351953451292,0.0552665743543242,0.0541552729306067
0.055218824119403,0.0472351953451292,0.0552665743543242,0.0541552729306067
0.055218824119403,0.0472351953451292,0.0552665743543242,0.0541552729306067
0.055218824119403,0.0472351953451292,0.0552665743543242,0.0541552729306067
0.055218824119403,0.0472351953451292,0.0552665743543242,0.0541552729306067
0.055218824119403,0.0436788063020691,0.0552665743543242,0.0541552729306067
0.055218824119403,0.0436788063020691,0.0552665743543242,0.0506378977013775
0.055218824119403,0.0440424419886752,0.0552665743543242,0.0506378977013775
0.055218824119403,0.0440424419886752,0.0552665743543242,0.0506378977013775
0.055218824119403,0.0440424419886752,0.0552665743543242,0.0458965379277189
0.055218824119403,0.0440424419886752,0.0552665743543242,0.0586809261113496
0.055218824119403,0.0440424419886752,0.0552665743543242,0.0586809261113496
0.055218824119403,0.0440424419886752,0.0552665743543242,0.0501391626404085
0.055218824119403,0.0440424419886752,0.0552665743543242,0.0501391626404085
0.055218824119403,0.0440424419886752,0.0552665743543242,0.0501391626404085
0.0555597796237159,0.0440424419886752,0.0552665743543242,0.0501391626404085
0.0555597796237159,0.0440424419886752,0.0552665743543242,0.0501391626404085
0.0555597796237159,0.0482417933891068,0.0552665743543242,0.0501391626404085
0.0555597796237159,0.0482417933891068,0.0552665743543242,0.0501391626404085
0.0555597796237159,0.0482417933891068,0.0552665743543242,0.0501391626404085
0.0555597796237159,0.0482417933891068,0.0552665743543242,0.0501391626404085
0.0555597796237159,0.0482417933891068,0.0552665743543242,0.0471766340614981
0.0555597796237159,0.0482417933891068,0.0552665743543242,0.0471766340614981
0.0555597796237159,0.0482417933891068,0.0552665743543242,0.0471766340614981
0.0555597796237159,0.0482417933891068,0.0552665743543242,0.0471766340614981
0.0555597796237159,0.0482417933891068,0.0552665743543242,0.0471766340614981
0.0555597796237159,0.0482417933891068,0.0552665743543242,0.0471766340614981
0.0555597796237159,0.0482417933891068,0.0552665743543242,0.0471766340614981
0.0555597796237159,0.0482417933891068,0.0552665743543242,0.0471766340614981
0.0555597796237159,0.0482417933891068,0.0552665743543242,0.0471766340614981
0.0555597796237159,0.0482417933891068,0.0552665743543242,0.0471766340614981
0.0555597796237159,0.0482417933891068,0.0552665743543242,0.0471766340614981
0.0555597796237159,0.0482417933891068,0.0552665743543242,0.0497598448412594
0.0555597796237159,0.0482417933891068,0.0552665743543242,0.0532835934738243
0.0555597796237159,0.0482417933891068,0.0552665743543242,0.0532835934738243
0.0555597796237159,0.0517589586119789,0.0552665743543242,0.0532835934738243
0.0555597796237159,0.0517589586119789,0.0552665743543242,0.0532835934738243
0.0555597796237159,0.0517589586119789,0.0552665743543242,0.0532835934738243
0.0555597796237159,0.0517589586119789,0.0552665743543242,0.0532835934738243
0.0555597796237159,0.0517589586119789,0.0552665743543242,0.0532835934738243
0.0555597796237159,0.0517589586119789,0.0552665743543242,0.0532835934738243
0.050694550357902,0.0517589586119789,0.0552665743543242,0.0532835934738243
0.050694550357902,0.0517589586119789,0.0552665743543242,0.0532835934738243
0.0544695348286534,0.0517589586119789,0.0552665743543242,0.0532835934738243
0.0544695348286534,0.0517589586119789,0.0552665743543242,0.0532835934738243
0.0544695348286534,0.0517589586119789,0.0552665743543242,0.0532835934738243
0.0544695348286534,0.0517589586119789,0.0552665743543242,0.0532835934738243
0.0544695348286534,0.0517589586119789,0.0552665743543242,0.0532835934738243
0.0544695348286534,0.0517589586119789,0.0552665743543242,0.0532835934738243
0.0544695348286534,0.0517589586119789,0.0552665743543242,0.0532835934738243
0.0544695348286534,0.0517589586119789,0.0552665743543242,0.0532835934738243
0.0544695348286534,0.0517589586119789,0.0552665743543242,0.0532835934738243
0.0544695348286534,0.0517589586119789,0.0552665743543242,0.0532835934738243
0.0544695348286534,0.0517589586119789,0.0552665743543242,0.0532835934738243
0.0526870895767741,0.0517589586119789,0.0552665743543242,0.0532835934738243
0.0526870895767741,0.0517589586119789,0.0552665743543242,0.0532835934738243
0.0526870895767741,0.0517589586119789,0.0552665743543242,0.0532835934738243
0.0526870895767741,0.0517589586119789,0.0552665743543242,0.0532835934738243
0.0526870895767741,0.0517589586119789,0.0552665743543242,0.0532835934738243
0.0514815554931387,0.0592741263634028,0.0552665743543242,0.0532835934738243
0.0514815554931387,0.0592741263634028,0.0552665743543242,0.0505102974820391
0.0490196912589255,0.0552705109350788,0.0552665743543242,0.0505102974820391
0.0490196912589255,0.0552705109350788,0.0552665743543242,0.0505102974820391
0.0490196912589255,0.0552705109350788,0.0552665743543242,0.0505102974820391
0.0490196912589255,0.0552705109350788,0.0552665743543242,0.0505102974820391
0.0490196912589255,0.0552705109350788,0.0552665743543242,0.0619720570603744
0.0490196912589255,0.0552705109350788,0.0552665743543242,0.0619720570603744
0.0490196912589255,0.0552705109350788,0.0552665743543242,0.0619720570603744
0.0490196912589255,0.0552705109350788,0.0552665743543242,0.0619720570603744
0.0490196912589255,0.0552705109350788,0.0552665743543242,0.0619720570603744
0.0490196912589255,0.0552705109350788,0.0552665743543242,0.0619720570603744
0.0490196912589255,0.0552705109350788,0.0552665743543242,0.0619720570603744
0.0490196912589255,0.0552705109350788,0.0552665743543242,0.0619720570603744
0.0490196912589255,0.0552705109350788,0.0552665743543242,0.0619720570603744
0.0490196912589255,0.0552705109350788,0.0552665743543242,0.0619720570603744
0.0490196912589255,0.0552705109350788,0.0552665743543242,0.0619720570603744
0.0490196912589255,0.0552705109350788,0.0552665743543242,0.0619720570603744
0.0490196912589255,0.0552705109350788,0.0556822307174482,0.0619720570603744
0.0490196912589255,0.0552705109350788,0.0556822307174482,0.0619720570603744
0.0490196912589255,0.0552705109350788,0.0556822307174482,0.0619720570603744
0.0490196912589255,0.0552705109350788,0.0556822307174482,0.0619720570603744
0.0490196912589255,0.0552705109350788,0.0556822307174482,0.0619720570603744
0.0490196912589255,0.0552705109350788,0.0556822307174482,0.0619720570603744
0.0490196912589255,0.0552705109350788,0.0556822307174482,0.0619720570603744
0.0490196912589255,0.0552705109350788,0.0556822307174482,0.0619720570603744
0.0490196912589255,0.0552705109350788,0.0556822307174482,0.0619720570603744
0.0490196912589255,0.0552705109350788,0.0556822307174482,0.0619720570603744
0.0490196912589255,0.0552705109350788,0.0556822307174482,0.0619720570603744
0.0490196912589255,0.0552705109350788,0.0556822307174482,0.0619720570603744
0.0490196912589255,0.0552705109350788,0.0556822307174482,0.0619720570603744
0.0490196912589255,0.0552705109350788,0.0556822307174482,0.0619720570603744
0.0490196912589255,0.0552705109350788,0.0556822307174482,0.0619720570603744
0.0490196912589255,0.0552705109350788,0.0556822307174482,0.0619720570603744
0.0490196912589255,0.0552705109350788,0.0556822307174482,0.0619720570603744
0.0490196912589255,0.0525233072718468,0.0556822307174482,0.0619720570603744
0.0490196912589255,0.0525233072718468,0.0556822307174482,0.0619720570603744
0.0490196912589255,0.0504814993523326,0.0556822307174482,0.0619720570603744
0.0490196912589255,0.0504814993523326,0.0556822307174482,0.0619720570603744
0.0490196912589255,0.0504814993523326,0.0556822307174482,0.0619720570603744
0.0490196912589255,0.0504814993523326,0.0556822307174482,0.0619720570603744
0.0490196912589255,0.0504814993523326,0.0556822307174482,0.0619720570603744
0.0490196912589255,0.0504814993523326,0.0556822307174482,0.0619720570603744
0.0490196912589255,0.0504814993523326,0.0556822307174482,0.0619720570603744
0.0490196912589255,0.0504814993523326,0.0556822307174482,0.0619720570603744
0.0490196912589255,0.0504814993523326,0.0556822307174482,0.0619720570603744
0.0490196912589255,0.0504814993523326,0.0556822307174482,0.0619720570603744
0.0490196912589255,0.0504814993523326,0.0556822307174482,0.0619720570603744
0.0490196912589255,0.0504814993523326,0.0556822307174482,0.0619720570603744
0.0490196912589255,0.0504814993523326,0.0556822307174482,0.0619720570603744
0.0490196912589255,0.0504814993523326,0.0556822307174482,0.0619720570603744
0.0490196912589255,0.0512833412624767,0.0556822307174482,0.0619720570603744
0.0490196912589255,0.0512833412624767,0.0556822307174482,0.0619720570603744
0.0490196912589255,0.0512833412624767,0.0556822307174482,0.0619720570603744
0.0490196912589255,0.0512833412624767,0.0556822307174482,0.0619720570603744
0.0490196912589255,0.0512833412624767,0.0556822307174482,0.0619720570603744
0.0490196912589255,0.0512833412624767,0.0556822307174482,0.0619720570603744
0.0490196912589255,0.0512833412624767,0.0556822307174482,0.0619720570603744
0.0490196912589255,0.0512833412624767,0.0556822307174482,0.0619720570603744
0.0490196912589255,0.0512833412624767,0.0556822307174482,0.0619720570603744
0.0490196912589255,0.0512833412624767,0.0556822307174482,0.0619720570603744
0.0490196912589255,0.0512833412624767,0.0595198978248898,0.0619720570603744
0.0490196912589255,0.0512833412624767,0.0595198978248898,0.0619720570603744
0.0490196912589255,0.0512833412624767,0.0595198978248898,0.0619720570603744
0.0490196912589255,0.0512833412624767,0.0595198978248898,0.0619720570603744
0.0490196912589255,0.0512833412624767,0.0595198978248898,0.0654895693028829
0.0490196912589255,0.0512833412624767,0.0595198978248898,0.0654895693028829
0.0490196912589255,0.0512833412624767,0.0595198978248898,0.0654895693028829
0.0490196912589255,0.0512833412624767,0.0595198978248898,0.0654895693028829
0.0490196912589255,0.0512833412624767,0.0595198978248898,0.0654895693028829
0.0490196912589255,0.0512833412624767,0.0595198978248898,0.0654895693028829
0.0490196912589255,0.0512833412624767,0.0595198978248898,0.0654895693028829
0.0490196912589255,0.0512833412624767,0.0595198978248898,0.0654895693028829
0.0490196912589255,0.0512833412624767,0.0595198978248898,0.0654895693028829
0.0490196912589255,0.0512833412624767,0.0595198978248898,0.0654895693028829
0.0490196912589255,0.0512833412624767,0.0556891499252791,0.0654895693028829
0.0490196912589255,0.0512833412624767,0.0556891499252791,0.0654895693028829
0.0490196912589255,0.0512833412624767,0.0556891499252791,0.0654895693028829
0.0490196912589255,0.0512833412624767,0.0556891499252791,0.0654895693028829
0.0490196912589255,0.0512833412624767,0.0556891499252791,0.0654895693028829
0.0490196912589255,0.0512833412624767,0.0556891499252791,0.0654895693028829
0.0490196912589255,0.0512833412624767,0.0556891499252791,0.0654895693028829
0.0490196912589255,0.0512833412624767,0.0556891499252791,0.0654895693028829
0.0490196912589255,0.0512833412624767,0.0556891499252791,0.0654895693028829
0.0490196912589255,0.0512833412624767,0.0556891499252791,0.0654895693028829
0.0490196912589255,0.0512833412624767,0.0556891499252791,0.0654895693028829
0.0490196912589255,0.0512833412624767,0.0556891499252791,0.0654895693028829
0.0490196912589255,0.0512833412624767,0.0556891499252791,0.0654895693028829
0.0490196912589255,0.0512833412624767,0.0556891499252791,0.0654895693028829
0.0490196912589255,0.0512833412624767,0.0556891499252791,0.0654895693028829
0.0490196912589255,0.0512833412624767,0.0556891499252791,0.0679449104541237
0.0490196912589255,0.0512833412624767,0.0556891499252791,0.0679449104541237
0.0490196912589255,0.0512833412624767,0.0556891499252791,0.0679449104541237
0.0490196912589255,0.0512833412624767,0.0556891499252791,0.0679449104541237
0.0490196912589255,0.0512833412624767,0.0556891499252791,0.0679449104541237
0.0490196912589255,0.0512833412624767,0.0556891499252791,0.0679449104541237
0.0490196912589255,0.0512833412624767,0.0556891499252791,0.0679449104541237
0.0490196912589255,0.0512833412624767,0.0556891499252791,0.0679449104541237
0.0490196912589255,0.0512833412624767,0.0556891499252791,0.0679449104541237
0.0490196912589255,0.0512833412624767,0.0556891499252791,0.0679449104541237
0.0490196912589255,0.0502521358278555,0.0556891499252791,0.0679449104541237
0.0490196912589255,0.0502521358278555,0.0556891499252791,0.0679449104541237
0.0490196912589255,0.0510576742269553,0.0556891499252791,0.0679449104541237
0.0490196912589255,0.0510576742269553,0.0556891499252791,0.0679449104541237
0.0490196912589255,0.0510576742269553,0.0556891499252791,0.0679449104541237
0.0490196912589255,0.0510576742269553,0.0556891499252791,0.0679449104541237
0.0486068868865386,0.0510576742269553,0.0556891499252791,0.0679449104541237
0.0486068868865386,0.0510576742269553,0.0556891499252791,0.0679449104541237
0.0486068868865386,0.0510576742269553,0.0556891499252791,0.0679449104541237
0.0486068868865386,0.0510576742269553,0.0556891499252791,0.0679449104541237
0.0486068868865386,0.0510576742269553,0.0556891499252791,0.0679449104541237
0.0486068868865386,0.0510576742269553,0.0556891499252791,0.0679449104541237
0.0486068868865386,0.0510576742269553,0.0582807509343429,0.0597466982247142
0.0486068868865386,0.0510576742269553,0.0582807509343429,0.0597466982247142
0.0486068868865386,0.0510576742269553,0.0582807509343429,0.0597466982247142
0.0486068868865386,0.0510576742269553,0.0582807509343429,0.0597466982247142
0.0486068868865386,0.0510576742269553,0.0582807509343429,0.0597466982247142
0.0486068868865386,0.0510576742269553,0.0582807509343429,0.0597466982247142
0.0486068868865386,0.0510576742269553,0.0582807509343429,0.0597466982247142
0.0486068868865386,0.0510576742269553,0.0582807509343429,0.0597466982247142
0.0486068868865386,0.0510576742269553,0.0582807509343429,0.0597466982247142
0.0486068868865386,0.0510576742269553,0.0582807509343429,0.0597466982247142
0.0486068868865386,0.0510576742269553,0.0582807509343429,0.0597466982247142
0.0486068868865386,0.0510576742269553,0.0582807509343429,0.0597466982247142
0.055099940603357,0.0480076343815726,0.0582807509343429,0.0597466982247142
0.055099940603357,0.0480076343815726,0.0582807509343429,0.0597466982247142
0.055099940603357,0.0480076343815726,0.0582807509343429,0.0597466982247142
0.055099940603357,0.0480076343815726,0.0582807509343429,0.0597466982247142
0.055099940603357,0.0454375419918316,0.0582807509343429,0.0597466982247142
0.055099940603357,0.0454375419918316,0.0582807509343429,0.0597466982247142
0.055099940603357,0.0454375419918316,0.0582807509343429,0.0597466982247142
0.055099940603357,0.0454375419918316,0.0582807509343429,0.0597466982247142
0.055099940603357,0.0454375419918316,0.0582807509343429,0.0597466982247142
0.055099940603357,0.0454375419918316,0.0582807509343429,0.0680583407176979
0.055099940603357,0.0454375419918316,0.0582807509343429,0.0680583407176979
0.0523007123566148,0.0454375419918316,0.0582807509343429,0.0680583407176979
0.0523007123566148,0.0454375419918316,0.0582807509343429,0.0680583407176979
0.0523007123566148,0.0454375419918316,0.0582807509343429,0.0680583407176979
0.0523007123566148,0.0454375419918316,0.0582807509343429,0.0680583407176979
0.0523007123566148,0.0466670876539811,0.0582807509343429,0.0680583407176979
0.0523007123566148,0.0466670876539811,0.0582807509343429,0.0680583407176979
0.0523007123566148,0.0466670876539811,0.0582807509343429,0.0680583407176979
0.0523007123566148,0.0466670876539811,0.0582807509343429,0.0680583407176979
0.0523007123566148,0.0466670876539811,0.059606675779476,0.0680583407176979
0.0523007123566148,0.0466670876539811,0.059606675779476,0.0680583407176979
0.0523007123566148,0.0466670876539811,0.059606675779476,0.0583937620524351
0.0523007123566148,0.0466670876539811,0.059606675779476,0.0583937620524351
0.0523007123566148,0.0466670876539811,0.059606675779476,0.0583937620524351
0.0523007123566148,0.0466670876539811,0.059606675779476,0.0583937620524351
0.0523007123566148,0.0466670876539811,0.059606675779476,0.0583937620524351
0.0523007123566148,0.0466670876539811,0.059606675779476,0.0583937620524351
0.0523007123566148,0.0466670876539811,0.059606675779476,0.0583937620524351
0.0523007123566148,0.0466670876539811,0.059606675779476,0.0583937620524351
0.0523007123566148,0.0466670876539811,0.059606675779476,0.0583937620524351
0.0523007123566148,0.0466670876539811,0.059606675779476,0.0583937620524351
0.049048518449277,0.0466670876539811,0.059606675779476,0.0583937620524351
0.049048518449277,0.0537083805365287,0.059606675779476,0.0551344628279881
0.049048518449277,0.0537083805365287,0.059606675779476,0.0551344628279881
0.049048518449277,0.0537083805365287,0.059606675779476,0.0551344628279881
0.049048518449277,0.0537083805365287,0.059606675779476,0.0551344628279881
0.049048518449277,0.0537083805365287,0.059606675779476,0.0551344628279881
0.049048518449277,0.0537083805365287,0.059606675779476,0.0551344628279881
0.049048518449277,0.0537083805365287,0.059606675779476,0.0551344628279881
0.05004019717071,0.0537083805365287,0.059606675779476,0.0551344628279881
0.05004019717071,0.0537083805365287,0.059606675779476,0.0551344628279881
0.05004019717071,0.0537083805365287,0.059606675779476,0.0551344628279881
0.05004019717071,0.0537083805365287,0.059606675779476,0.0551344628279881
0.05004019717071,0.0537083805365287,0.059606675779476,0.0551344628279881
0.05004019717071,0.0537083805365287,0.059606675779476,0.0551344628279881
0.05004019717071,0.0537083805365287,0.059606675779476,0.0551344628279881
0.05004019717071,0.0537083805365287,0.059606675779476,0.0551344628279881
0.05004019717071,0.0537083805365287,0.059606675779476,0.0551344628279881
0.05004019717071,0.0537083805365287,0.059606675779476,0.0551344628279881
0.05004019717071,0.0537083805365287,0.059606675779476,0.0551344628279881
0.05004019717071,0.0537083805365287,0.059606675779476,0.0551344628279881
0.05004019717071,0.0537083805365287,0.059606675779476,0.0551344628279881
0.05004019717071,0.0537083805365287,0.059606675779476,0.055091629976598
0.05004019717071,0.0537083805365287,0.059606675779476,0.055091629976598
0.05004019717071,0.0537083805365287,0.059606675779476,0.055091629976598
0.05004019717071,0.0537083805365287,0.059606675779476,0.055091629976598
0.05004019717071,0.0537083805365287,0.059606675779476,0.055091629976598
0.05004019717071,0.0537083805365287,0.059606675779476,0.055091629976598
0.05004019717071,0.0537083805365287,0.059606675779476,0.055091629976598
0.05004019717071,0.0537083805365287,0.059606675779476,0.055091629976598
0.05004019717071,0.0537083805365287,0.059606675779476,0.055091629976598
0.05004019717071,0.0537083805365287,0.059606675779476,0.055091629976598
0.05004019717071,0.0537083805365287,0.059606675779476,0.055091629976598
0.05004019717071,0.0537083805365287,0.059606675779476,0.055091629976598
0.05004019717071,0.0537083805365287,0.059606675779476,0.055091629976598
0.05004019717071,0.04935501474462,0.059606675779476,0.055091629976598
0.05004019717071,0.04935501474462,0.059606675779476,0.055091629976598
0.05004019717071,0.04935501474462,0.059606675779476,0.055091629976598
0.05004019717071,0.04935501474462,0.059606675779476,0.0499306900772505
0.0541769392254872,0.04935501474462,0.059606675779476,0.0499306900772505
0.0541769392254872,0.04935501474462,0.059606675779476,0.0499306900772505
0.0541769392254872,0.0477760676679475,0.059606675779476,0.0499306900772505
0.0541769392254872,0.0477760676679475,0.059606675779476,0.0499306900772505
0.0541769392254872,0.0477760676679475,0.059606675779476,0.0499306900772505
0.0541769392254872,0.0477760676679475,0.059606675779476,0.0499306900772505
0.0541769392254872,0.0477760676679475,0.059606675779476,0.0499306900772505
0.0541769392254872,0.0477760676679475,0.059606675779476,0.0492061996361941
0.0541769392254872,0.0477760676679475,0.059606675779476,0.0492061996361941
0.0541769392254872,0.0477760676679475,0.059606675779476,0.0492061996361941
0.0541769392254872,0.0477760676679475,0.059606675779476,0.0492061996361941
0.0541769392254872,0.0477760676679475,0.059606675779476,0.0492061996361941
0.0541769392254872,0.0477760676679475,0.059606675779476,0.0492061996361941
0.0541769392254872,0.0477760676679475,0.059606675779476,0.0492061996361941
0.0541769392254872,0.0477760676679475,0.059606675779476,0.0573052055164093
0.0541769392254872,0.0477760676679475,0.059606675779476,0.0573052055164093
0.0541769392254872,0.0477760676679475,0.059606675779476,0.0573052055164093
0.0541769392254872,0.0477760676679475,0.059606675779476,0.0573052055164093
0.0541769392254872,0.0477760676679475,0.059606675779476,0.0573052055164093
0.0541769392254872,0.0477760676679475,0.059606675779476,0.0573052055164093
0.0541769392254872,0.0477760676679475,0.0584014011966399,0.0573052055164093
0.0541769392254872,0.0477760676679475,0.0584014011966399,0.0573052055164093
0.0541769392254872,0.0477760676679475,0.0584014011966399,0.0573052055164093
0.0541769392254872,0.0570973746028961,0.0584014011966399,0.0573052055164093
0.0541769392254872,0.0570973746028961,0.0584014011966399,0.0573052055164093
0.0541769392254872,0.0570973746028961,0.0584014011966399,0.0573052055164093
0.0541769392254872,0.0570973746028961,0.0584014011966399,0.0573052055164093
0.0503939340840157,0.0570973746028961,0.0584014011966399,0.0441244131519052
0.0503939340840157,0.0570973746028961,0.0584014011966399,0.0441244131519052
0.0503939340840157,0.0570973746028961,0.0584014011966399,0.0441244131519052
0.0503939340840157,0.0570973746028961,0.0584014011966399,0.0441244131519052
0.0503939340840157,0.0570973746028961,0.0584014011966399,0.0441244131519052
0.0503939340840157,0.0570973746028961,0.0584014011966399,0.0441244131519052
0.0503939340840157,0.0570973746028961,0.0584014011966399,0.0441244131519052
0.0503939340840157,0.0570973746028961,0.0584014011966399,0.0441244131519052
0.0503939340840157,0.0570973746028961,0.0584014011966399,0.0441244131519052
0.0503939340840157,0.0570973746028961,0.0584014011966399,0.0441244131519052
0.0503939340840157,0.0570973746028961,0.0584014011966399,0.0441244131519052
0.0503939340840157,0.0515662906918464,0.0584014011966399,0.0441244131519052
0.0503939340840157,0.0515662906918464,0.0584014011966399,0.0441244131519052
0.0503939340840157,0.0515662906918464,0.0584014011966399,0.0441244131519052
0.0503939340840157,0.0515662906918464,0.0584014011966399,0.0441244131519052
0.0503939340840157,0.0515662906918464,0.0584014011966399,0.0441244131519052
0.0503939340840157,0.0515662906918464,0.0584014011966399,0.0441244131519052
0.0503939340840157,0.0515662906918464,0.0584014011966399,0.0441244131519052
0.0503939340840157,0.0515662906918464,0.0584014011966399,0.0441244131519052
0.0503939340840157,0.0515662906918464,0.0584014011966399,0.0441244131519052
0.0503939340840157,0.0515662906918464,0.0584014011966399,0.0479198523822441
0.0503939340840157,0.0515662906918464,0.0584014011966399,0.0479198523822441
0.0503939340840157,0.0515662906918464,0.0584014011966399,0.0479198523822441
0.0503939340840157,0.0515662906918464,0.0584014011966399,0.0479198523822441
0.0503939340840157,0.0515662906918464,0.0584014011966399,0.0479198523822441
0.0503939340840157,0.0515662906918464,0.0584014011966399,0.0479198523822441
0.0503939340840157,0.0515662906918464,0.0584014011966399,0.0479198523822441
0.0503939340840157,0.0515662906918464,0.0584014011966399,0.0479198523822441
0.0503939340840157,0.0515662906918464,0.0584014011966399,0.0479198523822441
0.0503939340840157,0.0515662906918464,0.0584014011966399,0.0479198523822441
0.0503939340840157,0.0515662906918464,0.0584014011966399,0.0479198523822441
0.0503939340840157,0.0515662906918464,0.0584014011966399,0.0479198523822441
0.0503939340840157,0.0515662906918464,0.0584014011966399,0.0479198523822441
0.0503939340840157,0.0515662906918464,0.0584014011966399,0.0479198523822441
0.0503939340840157,0.0515662906918464,0.0584014011966399,0.0479198523822441
0.0503939340840157,0.0515662906918464,0.0584014011966399,0.0479198523822441
0.0503939340840157,0.0515662906918464,0.0584014011966399,0.0479198523822441
0.0503939340840157,0.0515662906918464,0.0584014011966399,0.0525839909085845
0.0503939340840157,0.0515662906918464,0.0584014011966399,0.0525839909085845
0.0503939340840157,0.0515662906918464,0.0571785320136992,0.0525839909085845
0.0503939340840157,0.0515662906918464,0.0571785320136992,0.0525839909085845
0.0503939340840157,0.0515662906918464,0.0571785320136992,0.0525839909085845
0.0503939340840157,0.0515662906918464,0.0571785320136992,0.0525839909085845
0.0503939340840157,0.0515662906918464,0.0571785320136992,0.0525839909085845
0.0503939340840157,0.0515662906918464,0.0483325290747939,0.0525839909085845
0.0503939340840157,0.0515662906918464,0.0483325290747939,0.0525839909085845
0.0503939340840157,0.0515662906918464,0.0483325290747939,0.0525839909085845
0.0503939340840157,0.0515662906918464,0.0483325290747939,0.0525839909085845
0.0503939340840157,0.0515662906918464,0.0483325290747939,0.0525839909085845
0.0503939340840157,0.0515662906918464,0.0483325290747939,0.0525839909085845
0.0503939340840157,0.0515662906918464,0.0483325290747939,0.0525839909085845
0.0503939340840157,0.0515662906918464,0.0483325290747939,0.0525839909085845
0.0503939340840157,0.0515662906918464,0.0483325290747939,0.0627610116864042
0.0503939340840157,0.0515662906918464,0.0483325290747939,0.0627610116864042
0.0503939340840157,0.0515662906918464,0.0483325290747939,0.0627610116864042
0.0503939340840157,0.0515662906918464,0.0483325290747939,0.0627610116864042
0.0503939340840157,0.0515662906918464,0.0483325290747939,0.0627610116864042
0.0503939340840157,0.0515662906918464,0.0483325290747939,0.0627610116864042
0.0503939340840157,0.0515662906918464,0.0483325290747939,0.0627610116864042
0.0503939340840157,0.0515662906918464,0.0483325290747939,0.0627610116864042
0.0503939340840157,0.0515662906918464,0.0483325290747939,0.0627610116864042
0.0503939340840157,0.0515662906918464,0.0483325290747939,0.0627610116864042
0.0503939340840157,0.0515662906918464,0.0483325290747939,0.0627610116864042
0.0503939340840157,0.0515662906918464,0.0483325290747939,0.0627610116864042
0.0503939340840157,0.0515662906918464,0.0523096599369621,0.0627610116864042
0.0503939340840157,0.0515662906918464,0.0523096599369621,0.0627610116864042
0.0503939340840157,0.0515662906918464,0.0523096599369621,0.0627610116864042
0.0503939340840157,0.0515662906918464,0.0523096599369621,0.0569275727440219
0.0503939340840157,0.0515662906918464,0.0523096599369621,0.0569275727440219
0.0503939340840157,0.0515662906918464,0.0523096599369621,0.0569275727440219
0.0503939340840157,0.0515662906918464,0.0523096599369621,0.0569275727440219
0.0503939340840157,0.0515662906918464,0.0523096599369621,0.0569275727440219
0.0503939340840157,0.0515662906918464,0.0523096599369621,0.0569275727440219
0.0503939340840157,0.0515662906918464,0.0523096599369621,0.0569275727440219
0.0503939340840157,0.0515662906918464,0.0523096599369621,0.0569275727440219
0.0503939340840157,0.0515662906918464,0.0523096599369621,0.0569275727440219
0.0503939340840157,0.0515662906918464,0.0523096599369621,0.0569275727440219
0.0503939340840157,0.0515662906918464,0.0523096599369621,0.0569275727440219
0.0503939340840157,0.0512311567029543,0.0523096599369621,0.0569275727440219
0.0503939340840157,0.0512311567029543,0.0523096599369621,0.0569275727440219
0.0503939340840157,0.0512311567029543,0.0523096599369621,0.0569275727440219
0.0503939340840157,0.0512311567029543,0.0523096599369621,0.0569275727440219
0.0503939340840157,0.0564325130963424,0.0523096599369621,0.0569275727440219
0.0503939340840157,0.0564325130963424,0.0523096599369621,0.0569275727440219
0.0503939340840157,0.0564325130963424,0.0523096599369621,0.0569275727440219
0.0503939340840157,0.0564325130963424,0.0523096599369621,0.0569275727440219
0.0503939340840157,0.0564325130963424,0.0523096599369621,0.0569275727440219
0.0503939340840157,0.0564325130963424,0.0523096599369621,0.0569275727440219
0.0503939340840157,0.0564325130963424,0.0523096599369621,0.0569275727440219
0.0503939340840157,0.0564325130963424,0.0523096599369621,0.0569275727440219
0.0503939340840157,0.0564325130963424,0.0523096599369621,0.0569275727440219
0.0503939340840157,0.0564325130963424,0.0523096599369621,0.0569275727440219
0.0503939340840157,0.0564325130963424,0.0523096599369621,0.0569275727440219
0.0503939340840157,0.0564325130963424,0.0523096599369621,0.0569275727440219
0.0503939340840157,0.0564325130963424,0.0523096599369621,0.0569275727440219
0.0503939340840157,0.0564325130963424,0.0523096599369621,0.0569275727440219
0.0503939340840157,0.0564325130963424,0.0523096599369621,0.0569275727440219
0.0503939340840157,0.0564325130963424,0.0523096599369621,0.0569275727440219
0.0503939340840157,0.0564325130963424,0.0503370683212124,0.0569275727440219
0.0503939340840157,0.0564325130963424,0.0503370683212124,0.0569275727440219
0.0503939340840157,0.0564325130963424,0.0503370683212124,0.0569275727440219
0.0503939340840157,0.0564325130963424,0.0503370683212124,0.0569275727440219
0.0490222853089144,0.0564325130963424,0.0503370683212124,0.0569275727440219
0.0490222853089144,0.0564325130963424,0.0503370683212124,0.0569275727440219
0.0490222853089144,0.0564325130963424,0.0503370683212124,0.0569275727440219
0.0490222853089144,0.0564325130963424,0.0503370683212124,0.0569275727440219
0.0490222853089144,0.0589527341378277,0.0503370683212124,0.0569275727440219
0.0490222853089144,0.0589527341378277,0.0503370683212124,0.0569275727440219
0.0490222853089144,0.0589527341378277,0.0503370683212124,0.0569275727440219
0.0490222853089144,0.0589527341378277,0.0503370683212124,0.0569275727440219
0.0490222853089144,0.0589527341378277,0.0503370683212124,0.0569275727440219
0.0490222853089144,0.0589527341378277,0.0503370683212124,0.0569275727440219
0.0490222853089144,0.0589527341378277,0.0503370683212124,0.0569275727440219
0.0490222853089144,0.0589527341378277,0.0503370683212124,0.0569275727440219
0.0490222853089144,0.0589527341378277,0.0520360117400387,0.054192295705697
0.0490222853089144,0.0589527341378277,0.0520360117400387,0.054192295705697
0.0490222853089144,0.0589527341378277,0.0520360117400387,0.054192295705697
0.0490222853089144,0.0589527341378277,0.0520360117400387,0.0594093297332351
0.0490222853089144,0.0589527341378277,0.0520360117400387,0.0594093297332351
0.0490222853089144,0.0589527341378277,0.0520360117400387,0.0594093297332351
0.0490222853089144,0.0613452338979744,0.0520360117400387,0.0594093297332351
0.0490222853089144,0.0613452338979744,0.0520360117400387,0.0594093297332351
0.0490222853089144,0.0573863241547717,0.0520360117400387,0.0594093297332351
0.0490222853089144,0.0573863241547717,0.0520360117400387,0.0595225313025219
0.0490222853089144,0.05325684548998,0.0520360117400387,0.0595225313025219
0.0490222853089144,0.05325684548998,0.0520360117400387,0.0595225313025219
0.0490222853089144,0.05325684548998,0.0520360117400387,0.0595225313025219
0.0490222853089144,0.05325684548998,0.0520360117400387,0.0595225313025219
0.0475084377284924,0.05325684548998,0.0520360117400387,0.0595225313025219
0.0475084377284924,0.05325684548998,0.0520360117400387,0.0595225313025219
0.0475084377284924,0.05325684548998,0.0520360117400387,0.0595225313025219
0.0475084377284924,0.05325684548998,0.0520360117400387,0.0575447113060843
0.0475084377284924,0.05325684548998,0.0520360117400387,0.0575447113060843
0.0475084377284924,0.05325684548998,0.0520360117400387,0.0575447113060843
0.0475084377284924,0.05325684548998,0.0520360117400387,0.0575447113060843
0.0475084377284924,0.05325684548998,0.0520360117400387,0.0575447113060843
0.0475084377284924,0.05325684548998,0.0520360117400387,0.0575447113060843
0.0475084377284924,0.05325684548998,0.0520360117400387,0.0575447113060843
0.0475084377284924,0.05325684548998,0.0520360117400387,0.0575447113060843
0.0521798974856858,0.05325684548998,0.0520360117400387,0.0575447113060843
0.0521798974856858,0.0594089424370672,0.0520360117400387,0.0575447113060843
0.0521798974856858,0.0594089424370672,0.0520360117400387,0.0575447113060843
0.0521798974856858,0.0594089424370672,0.0520360117400387,0.0575447113060843
0.0521798974856858,0.0594089424370672,0.0488231102167136,0.0575447113060843
0.0532062873241775,0.0594089424370672,0.0488231102167136,0.0575447113060843
0.0532062873241775,0.0594089424370672,0.0488231102167136,0.0575447113060843
0.0532062873241775,0.0594089424370672,0.0488231102167136,0.0575447113060843
0.0532062873241775,0.0594089424370672,0.0488231102167136,0.0575447113060843
0.0532062873241775,0.0594089424370672,0.0488231102167136,0.0575447113060843
0.0532062873241775,0.0594089424370672,0.0488231102167136,0.0575447113060843
0.0532062873241775,0.0474373261986953,0.0488231102167136,0.0575447113060843
0.0532062873241775,0.0474373261986953,0.0488231102167136,0.0575447113060843
0.0532062873241775,0.0474373261986953,0.0488231102167136,0.0575447113060843
0.0532062873241775,0.0474373261986953,0.0488231102167136,0.0575447113060843
0.0532062873241775,0.0474373261986953,0.0488231102167136,0.0575447113060843
0.0532062873241775,0.0463310137638179,0.0488231102167136,0.0575447113060843
0.0532062873241775,0.0463310137638179,0.0488231102167136,0.0575447113060843
0.0532062873241775,0.0463310137638179,0.0488231102167136,0.0575447113060843
0.0521217157830385,0.0463310137638179,0.0488231102167136,0.0575447113060843
0.0521217157830385,0.0463310137638179,0.0488231102167136,0.0575447113060843
0.0521217157830385,0.0463310137638179,0.0488231102167136,0.0575447113060843
0.0521217157830385,0.0463310137638179,0.0488231102167136,0.0575447113060843
0.0521217157830385,0.0463310137638179,0.0488231102167136,0.0575447113060843
0.0521217157830385,0.0463310137638179,0.0488231102167136,0.0575447113060843
0.0521217157830385,0.0463310137638179,0.0488231102167136,0.0575447113060843
0.0521217157830385,0.0463310137638179,0.0488231102167136,0.0575447113060843
0.0521217157830385,0.0463310137638179,0.0488231102167136,0.0575447113060843
0.0521217157830385,0.0463310137638179,0.0488231102167136,0.0575447113060843
0.0521217157830385,0.0463310137638179,0.0488231102167136,0.0575447113060843
0.0521217157830385,0.0463310137638179,0.0488231102167136,0.0575447113060843
0.0521217157830385,0.0463310137638179,0.0488231102167136,0.0575447113060843
0.0521217157830385,0.0463310137638179,0.0488231102167136,0.0575447113060843
0.0501235185937974,0.0463310137638179,0.0488231102167136,0.0575447113060843
0.0501235185937974,0.0408970276542253,0.0488231102167136,0.0575447113060843
0.0501235185937974,0.0408970276542253,0.0488231102167136,0.0575447113060843
0.0501235185937974,0.0408970276542253,0.0488231102167136,0.0575447113060843
0.0501235185937974,0.0408970276542253,0.0488231102167136,0.0575447113060843
0.0501235185937974,0.0408970276542253,0.0478638094439217,0.0575447113060843
0.0501235185937974,0.0408970276542253,0.0478638094439217,0.0575447113060843
0.0501235185937974,0.0408970276542253,0.0478638094439217,0.0575447113060843
0.0501235185937974,0.0408970276542253,0.0478638094439217,0.0575447113060843
0.0501235185937974,0.0408970276542253,0.0478638094439217,0.0575447113060843
0.0501235185937974,0.0408970276542253,0.0478638094439217,0.0575447113060843
0.0501235185937974,0.0408970276542253,0.0478638094439217,0.0575447113060843
0.0501235185937974,0.0408970276542253,0.0478638094439217,0.0575447113060843
0.0501235185937974,0.0408970276542253,0.0478638094439217,0.0575447113060843
0.0501235185937974,0.0408970276542253,0.0478638094439217,0.0575447113060843
0.0501235185937974,0.0408970276542253,0.0478638094439217,0.0575447113060843
0.0501235185937974,0.0408970276542253,0.0478638094439217,0.0575447113060843
0.0501235185937974,0.0471568311613727,0.0478638094439217,0.0575447113060843
0.0501235185937974,0.0471568311613727,0.0478638094439217,0.0522989834270544
0.0501235185937974,0.0471568311613727,0.0478638094439217,0.0522989834270544
0.0501235185937974,0.0471568311613727,0.0478638094439217,0.0522989834270544
0.0501235185937974,0.0471568311613727,0.0478638094439217,0.0522989834270544
0.0501235185937974,0.0471568311613727,0.0478638094439217,0.0522989834270544
0.0501235185937974,0.0471568311613727,0.0478638094439217,0.0522989834270544
0.0501235185937974,0.0471568311613727,0.0478638094439217,0.0522989834270544
0.0501235185937974,0.0471568311613727,0.0488602597675643,0.0522989834270544
0.0501235185937974,0.0471568311613727,0.0488602597675643,0.0522989834270544
0.0501235185937974,0.0471568311613727,0.0488602597675643,0.0522989834270544
0.0501235185937974,0.0471568311613727,0.0488602597675643,0.0522989834270544
0.0501235185937974,0.0471568311613727,0.0488602597675643,0.0522989834270544
0.0501235185937974,0.0471568311613727,0.0488602597675643,0.0522989834270544
0.0501235185937974,0.0471568311613727,0.0488602597675643,0.0522989834270544
0.0501235185937974,0.0471568311613727,0.0488602597675643,0.0522989834270544
0.0501235185937974,0.0471568311613727,0.0488602597675643,0.0528337138768721
0.0501235185937974,0.0471568311613727,0.0488602597675643,0.0528337138768721
0.0501235185937974,0.0450841862714181,0.0488602597675643,0.0533079167294806
0.0501235185937974,0.0450841862714181,0.0488602597675643,0.0533079167294806
0.0501235185937974,0.0450841862714181,0.0488602597675643,0.0533079167294806
0.0501235185937974,0.0450841862714181,0.0488602597675643,0.0533079167294806
0.0501235185937974,0.0450841862714181,0.0488602597675643,0.0533079167294806
0.0501235185937974,0.0450841862714181,0.0488602597675643,0.0533079167294806
0.0501235185937974,0.0450841862714181,0.0488602597675643,0.0533079167294806
0.0501235185937974,0.0450841862714181,0.0488602597675643,0.0533079167294806
0.0501235185937974,0.0450841862714181,0.0488602597675643,0.0533079167294806
0.0501235185937974,0.0450841862714181,0.0488602597675643,0.0533079167294806
0.0501235185937974,0.0450841862714181,0.0488602597675643,0.0533079167294806
0.0501235185937974,0.0450841862714181,0.0488602597675643,0.0533079167294806
0.0501235185937974,0.0450841862714181,0.0488602597675643,0.0533079167294806
0.0501235185937974,0.0450841862714181,0.0488602597675643,0.0533079167294806
0.0501235185937974,0.0450841862714181,0.0488602597675643,0.0533079167294806
0.0501235185937974,0.0450841862714181,0.0488602597675643,0.0533079167294806
0.0501235185937974,0.0450841862714181,0.0488602597675643,0.0533079167294806
0.0501235185937974,0.0450841862714181,0.0488602597675643,0.0533079167294806
0.0501235185937974,0.0450841862714181,0.0488602597675643,0.0533079167294806
0.0501235185937974,0.0450841862714181,0.0488602597675643,0.0533079167294806
0.0501235185937974,0.0450841862714181,0.0488602597675643,0.0533079167294806
0.0501235185937974,0.0450841862714181,0.0488602597675643,0.0533079167294806
0.0501235185937974,0.0450841862714181,0.0488602597675643,0.0533079167294806
0.0501235185937974,0.0450841862714181,0.0488602597675643,0.0533079167294806
0.0501235185937974,0.0450841862714181,0.0488602597675643,0.0533079167294806
0.0501235185937974,0.0450841862714181,0.0488602597675643,0.0533079167294806
0.0501235185937974,0.0450841862714181,0.0488602597675643,0.0533079167294806
0.0501235185937974,0.0450841862714181,0.0488602597675643,0.0533079167294806
0.0501235185937974,0.0450841862714181,0.0488602597675643,0.0533079167294806
0.0501235185937974,0.0450841862714181,0.0488602597675643,0.0560160624103082
0.0501235185937974,0.0450841862714181,0.0488602597675643,0.0560160624103082
0.0501235185937974,0.0450841862714181,0.0488602597675643,0.0560160624103082
0.0501235185937974,0.0450841862714181,0.0488602597675643,0.0560160624103082
0.0501235185937974,0.0450841862714181,0.0488602597675643,0.0560160624103082
0.0501235185937974,0.0450841862714181,0.0488602597675643,0.0535063132661283
0.0501235185937974,0.0450841862714181,0.0488602597675643,0.0535063132661283
0.0501235185937974,0.0450841862714181,0.0488602597675643,0.0535063132661283
0.0501235185937974,0.0450841862714181,0.0488602597675643,0.0535063132661283
0.0501235185937974,0.0450841862714181,0.0488602597675643,0.0535063132661283
0.0501235185937974,0.0450841862714181,0.0488602597675643,0.0535063132661283
0.0501235185937974,0.0450841862714181,0.0488602597675643,0.0535063132661283
0.0501235185937974,0.0450841862714181,0.0488602597675643,0.0535063132661283
0.0501235185937974,0.0450841862714181,0.0488602597675643,0.0535063132661283
0.0501235185937974,0.0450841862714181,0.0488602597675643,0.0535063132661283
0.0501235185937974,0.0450841862714181,0.0488602597675643,0.0535063132661283
0.0501235185937974,0.0450841862714181,0.0488602597675643,0.0535063132661283
0.0501235185937974,0.0450841862714181,0.0488602597675643,0.0535063132661283
0.0501235185937974,0.0450841862714181,0.0488602597675643,0.0535063132661283
0.0501235185937974,0.0450841862714181,0.0488602597675643,0.0535063132661283
0.0501235185937974,0.0450841862714181,0.0488602597675643,0.0535063132661283
0.0501235185937974,0.0450841862714181,0.0488602597675643,0.0535063132661283
0.0501235185937974,0.0450841862714181,0.0488602597675643,0.0535063132661283
0.0501235185937974,0.0450841862714181,0.0488602597675643,0.0535063132661283
0.0519518682039448,0.0450841862714181,0.0488602597675643,0.0535063132661283
0.0519518682039448,0.0450841862714181,0.0488602597675643,0.0535063132661283
0.0508855557243352,0.0450841862714181,0.0488602597675643,0.0535063132661283
0.0508855557243352,0.0460760310805682,0.0488602597675643,0.0535063132661283
0.0508855557243352,0.0460760310805682,0.0488602597675643,0.0535063132661283
0.0508855557243352,0.0457691302452356,0.0488602597675643,0.0535063132661283
0.0508855557243352,0.0457691302452356,0.0488602597675643,0.053403660268726
0.0508855557243352,0.0457691302452356,0.0480215435721525,0.053403660268726
0.0508855557243352,0.0457691302452356,0.0480215435721525,0.053403660268726
0.0508855557243352,0.0446753637919436,0.0480215435721525,0.053403660268726
0.0508855557243352,0.0438382035799786,0.0480215435721525,0.053403660268726
0.0508855557243352,0.0438382035799786,0.0480215435721525,0.053403660268726
0.0508855557243352,0.0438382035799786,0.0480215435721525,0.053403660268726
0.0508855557243352,0.0477590780495177,0.0480215435721525,0.053403660268726
0.0508855557243352,0.0477590780495177,0.0480215435721525,0.053403660268726
0.0508855557243352,0.0477590780495177,0.0480215435721525,0.053403660268726
0.0508855557243352,0.0477590780495177,0.0480215435721525,0.053403660268726
0.0508855557243352,0.0477590780495177,0.0480215435721525,0.053403660268726
0.0508855557243352,0.0477590780495177,0.0480215435721525,0.053403660268726
0.0508855557243352,0.0477590780495177,0.0480215435721525,0.053403660268726
0.0508855557243352,0.0477590780495177,0.0480215435721525,0.053403660268726
0.0508855557243352,0.0477590780495177,0.0480215435721525,0.053403660268726
0.0508855557243352,0.0477590780495177,0.0480215435721525,0.053403660268726
0.0508855557243352,0.0477590780495177,0.0480215435721525,0.053403660268726
0.0508855557243352,0.0477590780495177,0.0480215435721525,0.053403660268726
0.0508855557243352,0.0477590780495177,0.0480215435721525,0.053403660268726
0.0508855557243352,0.0477590780495177,0.0480215435721525,0.053403660268726
0.0508855557243352,0.0477590780495177,0.0480215435721525,0.053403660268726
0.0508855557243352,0.0477590780495177,0.0480215435721525,0.053403660268726
0.0508855557243352,0.0477590780495177,0.0480215435721525,0.053403660268726
0.0508855557243352,0.0477590780495177,0.0480215435721525,0.053403660268726
0.0508855557243352,0.0477590780495177,0.0480215435721525,0.053403660268726
0.0508855557243352,0.0477590780495177,0.0480215435721525,0.053403660268726
0.0508855557243352,0.0477590780495177,0.0480215435721525,0.053403660268726
0.0508855557243352,0.0477590780495177,0.0480215435721525,0.053403660268726
0.0508855557243352,0.0477590780495177,0.0480215435721525,0.053403660268726
0.0508855557243352,0.0477590780495177,0.0480215435721525,0.053403660268726
0.0508855557243352,0.0477590780495177,0.0480215435721525,0.053403660268726
0.0508855557243352,0.0477590780495177,0.0480215435721525,0.053403660268726
0.0508855557243352,0.0477590780495177,0.0480215435721525,0.053403660268726
0.0508855557243352,0.0477590780495177,0.0480215435721525,0.053403660268726
0.0508855557243352,0.0477590780495177,0.0480215435721525,0.053403660268726
0.0508855557243352,0.0477590780495177,0.0480215435721525,0.053403660268726
0.0508855557243352,0.0477590780495177,0.0480215435721525,0.053403660268726
0.0508855557243352,0.0477590780495177,0.0480215435721525,0.053403660268726
0.0508855557243352,0.0477590780495177,0.0480215435721525,0.053403660268726
0.0508855557243352,0.0477590780495177,0.0480215435721525,0.053403660268726
0.0508855557243352,0.0477590780495177,0.0480215435721525,0.053403660268726
0.0508855557243352,0.0477590780495177,0.0480215435721525,0.053403660268726
0.0508855557243352,0.0477590780495177,0.0480215435721525,0.053403660268726
0.0508855557243352,0.0477590780495177,0.0480215435721525,0.053403660268726
0.0508855557243352,0.0477590780495177,0.0480215435721525,0.053403660268726
0.0508855557243352,0.0477590780495177,0.0480215435721525,0.053403660268726
0.0508855557243352,0.0477590780495177,0.0480215435721525,0.053403660268726
0.0508855557243352,0.0477590780495177,0.0480215435721525,0.053403660268726
0.0508855557243352,0.0477590780495177,0.0480215435721525,0.053403660268726
0.0508855557243352,0.046176236588153,0.0480215435721525,0.053403660268726
0.0508855557243352,0.046176236588153,0.0480215435721525,0.053403660268726
0.0508855557243352,0.046176236588153,0.0480215435721525,0.053403660268726
0.0508855557243352,0.046176236588153,0.0480215435721525,0.053403660268726
0.0508855557243352,0.046176236588153,0.0480215435721525,0.053403660268726
0.0508855557243352,0.046176236588153,0.0480215435721525,0.053403660268726
0.0508855557243352,0.046176236588153,0.0480215435721525,0.053403660268726
0.0508855557243352,0.0437054853806534,0.0480215435721525,0.053403660268726
0.0508855557243352,0.0437054853806534,0.0480215435721525,0.0580102428842492
0.0508855557243352,0.0437054853806534,0.0480215435721525,0.0580102428842492
0.0508855557243352,0.0437054853806534,0.0475580503878706,0.0580102428842492
0.050411114674476,0.0437054853806534,0.0475580503878706,0.0580102428842492
0.050411114674476,0.0437054853806534,0.0475580503878706,0.0580102428842492
0.050411114674476,0.0437054853806534,0.0475580503878706,0.0580102428842492
0.050411114674476,0.0463782091232876,0.0475580503878706,0.0580102428842492
0.050411114674476,0.0463782091232876,0.0475580503878706,0.0580102428842492
0.050411114674476,0.0463782091232876,0.0475580503878706,0.0580102428842492
0.050411114674476,0.0463782091232876,0.0475580503878706,0.0580102428842492
0.050411114674476,0.0463782091232876,0.0486855355618864,0.0580102428842492
0.050411114674476,0.0463782091232876,0.0486855355618864,0.0580102428842492
0.050411114674476,0.0463782091232876,0.0461915383646489,0.0580102428842492
0.050411114674476,0.0463782091232876,0.0461915383646489,0.0580102428842492
0.050411114674476,0.0463782091232876,0.0461915383646489,0.0580102428842492
0.050411114674476,0.0463782091232876,0.0461915383646489,0.0580102428842492
0.050411114674476,0.0463782091232876,0.0461915383646489,0.0554810370501387
0.050411114674476,0.0463782091232876,0.0461915383646489,0.0554810370501387
0.050411114674476,0.0463782091232876,0.0461915383646489,0.0500845706115927
0.050411114674476,0.0463782091232876,0.0461915383646489,0.0500845706115927
0.050411114674476,0.0484943901463784,0.0461915383646489,0.0500845706115927
0.050411114674476,0.0484943901463784,0.0461915383646489,0.0500845706115927
0.050411114674476,0.0484943901463784,0.0461915383646489,0.0500845706115927
0.050411114674476,0.0484943901463784,0.0461915383646489,0.050953539815968
0.050411114674476,0.0484943901463784,0.0461915383646489,0.050953539815968
0.050411114674476,0.0484943901463784,0.0461915383646489,0.050953539815968
0.050411114674476,0.0484943901463784,0.0461915383646489,0.050953539815968
0.050411114674476,0.0484943901463784,0.0461915383646489,0.050953539815968
0.050411114674476,0.0484943901463784,0.0461915383646489,0.050953539815968
0.050411114674476,0.0484943901463784,0.0461915383646489,0.050953539815968
0.050411114674476,0.0484943901463784,0.0461915383646489,0.050953539815968
0.050411114674476,0.0484943901463784,0.0461915383646489,0.050953539815968
0.050411114674476,0.0606262800087131,0.0461915383646489,0.050953539815968
0.050411114674476,0.0606262800087131,0.0461915383646489,0.050953539815968
0.050411114674476,0.0606262800087131,0.0461915383646489,0.050953539815968
0.050411114674476,0.0606262800087131,0.0461915383646489,0.050953539815968
0.050411114674476,0.0606262800087131,0.0461915383646489,0.050953539815968
0.050411114674476,0.0606262800087131,0.0461915383646489,0.050953539815968
0.050411114674476,0.0606262800087131,0.0461915383646489,0.050953539815968
0.050411114674476,0.0606262800087131,0.0461915383646489,0.050953539815968
0.050411114674476,0.0606262800087131,0.0461915383646489,0.050953539815968
0.050411114674476,0.0606262800087131,0.0461915383646489,0.050953539815968
0.050411114674476,0.0498562855911559,0.0461915383646489,0.050953539815968
0.050411114674476,0.0498562855911559,0.0461915383646489,0.050953539815968
0.050411114674476,0.0498562855911559,0.0461915383646489,0.050953539815968
0.050411114674476,0.0591933393026167,0.0461915383646489,0.050953539815968
0.050411114674476,0.0591933393026167,0.0461915383646489,0.050953539815968
0.050411114674476,0.0591933393026167,0.0486269468109804,0.050953539815968
0.050411114674476,0.0591933393026167,0.0486269468109804,0.050953539815968
0.050411114674476,0.0591933393026167,0.0486269468109804,0.050953539815968
0.050411114674476,0.0591933393026167,0.0486269468109804,0.050953539815968
0.050411114674476,0.0591933393026167,0.0486269468109804,0.050953539815968
0.050411114674476,0.0591933393026167,0.0486269468109804,0.050953539815968
0.050411114674476,0.0591933393026167,0.0486269468109804,0.050953539815968
0.050411114674476,0.0591098459914929,0.0486269468109804,0.050953539815968
0.050411114674476,0.0591098459914929,0.0486269468109804,0.050953539815968
0.050411114674476,0.0591098459914929,0.0486269468109804,0.050953539815968
0.050411114674476,0.0591098459914929,0.0486269468109804,0.050953539815968
0.050411114674476,0.0591098459914929,0.0486269468109804,0.050953539815968
0.0507881522904531,0.0591098459914929,0.0486269468109804,0.050953539815968
0.0495182094713914,0.0591098459914929,0.0486269468109804,0.050953539815968
0.0495182094713914,0.0591098459914929,0.0486269468109804,0.050953539815968
0.0495182094713914,0.0591098459914929,0.0486269468109804,0.050953539815968
0.0495182094713914,0.0591098459914929,0.0486269468109804,0.050953539815968
0.0495182094713914,0.0591098459914929,0.0486269468109804,0.0513957436564697
0.0495182094713914,0.0591098459914929,0.0486269468109804,0.0513957436564697
0.0495182094713914,0.0591098459914929,0.0486269468109804,0.0513957436564697
0.0495182094713914,0.0591098459914929,0.0486269468109804,0.0513957436564697
0.0495182094713914,0.0535665507563163,0.0486269468109804,0.0513957436564697
0.0495182094713914,0.0535665507563163,0.0486269468109804,0.0449559800783844
0.0495182094713914,0.0535665507563163,0.0486269468109804,0.0449559800783844
0.0495182094713914,0.0535665507563163,0.0486269468109804,0.0449559800783844
0.0495182094713914,0.0535665507563163,0.0486269468109804,0.0449559800783844
0.0495182094713914,0.0535665507563163,0.0486269468109804,0.0449559800783844
0.0495182094713914,0.0535665507563163,0.0486269468109804,0.0449559800783844
0.0495182094713914,0.0535665507563163,0.0486269468109804,0.0449559800783844
0.0495182094713914,0.0535665507563163,0.0486269468109804,0.0449559800783844
0.0495182094713914,0.0535665507563163,0.0486269468109804,0.0636069533288512
0.0495182094713914,0.0535665507563163,0.0486269468109804,0.0636069533288512
0.0495182094713914,0.0535665507563163,0.0486269468109804,0.0636069533288512
0.0495182094713914,0.0535665507563163,0.0486269468109804,0.0636069533288512
0.0495182094713914,0.0535665507563163,0.0486269468109804,0.0636069533288512
0.0495182094713914,0.0535665507563163,0.0486269468109804,0.0636069533288512
0.0495182094713914,0.0535665507563163,0.0486269468109804,0.0636069533288512
0.0495182094713914,0.0535665507563163,0.0498296632216317,0.0636069533288512
0.0495182094713914,0.0535665507563163,0.0498296632216317,0.0636069533288512
0.0495182094713914,0.0535665507563163,0.0498296632216317,0.0636069533288512
0.0495182094713914,0.0535665507563163,0.0498296632216317,0.0636069533288512
0.0495182094713914,0.0576792621595938,0.0498296632216317,0.0636069533288512
0.0495182094713914,0.0576792621595938,0.0498296632216317,0.0636069533288512
0.0495182094713914,0.0576792621595938,0.0498296632216317,0.0636069533288512
0.0495182094713914,0.0576792621595938,0.0498296632216317,0.0636069533288512
0.0495182094713914,0.0576792621595938,0.0498296632216317,0.0636069533288512
0.0495182094713914,0.0576792621595938,0.0498296632216317,0.0636069533288512
0.0495182094713914,0.0576792621595938,0.0449625876400178,0.0636069533288512
0.0495182094713914,0.0576792621595938,0.0449625876400178,0.0636069533288512
0.0495182094713914,0.0576792621595938,0.0449625876400178,0.0636069533288512
0.0495182094713914,0.0576792621595938,0.0449625876400178,0.0636069533288512
0.0495182094713914,0.0576792621595938,0.0449625876400178,0.0636069533288512
0.0495182094713914,0.0576792621595938,0.0449625876400178,0.0636069533288512
0.0495182094713914,0.0576792621595938,0.0449625876400178,0.0636069533288512
0.0495182094713914,0.0576792621595938,0.0449625876400178,0.0636069533288512
0.0495182094713914,0.0532452164105638,0.0449625876400178,0.0636069533288512
0.0495182094713914,0.0532452164105638,0.0449625876400178,0.0581287274511958
0.0495182094713914,0.0532452164105638,0.0449625876400178,0.0581287274511958
0.0495182094713914,0.0532452164105638,0.0449625876400178,0.0581287274511958
0.0495182094713914,0.0532452164105638,0.0449625876400178,0.0581287274511958
0.0495182094713914,0.0532452164105638,0.0449625876400178,0.0581287274511958
0.0495182094713914,0.0532452164105638,0.0449625876400178,0.0581287274511958
0.0495182094713914,0.0532452164105638,0.0449625876400178,0.0581287274511958
0.0495182094713914,0.0532452164105638,0.0449625876400178,0.0581287274511958
0.0495182094713914,0.0532452164105638,0.0449625876400178,0.0581287274511958
0.0495182094713914,0.0532452164105638,0.0449625876400178,0.0581287274511958
0.0495182094713914,0.0532452164105638,0.0449625876400178,0.0581287274511958
0.0495182094713914,0.0532452164105638,0.0449625876400178,0.0581287274511958
0.0495182094713914,0.0532452164105638,0.0449625876400178,0.0581287274511958
0.0495182094713914,0.0532452164105638,0.0449625876400178,0.0581287274511958
0.0495182094713914,0.0532452164105638,0.0449625876400178,0.0581287274511958
0.0495182094713914,0.0532452164105638,0.0449625876400178,0.0581287274511958
0.0495182094713914,0.0532452164105638,0.0449625876400178,0.0581287274511958
0.0495182094713914,0.0532452164105638,0.0449625876400178,0.0610061534359241
0.0482454750196524,0.0532452164105638,0.0449625876400178,0.0610061534359241
0.0482454750196524,0.0532452164105638,0.0449625876400178,0.0610061534359241
0.0482454750196524,0.0532452164105638,0.0449625876400178,0.0610061534359241
0.0482454750196524,0.0532452164105638,0.0449625876400178,0.0610061534359241
0.0482454750196524,0.0532452164105638,0.0449625876400178,0.0610061534359241
0.0482454750196524,0.0532452164105638,0.0449625876400178,0.0610061534359241
0.0482454750196524,0.0532452164105638,0.0449625876400178,0.0610061534359241
0.0482454750196524,0.0532452164105638,0.0449625876400178,0.0610061534359241
0.0482454750196524,0.0532452164105638,0.0461222536085005,0.0610061534359241
0.0482454750196524,0.0532452164105638,0.0461222536085005,0.0610061534359241
0.0482454750196524,0.0532452164105638,0.0461222536085005,0.0610061534359241
0.0482454750196524,0.0532452164105638,0.0461222536085005,0.0610061534359241
0.0482454750196524,0.0606134511526044,0.0461222536085005,0.0610061534359241
0.0482454750196524,0.0606134511526044,0.0461222536085005,0.0610061534359241
0.0482454750196524,0.0606134511526044,0.0461222536085005,0.0610061534359241
0.0482454750196524,0.0606134511526044,0.0461222536085005,0.0610061534359241
0.0482454750196524,0.0606134511526044,0.0461222536085005,0.0610061534359241
0.0482454750196524,0.0606134511526044,0.0476946908093993,0.0610061534359241
0.0482454750196524,0.0606134511526044,0.0476946908093993,0.0610061534359241
0.0482454750196524,0.0581275759825651,0.0476946908093993,0.0610061534359241
0.0482454750196524,0.0581275759825651,0.0476946908093993,0.0610061534359241
0.0482454750196524,0.0581275759825651,0.0476946908093993,0.0610061534359241
0.0482454750196524,0.0581275759825651,0.0476946908093993,0.0610061534359241
0.0482454750196524,0.0581275759825651,0.0451221319073734,0.0610061534359241
0.0482454750196524,0.0581275759825651,0.0451221319073734,0.0610061534359241
0.0482454750196524,0.0581275759825651,0.0531830716017849,0.0610061534359241
0.0482454750196524,0.0581275759825651,0.0531830716017849,0.0610061534359241
0.0482454750196524,0.0581275759825651,0.0531830716017849,0.0610061534359241
0.0482454750196524,0.0581275759825651,0.0531830716017849,0.0610061534359241
0.0482454750196524,0.0581275759825651,0.0531830716017849,0.0610061534359241
0.0482454750196524,0.0581275759825651,0.0531830716017849,0.0610061534359241
0.0482454750196524,0.0581275759825651,0.0531830716017849,0.0610061534359241
0.0482454750196524,0.0581275759825651,0.0531830716017849,0.0610061534359241
0.0482454750196524,0.0581275759825651,0.0531830716017849,0.0530130132662191
0.0482454750196524,0.0581275759825651,0.0531830716017849,0.0530130132662191
0.0482454750196524,0.0581275759825651,0.0531830716017849,0.0530130132662191
0.0475303098885071,0.0581275759825651,0.0531830716017849,0.0530130132662191
0.0475303098885071,0.0581275759825651,0.0531830716017849,0.0530130132662191
0.0475303098885071,0.0581275759825651,0.0531830716017849,0.0530130132662191
0.0475303098885071,0.0581275759825651,0.0531830716017849,0.0530130132662191
0.0475303098885071,0.0581275759825651,0.0531830716017849,0.0514796971045712
0.0475303098885071,0.0642882405796512,0.0531830716017849,0.0514796971045712
0.0475303098885071,0.0642882405796512,0.0531830716017849,0.0514941514367717
0.0475303098885071,0.0642882405796512,0.0531830716017849,0.0514941514367717
0.0475303098885071,0.0642882405796512,0.0531830716017849,0.0514941514367717
0.0475303098885071,0.0627515587502248,0.0531830716017849,0.0514941514367717
0.0475303098885071,0.0627515587502248,0.0531830716017849,0.0514941514367717
0.0475303098885071,0.0627515587502248,0.0531830716017849,0.0514941514367717
0.0475303098885071,0.0627515587502248,0.0531830716017849,0.0514941514367717
0.0475303098885071,0.0627515587502248,0.0531830716017849,0.0514941514367717
0.0475303098885071,0.0627515587502248,0.0531830716017849,0.0514941514367717
0.0475303098885071,0.0627515587502248,0.0531830716017849,0.0514941514367717
0.0475303098885071,0.0627515587502248,0.0531830716017849,0.0514941514367717
0.0475303098885071,0.0627515587502248,0.0531830716017849,0.0514941514367717
0.0475303098885071,0.0627515587502248,0.0533251380505334,0.0577204235093053
0.0475303098885071,0.0627515587502248,0.0533251380505334,0.0577204235093053
0.0475303098885071,0.0627515587502248,0.0533251380505334,0.0577204235093053
0.0507012364529522,0.0627515587502248,0.0533251380505334,0.0577204235093053
0.0507012364529522,0.0627515587502248,0.0533251380505334,0.0577204235093053
0.0507012364529522,0.0627515587502248,0.0533251380505334,0.0577204235093053
0.0507012364529522,0.0627515587502248,0.0533251380505334,0.0577204235093053
0.0507012364529522,0.0627515587502248,0.0533251380505334,0.0577204235093053
0.0507012364529522,0.0627515587502248,0.0533251380505334,0.0577204235093053
0.0507012364529522,0.0627515587502248,0.0533251380505334,0.0577204235093053
0.0507012364529522,0.0627515587502248,0.0533251380505334,0.0555220212307628
0.0507012364529522,0.0627515587502248,0.0533251380505334,0.0555220212307628
0.0507012364529522,0.0627515587502248,0.0533251380505334,0.0554121960787959
0.0507012364529522,0.0627515587502248,0.0533251380505334,0.0554121960787959
0.0507012364529522,0.0627515587502248,0.0533251380505334,0.0554121960787959
0.0507012364529522,0.0627515587502248,0.0533251380505334,0.0554121960787959
0.0507012364529522,0.0627515587502248,0.0533251380505334,0.0554121960787959
0.0507012364529522,0.0627515587502248,0.0533251380505334,0.0554121960787959
0.0507012364529522,0.0627515587502248,0.0533251380505334,0.0554121960787959
0.0507012364529522,0.0627515587502248,0.0533251380505334,0.0554121960787959
0.0507012364529522,0.0627515587502248,0.0533251380505334,0.0554121960787959
0.0507012364529522,0.0627515587502248,0.0533251380505334,0.0554121960787959
0.0507012364529522,0.0627515587502248,0.0533251380505334,0.0554121960787959
0.0507012364529522,0.0595558263598319,0.0533251380505334,0.0554121960787959
0.0507012364529522,0.0595558263598319,0.0533251380505334,0.0554121960787959
0.0507012364529522,0.0595558263598319,0.0533251380505334,0.0554121960787959
0.0507012364529522,0.0595558263598319,0.0533251380505334,0.0554121960787959
0.0507012364529522,0.0595558263598319,0.0533251380505334,0.0554121960787959
0.0507012364529522,0.0595558263598319,0.0533251380505334,0.0554121960787959
0.0507012364529522,0.0614350577448937,0.0533251380505334,0.0554121960787959
0.052530442309521,0.0614350577448937,0.0533251380505334,0.0554121960787959
0.052530442309521,0.0614350577448937,0.0533251380505334,0.0554121960787959
0.052530442309521,0.0614350577448937,0.0533251380505334,0.0554121960787959
0.052530442309521,0.0460713828048174,0.0533251380505334,0.0545481730964987
0.052530442309521,0.0460713828048174,0.0533251380505334,0.0545481730964987
0.052530442309521,0.0460713828048174,0.0533251380505334,0.0545481730964987
0.052530442309521,0.0460713828048174,0.0533251380505334,0.0545481730964987
0.052530442309521,0.0460713828048174,0.0533251380505334,0.0545481730964987
0.052530442309521,0.0460713828048174,0.0533251380505334,0.0545481730964987
0.052530442309521,0.0460713828048174,0.0533251380505334,0.0545481730964987
0.052530442309521,0.0460713828048174,0.0533251380505334,0.0571009067995949
0.052530442309521,0.0460713828048174,0.0533251380505334,0.0571009067995949
0.052530442309521,0.0460713828048174,0.0533251380505334,0.0571009067995949
0.052530442309521,0.0460713828048174,0.0533251380505334,0.0571009067995949
0.052530442309521,0.0439872106664518,0.0533251380505334,0.0571009067995949
0.052530442309521,0.0439872106664518,0.0533251380505334,0.0571009067995949
0.052530442309521,0.0439872106664518,0.0533251380505334,0.0571009067995949
0.052530442309521,0.0439872106664518,0.0533251380505334,0.0571009067995949
0.052530442309521,0.0439872106664518,0.0533251380505334,0.0571009067995949
0.052530442309521,0.0439872106664518,0.0533251380505334,0.0571009067995949
0.052530442309521,0.0439872106664518,0.0533251380505334,0.0571009067995949
0.052530442309521,0.0439872106664518,0.0533251380505334,0.0571009067995949
0.052530442309521,0.0439872106664518,0.0533251380505334,0.0571009067995949
0.052530442309521,0.0439872106664518,0.0533251380505334,0.0571009067995949
0.052530442309521,0.0439872106664518,0.0533251380505334,0.0571009067995949
0.052530442309521,0.0439872106664518,0.0533251380505334,0.0571009067995949
0.052530442309521,0.0439872106664518,0.0533251380505334,0.0571009067995949
0.052530442309521,0.0439872106664518,0.0533251380505334,0.0571009067995949
0.052530442309521,0.0439872106664518,0.0533251380505334,0.0571009067995949
0.052530442309521,0.0439872106664518,0.0533251380505334,0.0571009067995949
0.052530442309521,0.0439872106664518,0.0533251380505334,0.0571009067995949
0.0513011123585624,0.0439872106664518,0.0533251380505334,0.0571009067995949
0.0513011123585624,0.0439872106664518,0.0533251380505334,0.0571009067995949
0.0513011123585624,0.0439872106664518,0.0533251380505334,0.0571009067995949
0.0513011123585624,0.0433726208493322,0.0533251380505334,0.0598391252008198
0.0513011123585624,0.0433726208493322,0.0533251380505334,0.0598391252008198
0.0513011123585624,0.0433726208493322,0.0533251380505334,0.0598391252008198
0.0513011123585624,0.0433726208493322,0.0533251380505334,0.0598391252008198
0.0513011123585624,0.0433726208493322,0.0533251380505334,0.0598391252008198
0.0513011123585624,0.0433726208493322,0.0533251380505334,0.0598391252008198
0.0521818950331608,0.0433726208493322,0.0533251380505334,0.0598391252008198
0.0521818950331608,0.0433726208493322,0.0533251380505334,0.0577401544936734
0.0521818950331608,0.0433726208493322,0.0533251380505334,0.0577401544936734
0.0521818950331608,0.0433726208493322,0.0533251380505334,0.0577401544936734
0.0521818950331608,0.0433726208493322,0.0505532424742709,0.0577401544936734
0.0521818950331608,0.0433726208493322,0.0505532424742709,0.0577401544936734
0.0521818950331608,0.0433726208493322,0.0505532424742709,0.0577401544936734
0.0521818950331608,0.0433726208493322,0.0505532424742709,0.0577401544936734
0.0521818950331608,0.0433726208493322,0.0505532424742709,0.0551609695301498
0.0521818950331608,0.0433726208493322,0.0505532424742709,0.0551609695301498
0.0521818950331608,0.0433726208493322,0.0505532424742709,0.0551609695301498
0.0521818950331608,0.0433726208493322,0.0505532424742709,0.0551609695301498
0.0521818950331608,0.0433726208493322,0.0505532424742709,0.0551609695301498
0.0521818950331608,0.0433726208493322,0.0505532424742709,0.0551609695301498
0.0521818950331608,0.0433726208493322,0.0505532424742709,0.0551609695301498
0.0521818950331608,0.0433726208493322,0.0505532424742709,0.0551609695301498
0.0521818950331608,0.0433726208493322,0.0519482214031827,0.0551609695301498
0.0521818950331608,0.0433726208493322,0.0519482214031827,0.0551609695301498
0.0521818950331608,0.0433726208493322,0.0519482214031827,0.0551609695301498
0.0521818950331608,0.0433726208493322,0.0519482214031827,0.0551609695301498
0.0521818950331608,0.0433726208493322,0.04615622724861,0.0551609695301498
0.0521818950331608,0.0433726208493322,0.04615622724861,0.0551609695301498
0.0521818950331608,0.0433726208493322,0.04615622724861,0.0551609695301498
0.0521818950331608,0.0433726208493322,0.04615622724861,0.0551609695301498
0.0521818950331608,0.0416253797508702,0.04615622724861,0.0551609695301498
0.0521818950331608,0.0416253797508702,0.04615622724861,0.0551609695301498
0.0521818950331608,0.0416253797508702,0.04615622724861,0.0551609695301498
0.0521818950331608,0.0416253797508702,0.04615622724861,0.0551609695301498
0.0521818950331608,0.0416253797508702,0.04615622724861,0.0551609695301498
0.0521818950331608,0.0416253797508702,0.04615622724861,0.0551609695301498
0.0521818950331608,0.0416253797508702,0.04615622724861,0.0551609695301498
0.0521818950331608,0.0421706529777975,0.04615622724861,0.0551609695301498
0.0521818950331608,0.0421706529777975,0.04615622724861,0.0551609695301498
0.0521818950331608,0.0421706529777975,0.04615622724861,0.0551609695301498
0.0521818950331608,0.0421706529777975,0.04615622724861,0.0551609695301498
0.0521818950331608,0.0421706529777975,0.04615622724861,0.0551609695301498
0.0521818950331608,0.0421706529777975,0.04615622724861,0.0551609695301498
0.0521818950331608,0.0421706529777975,0.04615622724861,0.0551609695301498
0.0521818950331608,0.0421706529777975,0.04615622724861,0.0551609695301498
0.0521818950331608,0.0421706529777975,0.04615622724861,0.0551609695301498
0.0521818950331608,0.0421706529777975,0.04615622724861,0.0551609695301498
0.0521818950331608,0.0421706529777975,0.04615622724861,0.0551609695301498
0.0521818950331608,0.0421706529777975,0.04615622724861,0.0551609695301498
0.0521818950331608,0.040333105843152,0.04615622724861,0.0551609695301498
0.0521818950331608,0.040333105843152,0.04615622724861,0.0551609695301498
0.0521818950331608,0.040333105843152,0.04615622724861,0.0551609695301498
0.0521818950331608,0.040333105843152,0.04615622724861,0.0551609695301498
0.0521818950331608,0.040333105843152,0.04615622724861,0.0551609695301498
0.0521818950331608,0.040333105843152,0.04615622724861,0.0551609695301498
0.0521818950331608,0.040333105843152,0.04615622724861,0.0551609695301498
0.0521818950331608,0.0387002647514876,0.04615622724861,0.0551609695301498
0.0521818950331608,0.0387002647514876,0.04615622724861,0.0551609695301498
0.0521818950331608,0.0387002647514876,0.04615622724861,0.0551609695301498
0.0521818950331608,0.0387002647514876,0.04615622724861,0.0551609695301498
0.0521818950331608,0.0387002647514876,0.04615622724861,0.0551609695301498
0.0521818950331608,0.0401498197158044,0.04615622724861,0.0551609695301498
0.0521818950331608,0.0417938693780901,0.04615622724861,0.0513412451072826
0.0521818950331608,0.0417938693780901,0.04615622724861,0.0513412451072826
0.0521818950331608,0.0417938693780901,0.04615622724861,0.0513412451072826
0.0521818950331608,0.0417938693780901,0.04615622724861,0.0513412451072826
0.0521818950331608,0.0417938693780901,0.04615622724861,0.0513412451072826
0.0521818950331608,0.0417938693780901,0.04615622724861,0.0513412451072826
0.0521818950331608,0.0417938693780901,0.04615622724861,0.0513412451072826
0.0521818950331608,0.0417938693780901,0.04615622724861,0.0513412451072826
0.0521818950331608,0.0417938693780901,0.04615622724861,0.0513412451072826
0.0521818950331608,0.0417938693780901,0.04615622724861,0.0513412451072826
0.0521818950331608,0.0417938693780901,0.04615622724861,0.0513412451072826
0.0521818950331608,0.0417938693780901,0.04615622724861,0.0513412451072826
0.0521818950331608,0.0417938693780901,0.04615622724861,0.0513412451072826
0.0521818950331608,0.0417938693780901,0.04615622724861,0.0513412451072826
0.0521818950331608,0.0417938693780901,0.04615622724861,0.0513412451072826
0.0521818950331608,0.0474993832812221,0.04615622724861,0.0513412451072826
0.0521818950331608,0.0474993832812221,0.04615622724861,0.0513412451072826
0.0521818950331608,0.0474993832812221,0.04615622724861,0.0513412451072826
0.0521818950331608,0.0474993832812221,0.04615622724861,0.0513412451072826
0.0521818950331608,0.0474993832812221,0.04615622724861,0.0513412451072826
0.0521818950331608,0.0474993832812221,0.04615622724861,0.0513412451072826
0.0521818950331608,0.0474993832812221,0.0521370230510724,0.0513412451072826
0.0521818950331608,0.0474993832812221,0.0521370230510724,0.0561400614006995
0.0521818950331608,0.0474993832812221,0.0521370230510724,0.0561400614006995
0.0521818950331608,0.0474993832812221,0.0521370230510724,0.0561400614006995
0.0485890304635754,0.0474993832812221,0.0521370230510724,0.0561400614006995
0.0485890304635754,0.0474993832812221,0.0521370230510724,0.0561400614006995
0.0485890304635754,0.0474993832812221,0.0521370230510724,0.0561400614006995
0.0485890304635754,0.0474993832812221,0.0521370230510724,0.0561400614006995
0.0485890304635754,0.0474993832812221,0.0521370230510724,0.0493071493985626
0.0485890304635754,0.0474993832812221,0.0521370230510724,0.0493071493985626
0.0485890304635754,0.0474993832812221,0.0521370230510724,0.0543642068883325
0.0485890304635754,0.0474993832812221,0.0521370230510724,0.0543642068883325
0.0485890304635754,0.0474993832812221,0.0521370230510724,0.0543642068883325
0.0485890304635754,0.0474993832812221,0.0521370230510724,0.0543642068883325
0.0506915634622582,0.0474993832812221,0.0521370230510724,0.0543642068883325
0.0506915634622582,0.0474993832812221,0.0521370230510724,0.0543642068883325
0.0506915634622582,0.0474993832812221,0.0521370230510724,0.0543642068883325
0.0506915634622582,0.0474993832812221,0.0521370230510724,0.0543642068883325
0.0506915634622582,0.0474993832812221,0.0521370230510724,0.0543642068883325
0.0506915634622582,0.0474993832812221,0.0521370230510724,0.0543642068883325
0.0506915634622582,0.0474993832812221,0.0523255689988017,0.0543642068883325
0.0506915634622582,0.0474993832812221,0.0523255689988017,0.0543642068883325
0.0506915634622582,0.0474993832812221,0.0523255689988017,0.0543642068883325
0.0506915634622582,0.0474993832812221,0.0523255689988017,0.0543642068883325
0.0506915634622582,0.0474993832812221,0.0523255689988017,0.0543642068883325
0.0506915634622582,0.0474993832812221,0.0523255689988017,0.0543642068883325
0.0506915634622582,0.0474993832812221,0.0523255689988017,0.0543642068883325
0.0506915634622582,0.0474993832812221,0.0523255689988017,0.0543642068883325
0.0506915634622582,0.0474993832812221,0.0523255689988017,0.0543642068883325
0.0506915634622582,0.0474993832812221,0.0523255689988017,0.0543642068883325
0.0506915634622582,0.0474993832812221,0.0523255689988017,0.0543642068883325
0.0506915634622582,0.0474993832812221,0.0523255689988017,0.0543642068883325
0.0506915634622582,0.0474993832812221,0.0523255689988017,0.0543642068883325
0.0506915634622582,0.0474993832812221,0.0523255689988017,0.0543642068883325
0.0506915634622582,0.0474993832812221,0.0523255689988017,0.0543642068883325
0.0506915634622582,0.0474993832812221,0.0523255689988017,0.0543642068883325
0.0506915634622582,0.0474993832812221,0.0523255689988017,0.0543642068883325
0.0506915634622582,0.0474993832812221,0.0523255689988017,0.0543642068883325
0.0506915634622582,0.0474993832812221,0.0523255689988017,0.0543642068883325
0.0506915634622582,0.0474993832812221,0.0523255689988017,0.0543642068883325
0.0506915634622582,0.0474993832812221,0.0523255689988017,0.0543642068883325
0.0506915634622582,0.0474993832812221,0.0523255689988017,0.0543642068883325
0.0506915634622582,0.0474993832812221,0.0523255689988017,0.0543642068883325
0.0506915634622582,0.0474993832812221,0.0523255689988017,0.0543642068883325
0.0506915634622582,0.0474993832812221,0.0523255689988017,0.0543642068883325
0.0528012856076692,0.0474993832812221,0.0523255689988017,0.0543642068883325
0.0528012856076692,0.047150074959458,0.0523255689988017,0.0543642068883325
0.0528012856076692,0.047150074959458,0.0523255689988017,0.0543642068883325
0.0528012856076692,0.047150074959458,0.0523255689988017,0.0543642068883325
0.0528012856076692,0.047150074959458,0.0523255689988017,0.0543642068883325
0.0528012856076692,0.047150074959458,0.0523255689988017,0.0543642068883325
0.0528012856076692,0.047150074959458,0.0523255689988017,0.0543642068883325
0.0528012856076692,0.047150074959458,0.0523255689988017,0.0543642068883325
0.0528012856076692,0.047150074959458,0.0523255689988017,0.0543642068883325
0.0528012856076692,0.047150074959458,0.0523255689988017,0.0543642068883325
0.0528012856076692,0.047150074959458,0.0523255689988017,0.0543642068883325
0.0478377684409261,0.047150074959458,0.0523255689988017,0.0574291746467889
0.0478377684409261,0.047150074959458,0.0523255689988017,0.0574291746467889
0.0478377684409261,0.047150074959458,0.0523255689988017,0.0574291746467889
0.0478377684409261,0.047150074959458,0.0523255689988017,0.0574291746467889
0.0478377684409261,0.047150074959458,0.0523255689988017,0.0574291746467889
0.0478377684409261,0.047150074959458,0.0523255689988017,0.0574291746467889
0.0478377684409261,0.047150074959458,0.0523255689988017,0.0574291746467889
0.0478377684409261,0.047150074959458,0.0523255689988017,0.0574291746467889
0.0478377684409261,0.047150074959458,0.0523255689988017,0.0574291746467889
0.0478377684409261,0.047150074959458,0.0523255689988017,0.0574291746467889
0.0478377684409261,0.047150074959458,0.0523255689988017,0.0574291746467889
0.0478377684409261,0.047150074959458,0.0523255689988017,0.0574291746467889
0.0478377684409261,0.047150074959458,0.0523255689988017,0.0574291746467889
0.0478377684409261,0.047150074959458,0.0523255689988017,0.0574291746467889
0.0478377684409261,0.047150074959458,0.0523255689988017,0.0574291746467889
0.0478377684409261,0.047150074959458,0.0523255689988017,0.0574291746467889
0.0495922874258984,0.047150074959458,0.0523255689988017,0.0574291746467889
0.0495922874258984,0.047150074959458,0.0523255689988017,0.0574291746467889
0.0495922874258984,0.047150074959458,0.0523255689988017,0.0574291746467889
0.0495922874258984,0.047150074959458,0.0523255689988017,0.0574291746467889
0.0495922874258984,0.047150074959458,0.0523255689988017,0.0574291746467889
0.0495922874258984,0.047150074959458,0.0523255689988017,0.0574291746467889
0.0495922874258984,0.047150074959458,0.0523255689988017,0.0574291746467889
0.0495922874258984,0.047150074959458,0.0523255689988017,0.0574291746467889
0.0495922874258984,0.047150074959458,0.0523255689988017,0.0574291746467889
0.0495922874258984,0.047150074959458,0.0523255689988017,0.0574291746467889
0.0495922874258984,0.047150074959458,0.0523255689988017,0.0574291746467889
0.0495922874258984,0.047150074959458,0.0523255689988017,0.0574291746467889
0.0495922874258984,0.047150074959458,0.0523255689988017,0.0574291746467889
0.0495922874258984,0.047150074959458,0.0523255689988017,0.0574291746467889
0.0495922874258984,0.047150074959458,0.0523255689988017,0.0574291746467889
0.0495922874258984,0.047150074959458,0.0523255689988017,0.0574291746467889
0.0495922874258984,0.047150074959458,0.0523255689988017,0.0574291746467889
0.0495922874258984,0.047150074959458,0.0523255689988017,0.0574291746467889
0.0495922874258984,0.047150074959458,0.0523255689988017,0.0574291746467889
0.0495922874258984,0.047150074959458,0.0523255689988017,0.0574291746467889
0.0495922874258984,0.047150074959458,0.0523255689988017,0.0574291746467889
0.0495922874258984,0.047150074959458,0.0523255689988017,0.0574291746467889
0.0495922874258984,0.047150074959458,0.0523255689988017,0.0574291746467889
0.0495922874258984,0.047150074959458,0.0523255689988017,0.0574291746467889
0.0495922874258984,0.047150074959458,0.0523255689988017,0.0574291746467889
0.0495922874258984,0.047150074959458,0.0523255689988017,0.0574291746467889
0.0495922874258984,0.047150074959458,0.0523255689988017,0.0574291746467889
0.0495922874258984,0.047150074959458,0.0523255689988017,0.0574291746467889
0.0495922874258984,0.047150074959458,0.0523255689988017,0.0574291746467889
0.0495922874258984,0.047150074959458,0.0523255689988017,0.0574291746467889
0.0495922874258984,0.047150074959458,0.0523255689988017,0.0574291746467889
0.0495922874258984,0.047150074959458,0.0523255689988017,0.0574291746467889
0.0495922874258984,0.047150074959458,0.0523255689988017,0.0574291746467889
0.0495922874258984,0.047150074959458,0.0523255689988017,0.0574291746467889
0.0495922874258984,0.047150074959458,0.0523255689988017,0.0574291746467889
0.0495922874258984,0.047150074959458,0.0523255689988017,0.0574291746467889
0.0495922874258984,0.047150074959458,0.0523255689988017,0.0574291746467889
0.0495922874258984,0.047150074959458,0.0523255689988017,0.0574291746467889
0.0495922874258984,0.047150074959458,0.0523255689988017,0.0574291746467889
0.0495922874258984,0.047150074959458,0.0518492715306661,0.0574291746467889
0.0495922874258984,0.047150074959458,0.0518492715306661,0.0574291746467889
0.0495922874258984,0.047150074959458,0.0518492715306661,0.0574291746467889
0.0495922874258984,0.047150074959458,0.0518492715306661,0.0574291746467889
0.0495922874258984,0.047150074959458,0.0518492715306661,0.0574291746467889
0.0495922874258984,0.047150074959458,0.0518492715306661,0.0574291746467889
0.0495922874258984,0.047150074959458,0.0518492715306661,0.0567356493452075
0.0495922874258984,0.047150074959458,0.0518492715306661,0.0567356493452075
0.0495922874258984,0.047150074959458,0.0518492715306661,0.0567356493452075
0.0530605961265035,0.047150074959458,0.0518492715306661,0.0567356493452075
0.0530605961265035,0.047150074959458,0.0518492715306661,0.0567356493452075
0.0530605961265035,0.047150074959458,0.0518492715306661,0.0567356493452075
0.0530605961265035,0.047150074959458,0.0518492715306661,0.0567356493452075
0.0530605961265035,0.047150074959458,0.0518492715306661,0.0567356493452075
0.0530605961265035,0.047150074959458,0.0518492715306661,0.0567356493452075
0.0530605961265035,0.047150074959458,0.0518492715306661,0.0567356493452075
0.0530605961265035,0.047150074959458,0.0518492715306661,0.0567356493452075
0.0530605961265035,0.047150074959458,0.0518492715306661,0.0567356493452075
0.0530605961265035,0.047150074959458,0.0518492715306661,0.0567356493452075
0.0530605961265035,0.047150074959458,0.0518492715306661,0.0567356493452075
0.0530605961265035,0.047150074959458,0.0518492715306661,0.0567356493452075
0.0530605961265035,0.047150074959458,0.0518492715306661,0.0567356493452075
0.0530605961265035,0.047150074959458,0.0518492715306661,0.0567356493452075
0.0530605961265035,0.047150074959458,0.0518492715306661,0.0549279326761106
0.0530605961265035,0.047150074959458,0.0518492715306661,0.0549279326761106
0.0530605961265035,0.047150074959458,0.0518492715306661,0.0536562104414986
0.0530605961265035,0.047150074959458,0.0518492715306661,0.0536562104414986
0.0530605961265035,0.047150074959458,0.0518492715306661,0.0536562104414986
0.0530605961265035,0.047150074959458,0.0518492715306661,0.0536562104414986
0.0530605961265035,0.047150074959458,0.0518492715306661,0.0536562104414986
0.0530605961265035,0.047150074959458,0.0518492715306661,0.0536562104414986
0.0530605961265035,0.047150074959458,0.0518492715306661,0.0536562104414986
0.0530605961265035,0.047150074959458,0.0518492715306661,0.0536562104414986
0.0530605961265035,0.047150074959458,0.0518492715306661,0.0536562104414986
0.0530605961265035,0.047150074959458,0.0518492715306661,0.0536562104414986
0.0530605961265035,0.047150074959458,0.0518492715306661,0.0536562104414986
0.0530605961265035,0.047150074959458,0.0518492715306661,0.0536562104414986
0.0530605961265035,0.047150074959458,0.0518492715306661,0.0536562104414986
0.0530605961265035,0.047150074959458,0.0518492715306661,0.0536562104414986
0.0530605961265035,0.047150074959458,0.0518492715306661,0.0536562104414986
0.0530605961265035,0.047150074959458,0.0518492715306661,0.0536562104414986
0.0530605961265035,0.047150074959458,0.0518492715306661,0.0536562104414986
0.0530605961265035,0.047150074959458,0.0518492715306661,0.0536562104414986
0.0530605961265035,0.047150074959458,0.0518492715306661,0.0536562104414986
0.0530605961265035,0.047150074959458,0.0518492715306661,0.0536562104414986
0.0530605961265035,0.047150074959458,0.0518492715306661,0.0536562104414986
0.0530605961265035,0.047150074959458,0.0518492715306661,0.0536562104414986
0.0530605961265035,0.047150074959458,0.0518492715306661,0.0536562104414986
0.0530605961265035,0.047150074959458,0.0518492715306661,0.0536562104414986
0.0530605961265035,0.047150074959458,0.0518492715306661,0.0536562104414986
0.0530605961265035,0.047150074959458,0.0518492715306661,0.0536562104414986
0.0530605961265035,0.047150074959458,0.0518492715306661,0.0536562104414986
0.0530605961265035,0.0519642705618356,0.0518492715306661,0.0536562104414986
0.0530605961265035,0.0519642705618356,0.0518492715306661,0.0536562104414986
0.0530605961265035,0.0519642705618356,0.0518492715306661,0.0536562104414986
0.0530605961265035,0.0519642705618356,0.0518492715306661,0.0536562104414986
0.0530605961265035,0.0519642705618356,0.0518492715306661,0.0536562104414986
0.0530605961265035,0.0519642705618356,0.0518492715306661,0.0536562104414986
0.0530605961265035,0.0519642705618356,0.0518492715306661,0.0536562104414986
0.0530605961265035,0.0519642705618356,0.0518492715306661,0.0536562104414986
0.0530605961265035,0.0519642705618356,0.0518492715306661,0.0536562104414986
0.0530605961265035,0.0519642705618356,0.0518492715306661,0.0536562104414986
0.0530605961265035,0.0519642705618356,0.0518492715306661,0.0536562104414986
0.0530605961265035,0.0530965162717604,0.0518492715306661,0.0536562104414986
0.0530605961265035,0.0530965162717604,0.0518492715306661,0.0536562104414986
0.0530605961265035,0.0530965162717604,0.0518492715306661,0.0536562104414986
0.0530605961265035,0.0530965162717604,0.0518492715306661,0.0536562104414986
0.0530605961265035,0.0530965162717604,0.0518492715306661,0.0536562104414986
0.0530605961265035,0.0530965162717604,0.0518492715306661,0.0536562104414986
0.0530605961265035,0.0530965162717604,0.0518492715306661,0.0536562104414986
0.0530605961265035,0.0530965162717604,0.0518492715306661,0.0536562104414986
0.054159952951751,0.0530965162717604,0.0518492715306661,0.0536562104414986
0.054159952951751,0.0530965162717604,0.0518492715306661,0.0536562104414986
0.054159952951751,0.0530965162717604,0.0518492715306661,0.0536562104414986
0.054159952951751,0.0530965162717604,0.0518492715306661,0.0536562104414986
0.054159952951751,0.0530965162717604,0.0518492715306661,0.0536562104414986
0.054159952951751,0.0530965162717604,0.0518492715306661,0.0536562104414986
0.054159952951751,0.0530965162717604,0.0518492715306661,0.0536562104414986
0.054159952951751,0.0530965162717604,0.0518492715306661,0.0536562104414986
0.054159952951751,0.0530965162717604,0.0518492715306661,0.0536562104414986
0.054159952951751,0.0530965162717604,0.0518492715306661,0.0536562104414986
0.054159952951751,0.0530965162717604,0.0533141591213952,0.0536562104414986
0.054159952951751,0.0530965162717604,0.0533141591213952,0.0536562104414986
0.054159952951751,0.0530965162717604,0.0533141591213952,0.0536562104414986
0.054159952951751,0.0530965162717604,0.0533141591213952,0.0536562104414986
0.054159952951751,0.0530965162717604,0.0533141591213952,0.0536562104414986
0.054159952951751,0.0530965162717604,0.0533141591213952,0.0536562104414986
0.055081174391895,0.0530965162717604,0.0533141591213952,0.0536562104414986
0.055081174391895,0.0530965162717604,0.0533141591213952,0.0504645432973036
0.055081174391895,0.0530965162717604,0.0533141591213952,0.0504645432973036
0.0554463758121611,0.0530965162717604,0.0533141591213952,0.0504645432973036
0.0554463758121611,0.0530965162717604,0.0533141591213952,0.0504645432973036
0.0554463758121611,0.0530965162717604,0.0533141591213952,0.0504645432973036
0.0554463758121611,0.0530965162717604,0.0533141591213952,0.0504645432973036
0.0554463758121611,0.0530965162717604,0.0533141591213952,0.0504645432973036
0.0554463758121611,0.0530965162717604,0.0533141591213952,0.0504645432973036
0.0554463758121611,0.0530965162717604,0.0533141591213952,0.0504645432973036
0.0554463758121611,0.0530965162717604,0.0533141591213952,0.0504645432973036
0.0554463758121611,0.0530965162717604,0.0533141591213952,0.0504645432973036
0.0554463758121611,0.0530965162717604,0.0533141591213952,0.0504645432973036
0.0554463758121611,0.0530965162717604,0.0533141591213952,0.0504645432973036
0.0554463758121611,0.0530965162717604,0.0533141591213952,0.0504645432973036
0.0554463758121611,0.0530965162717604,0.0533141591213952,0.0504645432973036
0.0554463758121611,0.0530965162717604,0.0533141591213952,0.0504645432973036
0.0554463758121611,0.0530965162717604,0.0533141591213952,0.0504645432973036
0.0554463758121611,0.0530965162717604,0.0533141591213952,0.0504645432973036
0.0554463758121611,0.0530965162717604,0.0533141591213952,0.0562018087011955
0.0554463758121611,0.0530965162717604,0.0533141591213952,0.0562018087011955
0.0554463758121611,0.0530965162717604,0.0533141591213952,0.0562018087011955
0.0554463758121611,0.0530965162717604,0.0546896219344814,0.0562018087011955
0.0554463758121611,0.0530965162717604,0.0546896219344814,0.0562018087011955
0.0554463758121611,0.0530965162717604,0.0546896219344814,0.0562018087011955
0.0554463758121611,0.0530965162717604,0.0546896219344814,0.0562018087011955
0.0554463758121611,0.0530965162717604,0.0546896219344814,0.0562018087011955
0.0554463758121611,0.0530965162717604,0.0546896219344814,0.0562018087011955
0.0554463758121611,0.0530965162717604,0.0546896219344814,0.0562018087011955
0.0554463758121611,0.0530965162717604,0.0546896219344814,0.0562018087011955
0.0554463758121611,0.0530965162717604,0.0546896219344814,0.0562018087011955
0.0554463758121611,0.0530965162717604,0.0546896219344814,0.0562018087011955
0.0554463758121611,0.0530965162717604,0.0546896219344814,0.0562018087011955
0.0554463758121611,0.0530965162717604,0.0546896219344814,0.0562018087011955
0.0554463758121611,0.0530965162717604,0.0546896219344814,0.0562018087011955
0.0554463758121611,0.0530965162717604,0.0546896219344814,0.0562018087011955
0.0554463758121611,0.0530965162717604,0.0546896219344814,0.0562018087011955
0.0554463758121611,0.0530965162717604,0.0546896219344814,0.0562018087011955
0.0554463758121611,0.0530965162717604,0.0546896219344814,0.0562018087011955
0.0554463758121611,0.0530965162717604,0.0546896219344814,0.0562018087011955
0.0554463758121611,0.0530965162717604,0.0546896219344814,0.0562018087011955
0.0554463758121611,0.0530965162717604,0.0546896219344814,0.0562018087011955
0.0554463758121611,0.0530965162717604,0.0546896219344814,0.0562018087011955
0.0554463758121611,0.0530965162717604,0.0546896219344814,0.0562018087011955
0.0554463758121611,0.0530965162717604,0.0546896219344814,0.0562018087011955
0.0554463758121611,0.0530965162717604,0.0546896219344814,0.0562018087011955
0.0554463758121611,0.0530965162717604,0.0546896219344814,0.0562018087011955
0.0554463758121611,0.0530965162717604,0.0546896219344814,0.0562018087011955
0.0554463758121611,0.0530965162717604,0.0546896219344814,0.0562018087011955
0.0554463758121611,0.0530965162717604,0.0546896219344814,0.0562018087011955
0.0554463758121611,0.0530965162717604,0.0546896219344814,0.0562018087011955
0.0554463758121611,0.0530965162717604,0.0546896219344814,0.0562018087011955
0.0554463758121611,0.0530965162717604,0.0546896219344814,0.0562018087011955
0.0584692582453176,0.0530965162717604,0.0546896219344814,0.0562018087011955
0.0584692582453176,0.0530965162717604,0.0546896219344814,0.0562018087011955
0.0584692582453176,0.0487981571757092,0.0546896219344814,0.0562018087011955
0.0584692582453176,0.0487981571757092,0.0546896219344814,0.0562018087011955
0.0584692582453176,0.0487981571757092,0.0546896219344814,0.0562018087011955
0.0584692582453176,0.0487981571757092,0.0546896219344814,0.0562018087011955
0.0584692582453176,0.0487981571757092,0.0546896219344814,0.0562018087011955
0.0584692582453176,0.0487981571757092,0.0546896219344814,0.0562018087011955
0.0584692582453176,0.0487981571757092,0.0546896219344814,0.0562018087011955
0.0584692582453176,0.0487981571757092,0.0546896219344814,0.0562018087011955
0.0584692582453176,0.0487981571757092,0.0546896219344814,0.0562018087011955
0.0584692582453176,0.0487981571757092,0.0546896219344814,0.0562018087011955
0.0584692582453176,0.0487981571757092,0.0546896219344814,0.0562018087011955
0.0584692582453176,0.0487981571757092,0.0546896219344814,0.0562018087011955
0.0584692582453176,0.0487981571757092,0.0546896219344814,0.0562018087011955
0.0584692582453176,0.0487981571757092,0.0546896219344814,0.0562018087011955
0.0584692582453176,0.0487981571757092,0.0546896219344814,0.0562018087011955
0.0584692582453176,0.0487981571757092,0.0546896219344814,0.0562018087011955
0.0575137086087821,0.0487981571757092,0.0546896219344814,0.0562018087011955
0.0575137086087821,0.0487981571757092,0.0546896219344814,0.0562018087011955
0.0575137086087821,0.0487981571757092,0.0546896219344814,0.0562018087011955
0.0575137086087821,0.0487981571757092,0.0546896219344814,0.0562018087011955
0.0575137086087821,0.0487981571757092,0.0546896219344814,0.0562018087011955
0.0575137086087821,0.0487981571757092,0.0546896219344814,0.0562018087011955
0.0575137086087821,0.0487981571757092,0.0546896219344814,0.0562018087011955
0.0575137086087821,0.0487981571757092,0.0546896219344814,0.0562018087011955
0.0575137086087821,0.0487981571757092,0.0546896219344814,0.0562018087011955
0.0575137086087821,0.0487981571757092,0.0546896219344814,0.0562018087011955
0.0575137086087821,0.0487981571757092,0.0546896219344814,0.0562018087011955
0.0575137086087821,0.0487981571757092,0.0546896219344814,0.0562018087011955
0.0575137086087821,0.0487981571757092,0.0546896219344814,0.0562018087011955
0.0575137086087821,0.0487981571757092,0.0546896219344814,0.0562018087011955
0.0575137086087821,0.0487981571757092,0.0546896219344814,0.0562018087011955
0.0575137086087821,0.0487981571757092,0.0546896219344814,0.0562018087011955
0.0575137086087821,0.0487981571757092,0.0546896219344814,0.0562018087011955
0.0575137086087821,0.0487981571757092,0.0546896219344814,0.0562018087011955
0.0575137086087821,0.0487981571757092,0.0546896219344814,0.0562018087011955
0.0575137086087821,0.0487981571757092,0.0546896219344814,0.0562018087011955
0.0575137086087821,0.0487981571757092,0.0546896219344814,0.0562018087011955
0.0575137086087821,0.0487981571757092,0.0546896219344814,0.0574957835134751
0.0575137086087821,0.0487981571757092,0.0546896219344814,0.0574957835134751
0.0575137086087821,0.0487981571757092,0.0546896219344814,0.0574957835134751
0.0575137086087821,0.0487981571757092,0.0546896219344814,0.0574957835134751
0.0575137086087821,0.0487981571757092,0.0546896219344814,0.0596172701144676
0.0575137086087821,0.0487981571757092,0.0546896219344814,0.0596172701144676
0.0575137086087821,0.0487981571757092,0.0546896219344814,0.0596172701144676
0.0575137086087821,0.0523246924747068,0.0546896219344814,0.0596172701144676
0.0575137086087821,0.0523246924747068,0.0546896219344814,0.0596172701144676
0.0575137086087821,0.0523246924747068,0.0546896219344814,0.0596172701144676
0.0575137086087821,0.0523246924747068,0.0546896219344814,0.0596172701144676
0.0575137086087821,0.0523246924747068,0.0546896219344814,0.0596172701144676
0.0586201339830439,0.0523246924747068,0.0546896219344814,0.0596172701144676
0.0586201339830439,0.0523246924747068,0.0546896219344814,0.0596172701144676
0.0586201339830439,0.0523246924747068,0.0546896219344814,0.0659428742524865
0.0586201339830439,0.0523246924747068,0.0546896219344814,0.0659428742524865
0.0586201339830439,0.0523246924747068,0.0546896219344814,0.0659428742524865
0.0586201339830439,0.0523246924747068,0.0546896219344814,0.0659428742524865
0.0586201339830439,0.0523246924747068,0.0546896219344814,0.0659428742524865
0.0586201339830439,0.0523246924747068,0.0546896219344814,0.0659428742524865
0.0586201339830439,0.0523246924747068,0.0546896219344814,0.0659428742524865
0.0586201339830439,0.0523246924747068,0.0546896219344814,0.0659428742524865
0.0586201339830439,0.0523246924747068,0.0546896219344814,0.0659428742524865
0.0586201339830439,0.0523246924747068,0.0546896219344814,0.0659428742524865
0.0586201339830439,0.0523246924747068,0.0546896219344814,0.0659428742524865
0.0586201339830439,0.0523246924747068,0.0546896219344814,0.0659428742524865
0.0586201339830439,0.0523246924747068,0.0546896219344814,0.0659428742524865
0.0586201339830439,0.0523246924747068,0.0546896219344814,0.0659428742524865
0.0586201339830439,0.0523246924747068,0.0546896219344814,0.0659428742524865
0.0586201339830439,0.0523246924747068,0.0546896219344814,0.0659428742524865
0.0586201339830439,0.0523246924747068,0.0546896219344814,0.0659428742524865
0.0586201339830439,0.0523246924747068,0.0546896219344814,0.0659428742524865
0.0586201339830439,0.0523246924747068,0.0546896219344814,0.0659428742524865
0.0586201339830439,0.0523246924747068,0.0546896219344814,0.0659428742524865
0.0586201339830439,0.0470415724139591,0.0546896219344814,0.0479894956327306
0.0586201339830439,0.0516418984318248,0.0546896219344814,0.0479894956327306
0.0586201339830439,0.0516418984318248,0.0546896219344814,0.0479894956327306
0.0586201339830439,0.0516418984318248,0.0546896219344814,0.0479894956327306
0.0586201339830439,0.0516418984318248,0.0546896219344814,0.0479894956327306
0.0586201339830439,0.0516418984318248,0.0546896219344814,0.0479894956327306
0.0586201339830439,0.0516418984318248,0.0546896219344814,0.0479894956327306
0.0571099729142662,0.0516418984318248,0.0546896219344814,0.0589081575934587
0.0571099729142662,0.0516418984318248,0.0546896219344814,0.0589081575934587
0.0571099729142662,0.0516418984318248,0.0546896219344814,0.0589081575934587
0.0571099729142662,0.0516418984318248,0.0546896219344814,0.0589081575934587
0.0571099729142662,0.0516418984318248,0.0546896219344814,0.0589081575934587
0.0571099729142662,0.0516418984318248,0.0546896219344814,0.0589081575934587
0.0571099729142662,0.0516418984318248,0.0546896219344814,0.0589081575934587
0.0571099729142662,0.0516418984318248,0.0546896219344814,0.0589081575934587
0.0571099729142662,0.0516418984318248,0.0546896219344814,0.0589081575934587
0.0571099729142662,0.0516418984318248,0.0546896219344814,0.0589081575934587
0.0571099729142662,0.0516418984318248,0.0546896219344814,0.0589081575934587
0.0571099729142662,0.0516418984318248,0.0546896219344814,0.0589081575934587
0.0571099729142662,0.0516418984318248,0.0546896219344814,0.0547364718573527
0.0571099729142662,0.0516418984318248,0.0546896219344814,0.0547364718573527
0.0571099729142662,0.0516418984318248,0.0546896219344814,0.0547364718573527
0.0571099729142662,0.0584733719876689,0.0546896219344814,0.0547364718573527
0.0571099729142662,0.0584733719876689,0.0546896219344814,0.0547364718573527
0.0571099729142662,0.0584733719876689,0.0546896219344814,0.0547364718573527
0.0571099729142662,0.0584733719876689,0.0546896219344814,0.0547364718573527
0.0571099729142662,0.0584733719876689,0.0546896219344814,0.0547364718573527
0.0571099729142662,0.0584733719876689,0.0546896219344814,0.0547364718573527
0.0571099729142662,0.0584733719876689,0.0546896219344814,0.0547364718573527
0.0571099729142662,0.0584733719876689,0.0546896219344814,0.0547364718573527
0.0571099729142662,0.0584733719876689,0.0546896219344814,0.0547364718573527
0.0571099729142662,0.0584733719876689,0.0546896219344814,0.0547364718573527
0.0571099729142662,0.0584733719876689,0.0546896219344814,0.0547364718573527
0.0571099729142662,0.0545212387785168,0.0546896219344814,0.0547364718573527
0.0571099729142662,0.0545212387785168,0.0546896219344814,0.0547364718573527
0.0571099729142662,0.0546882826979094,0.0546896219344814,0.0547364718573527
0.0571099729142662,0.0546882826979094,0.0546896219344814,0.0547364718573527
0.0571099729142662,0.0546882826979094,0.0546896219344814,0.0547364718573527
0.0571099729142662,0.0546882826979094,0.0546896219344814,0.0547364718573527
0.0571099729142662,0.0546882826979094,0.0546896219344814,0.0547364718573527
0.0571099729142662,0.0546882826979094,0.0546896219344814,0.0547364718573527
0.0571099729142662,0.0546882826979094,0.0546896219344814,0.0547364718573527
0.0571099729142662,0.0546882826979094,0.0546896219344814,0.0547364718573527
0.0534306803190069,0.0546882826979094,0.0546896219344814,0.0547364718573527
0.0534306803190069,0.0546882826979094,0.0546896219344814,0.0547364718573527
0.0534306803190069,0.0546882826979094,0.0546896219344814,0.0547364718573527
0.0534306803190069,0.0546882826979094,0.0546896219344814,0.0547364718573527
0.0534306803190069,0.0546882826979094,0.0546896219344814,0.0547364718573527
0.0534306803190069,0.0546882826979094,0.0546896219344814,0.0547364718573527
0.0534306803190069,0.0546882826979094,0.0546896219344814,0.0547364718573527
0.0534306803190069,0.0546882826979094,0.0546896219344814,0.0547364718573527
0.0534306803190069,0.0546882826979094,0.0546896219344814,0.0547364718573527
0.0534306803190069,0.0546882826979094,0.0546896219344814,0.0547364718573527
0.0534306803190069,0.0546882826979094,0.0546896219344814,0.0547364718573527
0.0534306803190069,0.0546882826979094,0.0546896219344814,0.0547364718573527
0.0534306803190069,0.0546882826979094,0.0546896219344814,0.0547364718573527
0.0534306803190069,0.0546882826979094,0.0546896219344814,0.0547364718573527
0.0534306803190069,0.0546882826979094,0.0546896219344814,0.0547364718573527
0.0534306803190069,0.0546882826979094,0.0546896219344814,0.0547364718573527
0.0534306803190069,0.0546882826979094,0.0546896219344814,0.0547364718573527
0.0534306803190069,0.0546882826979094,0.0546896219344814,0.0547364718573527
0.0534306803190069,0.0546882826979094,0.0546896219344814,0.0547364718573527
0.0534306803190069,0.0546882826979094,0.0546896219344814,0.0547364718573527
0.0534306803190069,0.0557952960923941,0.0546896219344814,0.0547364718573527
0.0534306803190069,0.0487133551928614,0.0546896219344814,0.0547364718573527
0.0534306803190069,0.0487133551928614,0.0546896219344814,0.0547364718573527
0.0534306803190069,0.0487133551928614,0.0546896219344814,0.0547364718573527
0.0534306803190069,0.0487133551928614,0.0546896219344814,0.0547364718573527
0.0534306803190069,0.0487133551928614,0.0546896219344814,0.0547364718573527
0.0534306803190069,0.0487133551928614,0.0546896219344814,0.0547364718573527
0.0534306803190069,0.0487133551928614,0.0546896219344814,0.0547364718573527
0.0534306803190069,0.0487133551928614,0.0546896219344814,0.0547364718573527
0.0534306803190069,0.0487133551928614,0.0546896219344814,0.0547364718573527
0.0534306803190069,0.0487133551928614,0.0546896219344814,0.0547364718573527
0.0534306803190069,0.0487133551928614,0.0546896219344814,0.0547364718573527
0.0534306803190069,0.0487133551928614,0.0546896219344814,0.0547364718573527
0.0534306803190069,0.0487133551928614,0.0546896219344814,0.0547364718573527
0.0534306803190069,0.0487133551928614,0.0546896219344814,0.0547364718573527
0.0534306803190069,0.0487133551928614,0.0546896219344814,0.0547364718573527
0.0534306803190069,0.0487133551928614,0.0546896219344814,0.0547364718573527
0.0534306803190069,0.0487133551928614,0.0546896219344814,0.0547364718573527
0.0534306803190069,0.0487133551928614,0.0546896219344814,0.0547364718573527
0.0534306803190069,0.0487133551928614,0.0546896219344814,0.0547364718573527
0.0534306803190069,0.0487133551928614,0.0546896219344814,0.0547364718573527
0.0534306803190069,0.0487133551928614,0.0546896219344814,0.0547364718573527
0.0534306803190069,0.0487133551928614,0.0541066026691315,0.0547364718573527
0.0534306803190069,0.0487133551928614,0.0541066026691315,0.0547364718573527
0.0534306803190069,0.0487133551928614,0.0541066026691315,0.0547364718573527
0.0534306803190069,0.0487133551928614,0.0541066026691315,0.0547364718573527
0.0534306803190069,0.0487133551928614,0.0541066026691315,0.0547364718573527
0.0534306803190069,0.0487133551928614,0.0541066026691315,0.0547364718573527
0.0534306803190069,0.0487133551928614,0.0541066026691315,0.0547364718573527
0.0534306803190069,0.0487133551928614,0.0541066026691315,0.0547364718573527
0.0534306803190069,0.0487133551928614,0.0541066026691315,0.0547364718573527
0.0534306803190069,0.0487133551928614,0.0541066026691315,0.0547364718573527
0.0534306803190069,0.0487133551928614,0.0541066026691315,0.0547364718573527
0.0534306803190069,0.0487133551928614,0.0541066026691315,0.0547364718573527
0.0534306803190069,0.0487133551928614,0.0541066026691315,0.0547364718573527
0.0534306803190069,0.0487133551928614,0.0541066026691315,0.0547364718573527
0.0534306803190069,0.0487133551928614,0.0541066026691315,0.0547364718573527
0.0534306803190069,0.0487133551928614,0.0541066026691315,0.0547364718573527
0.0534306803190069,0.0487133551928614,0.0541066026691315,0.0547364718573527
0.0534306803190069,0.0487133551928614,0.0541066026691315,0.0547364718573527
0.0534306803190069,0.0487133551928614,0.0541066026691315,0.0547364718573527
0.0534306803190069,0.0487133551928614,0.0541066026691315,0.0547364718573527
0.0534306803190069,0.0487133551928614,0.0541066026691315,0.0494470083663218
0.0534306803190069,0.0487133551928614,0.0541066026691315,0.0494470083663218
0.0534306803190069,0.0487133551928614,0.0541066026691315,0.0494470083663218
0.0534306803190069,0.0487133551928614,0.0541066026691315,0.0494470083663218
0.0534306803190069,0.0487133551928614,0.0541066026691315,0.0494470083663218
0.0534306803190069,0.0487133551928614,0.0541066026691315,0.0494470083663218
0.0534306803190069,0.0487133551928614,0.0541066026691315,0.0494470083663218
0.0534306803190069,0.0487133551928614,0.0541066026691315,0.0494470083663218
0.0534306803190069,0.0487133551928614,0.0541066026691315,0.0494470083663218
0.0534306803190069,0.0487133551928614,0.0541066026691315,0.0488817418774999
0.0538562526480397,0.0487133551928614,0.0541066026691315,0.0488817418774999
0.0538562526480397,0.0487133551928614,0.0541066026691315,0.0488817418774999
0.0538562526480397,0.0487133551928614,0.0541066026691315,0.0488817418774999
0.0538562526480397,0.0487133551928614,0.0541066026691315,0.0488817418774999
0.0538562526480397,0.0487133551928614,0.0541066026691315,0.0488817418774999
0.0538562526480397,0.0487133551928614,0.0541066026691315,0.0488817418774999
0.0538562526480397,0.0487133551928614,0.0541066026691315,0.0488817418774999
0.0538562526480397,0.0487133551928614,0.0541066026691315,0.0488817418774999
0.0538562526480397,0.0487133551928614,0.0541066026691315,0.0488817418774999
0.0538562526480397,0.0487133551928614,0.0541066026691315,0.0488817418774999
0.0538562526480397,0.0487133551928614,0.0541066026691315,0.0488817418774999
0.0538562526480397,0.0487133551928614,0.0541066026691315,0.0488817418774999
0.0538562526480397,0.0487133551928614,0.0541066026691315,0.0488817418774999
0.0538562526480397,0.0484982381359674,0.0541066026691315,0.0488817418774999
0.0538562526480397,0.0484982381359674,0.0541066026691315,0.0488817418774999
0.0538562526480397,0.0484982381359674,0.0534416672824541,0.0488817418774999
0.0538562526480397,0.0484982381359674,0.0534416672824541,0.0458158875053651
0.0538562526480397,0.0484982381359674,0.0534416672824541,0.0458158875053651
0.0538562526480397,0.0484982381359674,0.0534416672824541,0.0458158875053651
0.0538562526480397,0.0484982381359674,0.0534416672824541,0.0458158875053651
0.0538562526480397,0.0484982381359674,0.0534416672824541,0.0458158875053651
0.0538562526480397,0.0484982381359674,0.0534416672824541,0.0458158875053651
0.0538562526480397,0.0484982381359674,0.0534416672824541,0.0458158875053651
0.0538562526480397,0.0484982381359674,0.0534416672824541,0.0458158875053651
0.0538562526480397,0.0484982381359674,0.0534416672824541,0.0458158875053651
0.0538562526480397,0.0484982381359674,0.0534416672824541,0.0458158875053651
0.0538562526480397,0.0484982381359674,0.0534416672824541,0.0458158875053651
0.0538562526480397,0.0484982381359674,0.0534416672824541,0.0458158875053651
0.0538562526480397,0.0484982381359674,0.0534416672824541,0.0458158875053651
0.0538562526480397,0.0484982381359674,0.0534416672824541,0.0458158875053651
0.0538562526480397,0.0484982381359674,0.0534416672824541,0.0453631985993989
0.0538562526480397,0.0484982381359674,0.0534416672824541,0.0371642950524429
0.0538562526480397,0.0484982381359674,0.0534416672824541,0.0371642950524429
0.0538562526480397,0.0484982381359674,0.0534416672824541,0.0395407051044045
0.0538562526480397,0.0484982381359674,0.0534416672824541,0.0395407051044045
0.0538562526480397,0.0484982381359674,0.0534416672824541,0.0395407051044045
0.0538562526480397,0.0484982381359674,0.0534416672824541,0.0395407051044045
0.0538562526480397,0.0484982381359674,0.0534416672824541,0.0436099066990832
0.0538562526480397,0.0484982381359674,0.0534416672824541,0.0436099066990832
0.0538562526480397,0.0484982381359674,0.0534416672824541,0.0405445579980937
0.0538562526480397,0.0484982381359674,0.0534416672824541,0.0405445579980937
0.0538562526480397,0.0484982381359674,0.0534416672824541,0.0405445579980937
0.0538562526480397,0.0484982381359674,0.0534416672824541,0.0405445579980937
0.0538562526480397,0.0484982381359674,0.0534416672824541,0.0470303142440018
0.0538562526480397,0.0484982381359674,0.0534416672824541,0.0470303142440018
0.0538562526480397,0.0484982381359674,0.0534416672824541,0.0470303142440018
0.0538562526480397,0.0484982381359674,0.0534416672824541,0.0470303142440018
0.0538562526480397,0.0484982381359674,0.0534416672824541,0.0470303142440018
0.0538562526480397,0.0484982381359674,0.0534416672824541,0.0470303142440018
0.0538562526480397,0.0484982381359674,0.0534416672824541,0.0470303142440018
0.0538562526480397,0.0484982381359674,0.0534416672824541,0.0367687452219257
0.0538562526480397,0.0484982381359674,0.0534416672824541,0.0367687452219257
0.0538562526480397,0.0484982381359674,0.0534416672824541,0.0367687452219257
0.0538562526480397,0.0484982381359674,0.0534416672824541,0.0367687452219257
0.0538562526480397,0.0484982381359674,0.0534416672824541,0.0367687452219257
0.0538562526480397,0.0484982381359674,0.0534416672824541,0.0367687452219257
0.0538562526480397,0.0484982381359674,0.0534416672824541,0.0367687452219257
0.0538562526480397,0.0484982381359674,0.0534416672824541,0.0367687452219257
0.0538562526480397,0.0484982381359674,0.0534416672824541,0.0367687452219257
0.0538562526480397,0.0484982381359674,0.0534416672824541,0.0367687452219257
0.0538562526480397,0.0484982381359674,0.0546100587569777,0.0369164760594677
0.0520276705930448,0.0484982381359674,0.0546100587569777,0.0369164760594677
0.0520276705930448,0.0484982381359674,0.0546100587569777,0.0369164760594677
0.0520276705930448,0.0484982381359674,0.0546100587569777,0.0369164760594677
0.0520276705930448,0.0484982381359674,0.0546100587569777,0.0369164760594677
0.0520276705930448,0.0484982381359674,0.0546100587569777,0.0369164760594677
0.0520276705930448,0.0484982381359674,0.0546100587569777,0.0369164760594677
0.0520276705930448,0.0484982381359674,0.0546100587569777,0.0369164760594677
0.0520276705930448,0.0484982381359674,0.0546100587569777,0.0437049676675001
0.0520276705930448,0.0484982381359674,0.0546100587569777,0.0437049676675001
0.0520276705930448,0.0484982381359674,0.0546100587569777,0.0437049676675001
0.0520276705930448,0.0484982381359674,0.0546100587569777,0.0437049676675001
0.0520276705930448,0.0484982381359674,0.0546100587569777,0.0437049676675001
0.0520276705930448,0.0484982381359674,0.0546100587569777,0.0437049676675001
0.0520276705930448,0.0484982381359674,0.0546100587569777,0.0437049676675001
0.0520276705930448,0.0484982381359674,0.0546100587569777,0.0437049676675001
0.0520276705930448,0.0484982381359674,0.0546100587569777,0.0437049676675001
0.0551419935599418,0.0484982381359674,0.0546100587569777,0.0437049676675001
0.0551419935599418,0.0484982381359674,0.0546100587569777,0.0437049676675001
0.0551419935599418,0.0484982381359674,0.0546100587569777,0.0437049676675001
0.0551419935599418,0.0484982381359674,0.0546100587569777,0.0437049676675001
0.0551419935599418,0.0484982381359674,0.0546100587569777,0.0437049676675001
0.0551419935599418,0.0484982381359674,0.0546100587569777,0.0437049676675001
0.0551419935599418,0.0484982381359674,0.0546100587569777,0.0437049676675001
0.0551419935599418,0.0484982381359674,0.0546100587569777,0.0437049676675001
0.0551419935599418,0.0484982381359674,0.0546100587569777,0.0437049676675001
0.0551419935599418,0.0484982381359674,0.0546100587569777,0.0437049676675001
0.0551419935599418,0.0484982381359674,0.0546100587569777,0.0437049676675001
0.0551419935599418,0.0484982381359674,0.0546100587569777,0.0437049676675001
0.0551419935599418,0.0484982381359674,0.0546100587569777,0.0437049676675001
0.0551419935599418,0.0484982381359674,0.0546100587569777,0.0437049676675001
0.0551419935599418,0.0484982381359674,0.0546100587569777,0.0437049676675001
0.0551419935599418,0.0484982381359674,0.0546100587569777,0.0437049676675001
0.0551419935599418,0.0484982381359674,0.0546100587569777,0.0437049676675001
0.0551419935599418,0.0484982381359674,0.0546100587569777,0.0437049676675001
0.0551419935599418,0.0484982381359674,0.0546100587569777,0.0437049676675001
0.0551419935599418,0.0484982381359674,0.0546100587569777,0.0437049676675001
0.0551419935599418,0.0484982381359674,0.0546100587569777,0.0437049676675001
0.0551419935599418,0.0484982381359674,0.0546100587569777,0.0437049676675001
0.0551419935599418,0.0484982381359674,0.0546100587569777,0.0437049676675001
0.0551419935599418,0.0484982381359674,0.0546100587569777,0.0437049676675001
0.0551419935599418,0.0484982381359674,0.0546100587569777,0.0437049676675001
0.0551419935599418,0.0549364114969718,0.0546100587569777,0.0437049676675001
0.0551419935599418,0.0549364114969718,0.0546100587569777,0.0437049676675001
0.0551419935599418,0.0549364114969718,0.0546100587569777,0.0437049676675001
0.0551419935599418,0.0549364114969718,0.0546100587569777,0.0437049676675001
0.0551419935599418,0.0549364114969718,0.0546100587569777,0.0437049676675001
0.0551419935599418,0.0549364114969718,0.0546100587569777,0.0437049676675001
0.0551419935599418,0.0549364114969718,0.0546100587569777,0.0496324838036755
0.0551419935599418,0.0549364114969718,0.0546100587569777,0.0450427907923916
0.0551419935599418,0.0549364114969718,0.0546100587569777,0.0450427907923916
0.0551419935599418,0.0549364114969718,0.0563537597178695,0.0450427907923916
0.0551419935599418,0.0549364114969718,0.0563537597178695,0.0450427907923916
0.0551419935599418,0.0549364114969718,0.0563537597178695,0.0450427907923916
0.0551419935599418,0.0549364114969718,0.0563537597178695,0.0450427907923916
0.0551419935599418,0.0549364114969718,0.0563537597178695,0.0450427907923916
0.0551419935599418,0.0549364114969718,0.0563537597178695,0.0450427907923916
0.0551419935599418,0.0549364114969718,0.0563537597178695,0.0450427907923916
0.0551419935599418,0.0549364114969718,0.0563537597178695,0.0450427907923916
0.0551419935599418,0.0549364114969718,0.0563537597178695,0.0454890040249291
0.0551419935599418,0.0549364114969718,0.056365085599423,0.0454890040249291
0.0551419935599418,0.0549364114969718,0.0526417184344694,0.0454890040249291
0.0551419935599418,0.0549364114969718,0.0526417184344694,0.0454890040249291
0.0551419935599418,0.0549364114969718,0.0526417184344694,0.0454890040249291
0.0551419935599418,0.0549364114969718,0.0526417184344694,0.0454890040249291
0.0551419935599418,0.0549364114969718,0.0526417184344694,0.0454890040249291
0.0551419935599418,0.0549364114969718,0.0526417184344694,0.0454890040249291
0.0551419935599418,0.0549364114969718,0.0526417184344694,0.0454890040249291
0.0551419935599418,0.0549364114969718,0.0526417184344694,0.0454890040249291
0.0551419935599418,0.0549364114969718,0.0526417184344694,0.0454890040249291
0.0560194091930915,0.0549364114969718,0.0526417184344694,0.0454890040249291
0.0560194091930915,0.0549364114969718,0.0526417184344694,0.0454890040249291
0.0560194091930915,0.0549364114969718,0.0526417184344694,0.0454890040249291
0.0560194091930915,0.0549364114969718,0.0526417184344694,0.0454890040249291
0.0560194091930915,0.0549364114969718,0.0526417184344694,0.0454890040249291
0.0560194091930915,0.0549364114969718,0.0526417184344694,0.0454890040249291
0.0560194091930915,0.0549364114969718,0.0526417184344694,0.0454890040249291
0.0560194091930915,0.0549364114969718,0.0526417184344694,0.0454890040249291
0.0560194091930915,0.0549364114969718,0.0506934989759437,0.0517058867855003
0.0560194091930915,0.0549364114969718,0.0506934989759437,0.0517058867855003
0.0560194091930915,0.0549364114969718,0.0506934989759437,0.0517058867855003
0.0560194091930915,0.0512892215301398,0.0506934989759437,0.0517058867855003
0.0560194091930915,0.0512892215301398,0.0506934989759437,0.0517058867855003
0.0560194091930915,0.0512892215301398,0.0486413532133662,0.0517058867855003
0.0560194091930915,0.0512892215301398,0.0486413532133662,0.0517058867855003
0.0560194091930915,0.0512892215301398,0.0486413532133662,0.0468182322215638
0.0560194091930915,0.0512892215301398,0.0486413532133662,0.0468182322215638
0.0560194091930915,0.0512892215301398,0.0486413532133662,0.0468182322215638
0.0560194091930915,0.0512892215301398,0.0486413532133662,0.0468182322215638
0.0560194091930915,0.0512892215301398,0.0486413532133662,0.0468182322215638
0.0560194091930915,0.0512892215301398,0.0486413532133662,0.0468182322215638
0.0560194091930915,0.0512892215301398,0.0486413532133662,0.0468182322215638
0.0560194091930915,0.0512892215301398,0.0486413532133662,0.0468182322215638
0.0560194091930915,0.0512892215301398,0.0486413532133662,0.0468182322215638
0.0560194091930915,0.0512892215301398,0.0486413532133662,0.0504647074389931
0.0560194091930915,0.0512892215301398,0.0486413532133662,0.0504647074389931
0.0560194091930915,0.0512892215301398,0.0505722394242617,0.0504647074389931
0.0560194091930915,0.0512892215301398,0.0505722394242617,0.0548240631229081
0.0560194091930915,0.0512892215301398,0.0505722394242617,0.0548240631229081
0.0560194091930915,0.0512892215301398,0.0505722394242617,0.0548240631229081
0.0602089519853645,0.0512892215301398,0.0505722394242617,0.0548240631229081
0.0602089519853645,0.0512892215301398,0.0505722394242617,0.0548240631229081
0.0602089519853645,0.0512892215301398,0.0505722394242617,0.0548240631229081
0.0602089519853645,0.0512892215301398,0.0505722394242617,0.0548240631229081
0.0602089519853645,0.0509630441199641,0.0505722394242617,0.0548240631229081
0.0602089519853645,0.0509630441199641,0.0505722394242617,0.0525964655381069
0.0602089519853645,0.0509630441199641,0.0505722394242617,0.0525964655381069
0.0602089519853645,0.0509630441199641,0.0505722394242617,0.0525964655381069
0.0602089519853645,0.0509630441199641,0.0505722394242617,0.0525964655381069
0.0602089519853645,0.0509630441199641,0.0505722394242617,0.0525964655381069
0.0602089519853645,0.0509630441199641,0.0505722394242617,0.0525964655381069
0.0602089519853645,0.0509630441199641,0.0505722394242617,0.053836818169057
0.0602089519853645,0.0509630441199641,0.0505722394242617,0.053836818169057
0.0602089519853645,0.0547803843835644,0.0505722394242617,0.053836818169057
0.0602089519853645,0.0547803843835644,0.0505722394242617,0.053836818169057
0.0602089519853645,0.0547803843835644,0.0505722394242617,0.053836818169057
0.0602089519853645,0.0547803843835644,0.0505722394242617,0.053836818169057
0.0602089519853645,0.0547803843835644,0.0505722394242617,0.053836818169057
0.0602089519853645,0.0515915708188798,0.0505722394242617,0.053836818169057
0.0602089519853645,0.0515915708188798,0.0505722394242617,0.053836818169057
0.0602089519853645,0.0515915708188798,0.0505722394242617,0.053836818169057
0.0602089519853645,0.0515915708188798,0.0505722394242617,0.053836818169057
0.0602089519853645,0.0515915708188798,0.0505722394242617,0.053836818169057
0.0602089519853645,0.0515915708188798,0.0505722394242617,0.053836818169057
0.0602089519853645,0.0515915708188798,0.0505722394242617,0.053836818169057
0.0602089519853645,0.0515915708188798,0.0505722394242617,0.053836818169057
0.0602089519853645,0.0515915708188798,0.0505722394242617,0.053836818169057
0.0602089519853645,0.0515915708188798,0.0505722394242617,0.053836818169057
0.0602089519853645,0.0515915708188798,0.0505722394242617,0.053836818169057
0.0602089519853645,0.0515915708188798,0.0505722394242617,0.053836818169057
0.0602089519853645,0.0515915708188798,0.0505722394242617,0.053836818169057
0.0602089519853645,0.0515915708188798,0.0505722394242617,0.053836818169057
0.0602089519853645,0.0515915708188798,0.0505722394242617,0.053836818169057
0.0602089519853645,0.0515915708188798,0.0505722394242617,0.053836818169057
0.0602089519853645,0.0515915708188798,0.0505722394242617,0.053836818169057
0.0602089519853645,0.0515915708188798,0.0505722394242617,0.053836818169057
0.0602089519853645,0.0515915708188798,0.0505722394242617,0.053836818169057
0.0602089519853645,0.0515915708188798,0.0505722394242617,0.053836818169057
0.0602089519853645,0.0515915708188798,0.0505722394242617,0.053836818169057
0.0602089519853645,0.0515915708188798,0.0505722394242617,0.053836818169057
0.0602089519853645,0.0515915708188798,0.0505722394242617,0.053836818169057
0.0602089519853645,0.0515915708188798,0.0505722394242617,0.053836818169057
0.0602089519853645,0.0515915708188798,0.0505722394242617,0.053836818169057
0.0602089519853645,0.0515915708188798,0.0505722394242617,0.053836818169057
0.0602089519853645,0.0515915708188798,0.0575736973757643,0.053836818169057
0.0602089519853645,0.0515915708188798,0.0575736973757643,0.053836818169057
0.0602089519853645,0.0515915708188798,0.0575736973757643,0.053836818169057
0.0602089519853645,0.0515915708188798,0.0575736973757643,0.053836818169057
0.0602089519853645,0.0515915708188798,0.0575736973757643,0.053836818169057
0.0602089519853645,0.0515915708188798,0.0575736973757643,0.053836818169057
0.0602089519853645,0.0515915708188798,0.0575736973757643,0.053836818169057
0.0602089519853645,0.0414879775764806,0.0575736973757643,0.0545286555061535
0.0602089519853645,0.0414879775764806,0.0575736973757643,0.0545286555061535
0.0602089519853645,0.0414879775764806,0.0575736973757643,0.0545286555061535
0.0602089519853645,0.0414879775764806,0.0575736973757643,0.0545286555061535
0.0602089519853645,0.0414879775764806,0.0575736973757643,0.0545286555061535
0.0602089519853645,0.0414879775764806,0.0575736973757643,0.0545286555061535
0.0602089519853645,0.0414879775764806,0.0575736973757643,0.0545286555061535
0.0602089519853645,0.0449442970426062,0.0575736973757643,0.0545286555061535
0.0602089519853645,0.0449442970426062,0.0575736973757643,0.0545286555061535
0.0602089519853645,0.0449442970426062,0.0575736973757643,0.0545286555061535
0.0602089519853645,0.0449442970426062,0.0547163415389284,0.0545286555061535
0.0602089519853645,0.0449442970426062,0.0547163415389284,0.0545286555061535
0.0602089519853645,0.0449442970426062,0.0547163415389284,0.0545286555061535
0.0602089519853645,0.0449442970426062,0.0547163415389284,0.0568856585524877
0.0602089519853645,0.0510609213919009,0.0547163415389284,0.0568856585524877
0.0602089519853645,0.0510609213919009,0.0547163415389284,0.0568856585524877
0.0602089519853645,0.0510609213919009,0.0547163415389284,0.0568856585524877
0.0602089519853645,0.0510609213919009,0.0547163415389284,0.0568856585524877
0.0602089519853645,0.0510609213919009,0.0520192603883167,0.0568856585524877
0.0602089519853645,0.0510609213919009,0.0520192603883167,0.0568856585524877
0.0602089519853645,0.0510609213919009,0.0520192603883167,0.0568856585524877
0.0602089519853645,0.0510609213919009,0.0520192603883167,0.0568856585524877
0.0602089519853645,0.0510609213919009,0.0520192603883167,0.0568856585524877
0.0602089519853645,0.0510609213919009,0.0520192603883167,0.0568856585524877
0.0602089519853645,0.0510609213919009,0.0520192603883167,0.0568856585524877
0.0602089519853645,0.0510609213919009,0.0520192603883167,0.0568856585524877
0.0602089519853645,0.0510609213919009,0.0520192603883167,0.0568856585524877
0.0602089519853645,0.0510609213919009,0.0520192603883167,0.0568856585524877
0.0602089519853645,0.0510609213919009,0.0520192603883167,0.0568856585524877
0.0602089519853645,0.0510609213919009,0.0520192603883167,0.0568856585524877
0.0602089519853645,0.0510609213919009,0.0520192603883167,0.0568856585524877
0.0602089519853645,0.0510609213919009,0.0520192603883167,0.0568856585524877
0.0602089519853645,0.0510609213919009,0.0520192603883167,0.0568856585524877
0.0602089519853645,0.0510609213919009,0.0520192603883167,0.0568856585524877
0.0602089519853645,0.0510609213919009,0.0520192603883167,0.0568856585524877
0.0602089519853645,0.0510609213919009,0.0520192603883167,0.0568856585524877
0.0602089519853645,0.0510609213919009,0.0520192603883167,0.0568856585524877
0.0602089519853645,0.0510609213919009,0.0520192603883167,0.0568856585524877
0.0602089519853645,0.0510609213919009,0.0500192089320564,0.0498336069350697
0.0555006399720065,0.0510609213919009,0.0500192089320564,0.0498336069350697
0.0540563610224688,0.0510609213919009,0.0500192089320564,0.0498336069350697
0.0540563610224688,0.0510609213919009,0.0500192089320564,0.0498336069350697
0.0540563610224688,0.0510609213919009,0.0500192089320564,0.0498336069350697
0.0540563610224688,0.0462746373517005,0.0500192089320564,0.0498336069350697
0.0540563610224688,0.0462746373517005,0.0500192089320564,0.0498336069350697
0.0540563610224688,0.0462746373517005,0.0500192089320564,0.0498336069350697
0.0540563610224688,0.0462746373517005,0.0500192089320564,0.0498336069350697
0.0540563610224688,0.0462746373517005,0.0500192089320564,0.0498336069350697
0.0540563610224688,0.0462746373517005,0.0500192089320564,0.0498336069350697
0.0540563610224688,0.0462746373517005,0.0500192089320564,0.0498336069350697
0.0540563610224688,0.0462746373517005,0.0500192089320564,0.0498336069350697
0.0540563610224688,0.0462746373517005,0.0500192089320564,0.0498336069350697
0.0540563610224688,0.0462746373517005,0.0500192089320564,0.0498336069350697
0.0540563610224688,0.0462746373517005,0.0500192089320564,0.0498336069350697
0.0540563610224688,0.0462746373517005,0.0500192089320564,0.0498336069350697
0.0540563610224688,0.0462746373517005,0.0500192089320564,0.0498336069350697
0.0540563610224688,0.0436729087876995,0.0500192089320564,0.0498336069350697
0.0540563610224688,0.0436729087876995,0.0500192089320564,0.0498336069350697
0.0540563610224688,0.0436729087876995,0.0500192089320564,0.0498336069350697
0.0540563610224688,0.0436729087876995,0.0500192089320564,0.0498336069350697
0.0540563610224688,0.0436729087876995,0.0500192089320564,0.0498336069350697
0.0540563610224688,0.0436729087876995,0.0500192089320564,0.0498336069350697
0.0540563610224688,0.0436729087876995,0.0500192089320564,0.0498336069350697
0.0540563610224688,0.0436729087876995,0.0500192089320564,0.0498336069350697
0.0540563610224688,0.0436729087876995,0.0500192089320564,0.0498336069350697
0.0540563610224688,0.0436729087876995,0.0500192089320564,0.0498336069350697
0.0540563610224688,0.0436729087876995,0.0500192089320564,0.0498336069350697
0.0540563610224688,0.0436729087876995,0.0500192089320564,0.0498336069350697
0.0540563610224688,0.0436729087876995,0.0500192089320564,0.0498336069350697
0.0540563610224688,0.0436729087876995,0.0503725839285847,0.0498336069350697
0.0540563610224688,0.0436729087876995,0.0503725839285847,0.0498336069350697
0.0540563610224688,0.0436729087876995,0.0503725839285847,0.0498336069350697
0.0540563610224688,0.0436729087876995,0.0483641881319932,0.0498336069350697
0.0540563610224688,0.0436729087876995,0.0483641881319932,0.0498336069350697
0.0540563610224688,0.0436729087876995,0.0483641881319932,0.0498336069350697
0.0540563610224688,0.0436729087876995,0.0483641881319932,0.0498336069350697
0.0540563610224688,0.0436729087876995,0.0483641881319932,0.0498336069350697
0.0540563610224688,0.0436729087876995,0.0483641881319932,0.0498336069350697
0.0540563610224688,0.0436729087876995,0.0483641881319932,0.0498336069350697
0.0540563610224688,0.0436729087876995,0.0483641881319932,0.0498336069350697
0.0540563610224688,0.0436729087876995,0.0483641881319932,0.0498336069350697
0.0528888837461436,0.0436729087876995,0.0483641881319932,0.0498336069350697
0.0528888837461436,0.0436729087876995,0.0483641881319932,0.0498336069350697
0.0528888837461436,0.0523441537185531,0.0483641881319932,0.0498336069350697
0.0528888837461436,0.0523441537185531,0.0483641881319932,0.0498336069350697
0.0528888837461436,0.0523441537185531,0.0483641881319932,0.0498336069350697
0.0528888837461436,0.0523441537185531,0.0483641881319932,0.0498336069350697
0.0528888837461436,0.0523441537185531,0.0483641881319932,0.0498336069350697
0.0528888837461436,0.0523441537185531,0.0540629079074134,0.0498336069350697
0.0528888837461436,0.0523441537185531,0.0540629079074134,0.0498336069350697
0.0528888837461436,0.0523441537185531,0.0540629079074134,0.0498336069350697
0.0528888837461436,0.0523441537185531,0.0540629079074134,0.0498336069350697
0.0528888837461436,0.0523441537185531,0.0540629079074134,0.0498336069350697
0.0528888837461436,0.0523441537185531,0.0540629079074134,0.0498336069350697
0.0528888837461436,0.0523441537185531,0.0540629079074134,0.0498336069350697
0.0528888837461436,0.0523441537185531,0.0540629079074134,0.0498336069350697
0.0528888837461436,0.0523441537185531,0.0540629079074134,0.0498336069350697
0.0528888837461436,0.0523441537185531,0.0540629079074134,0.0498336069350697
0.0528888837461436,0.0523441537185531,0.0540629079074134,0.0498336069350697
0.0528888837461436,0.0523441537185531,0.0540629079074134,0.0498336069350697
0.0528888837461436,0.0523441537185531,0.0540629079074134,0.0498336069350697
0.0528888837461436,0.0523441537185531,0.0540629079074134,0.0498336069350697
0.0528888837461436,0.0523441537185531,0.0540629079074134,0.0498336069350697
0.0528888837461436,0.0523441537185531,0.0540629079074134,0.0498336069350697
0.0528888837461436,0.045745610818004,0.0540629079074134,0.0498336069350697
0.0528888837461436,0.045745610818004,0.0540629079074134,0.0498336069350697
0.0528888837461436,0.045745610818004,0.0540629079074134,0.0498336069350697
0.0528888837461436,0.045745610818004,0.0540629079074134,0.0498336069350697
0.0528888837461436,0.045745610818004,0.0540629079074134,0.0498336069350697
0.0528888837461436,0.045745610818004,0.0540629079074134,0.0498336069350697
0.0528888837461436,0.045745610818004,0.0540629079074134,0.0498336069350697
0.0528888837461436,0.045745610818004,0.0540629079074134,0.0498336069350697
0.0528888837461436,0.045745610818004,0.0540629079074134,0.0498336069350697
0.0528888837461436,0.045745610818004,0.0540629079074134,0.0498336069350697
0.0528888837461436,0.045745610818004,0.0540629079074134,0.0498336069350697
0.0528888837461436,0.045745610818004,0.0540629079074134,0.0498336069350697
0.0528888837461436,0.045745610818004,0.0540629079074134,0.0498336069350697
0.0528888837461436,0.045745610818004,0.0540629079074134,0.0498336069350697
0.0528888837461436,0.045745610818004,0.0540629079074134,0.0458042078500422
0.0528888837461436,0.045745610818004,0.0540629079074134,0.0458042078500422
0.0528888837461436,0.045745610818004,0.0540629079074134,0.0458042078500422
0.0541411542766832,0.045745610818004,0.0540629079074134,0.0458042078500422
0.0541411542766832,0.045745610818004,0.0540629079074134,0.0458042078500422
0.0541411542766832,0.045745610818004,0.0540629079074134,0.0458042078500422
0.0541411542766832,0.045745610818004,0.0540629079074134,0.0458042078500422
0.0541411542766832,0.045745610818004,0.0540629079074134,0.0458042078500422
0.0541411542766832,0.045745610818004,0.0540629079074134,0.0458042078500422
0.0541411542766832,0.045745610818004,0.0540629079074134,0.0458042078500422
0.0541411542766832,0.045745610818004,0.0540629079074134,0.0458042078500422
0.0541411542766832,0.045745610818004,0.0540629079074134,0.0458042078500422
0.0541411542766832,0.045745610818004,0.0540629079074134,0.0458042078500422
0.0541411542766832,0.045745610818004,0.0540629079074134,0.0458042078500422
0.0541411542766832,0.045745610818004,0.0540629079074134,0.0458042078500422
0.0541411542766832,0.045745610818004,0.0540629079074134,0.0458042078500422
0.0541411542766832,0.045745610818004,0.0540629079074134,0.0458042078500422
0.0560632967001403,0.045745610818004,0.0540629079074134,0.0458042078500422
0.0560632967001403,0.045745610818004,0.0540629079074134,0.0458042078500422
0.0560632967001403,0.045745610818004,0.0540629079074134,0.0458042078500422
0.0560632967001403,0.045745610818004,0.0540629079074134,0.0458042078500422
0.0560632967001403,0.045745610818004,0.0540629079074134,0.0458042078500422
0.0560632967001403,0.045745610818004,0.0540629079074134,0.0458042078500422
0.0560632967001403,0.045745610818004,0.0540629079074134,0.0458042078500422
0.0560632967001403,0.045745610818004,0.0540629079074134,0.0458042078500422
0.0560632967001403,0.045745610818004,0.0540629079074134,0.0568122494712818
0.0560632967001403,0.045745610818004,0.0540629079074134,0.0568122494712818
0.0560632967001403,0.045745610818004,0.0540629079074134,0.0568122494712818
0.0560632967001403,0.045745610818004,0.0540629079074134,0.0568122494712818
0.0560632967001403,0.045745610818004,0.0540629079074134,0.0568122494712818
0.0560632967001403,0.045745610818004,0.0540629079074134,0.0568122494712818
0.0560632967001403,0.045745610818004,0.0540629079074134,0.0568122494712818
0.0560632967001403,0.045745610818004,0.0540629079074134,0.0568122494712818
0.0560632967001403,0.045745610818004,0.0540629079074134,0.0568122494712818
0.0560632967001403,0.045745610818004,0.0540629079074134,0.0568122494712818
0.0560632967001403,0.045745610818004,0.0540629079074134,0.0535249985032438
0.0560632967001403,0.045745610818004,0.0540629079074134,0.0535249985032438
0.0560632967001403,0.045745610818004,0.0540629079074134,0.0535249985032438
0.0560632967001403,0.045745610818004,0.0540629079074134,0.0535249985032438
0.0560632967001403,0.045745610818004,0.0540629079074134,0.0535249985032438
0.0560632967001403,0.045745610818004,0.0540629079074134,0.0535249985032438
0.0560632967001403,0.045745610818004,0.0540629079074134,0.0535249985032438
0.0560632967001403,0.045745610818004,0.0540629079074134,0.0535249985032438
0.0560632967001403,0.045745610818004,0.0540629079074134,0.0535249985032438
0.0560632967001403,0.045745610818004,0.0540629079074134,0.051772028129873
0.0560632967001403,0.045745610818004,0.0540629079074134,0.051772028129873
0.0560632967001403,0.0485477946697347,0.0540629079074134,0.051772028129873
0.0560632967001403,0.0485477946697347,0.0540629079074134,0.051772028129873
0.0560632967001403,0.0485477946697347,0.0540629079074134,0.051772028129873
0.0560632967001403,0.0485477946697347,0.0540629079074134,0.051772028129873
0.0560632967001403,0.0485477946697347,0.0540629079074134,0.051772028129873
0.0560632967001403,0.0485477946697347,0.0540629079074134,0.051772028129873
0.0560632967001403,0.0485477946697347,0.0540629079074134,0.051772028129873
0.0560632967001403,0.0485477946697347,0.0540629079074134,0.051772028129873
0.0560632967001403,0.0485477946697347,0.0540629079074134,0.051772028129873
0.0560632967001403,0.0485477946697347,0.0540629079074134,0.051772028129873
0.0560632967001403,0.0485477946697347,0.0540629079074134,0.051772028129873
0.0560632967001403,0.0485477946697347,0.0540629079074134,0.051772028129873
0.0560632967001403,0.0485477946697347,0.0540629079074134,0.051772028129873
0.0560632967001403,0.0484034314709945,0.0540629079074134,0.051772028129873
0.0560632967001403,0.0484034314709945,0.0540629079074134,0.051772028129873
0.0560632967001403,0.0484034314709945,0.0540629079074134,0.051772028129873
0.0560632967001403,0.0484034314709945,0.0540629079074134,0.051772028129873
0.0560632967001403,0.0484034314709945,0.0540629079074134,0.051772028129873
0.0560632967001403,0.0484034314709945,0.0540629079074134,0.051772028129873
0.0560632967001403,0.0484034314709945,0.0540629079074134,0.051772028129873
0.0560632967001403,0.0484034314709945,0.0540629079074134,0.051772028129873
0.0560632967001403,0.0484034314709945,0.0540629079074134,0.051772028129873
0.0560632967001403,0.0406161480685532,0.0540629079074134,0.051772028129873
0.0560632967001403,0.0406161480685532,0.0540629079074134,0.051772028129873
0.0560632967001403,0.0406161480685532,0.0540629079074134,0.051772028129873
0.0560632967001403,0.045984938573138,0.0540629079074134,0.051772028129873
0.0560632967001403,0.0428180815929096,0.0540629079074134,0.051772028129873
0.0560632967001403,0.0428180815929096,0.0540629079074134,0.051772028129873
0.0560632967001403,0.0428180815929096,0.0540629079074134,0.051772028129873
0.0560632967001403,0.0428180815929096,0.0536907294735961,0.051772028129873
0.0560632967001403,0.0428180815929096,0.0536907294735961,0.051772028129873
0.0557634974222494,0.0428180815929096,0.0536907294735961,0.051772028129873
0.0557634974222494,0.0428180815929096,0.0536907294735961,0.051772028129873
0.0557634974222494,0.0428180815929096,0.0536907294735961,0.051772028129873
0.0557634974222494,0.0428180815929096,0.0536907294735961,0.051772028129873
0.0557634974222494,0.0428180815929096,0.0536907294735961,0.051772028129873
0.0557634974222494,0.0428180815929096,0.0536907294735961,0.051772028129873
0.0557634974222494,0.0428180815929096,0.0536907294735961,0.051772028129873
0.0557634974222494,0.0428180815929096,0.0536907294735961,0.051772028129873
0.0557634974222494,0.0428180815929096,0.0536907294735961,0.051772028129873
0.0557634974222494,0.0428180815929096,0.0536907294735961,0.051772028129873
0.0557634974222494,0.0428180815929096,0.0536907294735961,0.051772028129873
0.0557634974222494,0.0428180815929096,0.0536907294735961,0.051772028129873
0.0557634974222494,0.0428180815929096,0.0536907294735961,0.051772028129873
0.0557634974222494,0.0428180815929096,0.0536907294735961,0.051772028129873
0.0557634974222494,0.0428180815929096,0.0536907294735961,0.051772028129873
0.0557634974222494,0.0428180815929096,0.0536907294735961,0.051772028129873
0.0557634974222494,0.0428180815929096,0.0536907294735961,0.051772028129873
0.0557634974222494,0.0428180815929096,0.0536907294735961,0.051772028129873
0.0557634974222494,0.0428180815929096,0.0525735199617878,0.0569291460834695
0.0590736701914109,0.0428180815929096,0.0525735199617878,0.0569291460834695
0.0544978823332357,0.0428180815929096,0.0525735199617878,0.0569291460834695
0.0544978823332357,0.0428180815929096,0.0525735199617878,0.0569291460834695
0.0544978823332357,0.0428180815929096,0.0525735199617878,0.0569291460834695
0.0544978823332357,0.0428180815929096,0.0525735199617878,0.0569291460834695
0.0544978823332357,0.0428180815929096,0.0525735199617878,0.0569291460834695
0.0544978823332357,0.0428180815929096,0.0525735199617878,0.0524180043930087
0.0544978823332357,0.0428180815929096,0.0525735199617878,0.0524180043930087
0.0544978823332357,0.0428180815929096,0.0525735199617878,0.0524180043930087
0.0544978823332357,0.0428180815929096,0.0525735199617878,0.0524180043930087
0.0544978823332357,0.0428180815929096,0.0576500477233849,0.0524180043930087
0.0544978823332357,0.0428180815929096,0.0576500477233849,0.0524180043930087
0.0544978823332357,0.0428180815929096,0.0576500477233849,0.0524180043930087
0.0544978823332357,0.0428180815929096,0.0576500477233849,0.0524180043930087
0.0544978823332357,0.0428180815929096,0.0576500477233849,0.0524180043930087
0.0544978823332357,0.0428180815929096,0.0576500477233849,0.0524180043930087
0.0544978823332357,0.0428180815929096,0.0576500477233849,0.0524180043930087
0.0544978823332357,0.0428180815929096,0.0576500477233849,0.0524180043930087
0.0544978823332357,0.0428180815929096,0.0576500477233849,0.0524180043930087
0.0544978823332357,0.0428180815929096,0.0576500477233849,0.0524180043930087
0.0544978823332357,0.0481640385833664,0.0576500477233849,0.0524180043930087
0.0544978823332357,0.0481640385833664,0.0576500477233849,0.0524180043930087
0.0544978823332357,0.0481640385833664,0.0576500477233849,0.0524180043930087
0.0544978823332357,0.0481640385833664,0.0576500477233849,0.0524180043930087
0.0544978823332357,0.0481640385833664,0.0576500477233849,0.0524180043930087
0.0544978823332357,0.0481640385833664,0.0576500477233849,0.0524180043930087
0.0544978823332357,0.0481640385833664,0.0576500477233849,0.0524180043930087
0.0544978823332357,0.0481640385833664,0.0576500477233849,0.0510723102665964
0.0544978823332357,0.0481640385833664,0.0576500477233849,0.0510723102665964
0.0544978823332357,0.0481640385833664,0.0576500477233849,0.0510723102665964
0.0544978823332357,0.0481640385833664,0.0481072132074031,0.0510723102665964
0.0544978823332357,0.0481640385833664,0.0481072132074031,0.0510723102665964
0.0544978823332357,0.0481640385833664,0.0481072132074031,0.0510723102665964
0.0544978823332357,0.0481640385833664,0.0481072132074031,0.0510723102665964
0.0544978823332357,0.0481640385833664,0.0481072132074031,0.0510723102665964
0.0544978823332357,0.0481640385833664,0.0481072132074031,0.0569286597849766
0.0544978823332357,0.0481640385833664,0.0481072132074031,0.0569286597849766
0.0544978823332357,0.0481640385833664,0.0481072132074031,0.0569286597849766
0.0544978823332357,0.0481640385833664,0.0481072132074031,0.0569286597849766
0.0544978823332357,0.0481640385833664,0.0481072132074031,0.0569286597849766
0.0544978823332357,0.0481640385833664,0.0481072132074031,0.0569286597849766
0.0544978823332357,0.0481640385833664,0.0481072132074031,0.0569286597849766
0.0544978823332357,0.0481640385833664,0.0481072132074031,0.0569286597849766
0.0544978823332357,0.0481640385833664,0.0481072132074031,0.0531676955216339
0.0544978823332357,0.0482602392041175,0.0481072132074031,0.0531676955216339
0.0544978823332357,0.0482602392041175,0.0481072132074031,0.0531676955216339
0.0544978823332357,0.0482602392041175,0.0481072132074031,0.0531676955216339
0.0544978823332357,0.0482602392041175,0.0481072132074031,0.0531676955216339
0.0544978823332357,0.0482602392041175,0.0481072132074031,0.0531676955216339
0.0544978823332357,0.0482602392041175,0.0481072132074031,0.0531676955216339
0.0544978823332357,0.0482602392041175,0.0481072132074031,0.0531676955216339
0.0544978823332357,0.0482602392041175,0.0481072132074031,0.0531676955216339
0.0544978823332357,0.0482602392041175,0.0481072132074031,0.0531676955216339
0.0544978823332357,0.0482602392041175,0.0481072132074031,0.0531676955216339
0.0544978823332357,0.0482602392041175,0.0481072132074031,0.0575983449098486
0.0544978823332357,0.0482602392041175,0.0481072132074031,0.0575983449098486
0.0544978823332357,0.0482602392041175,0.0481072132074031,0.0575983449098486
0.0544978823332357,0.0482602392041175,0.0481072132074031,0.0575983449098486
0.0544978823332357,0.0482602392041175,0.0481072132074031,0.0575983449098486
0.0544978823332357,0.0482602392041175,0.0481072132074031,0.0575983449098486
0.0544978823332357,0.0482602392041175,0.0481072132074031,0.0575983449098486
0.0544978823332357,0.0482602392041175,0.0481072132074031,0.0575983449098486
0.0544978823332357,0.0482602392041175,0.0481072132074031,0.0575983449098486
0.0544978823332357,0.0482602392041175,0.0481072132074031,0.0575983449098486
0.0544978823332357,0.0482602392041175,0.0481072132074031,0.0575983449098486
0.0544978823332357,0.0482602392041175,0.0481072132074031,0.0575983449098486
0.0544978823332357,0.0482602392041175,0.0481072132074031,0.0575983449098486
0.0544978823332357,0.0482602392041175,0.0481072132074031,0.0575983449098486
0.0544978823332357,0.0482602392041175,0.0481072132074031,0.0575983449098486
0.0544978823332357,0.0482602392041175,0.0481072132074031,0.0575983449098486
0.0544978823332357,0.0482602392041175,0.0481072132074031,0.0575983449098486
0.0544978823332357,0.0482602392041175,0.0481072132074031,0.0575983449098486
0.0544978823332357,0.0482602392041175,0.0481072132074031,0.0575983449098486
0.0544978823332357,0.0482602392041175,0.0481072132074031,0.0575983449098486
0.0544978823332357,0.0482602392041175,0.0481072132074031,0.0575983449098486
0.0544978823332357,0.0482602392041175,0.0481072132074031,0.0575983449098486
0.0570518647400621,0.0482602392041175,0.0481072132074031,0.0575983449098486
0.0570518647400621,0.0482602392041175,0.0481072132074031,0.0575983449098486
0.0570518647400621,0.0482602392041175,0.0481072132074031,0.0575983449098486
0.0570518647400621,0.0482602392041175,0.0481072132074031,0.0575983449098486
0.0570518647400621,0.0482602392041175,0.0481072132074031,0.0575983449098486
0.0570518647400621,0.0482602392041175,0.0481072132074031,0.0575983449098486
0.0570518647400621,0.0482602392041175,0.0481072132074031,0.0595471160201034
0.0570518647400621,0.0482602392041175,0.0481072132074031,0.0595471160201034
0.0570518647400621,0.0482602392041175,0.0481072132074031,0.0595471160201034
0.0570518647400621,0.0482602392041175,0.0481072132074031,0.0595471160201034
0.0570518647400621,0.0482602392041175,0.0428558770370431,0.0595471160201034
0.0570518647400621,0.0482602392041175,0.0428558770370431,0.0595471160201034
0.0570518647400621,0.0482602392041175,0.0428558770370431,0.0595471160201034
0.0570518647400621,0.0482602392041175,0.0428558770370431,0.0595471160201034
0.0570518647400621,0.0482602392041175,0.0428558770370431,0.0595471160201034
0.0570518647400621,0.0482602392041175,0.0428558770370431,0.0595471160201034
0.0570518647400621,0.0482602392041175,0.0428558770370431,0.0595471160201034
0.0570518647400621,0.0482602392041175,0.0428558770370431,0.0595471160201034
0.0570518647400621,0.0482602392041175,0.0428558770370431,0.0595471160201034
0.0570518647400621,0.046953378114939,0.0428558770370431,0.0595471160201034
0.0570518647400621,0.046953378114939,0.0428558770370431,0.0595471160201034
0.0570518647400621,0.046953378114939,0.0428558770370431,0.0486411462265178
0.0570518647400621,0.046953378114939,0.0428558770370431,0.0486411462265178
0.0570518647400621,0.046953378114939,0.0428558770370431,0.0486411462265178
0.0570518647400621,0.046953378114939,0.0428558770370431,0.0486411462265178
0.0570518647400621,0.046953378114939,0.0428558770370431,0.0486411462265178
0.0570518647400621,0.046953378114939,0.0428558770370431,0.0457691068001442
0.0570518647400621,0.046953378114939,0.0428558770370431,0.0457691068001442
0.0570518647400621,0.046953378114939,0.0428558770370431,0.0457691068001442
0.0570518647400621,0.046953378114939,0.0428558770370431,0.0457691068001442
0.0570518647400621,0.046953378114939,0.0428558770370431,0.0457691068001442
0.0570518647400621,0.046953378114939,0.0428558770370431,0.0457691068001442
0.0570518647400621,0.046953378114939,0.0428558770370431,0.0457691068001442
0.0570518647400621,0.046953378114939,0.0428558770370431,0.0457691068001442
0.0570518647400621,0.046953378114939,0.0428558770370431,0.0457691068001442
0.0570518647400621,0.046953378114939,0.0428558770370431,0.0580104107204475
0.0570518647400621,0.046953378114939,0.0428558770370431,0.0580104107204475
0.0570518647400621,0.046953378114939,0.0428558770370431,0.0580104107204475
0.0570518647400621,0.046953378114939,0.0428558770370431,0.0580104107204475
0.0570518647400621,0.046953378114939,0.0428558770370431,0.0580104107204475
0.0570518647400621,0.046953378114939,0.0428558770370431,0.0580104107204475
0.0570518647400621,0.046953378114939,0.0428558770370431,0.0580104107204475
0.0570518647400621,0.046953378114939,0.0428558770370431,0.0580104107204475
0.0570518647400621,0.0519043585612996,0.0428558770370431,0.0580104107204475
0.0570518647400621,0.0519043585612996,0.0428558770370431,0.0580104107204475
0.0570518647400621,0.0519043585612996,0.0428558770370431,0.0580104107204475
0.0570518647400621,0.0519043585612996,0.0428558770370431,0.0580104107204475
0.0570518647400621,0.0519043585612996,0.0428558770370431,0.0580104107204475
0.0570518647400621,0.0519043585612996,0.0428558770370431,0.0580104107204475
0.0570518647400621,0.0519043585612996,0.0428558770370431,0.0580104107204475
0.0570518647400621,0.0519043585612996,0.0428558770370431,0.0580104107204475
0.0570518647400621,0.0519043585612996,0.0428558770370431,0.0580104107204475
0.0570518647400621,0.0519043585612996,0.0428558770370431,0.0580104107204475
0.0570518647400621,0.0519043585612996,0.0428558770370431,0.0580104107204475
0.0570518647400621,0.0519043585612996,0.0428558770370431,0.0580104107204475
0.0570518647400621,0.0519043585612996,0.0428558770370431,0.0580104107204475
0.0570518647400621,0.0519043585612996,0.0428558770370431,0.0580104107204475
0.0570518647400621,0.0519043585612996,0.0428558770370431,0.0619389403564539
0.0570518647400621,0.0519043585612996,0.0428558770370431,0.0619389403564539
0.0570518647400621,0.0519043585612996,0.0428558770370431,0.0619389403564539
0.0570518647400621,0.0519043585612996,0.0428558770370431,0.0619389403564539
0.0570518647400621,0.0519043585612996,0.0467257612673293,0.0619389403564539
0.0570518647400621,0.0519043585612996,0.0467257612673293,0.0619389403564539
0.0570518647400621,0.0519043585612996,0.0467257612673293,0.0619389403564539
0.0570518647400621,0.0519043585612996,0.0467257612673293,0.0619389403564539
0.0570518647400621,0.0519043585612996,0.0467257612673293,0.0619389403564539
0.0570518647400621,0.0519043585612996,0.0467257612673293,0.0619389403564539
0.0570518647400621,0.0519043585612996,0.0467257612673293,0.0619389403564539
0.0570518647400621,0.0519043585612996,0.0467257612673293,0.0619389403564539
0.0570518647400621,0.0519043585612996,0.0467257612673293,0.0619389403564539
0.0570518647400621,0.0519043585612996,0.0467257612673293,0.0619389403564539
0.0570518647400621,0.0519043585612996,0.0467257612673293,0.0619389403564539
0.0570518647400621,0.0519043585612996,0.0467257612673293,0.0619389403564539
0.0570518647400621,0.048406290240223,0.0467257612673293,0.0619389403564539
0.0570518647400621,0.048406290240223,0.0467257612673293,0.0619389403564539
0.0570518647400621,0.048406290240223,0.0467257612673293,0.0619389403564539
0.0570518647400621,0.048406290240223,0.0467257612673293,0.0619389403564539
0.0570518647400621,0.048406290240223,0.0467257612673293,0.0619389403564539
0.0570518647400621,0.048406290240223,0.0467257612673293,0.0619389403564539
0.0570518647400621,0.048406290240223,0.0467257612673293,0.0619389403564539
0.0570518647400621,0.048406290240223,0.0467257612673293,0.0619389403564539
0.0570518647400621,0.048406290240223,0.0467257612673293,0.0619389403564539
0.0570518647400621,0.048406290240223,0.0467257612673293,0.0619389403564539
0.0570518647400621,0.048406290240223,0.0467257612673293,0.0619389403564539
0.0570518647400621,0.048406290240223,0.0467257612673293,0.0619389403564539
0.0570518647400621,0.048406290240223,0.0467257612673293,0.0619389403564539
0.0570518647400621,0.0506350606049912,0.0467257612673293,0.0619389403564539
0.0570518647400621,0.0506350606049912,0.0467257612673293,0.0619389403564539
0.0570518647400621,0.0506350606049912,0.0467257612673293,0.0619389403564539
0.0570518647400621,0.0506350606049912,0.0467257612673293,0.0619389403564539
0.0570518647400621,0.0511897141895,0.0467257612673293,0.0619389403564539
0.0570518647400621,0.0511897141895,0.0467257612673293,0.0619389403564539
0.0570518647400621,0.0511897141895,0.0467257612673293,0.0619389403564539
0.0570518647400621,0.0511897141895,0.0467257612673293,0.0619389403564539
0.0570518647400621,0.0511897141895,0.0467257612673293,0.0619389403564539
0.0570518647400621,0.0511897141895,0.0467257612673293,0.0619389403564539
0.0570518647400621,0.0511897141895,0.0467257612673293,0.0619389403564539
0.0570518647400621,0.0511897141895,0.0467257612673293,0.0619389403564539
0.0570518647400621,0.0511897141895,0.0467257612673293,0.0619389403564539
0.0570518647400621,0.0511897141895,0.0467257612673293,0.0619389403564539
0.0570518647400621,0.0511897141895,0.0467257612673293,0.0619389403564539
0.0570518647400621,0.0511897141895,0.0467257612673293,0.0543608714214118
0.0570518647400621,0.0511897141895,0.0467257612673293,0.0543608714214118
0.0570518647400621,0.0511897141895,0.0467257612673293,0.0543608714214118
0.0570518647400621,0.0511897141895,0.0467257612673293,0.0543608714214118
0.0570518647400621,0.0511897141895,0.0467257612673293,0.0543608714214118
0.0570518647400621,0.0511897141895,0.0467257612673293,0.0543608714214118
0.0570518647400621,0.0511897141895,0.0467257612673293,0.0543608714214118
0.0570518647400621,0.0548008297528407,0.0467257612673293,0.0543608714214118
0.0570518647400621,0.0548008297528407,0.0467257612673293,0.0543608714214118
0.0570518647400621,0.0548008297528407,0.0467257612673293,0.0601382568719087
0.0570518647400621,0.0548008297528407,0.0467257612673293,0.0601382568719087
0.0570518647400621,0.0548008297528407,0.0467257612673293,0.0601382568719087
0.0570518647400621,0.0548008297528407,0.0467257612673293,0.0601382568719087
0.0570518647400621,0.0548008297528407,0.0410555145270655,0.0601382568719087
0.0570518647400621,0.0548008297528407,0.0410555145270655,0.0601382568719087
0.0570518647400621,0.0548008297528407,0.0410555145270655,0.0601382568719087
0.0570518647400621,0.0548008297528407,0.0410555145270655,0.0601382568719087
0.0570518647400621,0.0548008297528407,0.0410555145270655,0.0533498409290424
0.0570518647400621,0.0548008297528407,0.0410555145270655,0.0533498409290424
0.0570518647400621,0.0548008297528407,0.0410555145270655,0.0533498409290424
0.0570518647400621,0.0548008297528407,0.0410555145270655,0.0492380968357963
0.0570518647400621,0.0548008297528407,0.043690424214403,0.0492380968357963
0.0570518647400621,0.0548008297528407,0.043690424214403,0.0492380968357963
0.0570518647400621,0.0548008297528407,0.043690424214403,0.0492380968357963
0.0570518647400621,0.0548008297528407,0.043690424214403,0.0492380968357963
0.0570518647400621,0.0548008297528407,0.043690424214403,0.0492380968357963
0.0570518647400621,0.0548008297528407,0.0492844536716144,0.0492380968357963
0.0570518647400621,0.0548008297528407,0.0492844536716144,0.0492380968357963
0.0570518647400621,0.0548008297528407,0.0492844536716144,0.0492380968357963
0.0570518647400621,0.0548008297528407,0.0492844536716144,0.0492380968357963
0.0570518647400621,0.0548008297528407,0.0492844536716144,0.0492380968357963
0.0570518647400621,0.0548008297528407,0.0492844536716144,0.0492380968357963
0.0570518647400621,0.0548008297528407,0.0492844536716144,0.0492380968357963
0.0570518647400621,0.0548008297528407,0.0492844536716144,0.0492380968357963
0.0570518647400621,0.0548008297528407,0.0492844536716144,0.0492380968357963
0.0570518647400621,0.0548008297528407,0.0492844536716144,0.0492380968357963
0.0570518647400621,0.0548008297528407,0.0492844536716144,0.0492380968357963
0.0570518647400621,0.0548008297528407,0.0492844536716144,0.0492380968357963
0.0570518647400621,0.04961435387348,0.0492844536716144,0.0492380968357963
0.0570518647400621,0.04961435387348,0.0492844536716144,0.0492380968357963
0.0570518647400621,0.04961435387348,0.0492844536716144,0.0492380968357963
0.0570518647400621,0.04961435387348,0.0492844536716144,0.0492380968357963
0.0570518647400621,0.04961435387348,0.0492844536716144,0.0492380968357963
0.0570518647400621,0.04961435387348,0.0492844536716144,0.0492380968357963
0.0570518647400621,0.04961435387348,0.0492844536716144,0.0492380968357963
0.0570518647400621,0.04961435387348,0.0492844536716144,0.0492380968357963
0.0570518647400621,0.04961435387348,0.0492844536716144,0.0492380968357963
0.0570518647400621,0.04961435387348,0.0492844536716144,0.0492380968357963
0.0570518647400621,0.04961435387348,0.0492844536716144,0.0492380968357963
0.0570518647400621,0.04961435387348,0.0492844536716144,0.0492380968357963
0.0570518647400621,0.04961435387348,0.0492844536716144,0.0492380968357963
0.0570518647400621,0.0481538058084291,0.0492844536716144,0.0492380968357963
0.0570518647400621,0.0481538058084291,0.0492844536716144,0.0492380968357963
0.0570518647400621,0.0481538058084291,0.0492844536716144,0.0492380968357963
0.0570518647400621,0.0531318049818289,0.0492844536716144,0.0492380968357963
0.0570518647400621,0.0531318049818289,0.0492844536716144,0.0492380968357963
0.0570518647400621,0.0531318049818289,0.0492844536716144,0.0492380968357963
0.0570518647400621,0.0531318049818289,0.0492844536716144,0.0492380968357963
0.0570518647400621,0.0531318049818289,0.0492844536716144,0.0492380968357963
0.0570518647400621,0.0531318049818289,0.0492844536716144,0.0492380968357963
0.0570518647400621,0.0531318049818289,0.0492844536716144,0.0492380968357963
0.0570518647400621,0.049631686082331,0.0492844536716144,0.0492380968357963
0.0570518647400621,0.049631686082331,0.0492844536716144,0.0492380968357963
0.0570518647400621,0.0531112449103076,0.0492844536716144,0.0492380968357963
0.0570518647400621,0.0531112449103076,0.0492844536716144,0.0492380968357963
0.0570518647400621,0.0531112449103076,0.0492844536716144,0.0492380968357963
0.0570518647400621,0.0531112449103076,0.0492844536716144,0.0492380968357963
0.0570518647400621,0.0531112449103076,0.0492844536716144,0.0492380968357963
0.0570518647400621,0.0531112449103076,0.0492844536716144,0.0492380968357963
0.0570518647400621,0.0531112449103076,0.0492844536716144,0.0492380968357963
0.0570518647400621,0.0531112449103076,0.0492844536716144,0.0492380968357963
0.0570518647400621,0.0531112449103076,0.0445182894905143,0.0492380968357963
0.0570518647400621,0.0531112449103076,0.0445182894905143,0.0492380968357963
0.0570518647400621,0.0531112449103076,0.0445182894905143,0.0492380968357963
0.0570518647400621,0.0531112449103076,0.0445182894905143,0.0492380968357963
0.0570518647400621,0.0531112449103076,0.0445182894905143,0.0492380968357963
0.0570518647400621,0.0531112449103076,0.0445182894905143,0.0492380968357963
0.0570518647400621,0.0531112449103076,0.0445182894905143,0.0492380968357963
0.0570518647400621,0.0531112449103076,0.0445182894905143,0.0492380968357963
0.0570518647400621,0.0531112449103076,0.0445182894905143,0.0492380968357963
0.055134127183821,0.0531112449103076,0.0445182894905143,0.0492380968357963
0.0559170236368996,0.0531112449103076,0.043846574684334,0.0492380968357963
0.0559170236368996,0.0531112449103076,0.043846574684334,0.0492380968357963
0.0559170236368996,0.0531112449103076,0.043846574684334,0.0492380968357963
0.0559170236368996,0.0531112449103076,0.043846574684334,0.0492380968357963
0.0559170236368996,0.0531112449103076,0.0463888991442889,0.0492380968357963
0.0559170236368996,0.0531112449103076,0.0463888991442889,0.0492380968357963
0.0559170236368996,0.0531112449103076,0.0463888991442889,0.0492380968357963
0.0559170236368996,0.0531112449103076,0.0463888991442889,0.0492380968357963
0.0559170236368996,0.0531112449103076,0.0463888991442889,0.0492380968357963
0.0559170236368996,0.0531112449103076,0.0463888991442889,0.0492380968357963
0.0559170236368996,0.0531112449103076,0.0463888991442889,0.0492380968357963
0.0559170236368996,0.0531112449103076,0.0463888991442889,0.0492380968357963
0.0559170236368996,0.0531112449103076,0.0463888991442889,0.0492380968357963
0.0559170236368996,0.0531112449103076,0.0463888991442889,0.0492380968357963
0.0559170236368996,0.0515051214819804,0.0463888991442889,0.0492380968357963
0.0559170236368996,0.0515051214819804,0.0463888991442889,0.0492380968357963
0.0559170236368996,0.0496314732223564,0.0463888991442889,0.0492380968357963
0.0559170236368996,0.0496314732223564,0.0463888991442889,0.0492380968357963
0.0559170236368996,0.0496314732223564,0.0463888991442889,0.0492380968357963
0.0559170236368996,0.0496314732223564,0.0463888991442889,0.0492380968357963
0.0559170236368996,0.0496314732223564,0.0463888991442889,0.0492380968357963
0.0559170236368996,0.0496314732223564,0.0463888991442889,0.0492380968357963
0.0559170236368996,0.0496314732223564,0.0463888991442889,0.0492380968357963
0.0559170236368996,0.0496314732223564,0.0463888991442889,0.0531991847406531
0.0559170236368996,0.0496314732223564,0.0463888991442889,0.0531991847406531
0.0559170236368996,0.0496314732223564,0.0463888991442889,0.0531991847406531
0.0559170236368996,0.0496314732223564,0.0463888991442889,0.0531991847406531
0.0559170236368996,0.0496314732223564,0.0463888991442889,0.0531991847406531
0.0559170236368996,0.0496314732223564,0.0463888991442889,0.0531991847406531
0.0559170236368996,0.0496314732223564,0.0463888991442889,0.0531991847406531
0.0559170236368996,0.0496314732223564,0.0463888991442889,0.0531991847406531
0.0559170236368996,0.0548754853884597,0.0463888991442889,0.0531991847406531
0.0559170236368996,0.0548754853884597,0.0463888991442889,0.0531991847406531
0.0559170236368996,0.0548754853884597,0.0463888991442889,0.0531991847406531
0.0559170236368996,0.0548754853884597,0.0463888991442889,0.0478497597919987
0.0559170236368996,0.0548754853884597,0.0463888991442889,0.0478497597919987
0.0559170236368996,0.054458655650369,0.0463888991442889,0.0478497597919987
0.0559170236368996,0.054458655650369,0.0463888991442889,0.0478497597919987
0.0559170236368996,0.054458655650369,0.0463888991442889,0.0478497597919987
0.0559170236368996,0.054458655650369,0.0463888991442889,0.0478497597919987
0.0559170236368996,0.054458655650369,0.0465814532540759,0.0405397503622671
0.0559170236368996,0.054458655650369,0.0465814532540759,0.0405397503622671
0.0559170236368996,0.054458655650369,0.0465814532540759,0.0405397503622671
0.0559170236368996,0.054458655650369,0.0465814532540759,0.0405397503622671
0.0559170236368996,0.054458655650369,0.0465814532540759,0.0405397503622671
0.0559170236368996,0.054458655650369,0.0465814532540759,0.0405397503622671
0.0559170236368996,0.054458655650369,0.0465814532540759,0.0405397503622671
0.0559170236368996,0.054458655650369,0.0465814532540759,0.0405397503622671
0.0559170236368996,0.054458655650369,0.0465814532540759,0.0405397503622671
0.0559170236368996,0.0499254618970807,0.0465814532540759,0.0405397503622671
0.0559170236368996,0.0499254618970807,0.0465814532540759,0.0405397503622671
0.0559170236368996,0.0499254618970807,0.0465814532540759,0.0405397503622671
0.0559170236368996,0.0499254618970807,0.0465814532540759,0.0405397503622671
0.0559170236368996,0.0499254618970807,0.0465814532540759,0.0405397503622671
0.0559170236368996,0.0583431564414115,0.0465814532540759,0.0405397503622671
0.0559170236368996,0.0583431564414115,0.045595616604749,0.0405397503622671
0.0559170236368996,0.0583431564414115,0.045595616604749,0.0405397503622671
0.0559170236368996,0.0583431564414115,0.045595616604749,0.0405397503622671
0.0559170236368996,0.0583431564414115,0.045595616604749,0.0405397503622671
0.0559170236368996,0.0583431564414115,0.045595616604749,0.0405397503622671
0.0559170236368996,0.0583431564414115,0.045595616604749,0.0405397503622671
0.0559170236368996,0.0583431564414115,0.045595616604749,0.0405397503622671
0.0559170236368996,0.0583431564414115,0.045595616604749,0.0405397503622671
0.0559170236368996,0.0583431564414115,0.045595616604749,0.0405397503622671
0.0559170236368996,0.0583431564414115,0.045595616604749,0.0410479654961917
0.0559170236368996,0.0583431564414115,0.0445152933910568,0.0433980302352421
0.0559170236368996,0.0583431564414115,0.0445152933910568,0.0433980302352421
0.0559170236368996,0.0583431564414115,0.0445152933910568,0.0433980302352421
0.0559170236368996,0.0583431564414115,0.0445152933910568,0.0433980302352421
0.0559170236368996,0.0583431564414115,0.0445152933910568,0.0433980302352421
0.0559170236368996,0.0583431564414115,0.0445152933910568,0.0433980302352421
0.0559170236368996,0.0583431564414115,0.0445152933910568,0.0433980302352421
0.0559170236368996,0.0583431564414115,0.0445152933910568,0.0433980302352421
0.0559170236368996,0.0583431564414115,0.0445152933910568,0.0433980302352421
0.0559170236368996,0.0583431564414115,0.0445152933910568,0.0433980302352421
0.0559170236368996,0.0583431564414115,0.0445152933910568,0.0433980302352421
0.0559170236368996,0.0583431564414115,0.0445152933910568,0.0433980302352421
0.0559170236368996,0.0583431564414115,0.0445152933910568,0.0433980302352421
0.0559170236368996,0.0583431564414115,0.0445152933910568,0.0401253979745665
0.0559170236368996,0.0583431564414115,0.0445152933910568,0.0401253979745665
0.0559170236368996,0.0583431564414115,0.0445152933910568,0.0401253979745665
0.0559170236368996,0.0583431564414115,0.0445152933910568,0.0397563393227357
0.0559170236368996,0.0583431564414115,0.0445152933910568,0.0397563393227357
0.0559170236368996,0.0583431564414115,0.0445152933910568,0.0397563393227357
0.0559170236368996,0.0583431564414115,0.0445152933910568,0.0397563393227357
0.0559170236368996,0.0583431564414115,0.0445152933910568,0.0397563393227357
0.0559170236368996,0.0583431564414115,0.0445152933910568,0.0397563393227357
0.0559170236368996,0.0583431564414115,0.0445152933910568,0.0397563393227357
0.0559170236368996,0.0583431564414115,0.0445152933910568,0.0397563393227357
0.0559170236368996,0.0583431564414115,0.0445152933910568,0.0397563393227357
0.0559170236368996,0.0583431564414115,0.0445152933910568,0.0397563393227357
0.0559170236368996,0.0583431564414115,0.0515916912446524,0.0431185879457714
0.0559170236368996,0.0583431564414115,0.0515916912446524,0.0431185879457714
0.0559170236368996,0.0583431564414115,0.0515916912446524,0.0431185879457714
0.0559170236368996,0.0583431564414115,0.0515916912446524,0.0431185879457714
0.0559170236368996,0.0583431564414115,0.0515916912446524,0.0431185879457714
0.0559170236368996,0.0583431564414115,0.0515916912446524,0.0431185879457714
0.0559170236368996,0.0583431564414115,0.0515916912446524,0.0431185879457714
0.0559170236368996,0.0583431564414115,0.0515916912446524,0.0431185879457714
0.0559170236368996,0.0583431564414115,0.0515916912446524,0.0431185879457714
0.0559170236368996,0.0583431564414115,0.0515916912446524,0.0431185879457714
0.0559170236368996,0.0583431564414115,0.0515916912446524,0.0431185879457714
0.0559170236368996,0.0583431564414115,0.0515916912446524,0.0431185879457714
0.0559170236368996,0.0556721415286604,0.0515916912446524,0.0431185879457714
0.0559170236368996,0.0556721415286604,0.0515916912446524,0.0431185879457714
0.0559170236368996,0.0556721415286604,0.0515916912446524,0.0431185879457714
0.0559170236368996,0.0556721415286604,0.0515916912446524,0.0431185879457714
0.0559170236368996,0.0556721415286604,0.0515916912446524,0.0431185879457714
0.0559170236368996,0.0556721415286604,0.0515916912446524,0.0431185879457714
0.0559170236368996,0.0556721415286604,0.0515916912446524,0.0431185879457714
0.0548497497831832,0.0556721415286604,0.0515916912446524,0.0431185879457714
0.0548497497831832,0.0556721415286604,0.0515916912446524,0.0431185879457714
0.0548497497831832,0.0556721415286604,0.0515916912446524,0.0431185879457714
0.0548497497831832,0.0556721415286604,0.0515916912446524,0.0431185879457714
0.0548497497831832,0.0556721415286604,0.0515916912446524,0.0431185879457714
0.0548497497831832,0.0556721415286604,0.0515916912446524,0.0431185879457714
0.0548497497831832,0.0556721415286604,0.0515916912446524,0.0431185879457714
0.0548497497831832,0.0556721415286604,0.0515916912446524,0.0431185879457714
0.0548497497831832,0.0556721415286604,0.0515916912446524,0.0431185879457714
0.0548497497831832,0.0556721415286604,0.0515916912446524,0.0431185879457714
0.0548497497831832,0.0605244016976175,0.0515916912446524,0.0439202238402689
0.0535787043577955,0.0605244016976175,0.0515916912446524,0.0439202238402689
0.0535787043577955,0.0605244016976175,0.0515916912446524,0.0439202238402689
0.0535787043577955,0.0605244016976175,0.0515916912446524,0.0439202238402689
0.0535787043577955,0.0605244016976175,0.0515916912446524,0.0439202238402689
0.0535787043577955,0.0605244016976175,0.0515916912446524,0.0439202238402689
0.0535787043577955,0.0605244016976175,0.0515916912446524,0.0439202238402689
0.0535787043577955,0.0605244016976175,0.0515916912446524,0.0439202238402689
0.0535787043577955,0.0605244016976175,0.0515916912446524,0.0439202238402689
0.0535787043577955,0.0605244016976175,0.0515916912446524,0.0439202238402689
0.0535787043577955,0.0605244016976175,0.0515916912446524,0.0439202238402689
0.0535787043577955,0.0605244016976175,0.0515916912446524,0.0439202238402689
0.0535787043577955,0.0605244016976175,0.0515916912446524,0.0439202238402689
0.0535787043577955,0.0605244016976175,0.0515916912446524,0.0439202238402689
0.0535787043577955,0.0605244016976175,0.0515916912446524,0.0439202238402689
0.0535787043577955,0.0605244016976175,0.0515916912446524,0.0439202238402689
0.0535787043577955,0.0605244016976175,0.0515916912446524,0.0439202238402689
0.0535787043577955,0.0605244016976175,0.0515916912446524,0.0439202238402689
0.0535787043577955,0.0605244016976175,0.0515916912446524,0.0439202238402689
0.0535787043577955,0.0605244016976175,0.0515916912446524,0.0439202238402689
0.0535787043577955,0.0605244016976175,0.0515916912446524,0.0439202238402689
0.0535787043577955,0.0605244016976175,0.0515916912446524,0.0439202238402689
0.0535787043577955,0.0605244016976175,0.0515916912446524,0.0439202238402689
0.0535787043577955,0.0605244016976175,0.0515916912446524,0.0439202238402689
0.0535787043577955,0.0605244016976175,0.0515916912446524,0.0439202238402689
0.0535787043577955,0.0605244016976175,0.0515916912446524,0.0502687003022988
0.0535787043577955,0.0605244016976175,0.0515916912446524,0.0502687003022988
0.0535787043577955,0.0605244016976175,0.0451901721801174,0.0502687003022988
0.0535787043577955,0.0605244016976175,0.0451901721801174,0.0481871223422238
0.0535787043577955,0.0605244016976175,0.0522253646589313,0.0464583163520301
0.0535787043577955,0.0605244016976175,0.0522253646589313,0.0464583163520301
0.0535787043577955,0.0605244016976175,0.0522253646589313,0.0464583163520301
0.0535787043577955,0.0605244016976175,0.0522253646589313,0.0464583163520301
0.0535787043577955,0.0605244016976175,0.0522253646589313,0.0464583163520301
0.0535787043577955,0.0605244016976175,0.0522253646589313,0.0464583163520301
0.0535787043577955,0.0605244016976175,0.0522253646589313,0.0464583163520301
0.0535787043577955,0.0605244016976175,0.0522253646589313,0.0464583163520301
0.0535787043577955,0.0605244016976175,0.0522253646589313,0.0464583163520301
0.0535787043577955,0.0605244016976175,0.0522253646589313,0.0464583163520301
0.0535787043577955,0.0605244016976175,0.0522253646589313,0.0464583163520301
0.0535787043577955,0.0605244016976175,0.0522253646589313,0.0464583163520301
0.0535787043577955,0.0605244016976175,0.0522253646589313,0.0471612644943196
0.0535787043577955,0.0605244016976175,0.0522253646589313,0.0471612644943196
0.0535787043577955,0.0605244016976175,0.0522253646589313,0.0471612644943196
0.0535787043577955,0.0605244016976175,0.0522253646589313,0.0471612644943196
0.0535787043577955,0.0605244016976175,0.0522253646589313,0.0471612644943196
0.0535787043577955,0.0605244016976175,0.0522253646589313,0.0471612644943196
0.0535787043577955,0.0605244016976175,0.0522253646589313,0.0471612644943196
0.0535787043577955,0.0605244016976175,0.0522253646589313,0.0471612644943196
0.0535787043577955,0.0605244016976175,0.0522253646589313,0.0471612644943196
0.0535787043577955,0.0605244016976175,0.0522253646589313,0.0471612644943196
0.0535787043577955,0.0605244016976175,0.0522253646589313,0.0471612644943196
0.0535787043577955,0.0605244016976175,0.0522253646589313,0.0471612644943196
0.0535787043577955,0.0605244016976175,0.0522253646589313,0.0471612644943196
0.0535787043577955,0.0605244016976175,0.0522253646589313,0.0471612644943196
0.0535787043577955,0.0605244016976175,0.0522253646589313,0.0471612644943196
0.0535787043577955,0.0605244016976175,0.0522253646589313,0.0471612644943196
0.0535787043577955,0.0515692989040983,0.0522253646589313,0.0471612644943196
0.0535787043577955,0.0515692989040983,0.0522253646589313,0.0471612644943196
0.0535787043577955,0.0515692989040983,0.0522253646589313,0.0471612644943196
0.0535787043577955,0.0515692989040983,0.0522253646589313,0.0471612644943196
0.0535787043577955,0.0515692989040983,0.0522253646589313,0.0471612644943196
0.0535787043577955,0.0515692989040983,0.0522253646589313,0.0471612644943196
0.0535787043577955,0.0515692989040983,0.0522253646589313,0.0471612644943196
0.0535787043577955,0.0515692989040983,0.0522253646589313,0.0471612644943196
0.0507206150027189,0.0515692989040983,0.0522253646589313,0.0471612644943196
0.0507206150027189,0.0515692989040983,0.0522253646589313,0.0471612644943196
0.0507206150027189,0.0515692989040983,0.0522253646589313,0.0471612644943196
0.0555443979333755,0.0515692989040983,0.0522253646589313,0.0471612644943196
0.0555443979333755,0.0515692989040983,0.0522253646589313,0.0471612644943196
0.0555443979333755,0.0515692989040983,0.0522253646589313,0.0471612644943196
0.0555443979333755,0.0515692989040983,0.0522253646589313,0.0471612644943196
0.0555443979333755,0.0515692989040983,0.0522253646589313,0.0471612644943196
0.0555443979333755,0.0515692989040983,0.0522253646589313,0.0471612644943196
0.0555443979333755,0.0515692989040983,0.0522253646589313,0.0471612644943196
0.0555443979333755,0.0515692989040983,0.0522253646589313,0.0471612644943196
0.0555443979333755,0.0515692989040983,0.0522253646589313,0.0471612644943196
0.0555443979333755,0.0515692989040983,0.0522253646589313,0.0471612644943196
0.0555443979333755,0.0515692989040983,0.0522253646589313,0.0471612644943196
0.0561984399883134,0.0515692989040983,0.0522253646589313,0.0471612644943196
0.0561984399883134,0.0574855451521734,0.0522253646589313,0.0471612644943196
0.0561984399883134,0.0574855451521734,0.0522253646589313,0.0471612644943196
0.0561984399883134,0.0574855451521734,0.0457905354722543,0.0471612644943196
0.0561984399883134,0.0574855451521734,0.0457905354722543,0.0471612644943196
0.0561984399883134,0.0515620930346529,0.0457905354722543,0.0471612644943196
0.0561984399883134,0.0515620930346529,0.0457905354722543,0.0471612644943196
0.0561984399883134,0.0636453930028317,0.0457905354722543,0.0471612644943196
0.0561984399883134,0.0636453930028317,0.0457905354722543,0.0471612644943196
0.0561984399883134,0.0636453930028317,0.0457905354722543,0.0471612644943196
0.0561984399883134,0.0636453930028317,0.0457905354722543,0.0471612644943196
0.0561984399883134,0.0636453930028317,0.0457905354722543,0.0471612644943196
0.0561984399883134,0.0636453930028317,0.0457905354722543,0.0471612644943196
0.0561984399883134,0.059246423551106,0.0457905354722543,0.0471612644943196
0.0561984399883134,0.059246423551106,0.0457905354722543,0.0471612644943196
0.0561984399883134,0.059246423551106,0.0457905354722543,0.0471612644943196
0.0561984399883134,0.059246423551106,0.0457905354722543,0.0471612644943196
0.0561984399883134,0.059246423551106,0.0457905354722543,0.0471612644943196
0.0561984399883134,0.059246423551106,0.0457905354722543,0.0471612644943196
0.0561984399883134,0.059246423551106,0.0457905354722543,0.0471612644943196
0.0561984399883134,0.059246423551106,0.0457905354722543,0.0471612644943196
0.0561984399883134,0.059246423551106,0.0457905354722543,0.0471612644943196
0.0561984399883134,0.059246423551106,0.0457905354722543,0.0471612644943196
0.0561984399883134,0.059246423551106,0.0457905354722543,0.0471612644943196
0.0561984399883134,0.059246423551106,0.0457905354722543,0.0471612644943196
0.0561984399883134,0.059246423551106,0.0457905354722543,0.0471612644943196
0.0561984399883134,0.059246423551106,0.0457905354722543,0.0471612644943196
0.0561984399883134,0.059246423551106,0.0457905354722543,0.0471612644943196
0.0561984399883134,0.059246423551106,0.0457905354722543,0.0471612644943196
0.0561984399883134,0.059246423551106,0.0457905354722543,0.0471612644943196
0.0561984399883134,0.059246423551106,0.0457905354722543,0.0471612644943196
0.0561984399883134,0.059246423551106,0.0457905354722543,0.0471612644943196
0.0561984399883134,0.059246423551106,0.0457905354722543,0.0471612644943196
0.0561984399883134,0.059246423551106,0.0457905354722543,0.0471612644943196
0.0561984399883134,0.059246423551106,0.0457905354722543,0.0471612644943196
0.0561984399883134,0.059246423551106,0.0457905354722543,0.0471612644943196
0.0561984399883134,0.059246423551106,0.0457905354722543,0.0471612644943196
0.0561984399883134,0.059246423551106,0.0457905354722543,0.0471612644943196
0.0561984399883134,0.059246423551106,0.0457905354722543,0.0471612644943196
0.0561984399883134,0.059246423551106,0.0457905354722543,0.0471612644943196
0.0561984399883134,0.059246423551106,0.0457905354722543,0.0471612644943196
0.0561984399883134,0.059246423551106,0.0457905354722543,0.0471612644943196
0.0561984399883134,0.059246423551106,0.0427411063836111,0.0471612644943196
0.0561984399883134,0.0646210290660962,0.0427411063836111,0.0471612644943196
0.0543650199029509,0.0646210290660962,0.0427411063836111,0.0471612644943196
0.0543650199029509,0.0646210290660962,0.0427411063836111,0.0471612644943196
0.0543650199029509,0.0527703064327801,0.0427411063836111,0.0471612644943196
0.0543650199029509,0.0527703064327801,0.0427411063836111,0.0471612644943196
0.0543650199029509,0.0527703064327801,0.0427411063836111,0.0471612644943196
0.0543650199029509,0.0527703064327801,0.0427411063836111,0.0453189744655217
0.0543650199029509,0.0527703064327801,0.0427411063836111,0.0453189744655217
0.0543650199029509,0.0527703064327801,0.0442623794891981,0.0453189744655217
0.0543650199029509,0.0527703064327801,0.0442623794891981,0.0453189744655217
0.0543650199029509,0.0527703064327801,0.0442623794891981,0.0453189744655217
0.0543650199029509,0.0527703064327801,0.0442623794891981,0.0453189744655217
0.0543650199029509,0.0527703064327801,0.0442623794891981,0.0453189744655217
0.0543650199029509,0.0527703064327801,0.0442623794891981,0.0453189744655217
0.0543650199029509,0.0527703064327801,0.0442623794891981,0.0453189744655217
0.0543650199029509,0.0527703064327801,0.0442623794891981,0.0453189744655217
0.0543650199029509,0.0527703064327801,0.0442623794891981,0.0453189744655217
0.0543650199029509,0.0527703064327801,0.0442623794891981,0.0453189744655217
0.0543650199029509,0.0527703064327801,0.0442623794891981,0.0453189744655217
0.0543650199029509,0.0527703064327801,0.0442623794891981,0.0453189744655217
0.0543650199029509,0.0527703064327801,0.0442623794891981,0.0453189744655217
0.0543650199029509,0.0527703064327801,0.0442623794891981,0.0508585200289367
0.0543650199029509,0.0527703064327801,0.0442623794891981,0.0508585200289367
0.0543650199029509,0.0527703064327801,0.0442623794891981,0.0508585200289367
0.0543650199029509,0.0527703064327801,0.0442623794891981,0.0558430855956574
0.0543650199029509,0.0527703064327801,0.0442623794891981,0.0558430855956574
0.0496109825367411,0.0564424684372364,0.0442623794891981,0.0558430855956574
0.0496109825367411,0.0564424684372364,0.0442623794891981,0.0558430855956574
0.0496109825367411,0.0564424684372364,0.0442623794891981,0.0558430855956574
0.0496109825367411,0.0564424684372364,0.0442623794891981,0.0558430855956574
0.0496109825367411,0.0564424684372364,0.0442623794891981,0.0558430855956574
0.0496109825367411,0.0564424684372364,0.0442623794891981,0.0558430855956574
0.0496109825367411,0.0564424684372364,0.0442623794891981,0.0558430855956574
0.0496109825367411,0.0564424684372364,0.0442623794891981,0.0558430855956574
0.0496109825367411,0.0564424684372364,0.0442623794891981,0.0558430855956574
0.0496109825367411,0.0564424684372364,0.0442623794891981,0.0558430855956574
0.0496109825367411,0.0564424684372364,0.0442623794891981,0.0558430855956574
0.0496109825367411,0.0564424684372364,0.0442623794891981,0.0558430855956574
0.0496109825367411,0.0564424684372364,0.0442623794891981,0.0558430855956574
0.0496109825367411,0.0564424684372364,0.0442623794891981,0.0558430855956574
0.0496109825367411,0.0564424684372364,0.0442623794891981,0.0558430855956574
0.0496109825367411,0.0564424684372364,0.0442623794891981,0.0558430855956574
0.0496109825367411,0.0564424684372364,0.0442623794891981,0.0558430855956574
0.0496109825367411,0.0564424684372364,0.0442623794891981,0.0558430855956574
0.0496109825367411,0.0564424684372364,0.0442623794891981,0.0473326721336791
0.0496109825367411,0.0564424684372364,0.0442623794891981,0.0473326721336791
0.0496109825367411,0.0564424684372364,0.0442623794891981,0.0498754948118112
0.0496109825367411,0.0564424684372364,0.0442623794891981,0.0498754948118112
0.0496109825367411,0.0518047786722301,0.0442623794891981,0.0498754948118112
0.0496109825367411,0.0518047786722301,0.0442623794891981,0.0498754948118112
0.0496109825367411,0.0518047786722301,0.0442623794891981,0.0498754948118112
0.0496109825367411,0.0518047786722301,0.0442623794891981,0.0498754948118112
0.0549124658277669,0.0518047786722301,0.0442623794891981,0.0498754948118112
0.0549124658277669,0.0518047786722301,0.0442623794891981,0.0498754948118112
0.0549124658277669,0.0518047786722301,0.0442623794891981,0.0498754948118112
0.0549124658277669,0.0518047786722301,0.0442623794891981,0.0498754948118112
0.0549124658277669,0.0518047786722301,0.0442623794891981,0.0498754948118112
0.0549124658277669,0.0518047786722301,0.0442623794891981,0.0498754948118112
0.0549124658277669,0.0518047786722301,0.0442623794891981,0.0498754948118112
0.0549124658277669,0.0518047786722301,0.0442623794891981,0.0498754948118112
0.0549124658277669,0.0518047786722301,0.0442623794891981,0.0498754948118112
0.0549124658277669,0.0518047786722301,0.0442623794891981,0.0498754948118112
0.0549124658277669,0.0518047786722301,0.0442623794891981,0.0498754948118112
0.0549124658277669,0.0518047786722301,0.0442623794891981,0.0498754948118112
0.0549124658277669,0.0518047786722301,0.0442623794891981,0.0498754948118112
0.0549124658277669,0.0518047786722301,0.0442623794891981,0.0498754948118112
0.0549124658277669,0.0518047786722301,0.0442623794891981,0.0498754948118112
0.0549124658277669,0.0550782366176637,0.0442623794891981,0.0498754948118112
0.0549124658277669,0.0550782366176637,0.0442623794891981,0.0498754948118112
0.0549124658277669,0.0550782366176637,0.0442623794891981,0.0498754948118112
0.0549124658277669,0.0550782366176637,0.0442623794891981,0.0498754948118112
0.0549124658277669,0.0550782366176637,0.0442623794891981,0.0498754948118112
0.0534433922927402,0.0550782366176637,0.0442623794891981,0.0498754948118112
0.0534433922927402,0.0550782366176637,0.0442623794891981,0.0498754948118112
0.0534433922927402,0.0550782366176637,0.0442623794891981,0.0498754948118112
0.0534433922927402,0.0550782366176637,0.0442623794891981,0.0498754948118112
0.0534433922927402,0.0550782366176637,0.0442623794891981,0.0498754948118112
0.0534433922927402,0.0550782366176637,0.0442623794891981,0.0498754948118112
0.0534433922927402,0.0550782366176637,0.0442623794891981,0.0498754948118112
0.0534433922927402,0.0580281495810136,0.0442623794891981,0.0498754948118112
0.0523604185610493,0.0580281495810136,0.0442623794891981,0.0498754948118112
0.0523604185610493,0.0580281495810136,0.0442623794891981,0.0498754948118112
0.0523604185610493,0.0580281495810136,0.0442623794891981,0.0498754948118112
0.0523604185610493,0.0580281495810136,0.0442623794891981,0.0498754948118112
0.0523604185610493,0.0580281495810136,0.0442623794891981,0.0498754948118112
0.0523604185610493,0.0580281495810136,0.0442623794891981,0.0498754948118112
0.0523604185610493,0.0580281495810136,0.0442623794891981,0.0498754948118112
0.0523604185610493,0.0580281495810136,0.0442623794891981,0.0498754948118112
0.0523604185610493,0.0580281495810136,0.0442623794891981,0.0498754948118112
0.0523604185610493,0.0580281495810136,0.0442623794891981,0.0498754948118112
0.0523604185610493,0.0580281495810136,0.0442623794891981,0.0498754948118112
0.0523604185610493,0.0580281495810136,0.0442623794891981,0.0498754948118112
0.0523604185610493,0.0580281495810136,0.0442623794891981,0.0498754948118112
0.0523604185610493,0.0580281495810136,0.0442623794891981,0.0498754948118112
0.0523604185610493,0.0580281495810136,0.0442623794891981,0.0498754948118112
0.0523604185610493,0.0580281495810136,0.0442623794891981,0.0498754948118112
0.0523604185610493,0.0580281495810136,0.0442623794891981,0.0498754948118112
0.0523604185610493,0.0580281495810136,0.0442623794891981,0.0498754948118112
0.0523604185610493,0.0580281495810136,0.0442623794891981,0.0498754948118112
0.0496809578135092,0.0580281495810136,0.0442623794891981,0.0498754948118112
0.0496809578135092,0.0580281495810136,0.0442623794891981,0.0498754948118112
0.0496809578135092,0.0580281495810136,0.0442623794891981,0.0498754948118112
0.0496809578135092,0.0580281495810136,0.0442623794891981,0.0498754948118112
0.0496809578135092,0.0580281495810136,0.0442623794891981,0.0498754948118112
0.0496809578135092,0.0580281495810136,0.0442623794891981,0.0498754948118112
0.0496809578135092,0.0580281495810136,0.0442623794891981,0.0498754948118112
0.0496809578135092,0.0580281495810136,0.0442623794891981,0.0498754948118112
0.0496809578135092,0.0580281495810136,0.0442623794891981,0.0498754948118112
0.0496809578135092,0.0580281495810136,0.0442623794891981,0.0498754948118112
0.0496809578135092,0.0580281495810136,0.0442623794891981,0.0498754948118112
0.0496809578135092,0.0580281495810136,0.0442623794891981,0.0498754948118112
0.0496809578135092,0.0580281495810136,0.0442623794891981,0.0498754948118112
0.0496809578135092,0.0580281495810136,0.0442623794891981,0.0498754948118112
0.0496809578135092,0.0580281495810136,0.0442623794891981,0.0498754948118112
0.0487701767931902,0.0580281495810136,0.0442623794891981,0.0498754948118112
0.0487701767931902,0.0580281495810136,0.0442623794891981,0.0498754948118112
0.0487701767931902,0.0580281495810136,0.0442623794891981,0.0498754948118112
0.0487701767931902,0.0570006680624044,0.0442623794891981,0.0498754948118112
0.0487701767931902,0.0570006680624044,0.0442702177595832,0.0498754948118112
0.0487701767931902,0.0570006680624044,0.0442702177595832,0.0498754948118112
0.0487701767931902,0.0570006680624044,0.0442702177595832,0.0498754948118112
0.0487701767931902,0.0570006680624044,0.0442702177595832,0.0498754948118112
0.0487701767931902,0.0569062991726899,0.0442702177595832,0.0498754948118112
0.0487701767931902,0.0569062991726899,0.0442702177595832,0.0498754948118112
0.0487701767931902,0.0569062991726899,0.0442702177595832,0.0498754948118112
0.0487701767931902,0.0569062991726899,0.0442702177595832,0.0498754948118112
0.0487701767931902,0.0569062991726899,0.0442702177595832,0.0498754948118112
0.0487701767931902,0.0569062991726899,0.0442702177595832,0.0498754948118112
0.0487701767931902,0.0569062991726899,0.0442702177595832,0.0498754948118112
0.0487701767931902,0.0569062991726899,0.0442702177595832,0.0498754948118112
0.0487701767931902,0.0569062991726899,0.0442702177595832,0.0498754948118112
0.056911741564168,0.0569062991726899,0.0430269618191137,0.0498754948118112
0.056911741564168,0.0569062991726899,0.0430269618191137,0.0498754948118112
0.056911741564168,0.0569062991726899,0.0480218879352345,0.0498754948118112
0.056911741564168,0.0569062991726899,0.0480218879352345,0.0498754948118112
0.056911741564168,0.0569062991726899,0.0480218879352345,0.0498754948118112
0.056911741564168,0.0569062991726899,0.0480218879352345,0.0498754948118112
0.056911741564168,0.0569062991726899,0.0441448216965695,0.0498754948118112
0.056911741564168,0.0569062991726899,0.0441448216965695,0.0498754948118112
0.056911741564168,0.0569062991726899,0.0441448216965695,0.0498754948118112
0.056911741564168,0.0569062991726899,0.0441448216965695,0.0498754948118112
0.056911741564168,0.0569062991726899,0.0441448216965695,0.0498754948118112
0.056911741564168,0.0569062991726899,0.0441448216965695,0.0498754948118112
0.056911741564168,0.0569062991726899,0.0441448216965695,0.0498754948118112
0.056911741564168,0.0569062991726899,0.0441448216965695,0.0498754948118112
0.056911741564168,0.0569062991726899,0.0441448216965695,0.0498754948118112
0.056911741564168,0.0569062991726899,0.0441448216965695,0.0498754948118112
0.056911741564168,0.0569062991726899,0.0441448216965695,0.0498754948118112
0.056911741564168,0.0569062991726899,0.0441448216965695,0.0498754948118112
0.056911741564168,0.0569062991726899,0.0441448216965695,0.0498754948118112
0.056911741564168,0.0569062991726899,0.0441448216965695,0.0498754948118112
0.056911741564168,0.0569062991726899,0.0441448216965695,0.0498754948118112
0.056911741564168,0.0569062991726899,0.0441448216965695,0.0490235541732642
0.056911741564168,0.0569062991726899,0.0441448216965695,0.0490235541732642
0.056911741564168,0.0569062991726899,0.0441448216965695,0.0490235541732642
0.056911741564168,0.0569062991726899,0.0441448216965695,0.0490235541732642
0.056911741564168,0.0569062991726899,0.0441448216965695,0.0490235541732642
0.056911741564168,0.0569062991726899,0.0441448216965695,0.0490235541732642
0.056911741564168,0.0569062991726899,0.0441448216965695,0.0490235541732642
0.056911741564168,0.0569062991726899,0.0441448216965695,0.0490235541732642
0.056911741564168,0.0573268186165718,0.0441448216965695,0.0471875171773818
0.056911741564168,0.0573268186165718,0.0441448216965695,0.0471875171773818
0.056911741564168,0.0573268186165718,0.0441448216965695,0.0471875171773818
0.056911741564168,0.0573268186165718,0.0441448216965695,0.0471875171773818
0.056911741564168,0.0573268186165718,0.0441448216965695,0.0471875171773818
0.0589336643995437,0.0573268186165718,0.0441448216965695,0.0471875171773818
0.0589336643995437,0.0573268186165718,0.0441448216965695,0.0471875171773818
0.0589336643995437,0.0573268186165718,0.0441448216965695,0.0471875171773818
0.0589336643995437,0.0573268186165718,0.0441448216965695,0.0471875171773818
0.0589336643995437,0.0573268186165718,0.0441448216965695,0.0475221494714946
0.0599270079044459,0.0573268186165718,0.0441448216965695,0.0475221494714946
0.0599270079044459,0.0573268186165718,0.0441448216965695,0.0475221494714946
0.0599270079044459,0.0573268186165718,0.0441448216965695,0.0475221494714946
0.0580860317085272,0.0573268186165718,0.0441448216965695,0.0475221494714946
0.0580860317085272,0.0573268186165718,0.0441448216965695,0.0475221494714946
0.0580860317085272,0.0573268186165718,0.0441448216965695,0.0475221494714946
0.0580860317085272,0.0573268186165718,0.0441448216965695,0.0475221494714946
0.0580860317085272,0.0573268186165718,0.0441448216965695,0.0475221494714946
0.0580860317085272,0.0573268186165718,0.0441448216965695,0.0475221494714946
0.0580860317085272,0.0573268186165718,0.0441448216965695,0.0475221494714946
0.0580860317085272,0.0573268186165718,0.0441448216965695,0.0475221494714946
0.0580860317085272,0.0573268186165718,0.0441448216965695,0.0475221494714946
0.0580860317085272,0.0573268186165718,0.0441448216965695,0.0475221494714946
0.0580860317085272,0.0573268186165718,0.0441448216965695,0.0462069579098315
0.0580860317085272,0.0573268186165718,0.0441448216965695,0.0462069579098315
0.0580860317085272,0.0573268186165718,0.0441448216965695,0.0462069579098315
0.0580860317085272,0.0573268186165718,0.0441448216965695,0.0462069579098315
0.0580860317085272,0.0573268186165718,0.0419204719297904,0.0462069579098315
0.0580860317085272,0.0573268186165718,0.0419204719297904,0.0462069579098315
0.0580860317085272,0.0573268186165718,0.0419204719297904,0.0462069579098315
0.0580860317085272,0.0573268186165718,0.0419204719297904,0.0462069579098315
0.0580860317085272,0.0573268186165718,0.0419204719297904,0.0462069579098315
0.0580860317085272,0.0573268186165718,0.0419204719297904,0.0462069579098315
0.0580860317085272,0.0573268186165718,0.0419204719297904,0.0462069579098315
0.0580860317085272,0.0573268186165718,0.0419204719297904,0.0462069579098315
0.0580860317085272,0.0573268186165718,0.0419204719297904,0.0462069579098315
0.0580860317085272,0.0573268186165718,0.0419204719297904,0.0462069579098315
0.0580860317085272,0.0573268186165718,0.0419204719297904,0.0462069579098315
0.0580860317085272,0.0573268186165718,0.0419204719297904,0.0462069579098315
0.0580860317085272,0.0573268186165718,0.0419204719297904,0.0462069579098315
0.0580860317085272,0.0573268186165718,0.0419204719297904,0.0462069579098315
0.0661884775080397,0.0573268186165718,0.0419204719297904,0.0462069579098315
0.0661884775080397,0.0573268186165718,0.0419204719297904,0.0462069579098315
0.0661884775080397,0.0573268186165718,0.0419204719297904,0.0462069579098315
0.0661884775080397,0.0573268186165718,0.0419204719297904,0.0462069579098315
0.0661884775080397,0.0573268186165718,0.0419204719297904,0.0462069579098315
0.0661884775080397,0.0573268186165718,0.0419204719297904,0.0462069579098315
0.061675833940977,0.0573268186165718,0.0419204719297904,0.0462069579098315
0.061675833940977,0.0573268186165718,0.0419204719297904,0.0462069579098315
0.061675833940977,0.0573268186165718,0.0419204719297904,0.0462069579098315
0.061675833940977,0.0573268186165718,0.0419204719297904,0.0462069579098315
0.061675833940977,0.0573268186165718,0.0419204719297904,0.0462069579098315
0.061675833940977,0.0573268186165718,0.0419204719297904,0.0462069579098315
0.061675833940977,0.053787340011766,0.0419204719297904,0.0462069579098315
0.061675833940977,0.053787340011766,0.0419204719297904,0.0462069579098315
0.061675833940977,0.053787340011766,0.0419204719297904,0.0462069579098315
0.061675833940977,0.0574771598392436,0.0419204719297904,0.0462069579098315
0.061675833940977,0.0574771598392436,0.0419204719297904,0.0462069579098315
0.061675833940977,0.0574771598392436,0.0419204719297904,0.0462069579098315
0.061675833940977,0.0574771598392436,0.0419204719297904,0.0462069579098315
0.061675833940977,0.0574771598392436,0.0419204719297904,0.0462069579098315
0.061675833940977,0.0574771598392436,0.0419204719297904,0.0462069579098315
0.061675833940977,0.0574771598392436,0.0419204719297904,0.0462069579098315
0.0639627080172003,0.0574771598392436,0.0455528428092257,0.0462069579098315
0.0639627080172003,0.0574771598392436,0.0455528428092257,0.0462069579098315
0.0639627080172003,0.0574771598392436,0.0455528428092257,0.0462069579098315
0.0639627080172003,0.0574771598392436,0.0455528428092257,0.0462069579098315
0.0639627080172003,0.0574771598392436,0.0455528428092257,0.0462069579098315
0.0639627080172003,0.0574771598392436,0.0455528428092257,0.0462069579098315
0.0639627080172003,0.0574771598392436,0.0455528428092257,0.0462069579098315
0.0639627080172003,0.0574771598392436,0.0455528428092257,0.0462069579098315
0.0639627080172003,0.0574771598392436,0.0455528428092257,0.0469284629514292
0.0639627080172003,0.0574771598392436,0.0455528428092257,0.0469284629514292
0.0639627080172003,0.0574771598392436,0.0455528428092257,0.0469284629514292
0.0639627080172003,0.0574771598392436,0.0455528428092257,0.0469284629514292
0.0639627080172003,0.0574771598392436,0.0455528428092257,0.0469284629514292
0.0639627080172003,0.0574771598392436,0.0455528428092257,0.0469284629514292
0.0639627080172003,0.0574771598392436,0.0455528428092257,0.0469284629514292
0.0639627080172003,0.0574771598392436,0.0455528428092257,0.0469284629514292
0.0639627080172003,0.0574771598392436,0.0455528428092257,0.0469284629514292
0.0639627080172003,0.0574771598392436,0.0457747699234285,0.0469284629514292
0.0639627080172003,0.0574771598392436,0.0457747699234285,0.0469284629514292
0.0639627080172003,0.0574771598392436,0.0457747699234285,0.0469284629514292
0.0639627080172003,0.0574771598392436,0.0457747699234285,0.0469284629514292
0.0639627080172003,0.0574771598392436,0.0457747699234285,0.0469284629514292
0.0639627080172003,0.0473551562124683,0.0457747699234285,0.0469284629514292
0.0639627080172003,0.0473551562124683,0.0457747699234285,0.0469284629514292
0.0639627080172003,0.0473551562124683,0.0457747699234285,0.0469284629514292
0.0639627080172003,0.0473551562124683,0.0457747699234285,0.0469284629514292
0.0639627080172003,0.0473551562124683,0.0457747699234285,0.0469284629514292
0.0639627080172003,0.0473551562124683,0.0457747699234285,0.0469284629514292
0.0639627080172003,0.0473551562124683,0.0457747699234285,0.0469284629514292
0.0639627080172003,0.0473551562124683,0.0457747699234285,0.0469284629514292
0.0639627080172003,0.0473551562124683,0.0457747699234285,0.0469284629514292
0.0639627080172003,0.0473551562124683,0.0457747699234285,0.0469284629514292
0.0639627080172003,0.0473551562124683,0.0457747699234285,0.0469284629514292
0.0639627080172003,0.0473551562124683,0.0457747699234285,0.0469284629514292
0.0639627080172003,0.0473551562124683,0.0457747699234285,0.0450846186304314
0.0639627080172003,0.0473551562124683,0.0457747699234285,0.0450846186304314
0.0639627080172003,0.0473551562124683,0.0457747699234285,0.0450846186304314
0.0639627080172003,0.0473551562124683,0.0457747699234285,0.0450846186304314
0.0639627080172003,0.0473551562124683,0.0457747699234285,0.0450846186304314
0.0639627080172003,0.0473551562124683,0.0457747699234285,0.0450846186304314
0.0639627080172003,0.0473551562124683,0.0457747699234285,0.0450846186304314
0.0639627080172003,0.0473551562124683,0.0457747699234285,0.0450846186304314
0.0639627080172003,0.0473551562124683,0.0457747699234285,0.0450846186304314
0.0639627080172003,0.0473551562124683,0.0457747699234285,0.0450846186304314
0.0617652465237852,0.0473551562124683,0.0457747699234285,0.0413075520838928
0.0617652465237852,0.0473551562124683,0.0457747699234285,0.0413075520838928
0.0617652465237852,0.0517964669486837,0.0457747699234285,0.0413075520838928
0.0617652465237852,0.0517964669486837,0.0457747699234285,0.0413075520838928
0.0617652465237852,0.0517964669486837,0.0457747699234285,0.0413075520838928
0.0617652465237852,0.0517964669486837,0.0457747699234285,0.0465963318274731
0.0617652465237852,0.0517964669486837,0.0457747699234285,0.0465963318274731
0.0617652465237852,0.0517964669486837,0.0457747699234285,0.0465963318274731
0.0617652465237852,0.0517964669486837,0.0457747699234285,0.044740216156184
0.0617652465237852,0.0517964669486837,0.0457747699234285,0.044740216156184
0.0617652465237852,0.0517964669486837,0.0457747699234285,0.044740216156184
0.0617652465237852,0.0517964669486837,0.0457747699234285,0.044740216156184
0.0617652465237852,0.0517964669486837,0.0457747699234285,0.044740216156184
0.0617652465237852,0.0517964669486837,0.0457747699234285,0.044740216156184
0.0617652465237852,0.0517964669486837,0.0457747699234285,0.044740216156184
0.0617652465237852,0.0517964669486837,0.0457747699234285,0.044740216156184
0.0617652465237852,0.0517964669486837,0.0457747699234285,0.044740216156184
0.0617652465237852,0.0517964669486837,0.0457747699234285,0.044740216156184
0.0617652465237852,0.0517964669486837,0.0457747699234285,0.044740216156184
0.0617652465237852,0.0517964669486837,0.0457747699234285,0.044740216156184
0.0617652465237852,0.0517964669486837,0.0457747699234285,0.044740216156184
0.0617652465237852,0.0517964669486837,0.0457747699234285,0.044740216156184
0.0617652465237852,0.0517964669486837,0.0457747699234285,0.044740216156184
0.0617652465237852,0.0517964669486837,0.0457747699234285,0.044740216156184
0.0617652465237852,0.0517964669486837,0.0457747699234285,0.044740216156184
0.0617652465237852,0.0517964669486837,0.0457747699234285,0.0465613903557713
0.0617652465237852,0.0517964669486837,0.0457747699234285,0.0465613903557713
0.0617652465237852,0.0517964669486837,0.0457747699234285,0.0465613903557713
0.0617652465237852,0.0517964669486837,0.0477093435058313,0.0465613903557713
0.0617652465237852,0.0517964669486837,0.0477093435058313,0.0465613903557713
0.0617652465237852,0.0517964669486837,0.0477093435058313,0.0465613903557713
0.0617652465237852,0.0517964669486837,0.0477093435058313,0.0465613903557713
0.0617652465237852,0.0517964669486837,0.0477093435058313,0.0465613903557713
0.0617652465237852,0.0517964669486837,0.0477093435058313,0.0465613903557713
0.0617652465237852,0.0517964669486837,0.0477093435058313,0.0465613903557713
0.0617652465237852,0.0517964669486837,0.0477093435058313,0.0465613903557713
0.0617652465237852,0.0517964669486837,0.0477093435058313,0.0465613903557713
0.0617652465237852,0.0517964669486837,0.0477093435058313,0.0465613903557713
0.0617652465237852,0.0517964669486837,0.0477093435058313,0.0465613903557713
0.0617652465237852,0.0503015746479392,0.0477093435058313,0.0465613903557713
0.0617652465237852,0.0503015746479392,0.0477093435058313,0.0465613903557713
0.0617652465237852,0.0503015746479392,0.0477093435058313,0.0465613903557713
0.0617652465237852,0.0503015746479392,0.0477093435058313,0.0465613903557713
0.0617652465237852,0.0503015746479392,0.0477093435058313,0.0465613903557713
0.0617652465237852,0.0503015746479392,0.0477093435058313,0.041187586309124
0.0617652465237852,0.0503015746479392,0.0477093435058313,0.041187586309124
0.059671469125242,0.0503015746479392,0.0477093435058313,0.041187586309124
0.059671469125242,0.0503015746479392,0.0477093435058313,0.0515724965059427
0.059671469125242,0.0503015746479392,0.0477093435058313,0.0515724965059427
0.059671469125242,0.0503015746479392,0.0477093435058313,0.0515724965059427
0.059671469125242,0.0503015746479392,0.0477093435058313,0.0515724965059427
0.059671469125242,0.0503015746479392,0.0477093435058313,0.0515724965059427
0.059671469125242,0.0504846871674747,0.0477093435058313,0.0515724965059427
0.059671469125242,0.0504846871674747,0.0477093435058313,0.0515724965059427
0.059671469125242,0.0504846871674747,0.0477093435058313,0.0515724965059427
0.059671469125242,0.0504846871674747,0.0477093435058313,0.0515724965059427
0.059671469125242,0.0504846871674747,0.0477093435058313,0.0515724965059427
0.059671469125242,0.0504846871674747,0.0477093435058313,0.0536255650627965
0.059671469125242,0.0504846871674747,0.0477093435058313,0.0536255650627965
0.059671469125242,0.0504846871674747,0.0506076263573225,0.0536255650627965
0.059671469125242,0.0504846871674747,0.0506076263573225,0.0552734098229678
0.059671469125242,0.0504846871674747,0.0506076263573225,0.0552734098229678
0.059671469125242,0.0504846871674747,0.0506076263573225,0.0552734098229678
0.059671469125242,0.0504846871674747,0.0451530223331025,0.0552734098229678
0.059671469125242,0.0504846871674747,0.0451530223331025,0.0552734098229678
0.059671469125242,0.0504846871674747,0.0451530223331025,0.0552734098229678
0.059671469125242,0.0504846871674747,0.0451530223331025,0.0552734098229678
0.059671469125242,0.0504846871674747,0.0451530223331025,0.0552734098229678
0.059671469125242,0.0504846871674747,0.0451530223331025,0.0552734098229678
0.059671469125242,0.0504846871674747,0.0451530223331025,0.0552734098229678
0.059671469125242,0.0504846871674747,0.0451530223331025,0.0552734098229678
0.059671469125242,0.0504846871674747,0.0451530223331025,0.0552734098229678
0.059671469125242,0.0504846871674747,0.0451530223331025,0.0552734098229678
0.059671469125242,0.0504846871674747,0.0451530223331025,0.0552734098229678
0.059671469125242,0.0504846871674747,0.0451530223331025,0.0552734098229678
0.059671469125242,0.0504846871674747,0.0451530223331025,0.0552734098229678
0.059671469125242,0.0504846871674747,0.0451530223331025,0.0552734098229678
0.059671469125242,0.0504846871674747,0.0451530223331025,0.0552734098229678
0.059671469125242,0.0504846871674747,0.0451530223331025,0.0552734098229678
0.059671469125242,0.0504846871674747,0.0451530223331025,0.0552734098229678
0.059671469125242,0.0504846871674747,0.0451530223331025,0.0552734098229678
0.059671469125242,0.0504846871674747,0.0451530223331025,0.047988222431429
0.059671469125242,0.0512820366535512,0.0451530223331025,0.047988222431429
0.059671469125242,0.0512820366535512,0.0451530223331025,0.047988222431429
0.059671469125242,0.0512820366535512,0.0451530223331025,0.047988222431429
0.059671469125242,0.0512820366535512,0.0451530223331025,0.047988222431429
0.059671469125242,0.0512820366535512,0.0451530223331025,0.047988222431429
0.059671469125242,0.0512820366535512,0.0451530223331025,0.047988222431429
0.059671469125242,0.0512820366535512,0.0451530223331025,0.047988222431429
0.059671469125242,0.0512820366535512,0.0451530223331025,0.0512612645143601
0.059671469125242,0.0512820366535512,0.0451530223331025,0.0512612645143601
0.059671469125242,0.0512820366535512,0.0451530223331025,0.0512612645143601
0.059671469125242,0.0512820366535512,0.0451530223331025,0.0512612645143601
0.059671469125242,0.0512820366535512,0.0451530223331025,0.0512612645143601
0.059671469125242,0.0512820366535512,0.0411234166944843,0.0512612645143601
0.059671469125242,0.0512820366535512,0.0411234166944843,0.0512612645143601
0.059671469125242,0.0512820366535512,0.0411234166944843,0.0512612645143601
0.059671469125242,0.0512820366535512,0.0411234166944843,0.0512612645143601
0.059671469125242,0.0512820366535512,0.0411234166944843,0.0512612645143601
0.059671469125242,0.0512820366535512,0.0411234166944843,0.0456265626131509
0.059671469125242,0.0512820366535512,0.0411234166944843,0.0456265626131509
0.059671469125242,0.0512820366535512,0.0411234166944843,0.0456265626131509
0.059671469125242,0.0512820366535512,0.0411234166944843,0.0456265626131509
0.059671469125242,0.0512820366535512,0.0411234166944843,0.0456265626131509
0.059671469125242,0.0512820366535512,0.0411234166944843,0.0456265626131509
0.059671469125242,0.0512820366535512,0.0411234166944843,0.0456265626131509
0.059671469125242,0.0512820366535512,0.0411234166944843,0.0456265626131509
0.059671469125242,0.0512820366535512,0.0411234166944843,0.0456265626131509
0.059671469125242,0.0512820366535512,0.0411234166944843,0.0456265626131509
0.059671469125242,0.0512820366535512,0.0411234166944843,0.0456265626131509
0.059671469125242,0.0512820366535512,0.0411234166944843,0.0456265626131509
0.059671469125242,0.0512820366535512,0.0411234166944843,0.0456265626131509
0.059671469125242,0.0512820366535512,0.0411234166944843,0.0456265626131509
0.059671469125242,0.0512820366535512,0.0411234166944843,0.0456265626131509
0.059671469125242,0.0512820366535512,0.0411234166944843,0.0456265626131509
0.059671469125242,0.0512820366535512,0.0411234166944843,0.0456265626131509
0.059671469125242,0.0512820366535512,0.0411234166944843,0.0456265626131509
0.059671469125242,0.0512820366535512,0.0411234166944843,0.0456265626131509
0.0572180329268773,0.0512820366535512,0.0411234166944843,0.0456265626131509
0.0572180329268773,0.0512820366535512,0.0411234166944843,0.0456265626131509
0.0572180329268773,0.0512820366535512,0.0411234166944843,0.0456265626131509
0.0572180329268773,0.0512820366535512,0.0411234166944843,0.0456265626131509
0.0572180329268773,0.0512820366535512,0.0411234166944843,0.0456265626131509
0.0572180329268773,0.0512820366535512,0.0411234166944843,0.0456265626131509
0.0572180329268773,0.0512820366535512,0.0411234166944843,0.0456265626131509
0.0572180329268773,0.0512820366535512,0.0411234166944843,0.0456265626131509
0.0572180329268773,0.0512820366535512,0.0411234166944843,0.0456265626131509
0.0572180329268773,0.0563097427971506,0.0411234166944843,0.0456265626131509
0.0572180329268773,0.0563097427971506,0.0411234166944843,0.0456265626131509
0.0572180329268773,0.0563097427971506,0.0411234166944843,0.0456265626131509
0.0572180329268773,0.0563097427971506,0.0411234166944843,0.0456265626131509
0.0572180329268773,0.0563097427971506,0.0411234166944843,0.0456265626131509
0.0572180329268773,0.0563097427971506,0.0411234166944843,0.0456265626131509
0.0572180329268773,0.0563097427971506,0.0411234166944843,0.0456265626131509
0.0572180329268773,0.0563097427971506,0.0411234166944843,0.0456265626131509
0.0572180329268773,0.0563097427971506,0.0411234166944843,0.0456265626131509
0.0572180329268773,0.0563097427971506,0.0411234166944843,0.0456265626131509
0.0572180329268773,0.0563097427971506,0.0411234166944843,0.0456265626131509
0.0572180329268773,0.0563097427971506,0.0411234166944843,0.0456265626131509
0.0572180329268773,0.0563097427971506,0.0411234166944843,0.0456265626131509
0.0572180329268773,0.0563097427971506,0.0411234166944843,0.0456265626131509
0.0572180329268773,0.0563097427971506,0.042060144018022,0.0456265626131509
0.0572180329268773,0.0563097427971506,0.042060144018022,0.0456265626131509
0.0572180329268773,0.0563097427971506,0.042060144018022,0.0456265626131509
0.0572180329268773,0.0563097427971506,0.042060144018022,0.0456265626131509
0.0572180329268773,0.0563097427971506,0.042060144018022,0.0456265626131509
0.0572180329268773,0.0563097427971506,0.042060144018022,0.0456265626131509
0.0572180329268773,0.0563097427971506,0.042060144018022,0.0456265626131509
0.0572180329268773,0.0563097427971506,0.042060144018022,0.0456265626131509
0.0572180329268773,0.0563097427971506,0.042060144018022,0.0456265626131509
0.0572180329268773,0.0563097427971506,0.0472784100019937,0.0456265626131509
0.0572180329268773,0.0563097427971506,0.0472784100019937,0.0456265626131509
0.0572180329268773,0.0563097427971506,0.0472784100019937,0.0456265626131509
0.0572180329268773,0.0563097427971506,0.0472784100019937,0.0456265626131509
0.0572180329268773,0.0563097427971506,0.0472784100019937,0.0456265626131509
0.0572180329268773,0.0563097427971506,0.0472784100019937,0.0456265626131509
0.0572180329268773,0.0563097427971506,0.0472784100019937,0.0456265626131509
0.0557345143994188,0.0563097427971506,0.0472784100019937,0.0456265626131509
0.0557345143994188,0.0563097427971506,0.0472784100019937,0.0456265626131509
0.0557345143994188,0.0563097427971506,0.0472784100019937,0.0456265626131509
0.0557345143994188,0.0563097427971506,0.0472784100019937,0.0456265626131509
0.0557345143994188,0.0563097427971506,0.0472784100019937,0.0456265626131509
0.0557345143994188,0.0563097427971506,0.0472784100019937,0.0456265626131509
0.0557345143994188,0.0563097427971506,0.0472784100019937,0.0456265626131509
0.0557345143994188,0.0563097427971506,0.0472784100019937,0.0395175125911686
0.0557345143994188,0.0563097427971506,0.0472784100019937,0.0395175125911686
0.0557345143994188,0.0563097427971506,0.0462110739385949,0.0395175125911686
0.0557345143994188,0.0563097427971506,0.0462110739385949,0.0395175125911686
0.0557345143994188,0.0563097427971506,0.0462110739385949,0.0395175125911686
0.0557345143994188,0.0563097427971506,0.0482719115230158,0.0395175125911686
0.0557345143994188,0.0563097427971506,0.0482719115230158,0.0395175125911686
0.0557345143994188,0.0563097427971506,0.0482719115230158,0.0395175125911686
0.0557345143994188,0.0563097427971506,0.0447603080752597,0.0501577897505196
0.0557345143994188,0.0563097427971506,0.0447603080752597,0.0501577897505196
0.0557345143994188,0.0563097427971506,0.0447603080752597,0.0501577897505196
0.0557345143994188,0.0563097427971506,0.0447603080752597,0.0501577897505196
0.0557345143994188,0.0563097427971506,0.0447603080752597,0.0501577897505196
0.0557345143994188,0.0563097427971506,0.0447603080752597,0.0501577897505196
0.0557345143994188,0.0563097427971506,0.0447603080752597,0.0501577897505196
0.0557345143994188,0.0563097427971506,0.0447603080752597,0.0501577897505196
0.0557345143994188,0.0563097427971506,0.0447603080752597,0.0501577897505196
0.0557345143994188,0.0563097427971506,0.0447603080752597,0.0501577897505196
0.0532066000832592,0.0563097427971506,0.0447603080752597,0.0501577897505196
0.0532066000832592,0.0563097427971506,0.0447603080752597,0.0501577897505196
0.0532066000832592,0.0563097427971506,0.0447603080752597,0.0501577897505196
0.0532066000832592,0.0568487468327927,0.0447603080752597,0.0501577897505196
0.0532066000832592,0.0568487468327927,0.0447603080752597,0.0501577897505196
0.0532066000832592,0.0568487468327927,0.0447603080752597,0.0501577897505196
0.0532066000832592,0.0568487468327927,0.0447603080752597,0.0501577897505196
0.0532066000832592,0.0568487468327927,0.0447603080752597,0.0501577897505196
0.0506108083362154,0.0568487468327927,0.0447603080752597,0.0501577897505196
0.0506108083362154,0.0568487468327927,0.0447603080752597,0.0501577897505196
0.0506108083362154,0.0568487468327927,0.0447603080752597,0.0501577897505196
0.0506108083362154,0.0568487468327927,0.0447603080752597,0.0501577897505196
0.0506108083362154,0.0568487468327927,0.0447603080752597,0.0501577897505196
0.0506108083362154,0.0568487468327927,0.0447603080752597,0.0501577897505196
0.0506108083362154,0.0568487468327927,0.0447603080752597,0.0501577897505196
0.0506108083362154,0.0568487468327927,0.0447603080752597,0.0501577897505196
0.0506108083362154,0.0613043936485567,0.0447603080752597,0.0501577897505196
0.0506108083362154,0.0613043936485567,0.0436194365420803,0.0501577897505196
0.0506108083362154,0.0613043936485567,0.0436194365420803,0.0501577897505196
0.0506108083362154,0.0613043936485567,0.0436194365420803,0.0501577897505196
0.0506108083362154,0.0613043936485567,0.0436194365420803,0.0501577897505196
0.0506108083362154,0.0613043936485567,0.0436194365420803,0.0501577897505196
0.0506108083362154,0.0613043936485567,0.0436194365420803,0.0501577897505196
0.0506108083362154,0.0613043936485567,0.0436194365420803,0.0501577897505196
0.0506108083362154,0.0613043936485567,0.0436194365420803,0.0501577897505196
0.0506108083362154,0.0613043936485567,0.0436194365420803,0.0501577897505196
0.0506108083362154,0.0613043936485567,0.0436194365420803,0.0501577897505196
0.0506108083362154,0.0613043936485567,0.0436194365420803,0.0501577897505196
0.0506108083362154,0.0613043936485567,0.0436194365420803,0.0501577897505196
0.0506108083362154,0.0613043936485567,0.0436194365420803,0.0501577897505196
0.0506108083362154,0.0613043936485567,0.0436194365420803,0.0501577897505196
0.0506108083362154,0.0613043936485567,0.0436194365420803,0.0501577897505196
0.0506108083362154,0.0613043936485567,0.0436194365420803,0.0501577897505196
0.0506108083362154,0.0668625722146594,0.0436194365420803,0.0501577897505196
0.0506108083362154,0.0668625722146594,0.0436194365420803,0.0501577897505196
0.0506108083362154,0.0668625722146594,0.0436194365420803,0.0501577897505196
0.0506108083362154,0.0668625722146594,0.0436194365420803,0.0501577897505196
0.0506108083362154,0.0668625722146594,0.0436194365420803,0.0501577897505196
0.0506108083362154,0.0668625722146594,0.0436194365420803,0.0501577897505196
0.0506108083362154,0.0668625722146594,0.0436194365420803,0.0501577897505196
0.0506108083362154,0.0668625722146594,0.0436194365420803,0.0501577897505196
0.0506108083362154,0.0619871745368215,0.0436194365420803,0.0501577897505196
0.0506108083362154,0.0619871745368215,0.0436194365420803,0.0501577897505196
0.0506108083362154,0.0619871745368215,0.0436194365420803,0.0501577897505196
0.0506108083362154,0.0619871745368215,0.0436194365420803,0.0501577897505196
0.0506108083362154,0.0619871745368215,0.0436194365420803,0.0501577897505196
0.0506108083362154,0.0619871745368215,0.0442651826625204,0.0501577897505196
0.0506108083362154,0.0619871745368215,0.0442651826625204,0.0501577897505196
0.0506108083362154,0.0619871745368215,0.0442651826625204,0.0501577897505196
0.0506108083362154,0.0619871745368215,0.0442651826625204,0.0501577897505196
0.0506108083362154,0.0619871745368215,0.0442651826625204,0.0501577897505196
0.0506108083362154,0.0619871745368215,0.0442651826625204,0.0484851287190586
0.0506108083362154,0.0619871745368215,0.0442651826625204,0.0484851287190586
0.0506108083362154,0.0619871745368215,0.0442651826625204,0.0484851287190586
0.0506108083362154,0.0619871745368215,0.0442651826625204,0.0484851287190586
0.0506108083362154,0.0619871745368215,0.0459719707324333,0.0484851287190586
0.0506108083362154,0.0619871745368215,0.0459719707324333,0.0484851287190586
0.0506108083362154,0.0619871745368215,0.0459719707324333,0.0484851287190586
0.0506108083362154,0.0619871745368215,0.0459719707324333,0.0484851287190586
0.0506108083362154,0.0619871745368215,0.0459719707324333,0.0484851287190586
0.0494679782889107,0.0619871745368215,0.0459719707324333,0.0484851287190586
0.0494679782889107,0.0619871745368215,0.0459719707324333,0.0484851287190586
0.0494679782889107,0.0619871745368215,0.0459719707324333,0.0484851287190586
0.0494679782889107,0.0619871745368215,0.0459719707324333,0.052036615188393
0.0494679782889107,0.0619871745368215,0.0459719707324333,0.052036615188393
0.0494679782889107,0.0619871745368215,0.0459719707324333,0.052036615188393
0.0494679782889107,0.0619871745368215,0.0459719707324333,0.052036615188393
0.0494679782889107,0.0619871745368215,0.0459719707324333,0.052036615188393
0.0494679782889107,0.0619871745368215,0.0459719707324333,0.052036615188393
0.0494679782889107,0.0619871745368215,0.0459719707324333,0.052036615188393
0.0494679782889107,0.0619871745368215,0.0459719707324333,0.052036615188393
0.0494679782889107,0.0657802131267584,0.0459719707324333,0.052036615188393
0.0494679782889107,0.0657802131267584,0.0459719707324333,0.052036615188393
0.0494679782889107,0.0657802131267584,0.0459719707324333,0.052036615188393
0.0494679782889107,0.0596254627149678,0.0459719707324333,0.052036615188393
0.0494679782889107,0.0596254627149678,0.0459719707324333,0.052036615188393
0.0494679782889107,0.0596254627149678,0.0459719707324333,0.052036615188393
0.0494679782889107,0.0596254627149678,0.0459719707324333,0.052036615188393
0.0494679782889107,0.0596254627149678,0.0459719707324333,0.052036615188393
0.0494679782889107,0.0596254627149678,0.0459719707324333,0.052036615188393
0.0494679782889107,0.0596254627149678,0.0459719707324333,0.052036615188393
0.0494679782889107,0.0596254627149678,0.0459719707324333,0.052036615188393
0.0494679782889107,0.0596254627149678,0.0459719707324333,0.052036615188393
0.0494679782889107,0.0596254627149678,0.0459719707324333,0.052036615188393
0.0494679782889107,0.0596254627149678,0.0459719707324333,0.052036615188393
0.0494679782889107,0.0596254627149678,0.0459719707324333,0.052036615188393
0.0494679782889107,0.0596254627149678,0.0459719707324333,0.052036615188393
0.0494679782889107,0.0596254627149678,0.0459719707324333,0.052036615188393
0.0494679782889107,0.0596254627149678,0.0459719707324333,0.052036615188393
0.0494679782889107,0.0596254627149678,0.0423956717808042,0.052036615188393
0.0494679782889107,0.0596254627149678,0.0423956717808042,0.052036615188393
0.0494679782889107,0.0596254627149678,0.0423956717808042,0.052036615188393
0.0494679782889107,0.0596254627149678,0.0423956717808042,0.052036615188393
0.0494679782889107,0.0596254627149678,0.0423956717808042,0.052036615188393
0.0494679782889107,0.0596254627149678,0.0423956717808042,0.052036615188393
0.0494679782889107,0.0596254627149678,0.0423956717808042,0.052036615188393
0.0494679782889107,0.0596254627149678,0.0423956717808042,0.052036615188393
0.0494679782889107,0.0596254627149678,0.0423956717808042,0.052036615188393
0.0502109108353257,0.0596254627149678,0.0423956717808042,0.052036615188393
0.0502109108353257,0.0596254627149678,0.0461453466774433,0.052036615188393
0.0502109108353257,0.0596254627149678,0.0461453466774433,0.052036615188393
0.0502109108353257,0.0596254627149678,0.0461453466774433,0.0488952138102333
0.0502109108353257,0.0596254627149678,0.0461453466774433,0.0488952138102333
0.0502109108353257,0.0596254627149678,0.0461453466774433,0.0488952138102333
0.0502109108353257,0.0596254627149678,0.0461453466774433,0.0488952138102333
0.0502109108353257,0.0596254627149678,0.0461453466774433,0.0488952138102333
0.0502109108353257,0.0596254627149678,0.0461453466774433,0.0488952138102333
0.0502109108353257,0.0596254627149678,0.0461453466774433,0.0488952138102333
0.0502109108353257,0.0596254627149678,0.0461453466774433,0.0488952138102333
0.0502109108353257,0.0596254627149678,0.0461453466774433,0.0488952138102333
0.0502109108353257,0.0596254627149678,0.0461453466774433,0.0440751809166485
0.0502109108353257,0.0562535351584166,0.0461453466774433,0.0440751809166485
0.0502109108353257,0.0562535351584166,0.0461453466774433,0.0440751809166485
0.0502109108353257,0.0562535351584166,0.0461453466774433,0.0440751809166485
0.0502109108353257,0.0562535351584166,0.0461453466774433,0.0440751809166485
0.0502109108353257,0.0564320851320027,0.0446672048795619,0.0440751809166485
0.0502109108353257,0.0564320851320027,0.0446672048795619,0.0440751809166485
0.0502109108353257,0.0564320851320027,0.0446672048795619,0.0440751809166485
0.0502109108353257,0.0564320851320027,0.0446672048795619,0.0440751809166485
0.0502109108353257,0.0564320851320027,0.0446672048795619,0.0440751809166485
0.0502109108353257,0.0564320851320027,0.0446672048795619,0.0440751809166485
0.0502109108353257,0.0564320851320027,0.0446672048795619,0.0440751809166485
0.0502109108353257,0.0564320851320027,0.0446672048795619,0.0440751809166485
0.0556265496497728,0.0564320851320027,0.0446672048795619,0.0440751809166485
0.0556265496497728,0.0564320851320027,0.0446672048795619,0.0504423244614103
0.0556265496497728,0.0564320851320027,0.0446672048795619,0.0504423244614103
0.0556265496497728,0.0564320851320027,0.0405918829341149,0.0504423244614103
0.0556265496497728,0.0564320851320027,0.0405918829341149,0.0536988505236557
0.0556265496497728,0.0564320851320027,0.0405918829341149,0.0536988505236557
0.0556265496497728,0.0564320851320027,0.0405918829341149,0.0536988505236557
0.0556265496497728,0.0564320851320027,0.0405918829341149,0.0536988505236557
0.0556265496497728,0.057805862622374,0.0405918829341149,0.0536988505236557
0.0556265496497728,0.057805862622374,0.0405918829341149,0.0536988505236557
0.0556265496497728,0.057805862622374,0.0405918829341149,0.0536988505236557
0.0556265496497728,0.057805862622374,0.0405918829341149,0.0536988505236557
0.0556265496497728,0.057805862622374,0.0405918829341149,0.0536988505236557
0.0556265496497728,0.057805862622374,0.0405918829341149,0.0536988505236557
0.0594450800576447,0.057805862622374,0.0405918829341149,0.0536988505236557
0.0594450800576447,0.057805862622374,0.0405918829341149,0.0536988505236557
0.0586937987149017,0.057805862622374,0.0405918829341149,0.0536988505236557
0.0586937987149017,0.057805862622374,0.0405918829341149,0.0536988505236557
0.0586937987149017,0.057805862622374,0.0405918829341149,0.0536988505236557
0.0586937987149017,0.057805862622374,0.0405918829341149,0.0536988505236557
0.0586937987149017,0.057805862622374,0.0405918829341149,0.0536988505236557
0.0586937987149017,0.057805862622374,0.0405918829341149,0.0536988505236557
0.0586937987149017,0.057805862622374,0.0405918829341149,0.0536988505236557
0.0586937987149017,0.057805862622374,0.0405918829341149,0.0536988505236557
0.0586937987149017,0.057805862622374,0.0405918829341149,0.0536988505236557
0.0586937987149017,0.0571653497683852,0.0405918829341149,0.0534896502994416
0.0586937987149017,0.0571653497683852,0.0405918829341149,0.0534896502994416
0.0586937987149017,0.0571653497683852,0.0405918829341149,0.0534896502994416
0.0586937987149017,0.0571653497683852,0.0405918829341149,0.0534896502994416
0.0586937987149017,0.0571653497683852,0.0405918829341149,0.0534896502994416
0.0586937987149017,0.0571653497683852,0.0405918829341149,0.0534896502994416
0.0586937987149017,0.0571653497683852,0.0405918829341149,0.0534896502994416
0.0586937987149017,0.0571653497683852,0.0405918829341149,0.0534896502994416
0.0586937987149017,0.0571653497683852,0.0405918829341149,0.0534896502994416
0.0586937987149017,0.0674730105616077,0.0405918829341149,0.0534896502994416
0.0586937987149017,0.0674730105616077,0.0405918829341149,0.0534896502994416
0.0586937987149017,0.0674730105616077,0.0405918829341149,0.0534896502994416
0.0586937987149017,0.0674730105616077,0.0405918829341149,0.0534896502994416
0.0584297419667689,0.0674730105616077,0.0405918829341149,0.0534896502994416
0.0596327315957848,0.0674730105616077,0.0405918829341149,0.0534896502994416
0.0596327315957848,0.0674730105616077,0.0405918829341149,0.0534896502994416
0.0554845842927574,0.0674730105616077,0.0405918829341149,0.0534896502994416
0.0554845842927574,0.0674730105616077,0.0405918829341149,0.0534896502994416
0.0554845842927574,0.0674730105616077,0.0405918829341149,0.0534896502994416
0.0555283201565239,0.0674730105616077,0.0405918829341149,0.0534896502994416
0.0555283201565239,0.0674730105616077,0.0405918829341149,0.0534896502994416
0.0555283201565239,0.0674730105616077,0.0405918829341149,0.0534896502994416
0.0555283201565239,0.0674730105616077,0.0405918829341149,0.0534896502994416
0.0555283201565239,0.0674730105616077,0.0416355057479794,0.0534896502994416
0.0555283201565239,0.0674730105616077,0.0416355057479794,0.0534896502994416
0.0555283201565239,0.0674730105616077,0.0416355057479794,0.0534896502994416
0.0555283201565239,0.0674730105616077,0.0416355057479794,0.0486240154854201
0.0555283201565239,0.0674730105616077,0.0416355057479794,0.0486240154854201
0.0555283201565239,0.0609941024275502,0.0416355057479794,0.0486240154854201
0.0555283201565239,0.0609941024275502,0.0416355057479794,0.0486240154854201
0.0555283201565239,0.0609941024275502,0.0416355057479794,0.0486240154854201
0.0555283201565239,0.0609941024275502,0.0416355057479794,0.0486240154854201
0.0555283201565239,0.0609941024275502,0.0416355057479794,0.0486240154854201
0.0555283201565239,0.0609941024275502,0.0416355057479794,0.0486240154854201
0.0555283201565239,0.0609941024275502,0.0416355057479794,0.0486240154854201
0.0555283201565239,0.0609941024275502,0.0416355057479794,0.0486240154854201
0.0555283201565239,0.0715050942553113,0.0416355057479794,0.0486240154854201
0.0555283201565239,0.0715050942553113,0.0416355057479794,0.0486240154854201
0.0555283201565239,0.0715050942553113,0.0416355057479794,0.0486240154854201
0.0555283201565239,0.0715050942553113,0.0416355057479794,0.0486240154854201
0.0555283201565239,0.0715050942553113,0.0416355057479794,0.0486240154854201
0.0555283201565239,0.0715050942553113,0.0416355057479794,0.0433396631383622
0.0555283201565239,0.0715050942553113,0.0416355057479794,0.0433396631383622
0.0555283201565239,0.0715050942553113,0.0416355057479794,0.0433396631383622
0.0555283201565239,0.0715050942553113,0.0416355057479794,0.0433396631383622
0.0555283201565239,0.0715050942553113,0.0416355057479794,0.0433396631383622
0.0555283201565239,0.0715050942553113,0.044711940112138,0.0433396631383622
0.0555283201565239,0.0715050942553113,0.044711940112138,0.0433396631383622
0.0555283201565239,0.0715050942553113,0.044711940112138,0.0433396631383622
0.0555283201565239,0.0715050942553113,0.044711940112138,0.0433396631383622
0.0555283201565239,0.0715050942553113,0.044711940112138,0.0433396631383622
0.0555283201565239,0.0715050942553113,0.044711940112138,0.0433396631383622
0.0555283201565239,0.0715050942553113,0.044711940112138,0.0433396631383622
0.0555283201565239,0.0715050942553113,0.044711940112138,0.0433396631383622
0.0555283201565239,0.0715050942553113,0.044711940112138,0.0433396631383622
0.0555283201565239,0.0715050942553113,0.044711940112138,0.0433396631383622
0.0555283201565239,0.0658596371677536,0.044711940112138,0.0433396631383622
0.0555283201565239,0.0658596371677536,0.044711940112138,0.0433396631383622
0.0555283201565239,0.0658596371677536,0.044711940112138,0.0433396631383622
0.0555283201565239,0.0658596371677536,0.044711940112138,0.0433396631383622
0.0555283201565239,0.0658596371677536,0.044711940112138,0.0433396631383622
0.0555283201565239,0.0658596371677536,0.044711940112138,0.0433396631383622
0.0555283201565239,0.0658596371677536,0.044711940112138,0.0433396631383622
0.0555283201565239,0.0658596371677536,0.044711940112138,0.0433396631383622
0.0555283201565239,0.0658596371677536,0.044711940112138,0.0433396631383622
0.0555283201565239,0.0658596371677536,0.044711940112138,0.0433396631383622
0.0555283201565239,0.0658596371677536,0.044711940112138,0.0433396631383622
0.0564840180426329,0.0658596371677536,0.044711940112138,0.0433396631383622
0.0564840180426329,0.0658596371677536,0.044711940112138,0.0433396631383622
0.0564840180426329,0.0658596371677536,0.044711940112138,0.0433396631383622
0.0564840180426329,0.0658596371677536,0.044711940112138,0.0433396631383622
0.0564840180426329,0.0658596371677536,0.0459048436677061,0.0433396631383622
0.0564840180426329,0.0658596371677536,0.0459048436677061,0.0395374427170369
0.0564840180426329,0.0658596371677536,0.0459048436677061,0.0395374427170369
0.0564840180426329,0.0658596371677536,0.0459048436677061,0.0395374427170369
0.0564840180426329,0.0658596371677536,0.0459048436677061,0.0395374427170369
0.0564840180426329,0.0658596371677536,0.0459048436677061,0.0395374427170369
0.0564840180426329,0.0658596371677536,0.0459048436677061,0.0395374427170369
0.0564840180426329,0.0658596371677536,0.0459048436677061,0.0395374427170369
0.0564840180426329,0.0658596371677536,0.0459048436677061,0.0395374427170369
0.0564840180426329,0.0658596371677536,0.0459048436677061,0.0395374427170369
0.0564840180426329,0.0658596371677536,0.0459048436677061,0.0395374427170369
0.0564840180426329,0.0658596371677536,0.0459048436677061,0.0395374427170369
0.0564840180426329,0.0658596371677536,0.0459048436677061,0.0395374427170369
0.0564840180426329,0.0658596371677536,0.0459048436677061,0.0395374427170369
0.0564840180426329,0.0658596371677536,0.0459048436677061,0.0395374427170369
0.0564840180426329,0.0658596371677536,0.0459048436677061,0.0395374427170369
0.0564840180426329,0.0658596371677536,0.0459048436677061,0.0395374427170369
0.0564840180426329,0.0658596371677536,0.0459048436677061,0.0395374427170369
0.0564840180426329,0.0658596371677536,0.0459048436677061,0.042138919710084
0.0564840180426329,0.0658596371677536,0.0459048436677061,0.0483655099318044
0.0564840180426329,0.0658596371677536,0.0459048436677061,0.0483655099318044
0.0564840180426329,0.0658596371677536,0.0459048436677061,0.0483655099318044
0.0564840180426329,0.0658596371677536,0.0459048436677061,0.0483655099318044
0.0564840180426329,0.0658596371677536,0.0459048436677061,0.0483655099318044
0.0564840180426329,0.0658596371677536,0.0459048436677061,0.0483655099318044
0.0564840180426329,0.0658596371677536,0.0459048436677061,0.0483655099318044
0.0564840180426329,0.0658596371677536,0.0459048436677061,0.0547818926811754
0.0564840180426329,0.0658596371677536,0.0459048436677061,0.0547818926811754
0.0564840180426329,0.0658596371677536,0.0459048436677061,0.0547818926811754
0.0564840180426329,0.0658596371677536,0.0459048436677061,0.0547818926811754
0.0564840180426329,0.0658596371677536,0.0459048436677061,0.0523085422635871
0.0564840180426329,0.0658596371677536,0.0459048436677061,0.0523085422635871
0.0564840180426329,0.0658596371677536,0.0434146521113536,0.0523085422635871
0.0564840180426329,0.0658596371677536,0.0434146521113536,0.0523085422635871
0.0564840180426329,0.0658596371677536,0.0434146521113536,0.0523085422635871
0.0564840180426329,0.061377739675715,0.0434146521113536,0.0523085422635871
0.0564840180426329,0.061377739675715,0.0434146521113536,0.0523085422635871
0.0564840180426329,0.061377739675715,0.0434146521113536,0.0523085422635871
0.0564840180426329,0.061377739675715,0.0434146521113536,0.0523085422635871
0.0564840180426329,0.0672621287181536,0.0471722778715998,0.0523085422635871
0.0564840180426329,0.0672621287181536,0.0471722778715998,0.0523085422635871
0.0564840180426329,0.0672621287181536,0.0471722778715998,0.0523085422635871
0.0564840180426329,0.0672621287181536,0.0471722778715998,0.0523085422635871
0.0564840180426329,0.0672621287181536,0.0471722778715998,0.0523085422635871
0.0564840180426329,0.0672621287181536,0.0471722778715998,0.0498988870015589
0.0564840180426329,0.0672621287181536,0.0471722778715998,0.0498988870015589
0.0564840180426329,0.0672621287181536,0.0471722778715998,0.0498988870015589
0.0564840180426329,0.0672621287181536,0.0471722778715998,0.0498988870015589
0.0564840180426329,0.0672621287181536,0.0471722778715998,0.0463297051528865
0.0564840180426329,0.0672621287181536,0.0471722778715998,0.0463297051528865
0.0564840180426329,0.0672621287181536,0.0471722778715998,0.0518457079026952
0.0564840180426329,0.0672621287181536,0.0488451983188038,0.0518457079026952
0.0564840180426329,0.0672621287181536,0.0488451983188038,0.0518457079026952
0.0564840180426329,0.0672621287181536,0.0488451983188038,0.0518457079026952
0.0564840180426329,0.0672621287181536,0.0488451983188038,0.0518457079026952
0.0564840180426329,0.0672621287181536,0.0488451983188038,0.0518457079026952
0.0564840180426329,0.0672621287181536,0.0488451983188038,0.0518457079026952
0.0564840180426329,0.0672621287181536,0.0488451983188038,0.0518457079026952
0.0564840180426329,0.0672621287181536,0.0488451983188038,0.0518457079026952
0.0564840180426329,0.0672621287181536,0.0488451983188038,0.0518457079026952
0.0564840180426329,0.0672621287181536,0.0488451983188038,0.0518457079026952
0.0564840180426329,0.0672621287181536,0.0488451983188038,0.0518457079026952
0.0564840180426329,0.0672621287181536,0.0488451983188038,0.0518457079026952
0.0564840180426329,0.0672621287181536,0.0488451983188038,0.0518457079026952
0.0564840180426329,0.0672621287181536,0.0488451983188038,0.0518457079026952
0.0564840180426329,0.0672621287181536,0.0488451983188038,0.0518457079026952
0.0564840180426329,0.0672621287181536,0.0488451983188038,0.0518457079026952
0.0564840180426329,0.0676628255214366,0.0488451983188038,0.0518457079026952
0.0564840180426329,0.0676628255214366,0.0488451983188038,0.0518457079026952
0.0564840180426329,0.0676628255214366,0.0488451983188038,0.0518457079026952
0.0564840180426329,0.0676628255214366,0.0488451983188038,0.0518457079026952
0.0564840180426329,0.0676628255214366,0.0488451983188038,0.0518457079026952
0.0564840180426329,0.0676628255214366,0.0488451983188038,0.0542102424746564
0.0564840180426329,0.0676628255214366,0.0488451983188038,0.0542102424746564
0.0564840180426329,0.0676628255214366,0.0488451983188038,0.0542102424746564
0.0564840180426329,0.0676628255214366,0.0488451983188038,0.0542102424746564
0.0564840180426329,0.0676628255214366,0.0488451983188038,0.0542102424746564
0.0564840180426329,0.0676628255214366,0.0488451983188038,0.0542102424746564
0.0564840180426329,0.0676628255214366,0.0488451983188038,0.0542102424746564
0.0564840180426329,0.0676628255214366,0.0488451983188038,0.0542102424746564
0.0564840180426329,0.0676628255214366,0.0488451983188038,0.0542102424746564
0.0564840180426329,0.0676628255214366,0.0488451983188038,0.0542102424746564
0.0564840180426329,0.0676628255214366,0.0488451983188038,0.0542102424746564
0.0564840180426329,0.0676628255214366,0.0488451983188038,0.0542102424746564
0.0564840180426329,0.0676628255214366,0.0488451983188038,0.0542102424746564
0.0564840180426329,0.0676628255214366,0.0488451983188038,0.0542102424746564
0.0564840180426329,0.0676628255214366,0.0488451983188038,0.055053659027148
0.0564840180426329,0.0676628255214366,0.0488451983188038,0.055053659027148
0.0564840180426329,0.0676628255214366,0.0488451983188038,0.055053659027148
0.0564840180426329,0.0676628255214366,0.0488451983188038,0.055053659027148
0.0564840180426329,0.0676628255214366,0.0488451983188038,0.055053659027148
0.0564840180426329,0.0606459086697297,0.0488451983188038,0.055053659027148
0.0564840180426329,0.068143396859596,0.0488451983188038,0.055053659027148
0.0564840180426329,0.068143396859596,0.0489424670300097,0.055053659027148
0.0564840180426329,0.068143396859596,0.0489424670300097,0.055053659027148
0.0564840180426329,0.068143396859596,0.0489424670300097,0.055053659027148
0.0564840180426329,0.068143396859596,0.0489424670300097,0.0485983546271875
0.0564840180426329,0.068143396859596,0.0489424670300097,0.0485983546271875
0.0564840180426329,0.068143396859596,0.0489424670300097,0.0485983546271875
0.0564840180426329,0.068143396859596,0.0489424670300097,0.0581042088781533
0.0564840180426329,0.0560714278920509,0.0489424670300097,0.0581042088781533
0.0564840180426329,0.0560714278920509,0.0489424670300097,0.0581042088781533
0.0564840180426329,0.0560714278920509,0.0489424670300097,0.0581042088781533
0.0564840180426329,0.0560714278920509,0.0489424670300097,0.0581042088781533
0.0564840180426329,0.0560714278920509,0.0489424670300097,0.0581042088781533
0.0564840180426329,0.0560714278920509,0.0489424670300097,0.0581042088781533
0.0564840180426329,0.0560714278920509,0.0489424670300097,0.0581042088781533
0.0586271860931552,0.0560714278920509,0.0485896442262746,0.0581042088781533
0.0586271860931552,0.0560714278920509,0.0485896442262746,0.0581042088781533
0.0586271860931552,0.0560714278920509,0.0476953832012233,0.0581042088781533
0.0586271860931552,0.0560714278920509,0.0476953832012233,0.0581042088781533
0.0586271860931552,0.0560714278920509,0.0476953832012233,0.0581042088781533
0.0586271860931552,0.0560714278920509,0.0476953832012233,0.0581042088781533
0.0586271860931552,0.0560714278920509,0.0476953832012233,0.0581042088781533
0.0586271860931552,0.0560714278920509,0.0476953832012233,0.0581042088781533
0.0586271860931552,0.0560714278920509,0.0476953832012233,0.0581042088781533
0.0586271860931552,0.0560714278920509,0.0476953832012233,0.0581042088781533
0.0586271860931552,0.0560714278920509,0.0476953832012233,0.0525045793151354
0.0586271860931552,0.0560714278920509,0.0476953832012233,0.0525045793151354
0.0621704051030344,0.0560714278920509,0.0476953832012233,0.0525045793151354
0.0621704051030344,0.0560714278920509,0.0476953832012233,0.0525045793151354
0.0621704051030344,0.0560714278920509,0.0476953832012233,0.0525045793151354
0.0621704051030344,0.0560714278920509,0.0476953832012233,0.0525045793151354
0.0621704051030344,0.0560714278920509,0.0476953832012233,0.0525045793151354
0.0621704051030344,0.0560714278920509,0.0476953832012233,0.0525045793151354
0.0621704051030344,0.0560714278920509,0.0476953832012233,0.0525045793151354
0.0621704051030344,0.0560714278920509,0.0476953832012233,0.0525045793151354
0.0621704051030344,0.0560714278920509,0.0476953832012233,0.0525045793151354
0.0621704051030344,0.0560714278920509,0.0476953832012233,0.0482473966709209
0.0621704051030344,0.0560714278920509,0.0476953832012233,0.0482473966709209
0.0621704051030344,0.0500954427449829,0.0476953832012233,0.0482473966709209
0.0621704051030344,0.0500954427449829,0.0476953832012233,0.0482473966709209
0.0621704051030344,0.0500954427449829,0.0476953832012233,0.0482473966709209
0.0621704051030344,0.0500954427449829,0.0476953832012233,0.0482473966709209
0.0621704051030344,0.0500954427449829,0.0476953832012233,0.0482473966709209
0.0621704051030344,0.0500954427449829,0.0476953832012233,0.0482473966709209
0.0621704051030344,0.0500954427449829,0.0476953832012233,0.0482473966709209
0.0621704051030344,0.0500954427449829,0.0476953832012233,0.0482473966709209
0.0621704051030344,0.0500954427449829,0.0476953832012233,0.0482473966709209
0.0621704051030344,0.0500954427449829,0.0423645196495069,0.0482473966709209
0.0621704051030344,0.0500954427449829,0.0423645196495069,0.0482473966709209
0.0621704051030344,0.0500954427449829,0.0423645196495069,0.0482473966709209
0.0621704051030344,0.0500954427449829,0.0423645196495069,0.0482473966709209
0.0621704051030344,0.0500954427449829,0.0423645196495069,0.0482473966709209
0.0621704051030344,0.0500954427449829,0.0423645196495069,0.0482473966709209
0.0621704051030344,0.0500954427449829,0.0423645196495069,0.0493556402355875
0.0621704051030344,0.0500954427449829,0.0423645196495069,0.0493556402355875
0.0621704051030344,0.0500954427449829,0.0423645196495069,0.0493556402355875
0.0621704051030344,0.0500954427449829,0.0423645196495069,0.0493556402355875
0.0621704051030344,0.0500954427449829,0.0423645196495069,0.0493556402355875
0.0621704051030344,0.0500954427449829,0.0423645196495069,0.0493556402355875
0.0621704051030344,0.0500954427449829,0.0423645196495069,0.0493556402355875
0.0621704051030344,0.0500954427449829,0.0423645196495069,0.0493556402355875
0.0621704051030344,0.0500954427449829,0.0423645196495069,0.0493556402355875
0.0621704051030344,0.0500954427449829,0.0423645196495069,0.0493556402355875
0.0621704051030344,0.0500954427449829,0.0423645196495069,0.0493556402355875
0.0621704051030344,0.0500954427449829,0.0423645196495069,0.0493556402355875
0.0621704051030344,0.0500954427449829,0.0423645196495069,0.0493556402355875
0.0621704051030344,0.0500954427449829,0.0423645196495069,0.0493556402355875
0.0621704051030344,0.0500954427449829,0.0423645196495069,0.0493556402355875
0.0621704051030344,0.0634483480523427,0.0423645196495069,0.0493556402355875
0.0621704051030344,0.0634483480523427,0.0423645196495069,0.0493556402355875
0.0621704051030344,0.0634483480523427,0.0423645196495069,0.0493556402355875
0.0621704051030344,0.0634483480523427,0.0423645196495069,0.0493556402355875
0.0621704051030344,0.0634483480523427,0.0423645196495069,0.0493556402355875
0.0621704051030344,0.0634483480523427,0.0423645196495069,0.0493556402355875
0.0621704051030344,0.0634483480523427,0.0423645196495069,0.0470662776746413
0.0621704051030344,0.0634483480523427,0.0423645196495069,0.0470662776746413
0.0621704051030344,0.0620788069986104,0.0384602834760051,0.0470662776746413
0.0621704051030344,0.0620788069986104,0.0384602834760051,0.0446352762469279
0.0621704051030344,0.0620788069986104,0.0384602834760051,0.0446352762469279
0.0621704051030344,0.0620788069986104,0.0384602834760051,0.0446352762469279
0.0621704051030344,0.0620788069986104,0.0384602834760051,0.0446352762469279
0.0621704051030344,0.0620788069986104,0.0384602834760051,0.0446352762469279
0.0621704051030344,0.0620788069986104,0.0384602834760051,0.0446352762469279
0.0621704051030344,0.0620788069986104,0.0384602834760051,0.0446352762469279
0.0621704051030344,0.0620788069986104,0.0384602834760051,0.0446352762469279
0.0621704051030344,0.0620788069986104,0.0384602834760051,0.0446352762469279
0.0621704051030344,0.0620788069986104,0.0384602834760051,0.0446352762469279
0.0621704051030344,0.0620788069986104,0.0384602834760051,0.0446352762469279
0.0621704051030344,0.0620788069986104,0.0384602834760051,0.0446352762469279
0.0621704051030344,0.0620788069986104,0.0384602834760051,0.0446352762469279
0.0621704051030344,0.0620788069986104,0.0384602834760051,0.0446352762469279
0.0621704051030344,0.0620788069986104,0.0384602834760051,0.0446352762469279
0.0621704051030344,0.0620788069986104,0.0405232687300306,0.0446352762469279
0.0621704051030344,0.0620788069986104,0.0405232687300306,0.0446352762469279
0.0621704051030344,0.0620788069986104,0.0405232687300306,0.0446352762469279
0.0621704051030344,0.0620788069986104,0.0405232687300306,0.0446352762469279
0.0621704051030344,0.0620788069986104,0.0405232687300306,0.0446352762469279
0.0621704051030344,0.0620788069986104,0.0405232687300306,0.0446352762469279
0.0621704051030344,0.0620788069986104,0.0405232687300306,0.0446352762469279
0.0621704051030344,0.0620788069986104,0.0405232687300306,0.0446352762469279
0.0621704051030344,0.0620788069986104,0.0405232687300306,0.0446352762469279
0.0621704051030344,0.0620788069986104,0.0400377721851582,0.0446352762469279
0.0621704051030344,0.0620788069986104,0.0400377721851582,0.0446352762469279
0.0621704051030344,0.0620788069986104,0.0400377721851582,0.0446352762469279
0.0621704051030344,0.0620788069986104,0.0400377721851582,0.0446352762469279
0.0621704051030344,0.0620788069986104,0.0400377721851582,0.0446352762469279
0.0621704051030344,0.0609668449854199,0.0400377721851582,0.0446352762469279
0.0621704051030344,0.0609668449854199,0.0400377721851582,0.0446352762469279
0.0621704051030344,0.0609668449854199,0.0400377721851582,0.0446352762469279
0.0621704051030344,0.0609668449854199,0.0400377721851582,0.0446352762469279
0.0621704051030344,0.0609668449854199,0.0400377721851582,0.0446352762469279
0.0621704051030344,0.0609668449854199,0.0400377721851582,0.0446352762469279
0.0621704051030344,0.0609668449854199,0.0400377721851582,0.0446352762469279
0.0621704051030344,0.0609668449854199,0.0400377721851582,0.0446352762469279
0.0621704051030344,0.0609668449854199,0.0400377721851582,0.0446352762469279
0.0621704051030344,0.0609668449854199,0.0400377721851582,0.0446352762469279
0.0621704051030344,0.0609668449854199,0.0400377721851582,0.0446352762469279
0.0621704051030344,0.0609668449854199,0.0400377721851582,0.0446352762469279
0.0621704051030344,0.0609668449854199,0.0400377721851582,0.0419478870932338
0.0621704051030344,0.0609668449854199,0.0400377721851582,0.0419478870932338
0.0621704051030344,0.0609668449854199,0.0400377721851582,0.0419478870932338
0.0621704051030344,0.0609668449854199,0.0400377721851582,0.0419478870932338
0.0621704051030344,0.0609668449854199,0.0400377721851582,0.0419478870932338
0.0621704051030344,0.0609668449854199,0.0400377721851582,0.0419478870932338
0.0621704051030344,0.0609668449854199,0.0400377721851582,0.0419478870932338
0.0621704051030344,0.0609668449854199,0.0400377721851582,0.0419478870932338
0.0621704051030344,0.0609668449854199,0.0400377721851582,0.0419478870932338
0.0621704051030344,0.0609668449854199,0.0400377721851582,0.0419478870932338
0.0621704051030344,0.0609668449854199,0.0400377721851582,0.0419478870932338
0.0621704051030344,0.0609668449854199,0.0400377721851582,0.0419478870932338
0.0621704051030344,0.0609668449854199,0.0400377721851582,0.0419478870932338
0.0621704051030344,0.0609668449854199,0.0400377721851582,0.0419478870932338
0.0621704051030344,0.0609668449854199,0.0400377721851582,0.0419478870932338
0.0621704051030344,0.0609668449854199,0.0400377721851582,0.0419478870932338
0.0621704051030344,0.0609668449854199,0.0400377721851582,0.0419478870932338
0.0621704051030344,0.0609668449854199,0.0400377721851582,0.0419478870932338
0.0621704051030344,0.0609668449854199,0.0400377721851582,0.0419478870932338
0.0621704051030344,0.0609668449854199,0.0400377721851582,0.0419478870932338
0.0621704051030344,0.0609668449854199,0.0400377721851582,0.0419478870932338
0.0621704051030344,0.0609668449854199,0.0400377721851582,0.0419478870932338
0.0621704051030344,0.0609668449854199,0.0400377721851582,0.0419478870932338
0.0621704051030344,0.0609668449854199,0.0400377721851582,0.0419478870932338
0.0621704051030344,0.0609668449854199,0.0400377721851582,0.0419478870932338
0.0621704051030344,0.0609668449854199,0.0400377721851582,0.0419478870932338
0.0621704051030344,0.0609668449854199,0.0400377721851582,0.0419478870932338
0.0621704051030344,0.0609668449854199,0.0400377721851582,0.0419478870932338
0.0621704051030344,0.0609668449854199,0.0400377721851582,0.0419478870932338
0.0621704051030344,0.0609668449854199,0.0400377721851582,0.0419478870932338
0.0621704051030344,0.0609668449854199,0.0400377721851582,0.0500734230825903
0.0621704051030344,0.0609668449854199,0.0400377721851582,0.0500734230825903
0.0621704051030344,0.0609668449854199,0.0400377721851582,0.0500734230825903
0.0621704051030344,0.0609668449854199,0.0400377721851582,0.0500734230825903
0.0621704051030344,0.0609668449854199,0.0400377721851582,0.0500734230825903
0.0621704051030344,0.0609668449854199,0.0400377721851582,0.0500734230825903
0.0621704051030344,0.0609668449854199,0.0400377721851582,0.0500734230825903
0.0621704051030344,0.0609668449854199,0.0400377721851582,0.0500734230825903
0.0621704051030344,0.0609668449854199,0.0400377721851582,0.0500734230825903
0.0621704051030344,0.0609668449854199,0.0400377721851582,0.0500734230825903
0.0621704051030344,0.0609668449854199,0.0400377721851582,0.0500734230825903
0.0621704051030344,0.0609668449854199,0.0400377721851582,0.0500734230825903
0.0621704051030344,0.0609668449854199,0.0400377721851582,0.0500734230825903
0.0621704051030344,0.0609668449854199,0.0400377721851582,0.0500734230825903
0.0621704051030344,0.0609668449854199,0.0400377721851582,0.0473113769449988
0.0621704051030344,0.0609668449854199,0.0400377721851582,0.0473113769449988
0.0621704051030344,0.0609668449854199,0.0400377721851582,0.0473113769449988
0.0621704051030344,0.0609668449854199,0.0400377721851582,0.0473113769449988
0.0621704051030344,0.0609668449854199,0.0400377721851582,0.0473113769449988
0.0621704051030344,0.0609668449854199,0.0400377721851582,0.0473113769449988
0.0621704051030344,0.0609668449854199,0.0400377721851582,0.0473113769449988
0.0621704051030344,0.0609668449854199,0.0400377721851582,0.0473113769449988
0.0621704051030344,0.0609668449854199,0.0400377721851582,0.0473113769449988
0.0621704051030344,0.0609668449854199,0.0400377721851582,0.0473113769449988
0.0621704051030344,0.0609668449854199,0.0400377721851582,0.0473113769449988
0.0621704051030344,0.0609668449854199,0.0400377721851582,0.0473113769449988
0.0621704051030344,0.0609668449854199,0.0400377721851582,0.0473113769449988
0.0621704051030344,0.0609668449854199,0.0400377721851582,0.0473113769449988
0.0599478694642388,0.0609668449854199,0.0400377721851582,0.0473113769449988
0.0599478694642388,0.0609668449854199,0.0400377721851582,0.0473113769449988
0.0599478694642388,0.0609668449854199,0.0400377721851582,0.0473113769449988
0.0599478694642388,0.0609668449854199,0.0400377721851582,0.0473113769449988
0.0599478694642388,0.0609668449854199,0.0400377721851582,0.0473113769449988
0.0599478694642388,0.0609668449854199,0.0400377721851582,0.0473113769449988
0.0599478694642388,0.0609668449854199,0.0400377721851582,0.0473113769449988
0.0599478694642388,0.0609668449854199,0.0400377721851582,0.0473113769449988
0.0599478694642388,0.0609668449854199,0.0400377721851582,0.0473113769449988
0.0599478694642388,0.0609668449854199,0.0413048582245542,0.0473113769449988
0.0599478694642388,0.0609668449854199,0.0413048582245542,0.0473113769449988
0.0599478694642388,0.0609668449854199,0.0413048582245542,0.0473113769449988
0.0599478694642388,0.0609668449854199,0.0413048582245542,0.0473113769449988
0.0599478694642388,0.0609668449854199,0.0413048582245542,0.0473113769449988
0.0599478694642388,0.0609668449854199,0.0413048582245542,0.0473113769449988
0.0599478694642388,0.0609668449854199,0.0413048582245542,0.0473113769449988
0.0599478694642388,0.0633755268552779,0.0413048582245542,0.0473113769449988
0.0599478694642388,0.0633755268552779,0.0413048582245542,0.0473113769449988
0.0599478694642388,0.0633755268552779,0.0413048582245542,0.0473113769449988
0.0599478694642388,0.0633755268552779,0.0413048582245542,0.0420714848804133
0.0599478694642388,0.0633755268552779,0.0413048582245542,0.0515081566575178
0.0599478694642388,0.0633755268552779,0.0413048582245542,0.0515081566575178
0.0599478694642388,0.0633755268552779,0.0413048582245542,0.0515081566575178
0.0599478694642388,0.0633755268552779,0.0413048582245542,0.0515081566575178
0.0599478694642388,0.0498581841774545,0.0413048582245542,0.0515081566575178
0.0599478694642388,0.0498581841774545,0.0413048582245542,0.0515081566575178
0.0599478694642388,0.0498581841774545,0.0413048582245542,0.0515081566575178
0.0599478694642388,0.0498581841774545,0.0413048582245542,0.0515081566575178
0.0599478694642388,0.0498581841774545,0.0413048582245542,0.0515081566575178
0.0599478694642388,0.0498581841774545,0.0413048582245542,0.042378424280051
0.0599478694642388,0.0498581841774545,0.0413048582245542,0.042378424280051
0.0599478694642388,0.0498581841774545,0.0413048582245542,0.042378424280051
0.0599478694642388,0.0498581841774545,0.0413048582245542,0.042378424280051
0.0599478694642388,0.0498581841774545,0.0413048582245542,0.042378424280051
0.0599478694642388,0.0498581841774545,0.0413048582245542,0.042378424280051
0.0599478694642388,0.0498581841774545,0.0413048582245542,0.042378424280051
0.0599478694642388,0.0498581841774545,0.0413048582245542,0.042378424280051
0.0599478694642388,0.0498581841774545,0.0413048582245542,0.042378424280051
0.0599478694642388,0.0498581841774545,0.0413048582245542,0.042378424280051
0.0599478694642388,0.0516288466550951,0.0413048582245542,0.042378424280051
0.0599478694642388,0.0529851007740563,0.0413048582245542,0.042378424280051
0.0599478694642388,0.0529851007740563,0.0413048582245542,0.0441929552611031
0.0599478694642388,0.0529851007740563,0.0413048582245542,0.0441929552611031
0.0599478694642388,0.0529851007740563,0.0413048582245542,0.0441929552611031
0.0599478694642388,0.0529851007740563,0.0413048582245542,0.0441929552611031
0.0599478694642388,0.0529851007740563,0.0413048582245542,0.0441929552611031
0.0599478694642388,0.0529851007740563,0.0413048582245542,0.0441929552611031
0.0599478694642388,0.0529851007740563,0.0413048582245542,0.0441929552611031
0.0599478694642388,0.0529851007740563,0.0400016372645139,0.0465392507809911
0.0599478694642388,0.0529851007740563,0.0400016372645139,0.0448749705282349
0.0599478694642388,0.0529851007740563,0.0400016372645139,0.0448749705282349
0.0599478694642388,0.0529851007740563,0.0400016372645139,0.0448749705282349
0.0599478694642388,0.0529851007740563,0.0400016372645139,0.0448749705282349
0.0599478694642388,0.0529851007740563,0.0400016372645139,0.0448749705282349
0.0599478694642388,0.0514485470635732,0.0400016372645139,0.0448749705282349
0.0599478694642388,0.0514485470635732,0.0400016372645139,0.0448749705282349
0.0599478694642388,0.0514485470635732,0.0400016372645139,0.0448749705282349
0.0599478694642388,0.0514485470635732,0.0400016372645139,0.0448749705282349
0.0599478694642388,0.0514485470635732,0.0400016372645139,0.0448749705282349
0.0599478694642388,0.0514485470635732,0.0400016372645139,0.0448749705282349
0.0599478694642388,0.0514485470635732,0.0400016372645139,0.0448749705282349
0.0599478694642388,0.0514485470635732,0.0400016372645139,0.0448749705282349
0.0599478694642388,0.0514485470635732,0.0400016372645139,0.0448749705282349
0.0599478694642388,0.0514485470635732,0.0400016372645139,0.0448749705282349
0.0599478694642388,0.0514485470635732,0.0400016372645139,0.0448749705282349
0.0599478694642388,0.0514485470635732,0.0400016372645139,0.0448749705282349
0.0599478694642388,0.0514485470635732,0.0400016372645139,0.0481060681225212
0.0599478694642388,0.0514485470635732,0.0400016372645139,0.0481060681225212
0.0599478694642388,0.0514485470635732,0.0400016372645139,0.0481060681225212
0.0599478694642388,0.0514485470635732,0.0400016372645139,0.0481060681225212
0.0599478694642388,0.0514485470635732,0.0400016372645139,0.0481060681225212
0.0599478694642388,0.0514485470635732,0.0400016372645139,0.0481060681225212
0.0599478694642388,0.0514485470635732,0.0400016372645139,0.0481060681225212
0.0584446965380046,0.0514485470635732,0.0438031637910463,0.0481060681225212
0.0584446965380046,0.0514485470635732,0.0438031637910463,0.0481060681225212
0.0584446965380046,0.0514485470635732,0.0438031637910463,0.0481060681225212
0.0584446965380046,0.0498644624818929,0.0438031637910463,0.0481060681225212
0.0584446965380046,0.0498644624818929,0.0438031637910463,0.0481060681225212
0.0584446965380046,0.0498644624818929,0.0438031637910463,0.0481060681225212
0.0584446965380046,0.0498644624818929,0.0438031637910463,0.0481060681225212
0.0584446965380046,0.0498644624818929,0.0438031637910463,0.0481060681225212
0.0584446965380046,0.0498644624818929,0.0438031637910463,0.0481060681225212
0.0584446965380046,0.0498644624818929,0.0438031637910463,0.0481060681225212
0.0584446965380046,0.0498644624818929,0.0438031637910463,0.0481060681225212
0.0565552350589821,0.0498644624818929,0.0438031637910463,0.0481060681225212
0.0565552350589821,0.0498644624818929,0.0438031637910463,0.0481060681225212
0.0565552350589821,0.0498644624818929,0.0438031637910463,0.0481060681225212
0.0565552350589821,0.0498644624818929,0.0438031637910463,0.0481060681225212
0.0565552350589821,0.0498644624818929,0.0438031637910463,0.0481060681225212
0.0565552350589821,0.0498644624818929,0.0438031637910463,0.0481060681225212
0.0565552350589821,0.0498644624818929,0.0438031637910463,0.0481060681225212
0.0565552350589821,0.0498644624818929,0.0438031637910463,0.0481060681225212
0.0565552350589821,0.0498644624818929,0.0438031637910463,0.0481060681225212
0.0565552350589821,0.0498644624818929,0.0438031637910463,0.0481060681225212
0.0565552350589821,0.0498644624818929,0.0438031637910463,0.0481060681225212
0.0565552350589821,0.0498644624818929,0.0438031637910463,0.0481060681225212
0.0565552350589821,0.0498644624818929,0.0438031637910463,0.0481060681225212
0.0565552350589821,0.0498644624818929,0.0438031637910463,0.0481060681225212
0.0565552350589821,0.0498644624818929,0.0438031637910463,0.0481060681225212
0.0562101366036476,0.0498644624818929,0.0438031637910463,0.0481060681225212
0.0562101366036476,0.0498644624818929,0.0438031637910463,0.0481060681225212
0.0562101366036476,0.0498644624818929,0.0438031637910463,0.0481060681225212
0.0562101366036476,0.0498644624818929,0.0438031637910463,0.0481060681225212
0.0562101366036476,0.0483476008907116,0.0438031637910463,0.0481060681225212
0.0562101366036476,0.050799440895875,0.0438031637910463,0.0481060681225212
0.0562101366036476,0.050799440895875,0.0438031637910463,0.0481060681225212
0.0562101366036476,0.050799440895875,0.0438031637910463,0.053965504872907
0.0562101366036476,0.050799440895875,0.0438031637910463,0.046755010533705
0.0562101366036476,0.050799440895875,0.0438031637910463,0.046755010533705
0.0562101366036476,0.050799440895875,0.0438031637910463,0.046755010533705
0.0562101366036476,0.050799440895875,0.0438031637910463,0.046755010533705
0.0562101366036476,0.050799440895875,0.0438031637910463,0.046755010533705
0.0562101366036476,0.050799440895875,0.0438031637910463,0.046755010533705
0.0562101366036476,0.050799440895875,0.0438031637910463,0.046755010533705
0.0562101366036476,0.050799440895875,0.0438031637910463,0.046755010533705
0.0562101366036476,0.050799440895875,0.0438031637910463,0.046755010533705
0.0548031882150267,0.050799440895875,0.0438031637910463,0.046755010533705
0.0548031882150267,0.050799440895875,0.0438031637910463,0.046755010533705
0.0548031882150267,0.050799440895875,0.0438031637910463,0.046755010533705
0.0548031882150267,0.050799440895875,0.0438031637910463,0.046755010533705
0.0548031882150267,0.050799440895875,0.0438031637910463,0.046755010533705
0.0524172917487295,0.0596987846891724,0.0438031637910463,0.046755010533705
0.0524172917487295,0.0596987846891724,0.0438031637910463,0.046755010533705
0.0524172917487295,0.0596987846891724,0.0438031637910463,0.046755010533705
0.0524172917487295,0.0596987846891724,0.0438031637910463,0.046755010533705
0.0524172917487295,0.0596987846891724,0.0438031637910463,0.046755010533705
0.0524172917487295,0.0596987846891724,0.0438031637910463,0.046755010533705
0.0524172917487295,0.0596987846891724,0.0438031637910463,0.046755010533705
0.0524172917487295,0.0596987846891724,0.0438031637910463,0.046755010533705
0.0524172917487295,0.0596987846891724,0.0438031637910463,0.046755010533705
0.0524172917487295,0.0596987846891724,0.0438031637910463,0.0449501623190517
0.0524172917487295,0.0596987846891724,0.0438031637910463,0.0449501623190517
0.0524172917487295,0.0596987846891724,0.0438031637910463,0.0449501623190517
0.0524172917487295,0.0596987846891724,0.0438031637910463,0.0449501623190517
0.0524172917487295,0.0596987846891724,0.0438031637910463,0.0449501623190517
0.0524172917487295,0.0596987846891724,0.0438031637910463,0.0449501623190517
0.0524172917487295,0.0596987846891724,0.0438031637910463,0.0449501623190517
0.0524172917487295,0.0531655373003578,0.0438031637910463,0.0449501623190517
0.0524172917487295,0.0531655373003578,0.0438031637910463,0.0449501623190517
0.0524172917487295,0.0531655373003578,0.0438031637910463,0.0449501623190517
0.0524172917487295,0.0531655373003578,0.0438031637910463,0.0449501623190517
0.0524172917487295,0.0531655373003578,0.0438031637910463,0.0449501623190517
0.0524172917487295,0.0531655373003578,0.0438031637910463,0.0449501623190517
0.0524172917487295,0.0531655373003578,0.0438031637910463,0.0449501623190517
0.0524172917487295,0.0531655373003578,0.0438031637910463,0.0449501623190517
0.0524172917487295,0.0531655373003578,0.0438031637910463,0.0449501623190517
0.0524172917487295,0.0531655373003578,0.0438031637910463,0.0449501623190517
0.0524172917487295,0.0531655373003578,0.0438031637910463,0.0449501623190517
0.0524172917487295,0.0520818337490024,0.0438031637910463,0.0449501623190517
0.0524172917487295,0.0520818337490024,0.0438031637910463,0.0449501623190517
0.0524172917487295,0.0520818337490024,0.0438031637910463,0.0449501623190517
0.0524172917487295,0.0520818337490024,0.0438031637910463,0.0449501623190517
0.0524172917487295,0.0520818337490024,0.0438031637910463,0.0449501623190517
0.0524172917487295,0.0520818337490024,0.0438031637910463,0.0449501623190517
0.0524172917487295,0.0520818337490024,0.0438031637910463,0.0449501623190517
0.0524172917487295,0.0520818337490024,0.0438031637910463,0.0449501623190517
0.0528863006856297,0.0520818337490024,0.0438031637910463,0.0449501623190517
0.0533412713948389,0.0520818337490024,0.0438031637910463,0.0449501623190517
0.0533412713948389,0.0520818337490024,0.0438031637910463,0.0449501623190517
0.0533412713948389,0.0520818337490024,0.0438031637910463,0.0449501623190517
0.0533412713948389,0.0520818337490024,0.0438031637910463,0.0449501623190517
0.0533412713948389,0.0520818337490024,0.0438031637910463,0.0449953227153632
0.0533412713948389,0.0520818337490024,0.0438031637910463,0.0449953227153632
0.0533412713948389,0.0520818337490024,0.0438031637910463,0.0449953227153632
0.0533412713948389,0.0520818337490024,0.0438031637910463,0.0449953227153632
0.0533412713948389,0.0520818337490024,0.0438031637910463,0.0449953227153632
0.0533412713948389,0.0520818337490024,0.0438031637910463,0.0449953227153632
0.0533412713948389,0.0520818337490024,0.0438031637910463,0.0449953227153632
0.0533412713948389,0.0520818337490024,0.0438031637910463,0.0449953227153632
0.0533412713948389,0.0520818337490024,0.0438031637910463,0.0449953227153632
0.0533412713948389,0.0520818337490024,0.0438031637910463,0.0449953227153632
0.0533412713948389,0.0479761461766315,0.0438031637910463,0.0449953227153632
0.0533412713948389,0.0479761461766315,0.0438031637910463,0.0449953227153632
0.0533412713948389,0.0479761461766315,0.0438031637910463,0.0449953227153632
0.0533412713948389,0.0479761461766315,0.0438031637910463,0.0449953227153632
0.0533412713948389,0.0479761461766315,0.0438031637910463,0.0449953227153632
0.0533412713948389,0.0479761461766315,0.0438031637910463,0.0468498351251773
0.0533412713948389,0.0479761461766315,0.0438031637910463,0.0468498351251773
0.0533412713948389,0.0479761461766315,0.0438031637910463,0.0468498351251773
0.0533412713948389,0.0479761461766315,0.0438031637910463,0.0468498351251773
0.0533412713948389,0.0479761461766315,0.0438031637910463,0.0468498351251773
0.0533412713948389,0.0479761461766315,0.0438031637910463,0.0468498351251773
0.0533412713948389,0.0479761461766315,0.0438031637910463,0.0468498351251773
0.0533412713948389,0.0446474853218194,0.0438031637910463,0.0468498351251773
0.0533412713948389,0.0538419891533622,0.0438031637910463,0.0468498351251773
0.0533412713948389,0.0538419891533622,0.0438031637910463,0.0468498351251773
0.0533412713948389,0.0538419891533622,0.0438031637910463,0.0468498351251773
0.0533412713948389,0.0538419891533622,0.0438031637910463,0.0468498351251773
0.0533412713948389,0.0538419891533622,0.0438031637910463,0.0468498351251773
0.0533412713948389,0.0538419891533622,0.0438031637910463,0.0468498351251773
0.0533412713948389,0.0538419891533622,0.0438031637910463,0.0468498351251773
0.0533412713948389,0.0538419891533622,0.0438031637910463,0.0468498351251773
0.0533412713948389,0.0538419891533622,0.0437736337662674,0.0468498351251773
0.0533412713948389,0.0538419891533622,0.0437736337662674,0.0468498351251773
0.0533412713948389,0.0538419891533622,0.0437736337662674,0.0468498351251773
0.0533412713948389,0.0538419891533622,0.0437736337662674,0.0468498351251773
0.0533412713948389,0.0538419891533622,0.0437736337662674,0.0468498351251773
0.0533412713948389,0.0538419891533622,0.0437736337662674,0.0468498351251773
0.0533412713948389,0.0538419891533622,0.0437736337662674,0.0468498351251773
0.0533412713948389,0.0538419891533622,0.0437736337662674,0.0468498351251773
0.0526818780598434,0.0538419891533622,0.0437736337662674,0.0468498351251773
0.0526818780598434,0.0538419891533622,0.0437736337662674,0.0468498351251773
0.0526818780598434,0.0538419891533622,0.0437736337662674,0.0468498351251773
0.0526818780598434,0.0538419891533622,0.0437736337662674,0.0468498351251773
0.0526818780598434,0.0538419891533622,0.0437736337662674,0.0468498351251773
0.0526818780598434,0.0538419891533622,0.0437736337662674,0.0468498351251773
0.0526818780598434,0.0538419891533622,0.0437736337662674,0.0468498351251773
0.0526818780598434,0.0538419891533622,0.0437736337662674,0.0468498351251773
0.0526818780598434,0.0538419891533622,0.0437736337662674,0.0468498351251773
0.0526818780598434,0.0538419891533622,0.0437736337662674,0.0468498351251773
0.0526818780598434,0.0538419891533622,0.0437736337662674,0.0468498351251773
0.0526818780598434,0.0538419891533622,0.0437736337662674,0.0468498351251773
0.0526818780598434,0.0538419891533622,0.0437736337662674,0.0468498351251773
0.0526818780598434,0.0538419891533622,0.0437736337662674,0.0468498351251773
0.0526818780598434,0.0538419891533622,0.0437736337662674,0.0468498351251773
0.0526818780598434,0.0538419891533622,0.0437736337662674,0.0468498351251773
0.0526818780598434,0.0538419891533622,0.0378124457534841,0.0468498351251773
0.0526818780598434,0.0538419891533622,0.0378124457534841,0.0468498351251773
0.0526818780598434,0.0538419891533622,0.0378124457534841,0.0468498351251773
0.0526818780598434,0.0538419891533622,0.0378124457534841,0.0468498351251773
0.0526818780598434,0.0538419891533622,0.0378124457534841,0.0468498351251773
0.0526818780598434,0.0538419891533622,0.0378124457534841,0.0468498351251773
0.0526818780598434,0.0538419891533622,0.0378124457534841,0.0468498351251773
0.0526818780598434,0.0538419891533622,0.0378124457534841,0.0468498351251773
0.0526818780598434,0.0538419891533622,0.0378124457534841,0.0468498351251773
0.0526818780598434,0.0538419891533622,0.0378124457534841,0.0468498351251773
0.0526818780598434,0.0538419891533622,0.0378124457534841,0.0468498351251773
0.0526818780598434,0.0538419891533622,0.0378124457534841,0.0468498351251773
0.0526818780598434,0.0538419891533622,0.0378124457534841,0.0468498351251773
0.0524874831470129,0.0538419891533622,0.0378124457534841,0.0468498351251773
0.0524874831470129,0.0538419891533622,0.0378124457534841,0.0468498351251773
0.0524874831470129,0.0538419891533622,0.0378124457534841,0.0468498351251773
0.0524874831470129,0.0538419891533622,0.0378124457534841,0.0468498351251773
0.0524874831470129,0.0538419891533622,0.0378124457534841,0.0468498351251773
0.0524874831470129,0.0538419891533622,0.0378124457534841,0.0468498351251773
0.0524874831470129,0.0538419891533622,0.0378124457534841,0.0468498351251773
0.0524874831470129,0.0538419891533622,0.0378124457534841,0.0468498351251773
0.0524874831470129,0.0538419891533622,0.0349210429587094,0.0468498351251773
0.0524874831470129,0.0538419891533622,0.0349210429587094,0.0468498351251773
0.0524874831470129,0.0538419891533622,0.0349210429587094,0.0468498351251773
0.0524874831470129,0.0538419891533622,0.0349210429587094,0.0422334641658004
0.0524874831470129,0.0538419891533622,0.0349210429587094,0.0422334641658004
0.0524874831470129,0.0538419891533622,0.0349210429587094,0.0422334641658004
0.0524874831470129,0.0538419891533622,0.0349210429587094,0.0422334641658004
0.0524874831470129,0.0538419891533622,0.0349210429587094,0.0422334641658004
0.0524874831470129,0.0538419891533622,0.0349210429587094,0.0422334641658004
0.0524874831470129,0.0538419891533622,0.0349210429587094,0.0422334641658004
0.0524874831470129,0.0538419891533622,0.0349210429587094,0.0422334641658004
0.0524874831470129,0.0538419891533622,0.0349210429587094,0.0422334641658004
0.0524874831470129,0.0538419891533622,0.0349210429587094,0.0422334641658004
0.0524874831470129,0.0538419891533622,0.0349210429587094,0.0422334641658004
0.0524874831470129,0.0538419891533622,0.0349210429587094,0.0422334641658004
0.0524874831470129,0.0538419891533622,0.0349210429587094,0.0422334641658004
0.0524874831470129,0.0538419891533622,0.0349210429587094,0.0422334641658004
0.0524874831470129,0.0538419891533622,0.0335646656787975,0.0422334641658004
0.0524874831470129,0.0538419891533622,0.0335646656787975,0.0422334641658004
0.0524874831470129,0.0538419891533622,0.0335646656787975,0.0422334641658004
0.0524874831470129,0.0571051668756046,0.0335646656787975,0.0422334641658004
0.0524874831470129,0.0571051668756046,0.0335646656787975,0.0422334641658004
0.0524874831470129,0.0571051668756046,0.0335646656787975,0.0422334641658004
0.0524874831470129,0.0571051668756046,0.0335646656787975,0.0422334641658004
0.0524874831470129,0.0571051668756046,0.0335646656787975,0.0422334641658004
0.0518775044139868,0.0571051668756046,0.0335646656787975,0.0422334641658004
0.0518775044139868,0.0571051668756046,0.0335646656787975,0.0437357260316298
0.0518775044139868,0.0571051668756046,0.0335646656787975,0.0437357260316298
0.0518775044139868,0.0571051668756046,0.0335646656787975,0.0437357260316298
0.0518775044139868,0.0571051668756046,0.0335646656787975,0.0437357260316298
0.0518775044139868,0.0571051668756046,0.0335646656787975,0.0437357260316298
0.0518775044139868,0.0571051668756046,0.0335646656787975,0.0437357260316298
0.0518775044139868,0.0571051668756046,0.0335646656787975,0.0437357260316298
0.0518775044139868,0.0571051668756046,0.0335646656787975,0.0437357260316298
0.0518775044139868,0.0571051668756046,0.0335646656787975,0.0437357260316298
0.0518775044139868,0.0571051668756046,0.0335646656787975,0.0437357260316298
0.0518775044139868,0.0571051668756046,0.0335646656787975,0.0437357260316298
0.0518775044139868,0.0571051668756046,0.0335646656787975,0.0437357260316298
0.0518775044139868,0.0571051668756046,0.0335646656787975,0.0437357260316298
0.0518775044139868,0.0514223604013144,0.0335646656787975,0.0437357260316298
0.0518775044139868,0.0514223604013144,0.0335646656787975,0.0437357260316298
0.0518775044139868,0.0514223604013144,0.0335646656787975,0.0437357260316298
0.0518775044139868,0.0514223604013144,0.0335646656787975,0.0437357260316298
0.0518775044139868,0.0514223604013144,0.0335646656787975,0.0437357260316298
0.0518775044139868,0.0514223604013144,0.0335646656787975,0.0437357260316298
0.0518775044139868,0.0514223604013144,0.0335646656787975,0.0437357260316298
0.0518775044139868,0.0514223604013144,0.0335646656787975,0.0437357260316298
0.0518775044139868,0.0514223604013144,0.0335646656787975,0.0437357260316298
0.0518775044139868,0.0514223604013144,0.0335646656787975,0.0437357260316298
0.0518775044139868,0.0514223604013144,0.0335646656787975,0.0437357260316298
0.0518775044139868,0.0514223604013144,0.0335646656787975,0.0437357260316298
0.0518775044139868,0.0514223604013144,0.0335646656787975,0.0437357260316298
0.0518775044139868,0.0514223604013144,0.0335646656787975,0.0437357260316298
0.0518775044139868,0.0514223604013144,0.0335646656787975,0.0437357260316298
0.0518775044139868,0.0514223604013144,0.0335646656787975,0.0437357260316298
0.0518775044139868,0.0514223604013144,0.0335646656787975,0.0437357260316298
0.0518775044139868,0.0514223604013144,0.0335646656787975,0.0437357260316298
0.0520834723441851,0.0514223604013144,0.0335646656787975,0.0437357260316298
0.0520834723441851,0.0514223604013144,0.0335646656787975,0.0437357260316298
0.0520834723441851,0.0514223604013144,0.0320261325286926,0.0437357260316298
0.0520834723441851,0.0514223604013144,0.0320261325286926,0.0437357260316298
0.0520834723441851,0.0514223604013144,0.0320261325286926,0.0437357260316298
0.0520834723441851,0.0514223604013144,0.0320261325286926,0.0437357260316298
0.0520834723441851,0.0514223604013144,0.0320261325286926,0.0437357260316298
0.0520834723441851,0.0514223604013144,0.0320261325286926,0.0437357260316298
0.0520834723441851,0.0514223604013144,0.0320261325286926,0.0437357260316298
0.0520834723441851,0.0514223604013144,0.0320261325286926,0.0437357260316298
0.0520834723441851,0.0514223604013144,0.0320261325286926,0.0437357260316298
0.0520834723441851,0.0514223604013144,0.0320261325286926,0.0437357260316298
0.0520460441273268,0.0514223604013144,0.0320261325286926,0.0437357260316298
0.0520460441273268,0.0514223604013144,0.0320261325286926,0.0437357260316298
0.0520460441273268,0.0514223604013144,0.0320261325286926,0.0437357260316298
0.0520460441273268,0.0514223604013144,0.0320261325286926,0.0437357260316298
0.0520460441273268,0.0514223604013144,0.0320261325286926,0.0437357260316298
0.0520460441273268,0.0514223604013144,0.0320261325286926,0.0437357260316298
0.0520460441273268,0.0514223604013144,0.0320261325286926,0.0437357260316298
0.0520460441273268,0.0514223604013144,0.0320261325286926,0.0437357260316298
0.0520460441273268,0.0514223604013144,0.0320261325286926,0.0437357260316298
0.0502154425624343,0.0514223604013144,0.0320261325286926,0.0437357260316298
0.0502154425624343,0.0514223604013144,0.0320261325286926,0.0437357260316298
0.0502154425624343,0.0514223604013144,0.0320261325286926,0.0437357260316298
0.0502154425624343,0.0514223604013144,0.0320261325286926,0.0437357260316298
0.0502154425624343,0.0514223604013144,0.0320261325286926,0.0437357260316298
0.0502154425624343,0.0514223604013144,0.0320261325286926,0.0437357260316298
0.0502154425624343,0.0526355651449644,0.0320261325286926,0.0400320137786506
0.0502154425624343,0.0526355651449644,0.0320261325286926,0.0400320137786506
0.0502154425624343,0.0526355651449644,0.0320261325286926,0.0404115526438404
0.0502154425624343,0.0526355651449644,0.0354815812296651,0.0404115526438404
0.0502154425624343,0.0526355651449644,0.0354815812296651,0.0404115526438404
0.0502154425624343,0.0526355651449644,0.0354815812296651,0.0404115526438404
0.0547176329995724,0.0526355651449644,0.0354815812296651,0.0404115526438404
0.0547176329995724,0.0526355651449644,0.0354815812296651,0.0404115526438404
0.0547176329995724,0.0526355651449644,0.0354815812296651,0.0404115526438404
0.0483921895531824,0.0526355651449644,0.0354815812296651,0.0404115526438404
0.0483921895531824,0.0526355651449644,0.0354815812296651,0.0404115526438404
0.0483921895531824,0.0526355651449644,0.0354815812296651,0.0404115526438404
0.0483921895531824,0.0526355651449644,0.0354815812296651,0.0404115526438404
0.0483921895531824,0.0526355651449644,0.0354815812296651,0.0404115526438404
0.0483921895531824,0.0526355651449644,0.0354815812296651,0.0404115526438404
0.0483921895531824,0.0526355651449644,0.0354815812296651,0.0404115526438404
0.0483921895531824,0.0526355651449644,0.0354815812296651,0.0404115526438404
0.0483921895531824,0.0526355651449644,0.0354815812296651,0.0404115526438404
0.0483921895531824,0.0526355651449644,0.0354815812296651,0.0404115526438404
0.0483921895531824,0.0526355651449644,0.0354815812296651,0.0404115526438404
0.0483921895531824,0.0526355651449644,0.0354815812296651,0.0404115526438404
0.0483921895531824,0.0526355651449644,0.0354815812296651,0.0404115526438404
0.0483921895531824,0.0526355651449644,0.0354815812296651,0.0404115526438404
0.0497250545869106,0.0526355651449644,0.0354815812296651,0.0435357016939624
0.0497250545869106,0.0526355651449644,0.0354815812296651,0.0435357016939624
0.0497250545869106,0.0526355651449644,0.0354815812296651,0.0435357016939624
0.0497250545869106,0.0526355651449644,0.0354815812296651,0.0435357016939624
0.0497250545869106,0.0526355651449644,0.0354815812296651,0.0435357016939624
0.0497250545869106,0.0526355651449644,0.0354815812296651,0.0435357016939624
0.0497250545869106,0.0526355651449644,0.0354815812296651,0.0435357016939624
0.0497250545869106,0.056826028802439,0.0354815812296651,0.0435357016939624
0.0497250545869106,0.056826028802439,0.0354815812296651,0.0435357016939624
0.0497250545869106,0.056826028802439,0.0354815812296651,0.0435357016939624
0.0497250545869106,0.056826028802439,0.0354815812296651,0.0435357016939624
0.0497250545869106,0.056826028802439,0.0354815812296651,0.0435357016939624
0.0497250545869106,0.056826028802439,0.0354815812296651,0.0435357016939624
0.0497250545869106,0.056826028802439,0.0354815812296651,0.0435357016939624
0.0497250545869106,0.056826028802439,0.0354815812296651,0.0435357016939624
0.0497250545869106,0.056826028802439,0.0354815812296651,0.0423400696913739
0.0497250545869106,0.056826028802439,0.0354815812296651,0.0423400696913739
0.0497250545869106,0.056826028802439,0.0354815812296651,0.0423400696913739
0.0497250545869106,0.056826028802439,0.0354815812296651,0.0423400696913739
0.0497250545869106,0.056826028802439,0.0354815812296651,0.0423400696913739
0.0497250545869106,0.056826028802439,0.0354815812296651,0.0423400696913739
0.0497250545869106,0.056826028802439,0.0354815812296651,0.0423400696913739
0.0497250545869106,0.056826028802439,0.0354815812296651,0.0423400696913739
0.0497250545869106,0.056826028802439,0.0354815812296651,0.0423400696913739
0.0497250545869106,0.056826028802439,0.0354815812296651,0.0423400696913739
0.0497250545869106,0.056826028802439,0.0354815812296651,0.0423400696913739
0.0497250545869106,0.056826028802439,0.0354815812296651,0.0423400696913739
0.0497250545869106,0.056826028802439,0.0354815812296651,0.0423400696913739
0.0497250545869106,0.056826028802439,0.0354815812296651,0.0423400696913739
0.0497250545869106,0.056826028802439,0.0354815812296651,0.0423400696913739
0.0497250545869106,0.056826028802439,0.0354815812296651,0.0423400696913739
0.0497250545869106,0.056826028802439,0.0354815812296651,0.0423400696913739
0.0497250545869106,0.056826028802439,0.0354815812296651,0.0423400696913739
0.0497250545869106,0.056826028802439,0.0354815812296651,0.0423400696913739
0.0497250545869106,0.056826028802439,0.0354815812296651,0.0423400696913739
0.0497250545869106,0.056826028802439,0.0373003745349112,0.0423400696913739
0.0497250545869106,0.056826028802439,0.0373003745349112,0.0423400696913739
0.0497250545869106,0.056826028802439,0.0373003745349112,0.0423400696913739
0.0497250545869106,0.0562101281896659,0.0373003745349112,0.0423400696913739
0.0497250545869106,0.0562101281896659,0.0373003745349112,0.0439452115444005
0.0497250545869106,0.0562101281896659,0.0373003745349112,0.0439452115444005
0.0497250545869106,0.0562101281896659,0.0373003745349112,0.0439452115444005
0.0497250545869106,0.0562101281896659,0.0373003745349112,0.0439452115444005
0.0497250545869106,0.0562101281896659,0.0373003745349112,0.0439452115444005
0.0497250545869106,0.0562101281896659,0.0373003745349112,0.0439452115444005
0.0497250545869106,0.0562101281896659,0.0373003745349112,0.0439452115444005
0.0497250545869106,0.0562101281896659,0.0373003745349112,0.0439452115444005
0.0497250545869106,0.0562101281896659,0.0373003745349112,0.0439452115444005
0.0497250545869106,0.0562101281896659,0.0373003745349112,0.0439452115444005
0.0497250545869106,0.0562101281896659,0.0373003745349112,0.0439452115444005
0.0497250545869106,0.0562101281896659,0.0373003745349112,0.0439452115444005
0.0497250545869106,0.0562101281896659,0.0373003745349112,0.0439452115444005
0.0497250545869106,0.0562101281896659,0.0373003745349112,0.0439452115444005
0.0497250545869106,0.0562101281896659,0.0373003745349112,0.0439452115444005
0.0497250545869106,0.0562101281896659,0.0373003745349112,0.0439452115444005
0.0497250545869106,0.0562101281896659,0.0373003745349112,0.0439452115444005
0.0497250545869106,0.0562101281896659,0.0373003745349112,0.0439452115444005
0.0497250545869106,0.0598035198755772,0.0373003745349112,0.0439452115444005
0.0497250545869106,0.0598035198755772,0.0373003745349112,0.0439452115444005
0.0497250545869106,0.0598035198755772,0.0373003745349112,0.0439452115444005
0.0497250545869106,0.0598035198755772,0.0373003745349112,0.0439452115444005
0.0497250545869106,0.0598035198755772,0.0373003745349112,0.0439452115444005
0.0497250545869106,0.0598035198755772,0.0373003745349112,0.0439452115444005
0.0497250545869106,0.0598035198755772,0.0373003745349112,0.0439452115444005
0.0497250545869106,0.0598035198755772,0.0373003745349112,0.0439452115444005
0.0497250545869106,0.0598035198755772,0.0373003745349112,0.0439452115444005
0.0497250545869106,0.0598035198755772,0.0373003745349112,0.0439452115444005
0.0497250545869106,0.0598035198755772,0.0373003745349112,0.0439452115444005
0.0497250545869106,0.0598035198755772,0.0373003745349112,0.0439452115444005
0.0497250545869106,0.0598035198755772,0.0373003745349112,0.0439452115444005
0.0497250545869106,0.0598035198755772,0.0373003745349112,0.0439452115444005
0.0497250545869106,0.0598035198755772,0.0373003745349112,0.0439452115444005
0.0497250545869106,0.0598035198755772,0.0373003745349112,0.0439452115444005
0.0497250545869106,0.0598035198755772,0.0373003745349112,0.0439452115444005
0.0497250545869106,0.0598035198755772,0.0373003745349112,0.0439452115444005
0.0497250545869106,0.0598035198755772,0.0373003745349112,0.0439452115444005
0.0497250545869106,0.0598035198755772,0.0373003745349112,0.0439452115444005
0.0506206957925148,0.0598035198755772,0.0373003745349112,0.0439452115444005
0.0506206957925148,0.0598035198755772,0.0373003745349112,0.0439452115444005
0.0506206957925148,0.0598035198755772,0.0373003745349112,0.0439452115444005
0.0506206957925148,0.0598035198755772,0.0373003745349112,0.0439452115444005
0.0506206957925148,0.0598035198755772,0.0373003745349112,0.0439452115444005
0.0506206957925148,0.0598035198755772,0.0373003745349112,0.0439452115444005
0.0506206957925148,0.0598035198755772,0.0373003745349112,0.0439452115444005
0.0506206957925148,0.0609304685767859,0.0373003745349112,0.0439452115444005
0.0506206957925148,0.0609304685767859,0.0373003745349112,0.0439452115444005
0.0506206957925148,0.0609304685767859,0.0373003745349112,0.0439452115444005
0.0506206957925148,0.0609304685767859,0.0373003745349112,0.0439452115444005
0.0506206957925148,0.0609304685767859,0.0373003745349112,0.0439452115444005
0.0506206957925148,0.0609304685767859,0.0373003745349112,0.0439452115444005
0.0506206957925148,0.0609304685767859,0.0373003745349112,0.0439452115444005
0.0506206957925148,0.0609304685767859,0.0373003745349112,0.0439452115444005
0.0506206957925148,0.0609304685767859,0.0373003745349112,0.0439452115444005
0.0506206957925148,0.0609304685767859,0.0373003745349112,0.0439452115444005
0.0506206957925148,0.0609304685767859,0.0373003745349112,0.0439452115444005
0.0506206957925148,0.0609304685767859,0.0373003745349112,0.0439452115444005
0.0506206957925148,0.0609304685767859,0.0373003745349112,0.0439452115444005
0.0506206957925148,0.0609304685767859,0.0375116442276735,0.0439452115444005
0.0506206957925148,0.0609304685767859,0.0375116442276735,0.0439452115444005
0.0506206957925148,0.0609304685767859,0.0375116442276735,0.0439452115444005
0.0506206957925148,0.0609304685767859,0.0375116442276735,0.0439452115444005
0.0506206957925148,0.0609304685767859,0.0375116442276735,0.0439452115444005
0.0506206957925148,0.0609304685767859,0.0375116442276735,0.0439452115444005
0.0506206957925148,0.0609304685767859,0.0375116442276735,0.0439452115444005
0.0506206957925148,0.0609304685767859,0.0375116442276735,0.0439452115444005
0.0506206957925148,0.0609304685767859,0.0375116442276735,0.0439452115444005
0.0506206957925148,0.0609304685767859,0.0375116442276735,0.0439452115444005
0.0506206957925148,0.0609304685767859,0.0375116442276735,0.0439452115444005
0.0506206957925148,0.0609304685767859,0.0375116442276735,0.0439452115444005
0.0506206957925148,0.0609304685767859,0.0375116442276735,0.0439452115444005
0.0506206957925148,0.0609304685767859,0.0375116442276735,0.0439452115444005
0.0506206957925148,0.0609304685767859,0.0375116442276735,0.0439452115444005
0.0506206957925148,0.0609304685767859,0.0375116442276735,0.0439452115444005
0.0506206957925148,0.0609304685767859,0.0375116442276735,0.0439452115444005
0.0506206957925148,0.0609304685767859,0.0375116442276735,0.0439452115444005
0.0506206957925148,0.0609304685767859,0.0375116442276735,0.0439452115444005
0.0506206957925148,0.0609304685767859,0.0375116442276735,0.0439452115444005
0.0506206957925148,0.0609304685767859,0.0375116442276735,0.0439452115444005
0.0506206957925148,0.0609304685767859,0.0375116442276735,0.0439452115444005
0.0506206957925148,0.0653643211568495,0.0375116442276735,0.0439452115444005
0.0506206957925148,0.0653643211568495,0.0375116442276735,0.0439452115444005
0.0506206957925148,0.0653643211568495,0.0375116442276735,0.0439452115444005
0.0506206957925148,0.0653643211568495,0.0351811579398419,0.0439452115444005
0.0506206957925148,0.0653643211568495,0.0351811579398419,0.0439452115444005
0.0506206957925148,0.0653643211568495,0.0351811579398419,0.0439452115444005
0.0506206957925148,0.0653643211568495,0.0351811579398419,0.0439452115444005
0.0506206957925148,0.0653643211568495,0.0351811579398419,0.0439452115444005
0.0506206957925148,0.0653643211568495,0.0351811579398419,0.0439452115444005
0.0506206957925148,0.0653643211568495,0.0351811579398419,0.0439452115444005
0.0506206957925148,0.0653643211568495,0.0351811579398419,0.0439452115444005
0.0506206957925148,0.0653643211568495,0.0351811579398419,0.0439452115444005
0.0506206957925148,0.065580936092833,0.0351811579398419,0.0439452115444005
0.0506206957925148,0.065580936092833,0.0351811579398419,0.0439452115444005
0.0506206957925148,0.0616402738241228,0.0351811579398419,0.043887631985423
0.0506206957925148,0.0616402738241228,0.0351811579398419,0.043887631985423
0.0506206957925148,0.0616402738241228,0.0351811579398419,0.043887631985423
0.0506206957925148,0.0616402738241228,0.0351811579398419,0.0433902488443163
0.0506206957925148,0.0616402738241228,0.0351811579398419,0.0433902488443163
0.0506206957925148,0.0616402738241228,0.0351811579398419,0.0433902488443163
0.0506206957925148,0.0616402738241228,0.0351811579398419,0.0433902488443163
0.0506206957925148,0.0616402738241228,0.0351811579398419,0.0433902488443163
0.0506206957925148,0.0616402738241228,0.0351811579398419,0.0433902488443163
0.0506206957925148,0.0616402738241228,0.0351811579398419,0.0433902488443163
0.0506206957925148,0.0616402738241228,0.0392430508037038,0.0433902488443163
0.0506206957925148,0.0616402738241228,0.0408070825715275,0.0433902488443163
0.0506206957925148,0.0616402738241228,0.0408070825715275,0.0433902488443163
0.0506206957925148,0.0616402738241228,0.0408070825715275,0.0433902488443163
0.0506206957925148,0.0616402738241228,0.0408070825715275,0.0433902488443163
0.0506206957925148,0.0616402738241228,0.0408070825715275,0.0433902488443163
0.0506206957925148,0.0616402738241228,0.0408070825715275,0.0433902488443163
0.0506206957925148,0.0616402738241228,0.0408070825715275,0.0433902488443163
0.0506206957925148,0.0616402738241228,0.0408070825715275,0.0433902488443163
0.0506206957925148,0.0616402738241228,0.0408070825715275,0.0433902488443163
0.0506206957925148,0.0616402738241228,0.0408070825715275,0.0433902488443163
0.0506206957925148,0.0616402738241228,0.0408070825715275,0.0433902488443163
0.0506206957925148,0.0616402738241228,0.0408070825715275,0.0433902488443163
0.0506206957925148,0.0616402738241228,0.0408070825715275,0.0433902488443163
0.0506206957925148,0.0616402738241228,0.0408070825715275,0.0433902488443163
0.0506206957925148,0.0616402738241228,0.0408070825715275,0.0433902488443163
0.0506206957925148,0.0616402738241228,0.0408070825715275,0.0433902488443163
0.0506206957925148,0.0616402738241228,0.0408070825715275,0.0433902488443163
0.0506206957925148,0.0616402738241228,0.0408070825715275,0.0433902488443163
0.0506206957925148,0.0616402738241228,0.0408070825715275,0.0433902488443163
0.0498513855294328,0.0616402738241228,0.0408070825715275,0.0433902488443163
0.0498513855294328,0.0616402738241228,0.0408070825715275,0.0387237381832544
0.0498513855294328,0.0616402738241228,0.0408070825715275,0.0387237381832544
0.0498513855294328,0.0616402738241228,0.0408070825715275,0.0387237381832544
0.0498513855294328,0.0616402738241228,0.0408070825715275,0.0387237381832544
0.0498513855294328,0.0616402738241228,0.0408070825715275,0.0387237381832544
0.0498513855294328,0.0616402738241228,0.0408070825715275,0.0384507210849158
0.0498513855294328,0.0616402738241228,0.0408070825715275,0.0384507210849158
0.0498513855294328,0.0616402738241228,0.0408070825715275,0.0384507210849158
0.0498513855294328,0.0616402738241228,0.0408070825715275,0.0384507210849158
0.0498513855294328,0.0616402738241228,0.0408070825715275,0.0384507210849158
0.0498513855294328,0.0616402738241228,0.0408070825715275,0.0384507210849158
0.0498513855294328,0.0616402738241228,0.0408070825715275,0.0384507210849158
0.0498513855294328,0.0616402738241228,0.0408070825715275,0.0384507210849158
0.0498513855294328,0.0616402738241228,0.0408070825715275,0.0384507210849158
0.0498513855294328,0.0616402738241228,0.0408070825715275,0.0384507210849158
0.0498513855294328,0.0616402738241228,0.0408070825715275,0.0384507210849158
0.0498513855294328,0.0616402738241228,0.0408070825715275,0.0384507210849158
0.0498513855294328,0.0616402738241228,0.0408070825715275,0.0384507210849158
0.0498513855294328,0.0616402738241228,0.0408070825715275,0.0384507210849158
0.0498513855294328,0.0616402738241228,0.0408070825715275,0.0384507210849158
0.0498513855294328,0.0616402738241228,0.0408070825715275,0.0440084858095102
0.0498513855294328,0.0616402738241228,0.0408070825715275,0.0440084858095102
0.0498513855294328,0.0616402738241228,0.0408070825715275,0.0440084858095102
0.0498513855294328,0.0616402738241228,0.0408070825715275,0.0440084858095102
0.0498513855294328,0.0616402738241228,0.0408070825715275,0.0372892688404292
0.0488396606879622,0.0616402738241228,0.0408070825715275,0.0372892688404292
0.0488396606879622,0.0616402738241228,0.0408070825715275,0.0372892688404292
0.0488396606879622,0.0616402738241228,0.0408070825715275,0.0372892688404292
0.0488396606879622,0.0616402738241228,0.0408070825715275,0.0372892688404292
0.0488396606879622,0.0616402738241228,0.0408070825715275,0.0372892688404292
0.048505296856885,0.0616402738241228,0.0408070825715275,0.0372892688404292
0.048505296856885,0.0616402738241228,0.0408070825715275,0.0372892688404292
0.048505296856885,0.0616402738241228,0.0408070825715275,0.0372892688404292
0.048505296856885,0.0616402738241228,0.0408070825715275,0.0366378214919377
0.0488097495813141,0.0616402738241228,0.0408070825715275,0.0366378214919377
0.0488097495813141,0.0616402738241228,0.0408070825715275,0.0366378214919377
0.0484487108036502,0.0577591654352301,0.0408070825715275,0.0366378214919377
0.0484487108036502,0.0577591654352301,0.0408070825715275,0.0366378214919377
0.0484487108036502,0.0577591654352301,0.0408070825715275,0.0366378214919377
0.0484487108036502,0.0577591654352301,0.0408070825715275,0.0366378214919377
0.0484487108036502,0.0577591654352301,0.0408070825715275,0.0366378214919377
0.0484487108036502,0.0577591654352301,0.0408070825715275,0.0366378214919377
0.0484487108036502,0.0577591654352301,0.0408070825715275,0.0366378214919377
0.0484487108036502,0.0577591654352301,0.0408070825715275,0.0366378214919377
0.0484487108036502,0.0577591654352301,0.0408070825715275,0.0366378214919377
0.0484487108036502,0.0577591654352301,0.0408070825715275,0.0366378214919377
0.0484487108036502,0.0577591654352301,0.0408070825715275,0.0366378214919377
0.0484487108036502,0.0577591654352301,0.0408070825715275,0.0366378214919377
0.0484487108036502,0.0577591654352301,0.0408070825715275,0.0366378214919377
0.0484487108036502,0.0577591654352301,0.0408070825715275,0.0366378214919377
0.0484487108036502,0.0577591654352301,0.0408070825715275,0.0366378214919377
0.0484487108036502,0.0577591654352301,0.0408070825715275,0.0366378214919377
0.0484487108036502,0.0577591654352301,0.0408070825715275,0.0366378214919377
0.0484487108036502,0.0577591654352301,0.0408070825715275,0.0366378214919377
0.0484487108036502,0.0577591654352301,0.0408070825715275,0.0366378214919377
0.0484487108036502,0.0577591654352301,0.0408070825715275,0.0366378214919377
0.0484487108036502,0.0577591654352301,0.0408070825715275,0.0366378214919377
0.0484487108036502,0.0577591654352301,0.0408070825715275,0.0378258131326565
0.0484487108036502,0.0577591654352301,0.0408070825715275,0.0378258131326565
0.0484487108036502,0.0577591654352301,0.0408070825715275,0.0378258131326565
0.0484487108036502,0.0577591654352301,0.0408070825715275,0.0378258131326565
0.0484487108036502,0.0577591654352301,0.0408070825715275,0.0378258131326565
0.0484487108036502,0.0577591654352301,0.0408070825715275,0.0378258131326565
0.0484487108036502,0.0577591654352301,0.0408070825715275,0.0378258131326565
0.0484487108036502,0.0577591654352301,0.0408070825715275,0.0378258131326565
0.0484487108036502,0.0577591654352301,0.0408070825715275,0.0378258131326565
0.0484487108036502,0.0577591654352301,0.0408070825715275,0.0378258131326565
0.0484487108036502,0.0577591654352301,0.0408070825715275,0.0378258131326565
0.0484487108036502,0.0577591654352301,0.0408070825715275,0.0378258131326565
0.0484487108036502,0.0577591654352301,0.0408070825715275,0.0378258131326565
0.0484487108036502,0.0592204490029241,0.0408070825715275,0.0378258131326565
0.0484487108036502,0.0592204490029241,0.0408070825715275,0.0378258131326565
0.0484487108036502,0.0592204490029241,0.0408070825715275,0.0378258131326565
0.0484487108036502,0.0592204490029241,0.0408070825715275,0.041306841015626
0.0484487108036502,0.0592204490029241,0.0408070825715275,0.041306841015626
0.0484487108036502,0.0592204490029241,0.0377864961222025,0.041306841015626
0.0484487108036502,0.0592204490029241,0.0377864961222025,0.041306841015626
0.0484487108036502,0.0622452216736054,0.0408008242217248,0.041306841015626
0.0484487108036502,0.0622452216736054,0.0408008242217248,0.041306841015626
0.0484487108036502,0.0622452216736054,0.0408008242217248,0.041306841015626
0.0484487108036502,0.0622452216736054,0.0408008242217248,0.041306841015626
0.0484487108036502,0.0622452216736054,0.0408008242217248,0.041306841015626
0.0484487108036502,0.0622452216736054,0.0408008242217248,0.041306841015626
0.0484487108036502,0.0622452216736054,0.0408008242217248,0.041306841015626
0.0484487108036502,0.0622452216736054,0.0408008242217248,0.041306841015626
0.0484487108036502,0.0622452216736054,0.0408008242217248,0.041306841015626
0.0484487108036502,0.0622452216736054,0.0408008242217248,0.041306841015626
0.0484487108036502,0.0622452216736054,0.0408008242217248,0.041306841015626
0.0484487108036502,0.0622452216736054,0.0408008242217248,0.041306841015626
0.0484487108036502,0.0622452216736054,0.0408008242217248,0.041306841015626
0.0484487108036502,0.0622452216736054,0.0408008242217248,0.041306841015626
0.0484487108036502,0.0622452216736054,0.0408008242217248,0.041306841015626
0.0484487108036502,0.0622452216736054,0.0408008242217248,0.041306841015626
0.0484487108036502,0.0622452216736054,0.0378214630609342,0.041306841015626
0.0484487108036502,0.0622452216736054,0.0378214630609342,0.041306841015626
0.0484487108036502,0.0622452216736054,0.0378214630609342,0.041306841015626
0.0484487108036502,0.0622452216736054,0.0378214630609342,0.041306841015626
0.0484487108036502,0.0622452216736054,0.0378214630609342,0.041306841015626
0.0484487108036502,0.0622452216736054,0.0378214630609342,0.041306841015626
0.0484487108036502,0.0622452216736054,0.0378214630609342,0.041306841015626
0.0484487108036502,0.058023489494784,0.0378214630609342,0.041306841015626
0.0484487108036502,0.058023489494784,0.0378214630609342,0.041306841015626
0.0484487108036502,0.058023489494784,0.0378214630609342,0.0415453126167307
0.0484487108036502,0.058023489494784,0.0378214630609342,0.0415453126167307
0.0484487108036502,0.058023489494784,0.0378214630609342,0.0415453126167307
0.0484487108036502,0.058023489494784,0.038343467942147,0.0415453126167307
0.0484487108036502,0.058023489494784,0.038343467942147,0.0415453126167307
0.0484487108036502,0.058023489494784,0.038343467942147,0.0415453126167307
0.0484487108036502,0.058023489494784,0.038343467942147,0.0415453126167307
0.0484487108036502,0.058023489494784,0.038343467942147,0.0415453126167307
0.0484487108036502,0.058023489494784,0.038343467942147,0.0415453126167307
0.0484487108036502,0.058023489494784,0.038343467942147,0.0415453126167307
0.0484487108036502,0.058023489494784,0.038343467942147,0.0415453126167307
0.0484487108036502,0.0609693290429009,0.038343467942147,0.0415453126167307
0.0484487108036502,0.0609693290429009,0.038343467942147,0.0415453126167307
0.0484487108036502,0.0609693290429009,0.038343467942147,0.0415453126167307
0.0484487108036502,0.0609693290429009,0.038343467942147,0.0415453126167307
0.0484487108036502,0.0609693290429009,0.038343467942147,0.0415453126167307
0.0484487108036502,0.0609693290429009,0.038343467942147,0.0415453126167307
0.0484487108036502,0.0609693290429009,0.038343467942147,0.0415453126167307
0.0484487108036502,0.0609693290429009,0.038343467942147,0.0415453126167307
0.0484487108036502,0.0609693290429009,0.038343467942147,0.0415453126167307
0.0484487108036502,0.0609693290429009,0.038343467942147,0.0415453126167307
0.0484487108036502,0.0609693290429009,0.038343467942147,0.0415453126167307
0.0484487108036502,0.0609693290429009,0.038343467942147,0.0415453126167307
0.0484487108036502,0.0609693290429009,0.038343467942147,0.0415453126167307
0.0484487108036502,0.0609693290429009,0.038343467942147,0.0415453126167307
0.0484487108036502,0.0609693290429009,0.038343467942147,0.0415453126167307
0.0484487108036502,0.0609693290429009,0.038343467942147,0.0415453126167307
0.0484487108036502,0.0609693290429009,0.038343467942147,0.0415453126167307
0.0484487108036502,0.0609693290429009,0.038343467942147,0.0415453126167307
0.0484487108036502,0.0609693290429009,0.038343467942147,0.0415453126167307
0.0484487108036502,0.0609693290429009,0.038343467942147,0.0415453126167307
0.0484487108036502,0.0609693290429009,0.038343467942147,0.0340428935776173
0.0484487108036502,0.0609693290429009,0.038343467942147,0.0340428935776173
0.0484487108036502,0.0609693290429009,0.038343467942147,0.0340428935776173
0.0484487108036502,0.0609693290429009,0.038343467942147,0.0340428935776173
0.0484487108036502,0.0609693290429009,0.038343467942147,0.0340428935776173
0.0484487108036502,0.0609693290429009,0.038343467942147,0.0340428935776173
0.0484487108036502,0.0609693290429009,0.038343467942147,0.0340428935776173
0.0484487108036502,0.0609693290429009,0.038343467942147,0.0340428935776173
0.0484487108036502,0.0609693290429009,0.038343467942147,0.0340428935776173
0.0484487108036502,0.0609693290429009,0.038343467942147,0.0340428935776173
0.0484487108036502,0.0609693290429009,0.038343467942147,0.0340428935776173
0.0472658452784544,0.0609693290429009,0.038343467942147,0.0340428935776173
0.0472658452784544,0.0609693290429009,0.038343467942147,0.0340428935776173
0.0472658452784544,0.0609693290429009,0.0393360317159327,0.0340428935776173
0.0472658452784544,0.0609693290429009,0.0393360317159327,0.0340428935776173
0.0472658452784544,0.0609693290429009,0.0393360317159327,0.0340428935776173
0.0472658452784544,0.0560974055809682,0.0393360317159327,0.0340428935776173
0.0472658452784544,0.0560974055809682,0.0393360317159327,0.0340428935776173
0.0472658452784544,0.0560974055809682,0.0393360317159327,0.0340428935776173
0.0472658452784544,0.0560974055809682,0.0393360317159327,0.0440075091215321
0.0472658452784544,0.0560974055809682,0.0393360317159327,0.0440075091215321
0.0472658452784544,0.0560974055809682,0.0393360317159327,0.0440075091215321
0.0472658452784544,0.0560974055809682,0.0393360317159327,0.0440075091215321
0.0472658452784544,0.0560974055809682,0.0393360317159327,0.0440075091215321
0.0472658452784544,0.0560974055809682,0.0393360317159327,0.0440075091215321
0.0472658452784544,0.0560974055809682,0.0393360317159327,0.0440075091215321
0.0472658452784544,0.0560974055809682,0.0393360317159327,0.0440075091215321
0.0472658452784544,0.0560974055809682,0.0393360317159327,0.0440075091215321
0.0472658452784544,0.0560974055809682,0.0393360317159327,0.0440075091215321
0.0472658452784544,0.0560974055809682,0.0393360317159327,0.0440075091215321
0.0472658452784544,0.0560974055809682,0.0396929940141855,0.0440075091215321
0.0472658452784544,0.0560974055809682,0.0396929940141855,0.0440075091215321
0.0472658452784544,0.0560974055809682,0.0396929940141855,0.0440075091215321
0.0472658452784544,0.0560974055809682,0.0396929940141855,0.0440075091215321
0.0472658452784544,0.0560974055809682,0.0396929940141855,0.0440075091215321
0.0472658452784544,0.0560974055809682,0.0396929940141855,0.0440075091215321
0.0472658452784544,0.0560974055809682,0.0396929940141855,0.0440075091215321
0.0472658452784544,0.0585462867388533,0.0396929940141855,0.0440075091215321
0.0472658452784544,0.0585462867388533,0.0396929940141855,0.0440075091215321
0.0472658452784544,0.0585462867388533,0.0396929940141855,0.0440075091215321
0.0472658452784544,0.0573845518291422,0.0396929940141855,0.0440075091215321
0.0472658452784544,0.0573845518291422,0.0396929940141855,0.0440075091215321
0.0472658452784544,0.0573845518291422,0.0396929940141855,0.0440075091215321
0.0472658452784544,0.0573845518291422,0.0396929940141855,0.0440075091215321
0.0472658452784544,0.0573845518291422,0.0396929940141855,0.0440075091215321
0.0472658452784544,0.0573845518291422,0.0396929940141855,0.0440075091215321
0.0472658452784544,0.0573845518291422,0.0396929940141855,0.0440075091215321
0.0472658452784544,0.0573845518291422,0.0396929940141855,0.0440075091215321
0.0472658452784544,0.0573845518291422,0.0396929940141855,0.0440075091215321
0.0472658452784544,0.0573845518291422,0.0396929940141855,0.0440075091215321
0.0472658452784544,0.0573845518291422,0.0396929940141855,0.0440075091215321
0.0472658452784544,0.0573845518291422,0.0396929940141855,0.0440075091215321
0.0472658452784544,0.0573845518291422,0.0396929940141855,0.0440075091215321
0.0472658452784544,0.0573845518291422,0.0396929940141855,0.0440075091215321
0.0472658452784544,0.0573845518291422,0.0396929940141855,0.0396022860600291
0.0465520190623549,0.0573845518291422,0.0396929940141855,0.0396022860600291
0.0465520190623549,0.0573845518291422,0.0396929940141855,0.0396022860600291
0.0465520190623549,0.0573845518291422,0.0396929940141855,0.0396022860600291
0.0465520190623549,0.0573845518291422,0.0396929940141855,0.0396022860600291
0.0465520190623549,0.0573845518291422,0.0396929940141855,0.0396022860600291
0.0465520190623549,0.0573845518291422,0.0396929940141855,0.0396022860600291
0.0465520190623549,0.0573845518291422,0.0396929940141855,0.0396022860600291
0.0465520190623549,0.0573845518291422,0.0396929940141855,0.0396022860600291
0.0465520190623549,0.0573845518291422,0.0396929940141855,0.0396022860600291
0.0465520190623549,0.0573845518291422,0.0396929940141855,0.0396022860600291
0.0465520190623549,0.0573845518291422,0.0396929940141855,0.0396022860600291
0.0465520190623549,0.0573845518291422,0.0396929940141855,0.0396022860600291
0.0465520190623549,0.0573845518291422,0.0396929940141855,0.0396022860600291
0.0465520190623549,0.0573845518291422,0.0396929940141855,0.0396022860600291
0.0465520190623549,0.0573845518291422,0.0390149295267423,0.0396022860600291
0.0465520190623549,0.0573845518291422,0.0390149295267423,0.0396022860600291
0.0465520190623549,0.0573845518291422,0.0390149295267423,0.0396022860600291
0.0465520190623549,0.0573845518291422,0.0390149295267423,0.0396022860600291
0.0465520190623549,0.0573845518291422,0.0390149295267423,0.0396022860600291
0.0465520190623549,0.0573845518291422,0.0390149295267423,0.0396022860600291
0.0465520190623549,0.0573845518291422,0.0390149295267423,0.03862952072675
0.0465520190623549,0.0573845518291422,0.0390149295267423,0.03862952072675
0.0465520190623549,0.0573845518291422,0.0390149295267423,0.03862952072675
0.0465520190623549,0.0573845518291422,0.0390149295267423,0.03862952072675
0.0465520190623549,0.0573845518291422,0.0390149295267423,0.03862952072675
0.0465520190623549,0.0573845518291422,0.0390149295267423,0.03862952072675
0.0465520190623549,0.0573845518291422,0.0390149295267423,0.03862952072675
0.0465520190623549,0.0573845518291422,0.0390149295267423,0.03862952072675
0.0465520190623549,0.0573845518291422,0.0390149295267423,0.03862952072675
0.0465520190623549,0.0573845518291422,0.0390149295267423,0.03862952072675
0.0465520190623549,0.0573845518291422,0.0390149295267423,0.03862952072675
0.0508564288419004,0.0573845518291422,0.0390149295267423,0.03862952072675
0.0508564288419004,0.0573845518291422,0.0390149295267423,0.03862952072675
0.0508564288419004,0.0573845518291422,0.0390149295267423,0.03862952072675
0.0508564288419004,0.0573845518291422,0.0390149295267423,0.03862952072675
0.0508564288419004,0.0573845518291422,0.0390149295267423,0.03862952072675
0.0508564288419004,0.0573845518291422,0.0390149295267423,0.03862952072675
0.0508564288419004,0.0573845518291422,0.0390149295267423,0.03862952072675
0.0508564288419004,0.0573845518291422,0.0390149295267423,0.03862952072675
0.0508564288419004,0.0573845518291422,0.0390149295267423,0.03862952072675
0.0508564288419004,0.0573845518291422,0.0390149295267423,0.03862952072675
0.0508564288419004,0.0573845518291422,0.0390149295267423,0.03862952072675
0.0508564288419004,0.0573845518291422,0.0390149295267423,0.03862952072675
0.0508564288419004,0.0573845518291422,0.0390149295267423,0.03862952072675
0.0508564288419004,0.0573845518291422,0.0390149295267423,0.03862952072675
0.0508564288419004,0.0573845518291422,0.0390149295267423,0.03862952072675
0.0508564288419004,0.0573845518291422,0.0390149295267423,0.03862952072675
0.0508564288419004,0.0573845518291422,0.0390149295267423,0.0380334898737857
0.0508564288419004,0.0573845518291422,0.0390149295267423,0.0380334898737857
0.0508564288419004,0.0573845518291422,0.0390149295267423,0.0380334898737857
0.0508564288419004,0.0573845518291422,0.0390149295267423,0.0380334898737857
0.0508564288419004,0.0573845518291422,0.0390149295267423,0.0380334898737857
0.0508564288419004,0.0573845518291422,0.0390149295267423,0.0380334898737857
0.0508564288419004,0.0573845518291422,0.0390149295267423,0.0380334898737857
0.0508564288419004,0.0573845518291422,0.0390149295267423,0.0380334898737857
0.0508564288419004,0.0573845518291422,0.0390149295267423,0.0380334898737857
0.0508564288419004,0.0573845518291422,0.0390149295267423,0.0380334898737857
0.0508564288419004,0.0573845518291422,0.0390149295267423,0.0380334898737857
0.0508564288419004,0.0561811199717602,0.0390149295267423,0.0380334898737857
0.0508564288419004,0.0561811199717602,0.0390149295267423,0.0380334898737857
0.0508564288419004,0.0561811199717602,0.0390149295267423,0.0380334898737857
0.0444001327150705,0.0561811199717602,0.0390149295267423,0.0380334898737857
0.0444001327150705,0.0561811199717602,0.0390149295267423,0.0380334898737857
0.0444001327150705,0.0561811199717602,0.0390149295267423,0.0380334898737857
0.0444001327150705,0.0561811199717602,0.0390149295267423,0.0380334898737857
0.0444001327150705,0.0561811199717602,0.0390149295267423,0.0380334898737857
0.0444001327150705,0.0561811199717602,0.0388183245862807,0.0380334898737857
0.0444001327150705,0.0561811199717602,0.0388183245862807,0.0380334898737857
0.0444001327150705,0.0561811199717602,0.0388183245862807,0.0380334898737857
0.0444001327150705,0.0561811199717602,0.0388183245862807,0.0380334898737857
0.0444001327150705,0.0561811199717602,0.0388183245862807,0.0380334898737857
0.0444001327150705,0.0561811199717602,0.0388183245862807,0.0380334898737857
0.0444001327150705,0.0561811199717602,0.0388183245862807,0.0380334898737857
0.0444001327150705,0.0561811199717602,0.0388183245862807,0.0380334898737857
0.0444001327150705,0.0561811199717602,0.0388183245862807,0.0380334898737857
0.0444001327150705,0.0561811199717602,0.0388183245862807,0.0380334898737857
0.0444001327150705,0.0561811199717602,0.0388183245862807,0.0380334898737857
0.0444001327150705,0.0561811199717602,0.0388183245862807,0.0380334898737857
0.0444001327150705,0.0561811199717602,0.0388183245862807,0.0380334898737857
0.0444001327150705,0.0561811199717602,0.0388183245862807,0.0380334898737857
0.0444001327150705,0.0561811199717602,0.0388183245862807,0.0380334898737857
0.0411355933584536,0.0561811199717602,0.0388183245862807,0.0380334898737857
0.0411355933584536,0.0561811199717602,0.0388183245862807,0.0380334898737857
0.0411355933584536,0.0561811199717602,0.0388183245862807,0.0380334898737857
0.0411355933584536,0.0561811199717602,0.0388183245862807,0.0380334898737857
0.0411355933584536,0.0561811199717602,0.0388183245862807,0.0380334898737857
0.0411355933584536,0.0561811199717602,0.0388183245862807,0.0380334898737857
0.0411355933584536,0.0561811199717602,0.0388183245862807,0.0380334898737857
0.0411355933584536,0.0561811199717602,0.0388183245862807,0.0380334898737857
0.0411355933584536,0.0561811199717602,0.0388183245862807,0.0380334898737857
0.0411355933584536,0.0561811199717602,0.0388183245862807,0.0380334898737857
0.0411355933584536,0.0561811199717602,0.0388183245862807,0.0380334898737857
0.0411355933584536,0.0561811199717602,0.0388183245862807,0.0380334898737857
0.0411355933584536,0.0561811199717602,0.0388183245862807,0.0380334898737857
0.0411355933584536,0.0561811199717602,0.0388183245862807,0.0380334898737857
0.0411355933584536,0.0561811199717602,0.0388183245862807,0.0380334898737857
0.0411355933584536,0.0561811199717602,0.0388183245862807,0.0380334898737857
0.0411355933584536,0.0561811199717602,0.0384945873543245,0.0380334898737857
0.0411355933584536,0.0561811199717602,0.0384945873543245,0.0380334898737857
0.0411355933584536,0.0561811199717602,0.0384945873543245,0.0396190336054335
0.0463664343252852,0.0561811199717602,0.0384945873543245,0.0396190336054335
0.0463664343252852,0.0561811199717602,0.0384945873543245,0.0396190336054335
0.0463664343252852,0.0561811199717602,0.0384945873543245,0.0413880272519809
0.0463664343252852,0.0561811199717602,0.0384945873543245,0.0413880272519809
0.0463664343252852,0.0561811199717602,0.0384945873543245,0.0413880272519809
0.0463664343252852,0.0561811199717602,0.0384945873543245,0.0413880272519809
0.0463664343252852,0.0561811199717602,0.0384945873543245,0.0413880272519809
0.0463664343252852,0.0561811199717602,0.0384945873543245,0.0413880272519809
0.0463664343252852,0.0561811199717602,0.0384945873543245,0.0413880272519809
0.0463664343252852,0.0561811199717602,0.0384945873543245,0.0413880272519809
0.0463664343252852,0.0561811199717602,0.0384945873543245,0.0376576840215578
0.0463664343252852,0.0561811199717602,0.0384945873543245,0.0376576840215578
0.0463664343252852,0.0561811199717602,0.0384945873543245,0.0376576840215578
0.0463664343252852,0.0561811199717602,0.0384945873543245,0.0384965047365301
0.0463664343252852,0.0561811199717602,0.0384945873543245,0.0384965047365301
0.0463664343252852,0.0561811199717602,0.0384945873543245,0.0384965047365301
0.0463664343252852,0.0561811199717602,0.0384945873543245,0.0384965047365301
0.0463664343252852,0.0561811199717602,0.0384945873543245,0.0384965047365301
0.0463664343252852,0.0561811199717602,0.0384945873543245,0.0384965047365301
0.0463664343252852,0.0561811199717602,0.0384945873543245,0.0384965047365301
0.0463664343252852,0.0561811199717602,0.0384945873543245,0.0384965047365301
0.0463664343252852,0.0561811199717602,0.0384945873543245,0.0384965047365301
0.0463664343252852,0.0561811199717602,0.0384945873543245,0.0384965047365301
0.0458669440692795,0.0561811199717602,0.0384945873543245,0.0384965047365301
0.0458669440692795,0.0561811199717602,0.0384945873543245,0.0384965047365301
0.0458669440692795,0.0561811199717602,0.0384945873543245,0.0384965047365301
0.0458669440692795,0.0561811199717602,0.036820807576039,0.0384965047365301
0.0458669440692795,0.0561811199717602,0.036820807576039,0.0384965047365301
0.0458669440692795,0.0561811199717602,0.036820807576039,0.0384965047365301
0.0458669440692795,0.0561811199717602,0.036820807576039,0.0384965047365301
0.0458669440692795,0.0561811199717602,0.036820807576039,0.0384965047365301
0.0458669440692795,0.0561811199717602,0.036820807576039,0.0384965047365301
0.0458669440692795,0.0561811199717602,0.036820807576039,0.0384965047365301
0.0458669440692795,0.0561811199717602,0.036820807576039,0.0384965047365301
0.0458669440692795,0.0561811199717602,0.036820807576039,0.0384965047365301
0.0458669440692795,0.0561811199717602,0.036820807576039,0.0384965047365301
0.0458669440692795,0.0561811199717602,0.036820807576039,0.0384965047365301
0.0458669440692795,0.0561811199717602,0.036820807576039,0.0384965047365301
0.0458669440692795,0.0561811199717602,0.036820807576039,0.0384965047365301
0.0458669440692795,0.0561811199717602,0.036820807576039,0.0384965047365301
0.0458669440692795,0.0561811199717602,0.036820807576039,0.0384965047365301
0.0458669440692795,0.0561811199717602,0.036820807576039,0.0384965047365301
0.0458669440692795,0.0561811199717602,0.036820807576039,0.0384965047365301
0.0458669440692795,0.0561811199717602,0.036820807576039,0.0384965047365301
0.0458669440692795,0.0561811199717602,0.036820807576039,0.0384965047365301
0.0458669440692795,0.0561811199717602,0.036820807576039,0.0384965047365301
0.0458669440692795,0.0561811199717602,0.036820807576039,0.0384965047365301
0.0458669440692795,0.0561811199717602,0.036820807576039,0.0384965047365301
0.0458669440692795,0.0561811199717602,0.036820807576039,0.0384965047365301
0.0458669440692795,0.0561811199717602,0.036820807576039,0.0384965047365301
0.0458669440692795,0.0561811199717602,0.036820807576039,0.0384965047365301
0.0458669440692795,0.0561811199717602,0.036820807576039,0.0384965047365301
0.0458669440692795,0.0561811199717602,0.036820807576039,0.0384965047365301
0.0458669440692795,0.0561811199717602,0.036820807576039,0.0384965047365301
0.0458669440692795,0.0561811199717602,0.036820807576039,0.0384965047365301
0.0458669440692795,0.0561811199717602,0.036820807576039,0.0384965047365301
0.0458669440692795,0.0561811199717602,0.036820807576039,0.0384965047365301
0.0458669440692795,0.0561811199717602,0.036820807576039,0.0384965047365301
0.0458669440692795,0.0561811199717602,0.036820807576039,0.0384965047365301
0.0458669440692795,0.0561811199717602,0.036820807576039,0.0384965047365301
0.0458669440692795,0.0561811199717602,0.036820807576039,0.0384965047365301
0.0458669440692795,0.0561811199717602,0.036820807576039,0.0384965047365301
0.0458669440692795,0.0543314181671399,0.036820807576039,0.0384965047365301
0.0458669440692795,0.0543314181671399,0.036820807576039,0.0384965047365301
0.0458669440692795,0.0543314181671399,0.036820807576039,0.0384965047365301
0.0458669440692795,0.0543314181671399,0.036820807576039,0.0384965047365301
0.0458669440692795,0.0543314181671399,0.036820807576039,0.0384965047365301
0.0458669440692795,0.0543314181671399,0.036820807576039,0.0384965047365301
0.0458669440692795,0.0543314181671399,0.036820807576039,0.0384965047365301
0.0458669440692795,0.0543314181671399,0.036820807576039,0.0384965047365301
0.0458669440692795,0.0543314181671399,0.036820807576039,0.0384965047365301
0.0458669440692795,0.0543314181671399,0.041268199311114,0.0384965047365301
0.0458669440692795,0.0543314181671399,0.041268199311114,0.0384965047365301
0.0458669440692795,0.0543314181671399,0.041268199311114,0.0384965047365301
0.0458669440692795,0.0543314181671399,0.041268199311114,0.0384965047365301
0.0458669440692795,0.0543314181671399,0.0396945832330356,0.0384965047365301
0.0458669440692795,0.0543314181671399,0.0396945832330356,0.0384965047365301
0.0458669440692795,0.0543314181671399,0.0396945832330356,0.0384965047365301
0.0458669440692795,0.0543314181671399,0.0396945832330356,0.0384965047365301
0.0458669440692795,0.0543314181671399,0.0396945832330356,0.0384965047365301
0.0458669440692795,0.0543314181671399,0.0396945832330356,0.0384965047365301
0.0458669440692795,0.0543314181671399,0.0396945832330356,0.0384965047365301
0.0458669440692795,0.0543314181671399,0.0396945832330356,0.0384965047365301
0.0458669440692795,0.0543314181671399,0.0396945832330356,0.0384965047365301
0.0458669440692795,0.0543314181671399,0.0396945832330356,0.0390351087803091
0.0458669440692795,0.0543314181671399,0.0396945832330356,0.0390351087803091
0.0458669440692795,0.0543314181671399,0.0396945832330356,0.0398683623684358
0.0458669440692795,0.0543314181671399,0.0396945832330356,0.0398683623684358
0.0458669440692795,0.0543314181671399,0.0396945832330356,0.0398683623684358
0.0458669440692795,0.0543314181671399,0.0396945832330356,0.0405149720088271
0.0458669440692795,0.0543314181671399,0.0396945832330356,0.0405149720088271
0.0458669440692795,0.0543314181671399,0.0396945832330356,0.0405149720088271
0.0458669440692795,0.0543314181671399,0.0396945832330356,0.0405149720088271
0.0458669440692795,0.0543314181671399,0.0352450748695118,0.0405149720088271
0.0458669440692795,0.0543314181671399,0.0352450748695118,0.0405149720088271
0.0458669440692795,0.0543314181671399,0.0352450748695118,0.0405149720088271
0.0458669440692795,0.0543314181671399,0.0352450748695118,0.0405149720088271
0.0458669440692795,0.0543314181671399,0.0352450748695118,0.0405149720088271
0.0458669440692795,0.0543314181671399,0.0352450748695118,0.0405149720088271
0.0458669440692795,0.0543314181671399,0.0352450748695118,0.0405149720088271
0.0458669440692795,0.0543314181671399,0.0352450748695118,0.0405149720088271
0.0458669440692795,0.0543314181671399,0.0352450748695118,0.0405149720088271
0.0458669440692795,0.0543314181671399,0.0352450748695118,0.0405149720088271
0.0458669440692795,0.0543314181671399,0.0352450748695118,0.0405149720088271
0.0458669440692795,0.0543314181671399,0.0352450748695118,0.0405149720088271
0.0458669440692795,0.0543314181671399,0.0352450748695118,0.0405149720088271
0.0458669440692795,0.0543314181671399,0.0352450748695118,0.0405149720088271
0.0458669440692795,0.0543314181671399,0.0352450748695118,0.0405149720088271
0.0458669440692795,0.0494265284900217,0.0352450748695118,0.0405149720088271
0.0458669440692795,0.0494265284900217,0.0352450748695118,0.0390988317811455
0.0458669440692795,0.0494265284900217,0.0352450748695118,0.0390988317811455
0.0458669440692795,0.0494265284900217,0.0352450748695118,0.0390988317811455
0.0458669440692795,0.0494265284900217,0.0352450748695118,0.0390988317811455
0.0458669440692795,0.0494265284900217,0.0352450748695118,0.0417349946603656
0.0458669440692795,0.0494265284900217,0.0352450748695118,0.0417349946603656
0.0458669440692795,0.0494265284900217,0.0352450748695118,0.0417349946603656
0.0458669440692795,0.0494265284900217,0.0352450748695118,0.0417349946603656
0.0458669440692795,0.0494265284900217,0.0352450748695118,0.0417349946603656
0.0458669440692795,0.0494265284900217,0.0352450748695118,0.0417349946603656
0.0458669440692795,0.0494265284900217,0.0352450748695118,0.0417349946603656
0.0458669440692795,0.0494265284900217,0.0352450748695118,0.0417349946603656
0.0458669440692795,0.0494265284900217,0.0352450748695118,0.0417349946603656
0.0458669440692795,0.0494265284900217,0.0352450748695118,0.0429036081072087
0.0458669440692795,0.0494265284900217,0.0352450748695118,0.0429036081072087
0.0458669440692795,0.0494265284900217,0.0352450748695118,0.0429036081072087
0.0458669440692795,0.0494265284900217,0.0352450748695118,0.0429036081072087
0.0458669440692795,0.049290361644035,0.0352450748695118,0.0429036081072087
0.0458669440692795,0.049290361644035,0.0352450748695118,0.0429036081072087
0.0458669440692795,0.049290361644035,0.0352450748695118,0.0429036081072087
0.0458669440692795,0.049290361644035,0.0352450748695118,0.0429036081072087
0.0458669440692795,0.049290361644035,0.0352450748695118,0.0429036081072087
0.0458669440692795,0.049290361644035,0.0352450748695118,0.0429036081072087
0.0458669440692795,0.049290361644035,0.0352450748695118,0.0429036081072087
0.0458669440692795,0.049290361644035,0.0352450748695118,0.0429036081072087
0.0464402774508186,0.049290361644035,0.0352450748695118,0.0429036081072087
0.0464402774508186,0.0502337171081616,0.0352450748695118,0.0429036081072087
0.0464402774508186,0.0502337171081616,0.0352450748695118,0.0429036081072087
0.0464402774508186,0.0502337171081616,0.0352450748695118,0.0429036081072087
0.0464402774508186,0.0502337171081616,0.0352450748695118,0.0429036081072087
0.0464402774508186,0.0502337171081616,0.0352450748695118,0.0429036081072087
0.0464402774508186,0.0502337171081616,0.0352450748695118,0.0429036081072087
0.0464402774508186,0.0502337171081616,0.0352450748695118,0.0429036081072087
0.0464402774508186,0.0502337171081616,0.0352450748695118,0.0429036081072087
0.0464402774508186,0.0502337171081616,0.0352450748695118,0.0429036081072087
0.0464402774508186,0.0502337171081616,0.0352450748695118,0.0429036081072087
0.0464402774508186,0.0502337171081616,0.0352450748695118,0.0429036081072087
0.0464402774508186,0.054314180373965,0.0352450748695118,0.0429036081072087
0.0464402774508186,0.054314180373965,0.0352450748695118,0.0429036081072087
0.0464402774508186,0.054314180373965,0.0352450748695118,0.0429036081072087
0.0464402774508186,0.054314180373965,0.0415797105304754,0.0429036081072087
0.0464402774508186,0.054314180373965,0.0415797105304754,0.0429036081072087
0.0464402774508186,0.054314180373965,0.0415797105304754,0.0429036081072087
0.0464402774508186,0.054314180373965,0.0415797105304754,0.0429036081072087
0.0464402774508186,0.054314180373965,0.0415797105304754,0.0429036081072087
0.0464402774508186,0.054314180373965,0.0415797105304754,0.0429036081072087
0.0464402774508186,0.054314180373965,0.0415797105304754,0.0429036081072087
0.0464402774508186,0.054314180373965,0.0415797105304754,0.0429036081072087
0.0464402774508186,0.054314180373965,0.0415797105304754,0.0429036081072087
0.0464402774508186,0.054314180373965,0.0415797105304754,0.0429036081072087
0.0464402774508186,0.054314180373965,0.0415797105304754,0.0429036081072087
0.0464402774508186,0.054314180373965,0.0415797105304754,0.0429036081072087
0.0464402774508186,0.054314180373965,0.0415797105304754,0.0429036081072087
0.0464402774508186,0.054314180373965,0.0415797105304754,0.0429036081072087
0.0464402774508186,0.054314180373965,0.0415797105304754,0.0429036081072087
0.0464402774508186,0.054314180373965,0.0415797105304754,0.0429036081072087
0.0464402774508186,0.054314180373965,0.0415797105304754,0.0429036081072087
0.0464402774508186,0.054314180373965,0.0415797105304754,0.0429036081072087
0.0464402774508186,0.054314180373965,0.0415797105304754,0.0429036081072087
0.0464402774508186,0.054314180373965,0.0415797105304754,0.0429036081072087
0.0464402774508186,0.054314180373965,0.0415797105304754,0.0429036081072087
0.0464402774508186,0.054314180373965,0.0415797105304754,0.0429036081072087
0.0464402774508186,0.054314180373965,0.0415797105304754,0.0429036081072087
0.0464402774508186,0.054314180373965,0.0415797105304754,0.0429036081072087
0.0464402774508186,0.054314180373965,0.0415797105304754,0.0429036081072087
0.0464402774508186,0.054314180373965,0.0415797105304754,0.0429036081072087
0.0464402774508186,0.054314180373965,0.0415797105304754,0.0429036081072087
0.0464402774508186,0.054314180373965,0.0415797105304754,0.0429036081072087
0.0464402774508186,0.054314180373965,0.0415797105304754,0.0429036081072087
0.0464402774508186,0.054314180373965,0.0415797105304754,0.0429036081072087
0.0464402774508186,0.054314180373965,0.041877386058017,0.0429036081072087
0.0464402774508186,0.054314180373965,0.041877386058017,0.0429036081072087
0.0464402774508186,0.054314180373965,0.041877386058017,0.0429036081072087
0.0464402774508186,0.054314180373965,0.041877386058017,0.0429036081072087
0.0464402774508186,0.054314180373965,0.041877386058017,0.0429036081072087
0.0464402774508186,0.054314180373965,0.041877386058017,0.0429036081072087
0.0464402774508186,0.054314180373965,0.041877386058017,0.0429036081072087
0.0464402774508186,0.054314180373965,0.041877386058017,0.0429036081072087
0.0464402774508186,0.054314180373965,0.041877386058017,0.0429036081072087
0.0464402774508186,0.054314180373965,0.041877386058017,0.0429036081072087
0.0464402774508186,0.054314180373965,0.041877386058017,0.0429036081072087
0.0464402774508186,0.054314180373965,0.041877386058017,0.0429036081072087
0.0464402774508186,0.054314180373965,0.0360638187646649,0.0429036081072087
0.0464402774508186,0.054314180373965,0.0360638187646649,0.0429036081072087
0.0464402774508186,0.054314180373965,0.0360638187646649,0.0429036081072087
0.0464402774508186,0.054314180373965,0.0360638187646649,0.0429036081072087
0.0464402774508186,0.0559760667871789,0.0360638187646649,0.0429036081072087
0.0464402774508186,0.0559760667871789,0.0360638187646649,0.0429036081072087
0.0464402774508186,0.0559760667871789,0.0360638187646649,0.0429036081072087
0.0464402774508186,0.0559760667871789,0.0360638187646649,0.0429036081072087
0.0464402774508186,0.0542608901103016,0.0360638187646649,0.0429036081072087
0.0464402774508186,0.0542608901103016,0.0360638187646649,0.0429036081072087
0.0464402774508186,0.0542608901103016,0.0360638187646649,0.0429036081072087
0.0464402774508186,0.0542608901103016,0.0360638187646649,0.0429036081072087
0.0464402774508186,0.0542608901103016,0.0360638187646649,0.0429036081072087
0.0464402774508186,0.0542608901103016,0.0380395507299252,0.0429036081072087
0.0464402774508186,0.0542608901103016,0.0380395507299252,0.0429036081072087
0.0464402774508186,0.0542608901103016,0.0380395507299252,0.0429036081072087
0.0464402774508186,0.0542608901103016,0.0380395507299252,0.0429036081072087
0.0464402774508186,0.0542608901103016,0.0380395507299252,0.0429036081072087
0.0464402774508186,0.0542608901103016,0.0380395507299252,0.0429036081072087
0.0464402774508186,0.0542608901103016,0.0380395507299252,0.0429036081072087
0.0464402774508186,0.0542608901103016,0.0380395507299252,0.0429036081072087
0.0464402774508186,0.0542608901103016,0.0380395507299252,0.0429036081072087
0.0464402774508186,0.0542608901103016,0.0380395507299252,0.0429036081072087
0.0464402774508186,0.0542608901103016,0.0380395507299252,0.0429036081072087
0.0464402774508186,0.0542608901103016,0.0380395507299252,0.0429036081072087
0.0464402774508186,0.0529094565357009,0.0380395507299252,0.0429036081072087
0.0464402774508186,0.0529094565357009,0.0380395507299252,0.0429036081072087
0.0464402774508186,0.0584624955993931,0.0380395507299252,0.0429036081072087
0.0464402774508186,0.0584624955993931,0.0380395507299252,0.0429036081072087
0.0464402774508186,0.0584624955993931,0.0380395507299252,0.0429036081072087
0.0464402774508186,0.0584624955993931,0.0380395507299252,0.0429036081072087
0.0464402774508186,0.0584624955993931,0.0380395507299252,0.0429036081072087
0.0464402774508186,0.0584624955993931,0.0380395507299252,0.0429036081072087
0.0464402774508186,0.0584624955993931,0.0380395507299252,0.0429036081072087
0.0464402774508186,0.0584624955993931,0.0380395507299252,0.0429036081072087
0.0464402774508186,0.0584624955993931,0.0380395507299252,0.0429036081072087
0.0464402774508186,0.0584624955993931,0.0380395507299252,0.0429036081072087
0.0464402774508186,0.0584624955993931,0.0380395507299252,0.0429036081072087
0.0464402774508186,0.0584624955993931,0.0380395507299252,0.0429036081072087
0.0464402774508186,0.0584624955993931,0.0380395507299252,0.0429036081072087
0.0464402774508186,0.0584624955993931,0.0380395507299252,0.0429036081072087
0.0464402774508186,0.0584624955993931,0.0380395507299252,0.0429036081072087
0.0464402774508186,0.0584624955993931,0.0380395507299252,0.0429036081072087
0.0464402774508186,0.0584624955993931,0.0380395507299252,0.0429036081072087
0.0464402774508186,0.0584624955993931,0.0380395507299252,0.0403792203893629
0.0464402774508186,0.0584624955993931,0.0380395507299252,0.0403792203893629
0.0464402774508186,0.0584624955993931,0.0380395507299252,0.0403792203893629
0.0464402774508186,0.0584624955993931,0.0380395507299252,0.0403792203893629
0.0464402774508186,0.0584624955993931,0.0380395507299252,0.0403792203893629
0.0464402774508186,0.0584624955993931,0.0380395507299252,0.0403792203893629
0.0464402774508186,0.0584624955993931,0.0380395507299252,0.0403792203893629
0.0464402774508186,0.0584624955993931,0.0380395507299252,0.0403792203893629
0.0464402774508186,0.0584624955993931,0.0380395507299252,0.0403792203893629
0.0464402774508186,0.0584624955993931,0.0380395507299252,0.0403792203893629
0.0464402774508186,0.0584624955993931,0.037007081013372,0.0403792203893629
0.0464402774508186,0.0584624955993931,0.037007081013372,0.0403792203893629
0.0464402774508186,0.0584624955993931,0.037007081013372,0.0403792203893629
0.0464402774508186,0.0584624955993931,0.037007081013372,0.0403792203893629
0.0464402774508186,0.0584624955993931,0.037007081013372,0.0403792203893629
0.0464402774508186,0.0584624955993931,0.037007081013372,0.0403792203893629
0.0464402774508186,0.0584624955993931,0.037007081013372,0.0403792203893629
0.0464402774508186,0.0584624955993931,0.037007081013372,0.0403792203893629
0.0464402774508186,0.0584624955993931,0.037007081013372,0.0403792203893629
0.0464402774508186,0.0584624955993931,0.037007081013372,0.0403792203893629
0.0464402774508186,0.0584624955993931,0.037007081013372,0.0403792203893629
0.0464402774508186,0.0584624955993931,0.037007081013372,0.0403792203893629
0.0464402774508186,0.0584624955993931,0.037007081013372,0.0403792203893629
0.0464402774508186,0.0584624955993931,0.037007081013372,0.0403792203893629
0.0464402774508186,0.0584624955993931,0.037007081013372,0.0403792203893629
0.0464402774508186,0.0584624955993931,0.037007081013372,0.0403792203893629
0.0464402774508186,0.0584624955993931,0.037007081013372,0.0403792203893629
0.0464402774508186,0.0584624955993931,0.037007081013372,0.0403792203893629
0.0464402774508186,0.0584624955993931,0.037007081013372,0.0403792203893629
0.0464402774508186,0.0584624955993931,0.037007081013372,0.0403792203893629
0.0464402774508186,0.0584624955993931,0.037007081013372,0.0403792203893629
0.0464402774508186,0.0584624955993931,0.037007081013372,0.0403792203893629
0.0464402774508186,0.0584624955993931,0.037007081013372,0.0403792203893629
0.0464402774508186,0.0584624955993931,0.037007081013372,0.0403792203893629
0.0464402774508186,0.0584624955993931,0.037007081013372,0.0403792203893629
0.0464402774508186,0.0584624955993931,0.037007081013372,0.0403792203893629
0.0464402774508186,0.0584624955993931,0.037007081013372,0.0403792203893629
0.0464402774508186,0.0584624955993931,0.037007081013372,0.0403792203893629
0.0464402774508186,0.0584624955993931,0.037007081013372,0.0403792203893629
0.0464402774508186,0.0584624955993931,0.037007081013372,0.0403792203893629
0.0464402774508186,0.0584624955993931,0.037007081013372,0.0403792203893629
0.0464402774508186,0.0584624955993931,0.037007081013372,0.0403792203893629
0.0464402774508186,0.0584624955993931,0.037007081013372,0.0403792203893629
0.0464402774508186,0.0584624955993931,0.037007081013372,0.0403792203893629
0.0464402774508186,0.0584624955993931,0.037007081013372,0.0403792203893629
0.0464402774508186,0.0584624955993931,0.037007081013372,0.0403792203893629
0.0464402774508186,0.0584624955993931,0.037007081013372,0.0403792203893629
0.0464402774508186,0.0584624955993931,0.037007081013372,0.0403792203893629
0.0464402774508186,0.0584624955993931,0.037007081013372,0.0403792203893629
0.0464402774508186,0.0584624955993931,0.037007081013372,0.0403792203893629
0.0464402774508186,0.0584624955993931,0.037007081013372,0.0403792203893629
0.0464402774508186,0.0584624955993931,0.037007081013372,0.0403792203893629
0.0464402774508186,0.0584624955993931,0.037007081013372,0.0403792203893629
0.0464402774508186,0.0584624955993931,0.037007081013372,0.0403792203893629
0.0464402774508186,0.0584624955993931,0.037007081013372,0.0403792203893629
0.0464402774508186,0.0584624955993931,0.037007081013372,0.0403792203893629
0.0464402774508186,0.0584624955993931,0.037007081013372,0.0403792203893629
0.0464402774508186,0.0584624955993931,0.037007081013372,0.0403792203893629
0.0464402774508186,0.0584624955993931,0.037007081013372,0.0403792203893629
0.0464402774508186,0.0584624955993931,0.037007081013372,0.0403792203893629
0.0464402774508186,0.0584624955993931,0.037007081013372,0.0403792203893629
0.0464402774508186,0.0584624955993931,0.037007081013372,0.0403792203893629
0.0464402774508186,0.0584624955993931,0.037007081013372,0.0403792203893629
0.0464402774508186,0.0584624955993931,0.037007081013372,0.0403792203893629
0.0464402774508186,0.0584624955993931,0.037007081013372,0.0403792203893629
0.0464402774508186,0.0584624955993931,0.037007081013372,0.0403792203893629
0.0464402774508186,0.0584624955993931,0.037007081013372,0.0403792203893629
0.0464402774508186,0.0584624955993931,0.037007081013372,0.0403792203893629
0.0464402774508186,0.0584624955993931,0.037007081013372,0.0403792203893629
0.0464402774508186,0.0584624955993931,0.037007081013372,0.0403792203893629
0.0464402774508186,0.0584624955993931,0.037007081013372,0.0403792203893629
0.0464402774508186,0.0584624955993931,0.037007081013372,0.0403792203893629
0.0464402774508186,0.0584624955993931,0.037007081013372,0.0403792203893629
0.0494638472501021,0.0584624955993931,0.037007081013372,0.0403792203893629
0.0494638472501021,0.0584624955993931,0.037007081013372,0.0403792203893629
0.0494638472501021,0.0584624955993931,0.037007081013372,0.0403792203893629
0.0494638472501021,0.0503011945687699,0.037007081013372,0.0403792203893629
0.0494638472501021,0.0540089502603773,0.037007081013372,0.0403792203893629
0.0494638472501021,0.0540089502603773,0.037007081013372,0.0403792203893629
0.0494638472501021,0.0540089502603773,0.037007081013372,0.0403792203893629
0.0494638472501021,0.0540089502603773,0.037007081013372,0.0403792203893629
0.0494638472501021,0.0540089502603773,0.037007081013372,0.0403792203893629
0.0494638472501021,0.0540089502603773,0.037007081013372,0.0403792203893629
0.0494638472501021,0.0540089502603773,0.037007081013372,0.0403792203893629
0.0494638472501021,0.0540089502603773,0.037007081013372,0.0403792203893629
0.0494638472501021,0.0540089502603773,0.037007081013372,0.0403792203893629
0.0494638472501021,0.0540089502603773,0.037007081013372,0.0403792203893629
0.0494638472501021,0.0540089502603773,0.037007081013372,0.0403792203893629
0.0494638472501021,0.0540089502603773,0.037007081013372,0.0403792203893629
0.0494638472501021,0.0540089502603773,0.037007081013372,0.0403792203893629
0.0494638472501021,0.0540089502603773,0.037007081013372,0.0403792203893629
0.0494638472501021,0.0540089502603773,0.037007081013372,0.0403792203893629
0.0494638472501021,0.0540089502603773,0.037007081013372,0.0403792203893629
0.0494638472501021,0.0540089502603773,0.037007081013372,0.0403792203893629
0.0494638472501021,0.0540089502603773,0.037007081013372,0.0403792203893629
0.0494638472501021,0.0507803759221148,0.037007081013372,0.0403792203893629
0.0494638472501021,0.0507803759221148,0.037007081013372,0.0403792203893629
0.0494638472501021,0.0507803759221148,0.037007081013372,0.0403792203893629
0.0494638472501021,0.0507803759221148,0.037007081013372,0.0403792203893629
0.0494638472501021,0.0507803759221148,0.037007081013372,0.0403792203893629
0.0494638472501021,0.0507803759221148,0.037007081013372,0.0403792203893629
0.0494638472501021,0.0507803759221148,0.037007081013372,0.0403792203893629
0.0494638472501021,0.0507803759221148,0.037007081013372,0.0403792203893629
0.0494638472501021,0.0539030203471879,0.037007081013372,0.0403792203893629
0.0494638472501021,0.0539030203471879,0.037007081013372,0.0403792203893629
0.0494638472501021,0.0539030203471879,0.037007081013372,0.0403792203893629
0.0494638472501021,0.0539030203471879,0.037007081013372,0.0403792203893629
0.0494638472501021,0.0539030203471879,0.037007081013372,0.0403792203893629
0.0494638472501021,0.0539030203471879,0.037007081013372,0.0403792203893629
0.0489841254065084,0.0539030203471879,0.037007081013372,0.0403792203893629
0.0489841254065084,0.0539030203471879,0.037007081013372,0.0403792203893629
0.0489841254065084,0.0539030203471879,0.037007081013372,0.0403792203893629
0.0492123154477874,0.0539030203471879,0.037007081013372,0.0403792203893629
0.0492123154477874,0.0539030203471879,0.037007081013372,0.0403792203893629
0.0492123154477874,0.0539030203471879,0.037007081013372,0.0403792203893629
0.0492123154477874,0.0539030203471879,0.037007081013372,0.0403792203893629
0.0492123154477874,0.0539030203471879,0.037007081013372,0.0403792203893629
0.0492123154477874,0.0539030203471879,0.037007081013372,0.0403792203893629
0.0492123154477874,0.0539030203471879,0.037007081013372,0.0431444273004477
0.0492123154477874,0.0547222779191245,0.037007081013372,0.0431444273004477
0.0492123154477874,0.0547222779191245,0.037007081013372,0.0431444273004477
0.0492123154477874,0.0547222779191245,0.037007081013372,0.0431444273004477
0.0492123154477874,0.0547222779191245,0.037007081013372,0.0487110900188834
0.0492123154477874,0.0547222779191245,0.037007081013372,0.0487110900188834
0.0492123154477874,0.0547222779191245,0.037007081013372,0.0487110900188834
0.0492123154477874,0.0547222779191245,0.037007081013372,0.0487110900188834
0.0492123154477874,0.0547222779191245,0.0347513812918541,0.0487110900188834
0.0492123154477874,0.0547222779191245,0.0347513812918541,0.0487110900188834
0.0492123154477874,0.0530313873616063,0.0347513812918541,0.0487110900188834
0.0492123154477874,0.0530313873616063,0.0347513812918541,0.0487110900188834
0.0492123154477874,0.0530313873616063,0.0347513812918541,0.0487110900188834
0.0492123154477874,0.0530313873616063,0.0347513812918541,0.0487110900188834
0.0534188557461704,0.0530313873616063,0.0347513812918541,0.0487110900188834
0.0534188557461704,0.0530313873616063,0.0347513812918541,0.0487110900188834
0.0534188557461704,0.0530313873616063,0.0347513812918541,0.0487110900188834
0.0534188557461704,0.0530313873616063,0.0347513812918541,0.0487110900188834
0.0534188557461704,0.0530313873616063,0.0347513812918541,0.0487110900188834
0.0534188557461704,0.0530313873616063,0.0347513812918541,0.0487110900188834
0.0534188557461704,0.0530313873616063,0.0347513812918541,0.0487110900188834
0.0534188557461704,0.0530313873616063,0.0347513812918541,0.0487110900188834
0.0534188557461704,0.0530313873616063,0.0347513812918541,0.0487110900188834
0.0534188557461704,0.0530313873616063,0.0347513812918541,0.0487110900188834
0.0534188557461704,0.0530313873616063,0.0347513812918541,0.0487110900188834
0.0534188557461704,0.0530313873616063,0.0347513812918541,0.0487110900188834
0.0534188557461704,0.0530313873616063,0.0347513812918541,0.0487110900188834
0.0534188557461704,0.0530313873616063,0.0347513812918541,0.0487110900188834
0.0534188557461704,0.0530313873616063,0.0347513812918541,0.0487110900188834
0.0534188557461704,0.0530313873616063,0.0347513812918541,0.0487110900188834
0.0534188557461704,0.0530313873616063,0.0347513812918541,0.0487110900188834
0.0534188557461704,0.0530313873616063,0.0347513812918541,0.0487110900188834
0.0534188557461704,0.0530313873616063,0.0347513812918541,0.0487110900188834
0.0534188557461704,0.0530313873616063,0.0347513812918541,0.0487110900188834
0.0534188557461704,0.0530313873616063,0.0347513812918541,0.0487110900188834
0.0534188557461704,0.0540340228363137,0.0347513812918541,0.0487110900188834
0.0534188557461704,0.0540340228363137,0.0347513812918541,0.0487110900188834
0.0534188557461704,0.0540340228363137,0.0347513812918541,0.0487110900188834
0.0534188557461704,0.0540340228363137,0.0347513812918541,0.0487110900188834
0.0534188557461704,0.0540340228363137,0.0347513812918541,0.0487110900188834
0.0506043155340256,0.0540340228363137,0.0347513812918541,0.0487110900188834
0.0506043155340256,0.0540340228363137,0.0347513812918541,0.0487110900188834
0.0506043155340256,0.0540340228363137,0.0347513812918541,0.0487110900188834
0.0506043155340256,0.0540340228363137,0.0347513812918541,0.0487110900188834
0.0506043155340256,0.0540340228363137,0.0347513812918541,0.0487110900188834
0.0506043155340256,0.0540340228363137,0.0347513812918541,0.0483858026684109
0.0506043155340256,0.0506995854797126,0.0347513812918541,0.0483858026684109
0.0506043155340256,0.0506995854797126,0.0347513812918541,0.0483858026684109
0.0506043155340256,0.0506995854797126,0.0347513812918541,0.0483858026684109
0.0506043155340256,0.0506995854797126,0.0347513812918541,0.0467733488225355
0.0506043155340256,0.0506995854797126,0.0347513812918541,0.0467733488225355
0.0506043155340256,0.0506995854797126,0.0347513812918541,0.0467733488225355
0.0506043155340256,0.0506995854797126,0.0347513812918541,0.0467733488225355
0.0506043155340256,0.0506995854797126,0.0347513812918541,0.0467733488225355
0.0506043155340256,0.0506995854797126,0.0347513812918541,0.0467733488225355
0.0506043155340256,0.0506995854797126,0.0347513812918541,0.0467733488225355
0.0506043155340256,0.0506995854797126,0.0347513812918541,0.0467733488225355
0.0506043155340256,0.0506995854797126,0.0347513812918541,0.0431443426396916
0.0506043155340256,0.0513294503562806,0.0347513812918541,0.0431443426396916
0.0506043155340256,0.0513294503562806,0.0347513812918541,0.0431443426396916
0.0506043155340256,0.0513294503562806,0.0347513812918541,0.0431443426396916
0.0506043155340256,0.0513294503562806,0.0347513812918541,0.0431443426396916
0.0506043155340256,0.0513294503562806,0.0347513812918541,0.0431443426396916
0.0506043155340256,0.0513294503562806,0.0347513812918541,0.0431443426396916
0.0506043155340256,0.0513294503562806,0.0347513812918541,0.0431443426396916
0.0506043155340256,0.0513294503562806,0.0347513812918541,0.0431443426396916
0.0506043155340256,0.0513294503562806,0.0347513812918541,0.0431443426396916
0.0506043155340256,0.0513294503562806,0.0347513812918541,0.0431443426396916
0.0506043155340256,0.0513294503562806,0.0347513812918541,0.0431443426396916
0.0506043155340256,0.0513294503562806,0.0347513812918541,0.0431443426396916
0.0506043155340256,0.0513294503562806,0.0372599057377506,0.0431443426396916
0.0506043155340256,0.0513294503562806,0.0372599057377506,0.0431443426396916
0.0506043155340256,0.0513294503562806,0.0372599057377506,0.0393522031788932
0.0506043155340256,0.0513294503562806,0.0372599057377506,0.0393522031788932
0.0506043155340256,0.0513294503562806,0.0372599057377506,0.0393522031788932
0.0506043155340256,0.0513294503562806,0.0372599057377506,0.0393522031788932
0.0506043155340256,0.0513294503562806,0.0372599057377506,0.0393522031788932
0.0506043155340256,0.0513294503562806,0.0372599057377506,0.0393522031788932
0.0506043155340256,0.0513294503562806,0.0372599057377506,0.0393522031788932
0.0506043155340256,0.0513294503562806,0.0372599057377506,0.0393522031788932
0.0506043155340256,0.0513294503562806,0.0372599057377506,0.0393522031788932
0.0506043155340256,0.0513294503562806,0.0372599057377506,0.0393522031788932
0.0506043155340256,0.0513294503562806,0.0372599057377506,0.0393522031788932
0.0506043155340256,0.0513294503562806,0.0372599057377506,0.0393522031788932
0.0506043155340256,0.0513294503562806,0.0372599057377506,0.0393522031788932
0.0506043155340256,0.0513294503562806,0.0372599057377506,0.0393522031788932
0.0506043155340256,0.0513294503562806,0.0372599057377506,0.0393522031788932
0.0506043155340256,0.0513294503562806,0.0372599057377506,0.0393522031788932
0.0506043155340256,0.0513294503562806,0.0372599057377506,0.0393522031788932
0.0506043155340256,0.0513294503562806,0.0372599057377506,0.0393522031788932
0.0506043155340256,0.0513294503562806,0.0372599057377506,0.0393522031788932
0.0506043155340256,0.0513294503562806,0.0372599057377506,0.0393522031788932
0.0506043155340256,0.0513294503562806,0.0372599057377506,0.0393522031788932
0.0506043155340256,0.0513294503562806,0.0372599057377506,0.0393522031788932
0.0506043155340256,0.0513294503562806,0.0372599057377506,0.0393522031788932
0.0506043155340256,0.0513294503562806,0.0372599057377506,0.0393522031788932
0.0455811182359586,0.0513294503562806,0.0372599057377506,0.0393522031788932
0.0455811182359586,0.0513294503562806,0.0372599057377506,0.0393522031788932
0.0455811182359586,0.0513294503562806,0.0372599057377506,0.0393522031788932
0.0455811182359586,0.0513294503562806,0.0372599057377506,0.0393522031788932
0.0455811182359586,0.0513294503562806,0.0372599057377506,0.0393522031788932
0.0455811182359586,0.0513294503562806,0.0372599057377506,0.0393522031788932
0.0455811182359586,0.0513294503562806,0.0372599057377506,0.0393522031788932
0.0455811182359586,0.0513294503562806,0.0372599057377506,0.0393522031788932
0.0455811182359586,0.0513294503562806,0.0372599057377506,0.0393522031788932
0.0455811182359586,0.0513294503562806,0.0372599057377506,0.0393522031788932
0.0455811182359586,0.0513294503562806,0.0372599057377506,0.0393522031788932
0.0455811182359586,0.0513294503562806,0.0372599057377506,0.0393522031788932
0.0455811182359586,0.0513294503562806,0.0372599057377506,0.0393522031788932
0.0455811182359586,0.0513294503562806,0.0372599057377506,0.0393522031788932
0.0455811182359586,0.0513294503562806,0.0372599057377506,0.0393522031788932
0.0455811182359586,0.0513294503562806,0.0372599057377506,0.0393522031788932
0.0455811182359586,0.0513294503562806,0.0372599057377506,0.0393522031788932
0.0455811182359586,0.0513294503562806,0.0372599057377506,0.0393522031788932
0.0455811182359586,0.0513294503562806,0.0372599057377506,0.0393522031788932
0.0455811182359586,0.0513294503562806,0.0403874940589135,0.0393522031788932
0.0455811182359586,0.0513294503562806,0.0403874940589135,0.0393522031788932
0.0455811182359586,0.0513294503562806,0.0403874940589135,0.0393522031788932
0.0455811182359586,0.0513294503562806,0.0403874940589135,0.0393522031788932
0.0455811182359586,0.0513294503562806,0.0403874940589135,0.0393522031788932
0.0455811182359586,0.0513294503562806,0.0403874940589135,0.0393522031788932
0.0455811182359586,0.0513294503562806,0.0403874940589135,0.0393522031788932
0.0486815899024814,0.0513294503562806,0.0403874940589135,0.0393522031788932
0.0486815899024814,0.0513294503562806,0.0403874940589135,0.0393522031788932
0.0486815899024814,0.0513294503562806,0.0403874940589135,0.0393522031788932
0.0444914697977304,0.0513294503562806,0.0403874940589135,0.0393522031788932
0.0444914697977304,0.0513294503562806,0.0403874940589135,0.0393522031788932
0.0444914697977304,0.0513294503562806,0.0403874940589135,0.0393522031788932
0.0444914697977304,0.0513294503562806,0.0403874940589135,0.0393522031788932
0.0444914697977304,0.0513294503562806,0.0403874940589135,0.0393522031788932
0.0444914697977304,0.0513294503562806,0.0403874940589135,0.0393522031788932
0.0470919358312605,0.0513294503562806,0.0403874940589135,0.0393522031788932
0.0470919358312605,0.0513294503562806,0.0403874940589135,0.0393522031788932
0.0470919358312605,0.0513294503562806,0.0403874940589135,0.0393522031788932
0.0470919358312605,0.0513294503562806,0.0403874940589135,0.0393522031788932
0.0470919358312605,0.0513294503562806,0.0403874940589135,0.0393522031788932
0.0470919358312605,0.0513294503562806,0.0403874940589135,0.0393522031788932
0.0470919358312605,0.0513294503562806,0.0403874940589135,0.0393522031788932
0.0470919358312605,0.0513294503562806,0.0403874940589135,0.0393522031788932
0.0470919358312605,0.0513294503562806,0.0403874940589135,0.0393522031788932
0.0470919358312605,0.0513294503562806,0.0403874940589135,0.0393522031788932
0.0470919358312605,0.0513294503562806,0.0403874940589135,0.0393522031788932
0.0470919358312605,0.0513294503562806,0.0403874940589135,0.0393522031788932
0.0470919358312605,0.0513294503562806,0.0403874940589135,0.0393522031788932
0.0470919358312605,0.0513294503562806,0.0403874940589135,0.0393522031788932
0.0470919358312605,0.0574316747149817,0.0403874940589135,0.0393522031788932
0.0470919358312605,0.0574316747149817,0.0403874940589135,0.0393522031788932
0.0470919358312605,0.0574316747149817,0.0403874940589135,0.0388566781506091
0.0470919358312605,0.0574316747149817,0.0403874940589135,0.0388566781506091
0.0470919358312605,0.0574316747149817,0.0435322714168242,0.0388566781506091
0.0470919358312605,0.0574316747149817,0.0435322714168242,0.0392194348486452
0.0470919358312605,0.0574316747149817,0.0435322714168242,0.0392194348486452
0.0470919358312605,0.0574316747149817,0.0435322714168242,0.0392194348486452
0.0470919358312605,0.0574316747149817,0.0435322714168242,0.0392194348486452
0.0470919358312605,0.0384116020026253,0.0435322714168242,0.0392194348486452
0.0470919358312605,0.0384116020026253,0.0435322714168242,0.0392194348486452
0.0470919358312605,0.0483852676400126,0.0435322714168242,0.0392194348486452
0.0470919358312605,0.0483852676400126,0.0435322714168242,0.0392194348486452
0.0470919358312605,0.0483852676400126,0.0435322714168242,0.0392194348486452
0.0470919358312605,0.0483852676400126,0.0435322714168242,0.0392194348486452
0.0470919358312605,0.0483852676400126,0.0435322714168242,0.0392194348486452
0.0470919358312605,0.0483852676400126,0.0435322714168242,0.0392194348486452
0.0470919358312605,0.0483852676400126,0.0435322714168242,0.0392194348486452
0.0470919358312605,0.0483852676400126,0.0435322714168242,0.0392194348486452
0.0470919358312605,0.0483852676400126,0.0435322714168242,0.0392194348486452
0.0470919358312605,0.0483852676400126,0.0435322714168242,0.0392194348486452
0.0470919358312605,0.0483852676400126,0.0435322714168242,0.0392194348486452
0.0470919358312605,0.0483852676400126,0.0435322714168242,0.0392194348486452
0.0470919358312605,0.0483852676400126,0.0435322714168242,0.0392194348486452
0.0470919358312605,0.0483852676400126,0.0435322714168242,0.0392194348486452
0.0470919358312605,0.0483852676400126,0.0435322714168242,0.0392194348486452
0.0470919358312605,0.0483852676400126,0.0435322714168242,0.0392194348486452
0.0470919358312605,0.0483852676400126,0.0435322714168242,0.0392194348486452
0.0470919358312605,0.0483852676400126,0.0435322714168242,0.0392194348486452
0.0470919358312605,0.0483852676400126,0.0435322714168242,0.0392194348486452
0.0470919358312605,0.0483852676400126,0.0435322714168242,0.0392194348486452
0.0470919358312605,0.0483852676400126,0.0435322714168242,0.0392194348486452
0.0470919358312605,0.0483852676400126,0.0435322714168242,0.0392194348486452
0.0470919358312605,0.0483852676400126,0.0435322714168242,0.0392194348486452
0.0470919358312605,0.0483852676400126,0.0435322714168242,0.0392194348486452
0.0470919358312605,0.0483852676400126,0.0435322714168242,0.0392194348486452
0.0470919358312605,0.0483852676400126,0.0435322714168242,0.0392194348486452
0.0470919358312605,0.0483852676400126,0.0400957035701863,0.0392194348486452
0.0470919358312605,0.0483852676400126,0.0400957035701863,0.0392194348486452
0.0470919358312605,0.0483852676400126,0.0400957035701863,0.0392194348486452
0.0470919358312605,0.0483852676400126,0.0400957035701863,0.0392194348486452
0.0470919358312605,0.0483852676400126,0.0400957035701863,0.0392194348486452
0.0470919358312605,0.0483852676400126,0.0400957035701863,0.0392194348486452
0.0470919358312605,0.0483852676400126,0.0400957035701863,0.0392194348486452
0.0470919358312605,0.0483852676400126,0.0400957035701863,0.0392194348486452
0.0470919358312605,0.0483852676400126,0.0400957035701863,0.0392194348486452
0.0470919358312605,0.0483852676400126,0.0400957035701863,0.0392194348486452
0.0470919358312605,0.0483852676400126,0.0400957035701863,0.0392194348486452
0.0470919358312605,0.0483852676400126,0.0400957035701863,0.0392194348486452
0.0470919358312605,0.0483852676400126,0.0400957035701863,0.0392194348486452
0.0470919358312605,0.0483852676400126,0.0400957035701863,0.0392194348486452
0.0470919358312605,0.0483852676400126,0.0400957035701863,0.0392194348486452
0.0470919358312605,0.0483852676400126,0.0400957035701863,0.0392194348486452
0.0470919358312605,0.0483852676400126,0.0400957035701863,0.0392194348486452
0.0470919358312605,0.0483852676400126,0.0400957035701863,0.0392194348486452
0.0470919358312605,0.0483852676400126,0.0400957035701863,0.0392194348486452
0.0470919358312605,0.0483852676400126,0.0400957035701863,0.0392194348486452
0.0451107113172164,0.0483852676400126,0.0400957035701863,0.0392194348486452
0.0451107113172164,0.0483852676400126,0.0400957035701863,0.0392194348486452
0.0451107113172164,0.0483852676400126,0.0400957035701863,0.0392194348486452
0.0451107113172164,0.0483852676400126,0.0400957035701863,0.0392194348486452
0.0451107113172164,0.0483852676400126,0.0400957035701863,0.0392194348486452
0.0451107113172164,0.0483852676400126,0.0400957035701863,0.0392194348486452
0.0451107113172164,0.0483852676400126,0.0400957035701863,0.035124113909659
0.0451107113172164,0.0483852676400126,0.0400957035701863,0.035124113909659
0.0451107113172164,0.0483852676400126,0.0400957035701863,0.035124113909659
0.0451107113172164,0.0483852676400126,0.0400957035701863,0.035124113909659
0.0451107113172164,0.0483852676400126,0.0400957035701863,0.035124113909659
0.0451107113172164,0.0483852676400126,0.0400957035701863,0.035124113909659
0.0451107113172164,0.0483852676400126,0.0400957035701863,0.035124113909659
0.0451107113172164,0.0483852676400126,0.0400957035701863,0.035124113909659
0.0451107113172164,0.0483852676400126,0.0400957035701863,0.035124113909659
0.0451107113172164,0.0483852676400126,0.0400957035701863,0.035124113909659
0.0451107113172164,0.0483852676400126,0.0400957035701863,0.0415903708035229
0.0451107113172164,0.0483852676400126,0.0400957035701863,0.0415903708035229
0.0451107113172164,0.0483852676400126,0.0400957035701863,0.0415903708035229
0.0451107113172164,0.0483852676400126,0.0400957035701863,0.0415903708035229
0.0451107113172164,0.0483852676400126,0.0400957035701863,0.0415903708035229
0.0451107113172164,0.0483852676400126,0.0400957035701863,0.0415903708035229
0.0451107113172164,0.0483852676400126,0.0400957035701863,0.0415903708035229
0.0451107113172164,0.0483852676400126,0.0400957035701863,0.0415903708035229
0.0468795084519894,0.0483852676400126,0.0400957035701863,0.0415903708035229
0.0468795084519894,0.0483852676400126,0.0400957035701863,0.0415903708035229
0.0468795084519894,0.0483852676400126,0.0400957035701863,0.0415903708035229
0.0468795084519894,0.0483852676400126,0.0405560928881674,0.0415903708035229
0.0468795084519894,0.0483852676400126,0.0405560928881674,0.0415903708035229
0.0468795084519894,0.0483852676400126,0.0405560928881674,0.0415903708035229
0.0468795084519894,0.0483852676400126,0.0405560928881674,0.0415903708035229
0.0468795084519894,0.0483852676400126,0.0405560928881674,0.0415903708035229
0.0468795084519894,0.0483852676400126,0.0405560928881674,0.0415903708035229
0.0468795084519894,0.0483852676400126,0.0405560928881674,0.0415903708035229
0.0468795084519894,0.0483852676400126,0.0405560928881674,0.0415903708035229
0.0468795084519894,0.0483852676400126,0.0405560928881674,0.0415903708035229
0.0468795084519894,0.0483852676400126,0.0405560928881674,0.0415903708035229
0.0468795084519894,0.0483852676400126,0.0405560928881674,0.0415903708035229
0.0468795084519894,0.0483852676400126,0.0405560928881674,0.0415903708035229
0.0468795084519894,0.0483852676400126,0.0405560928881674,0.0369127264811614
0.0468795084519894,0.0483852676400126,0.0405560928881674,0.0369127264811614
0.0468795084519894,0.0483852676400126,0.0405560928881674,0.0369127264811614
0.0468795084519894,0.0483852676400126,0.0405560928881674,0.0369127264811614
0.0468795084519894,0.0483852676400126,0.0405560928881674,0.0369127264811614
0.0468795084519894,0.0483852676400126,0.0405560928881674,0.0369127264811614
0.0468795084519894,0.0483852676400126,0.0405560928881674,0.0369127264811614
0.0468795084519894,0.0483852676400126,0.0405560928881674,0.0369127264811614
0.0468795084519894,0.0483852676400126,0.0405560928881674,0.0369127264811614
0.0468795084519894,0.0483852676400126,0.0405560928881674,0.0369127264811614
0.0468795084519894,0.0483852676400126,0.0405560928881674,0.0369127264811614
0.0468795084519894,0.0483852676400126,0.0405560928881674,0.0369127264811614
0.0468795084519894,0.0483852676400126,0.0405560928881674,0.0369127264811614
0.0468795084519894,0.0483852676400126,0.0405560928881674,0.0369127264811614
0.0468795084519894,0.0483852676400126,0.0405560928881674,0.0369127264811614
0.0468795084519894,0.0483852676400126,0.0405560928881674,0.0369127264811614
0.0468795084519894,0.0483852676400126,0.0405560928881674,0.0369127264811614
0.0468795084519894,0.0483852676400126,0.0405560928881674,0.0369127264811614
0.0468795084519894,0.0483852676400126,0.0405560928881674,0.0369127264811614
0.0468795084519894,0.0483852676400126,0.0405560928881674,0.0369127264811614
0.0468795084519894,0.0483852676400126,0.0405560928881674,0.0369127264811614
0.0434403843872528,0.0483852676400126,0.0405560928881674,0.0369127264811614
0.0434403843872528,0.0483852676400126,0.0405560928881674,0.0369127264811614
0.0434403843872528,0.0483852676400126,0.0405560928881674,0.0369127264811614
0.0434403843872528,0.0483852676400126,0.0405560928881674,0.0369127264811614
0.0434403843872528,0.0483852676400126,0.0405560928881674,0.0369127264811614
0.0434403843872528,0.0483852676400126,0.0405560928881674,0.0411340173483044
0.0434403843872528,0.0483852676400126,0.0405560928881674,0.0412980707250007
0.0434403843872528,0.0483852676400126,0.0405560928881674,0.0412980707250007
0.0434403843872528,0.0483852676400126,0.0405560928881674,0.0412980707250007
0.0434403843872528,0.0483852676400126,0.0405560928881674,0.0412980707250007
0.043819524388592,0.0483852676400126,0.0405560928881674,0.0412980707250007
0.043819524388592,0.0483852676400126,0.0405560928881674,0.0412980707250007
0.043819524388592,0.0483852676400126,0.0405560928881674,0.0412980707250007
0.043819524388592,0.0483852676400126,0.0405560928881674,0.0412980707250007
0.043819524388592,0.0483852676400126,0.0405560928881674,0.0412980707250007
0.043819524388592,0.0483852676400126,0.0405560928881674,0.0412980707250007
0.043819524388592,0.0483852676400126,0.0405560928881674,0.0412980707250007
0.043819524388592,0.0483852676400126,0.0405560928881674,0.0412980707250007
0.043819524388592,0.0483852676400126,0.0405560928881674,0.0412980707250007
0.043819524388592,0.0483852676400126,0.0405560928881674,0.0412980707250007
0.043819524388592,0.0483852676400126,0.0405560928881674,0.0412980707250007
0.043819524388592,0.0483852676400126,0.0405560928881674,0.0412980707250007
0.043819524388592,0.0483852676400126,0.0405560928881674,0.0412980707250007
0.043819524388592,0.0483852676400126,0.0405560928881674,0.0412980707250007
0.043819524388592,0.0483852676400126,0.0405560928881674,0.0412980707250007
0.043819524388592,0.0483852676400126,0.0405560928881674,0.0412980707250007
0.043819524388592,0.0483852676400126,0.0405560928881674,0.0412980707250007
0.043819524388592,0.0483852676400126,0.0405560928881674,0.0412980707250007
0.043819524388592,0.0483852676400126,0.0405560928881674,0.0412980707250007
0.043819524388592,0.0483852676400126,0.0405560928881674,0.0412980707250007
0.043819524388592,0.0483852676400126,0.0405560928881674,0.0412980707250007
0.043819524388592,0.0483852676400126,0.0405560928881674,0.0412980707250007
0.043819524388592,0.0483852676400126,0.0405560928881674,0.0412980707250007
0.043819524388592,0.0483852676400126,0.0405560928881674,0.0412980707250007
0.043819524388592,0.0483852676400126,0.0405560928881674,0.0412980707250007
0.043819524388592,0.0483852676400126,0.0405560928881674,0.0412980707250007
0.043819524388592,0.0483852676400126,0.0405560928881674,0.0412980707250007
0.043819524388592,0.0483852676400126,0.0405560928881674,0.0412980707250007
0.043819524388592,0.0483852676400126,0.0405560928881674,0.0412980707250007
0.043819524388592,0.0483852676400126,0.0405560928881674,0.0412980707250007
0.043819524388592,0.0483852676400126,0.0405560928881674,0.0412980707250007
0.043819524388592,0.0483852676400126,0.0405560928881674,0.0412980707250007
0.043819524388592,0.0483852676400126,0.0405560928881674,0.0412980707250007
0.043819524388592,0.0483852676400126,0.0405560928881674,0.0412980707250007
0.043819524388592,0.0483852676400126,0.0405560928881674,0.0412980707250007
0.043819524388592,0.0483852676400126,0.0405560928881674,0.0391632357838898
0.043819524388592,0.0483852676400126,0.0405560928881674,0.0391632357838898
0.043819524388592,0.0483852676400126,0.0405560928881674,0.0391632357838898
0.043819524388592,0.0483852676400126,0.0405560928881674,0.0391632357838898
0.043819524388592,0.0483852676400126,0.0405560928881674,0.0391632357838898
0.043819524388592,0.0483852676400126,0.0419673815295886,0.0391632357838898
0.043819524388592,0.0483852676400126,0.0419673815295886,0.0391632357838898
0.043819524388592,0.0483852676400126,0.0419673815295886,0.0391632357838898
0.0442370014338058,0.0483852676400126,0.0419673815295886,0.0391632357838898
0.0442370014338058,0.0483852676400126,0.0419673815295886,0.0391632357838898
0.0442370014338058,0.0483852676400126,0.0419673815295886,0.0391632357838898
0.0442370014338058,0.0483852676400126,0.0419673815295886,0.0391632357838898
0.0442370014338058,0.0483852676400126,0.0419673815295886,0.0391632357838898
0.0442370014338058,0.0483852676400126,0.0419673815295886,0.0391632357838898
0.0442370014338058,0.0483852676400126,0.0419673815295886,0.0391632357838898
0.0442370014338058,0.0483852676400126,0.0419673815295886,0.0391632357838898
0.0442370014338058,0.0483852676400126,0.0419673815295886,0.0391632357838898
0.0442370014338058,0.0483852676400126,0.0419673815295886,0.0391632357838898
0.0442370014338058,0.0437616290183177,0.0419673815295886,0.0391632357838898
0.0442370014338058,0.0437616290183177,0.0419673815295886,0.0391632357838898
0.0442370014338058,0.0437616290183177,0.0419673815295886,0.0391632357838898
0.0442370014338058,0.0437616290183177,0.0419673815295886,0.0391632357838898
0.0442370014338058,0.0437616290183177,0.0419673815295886,0.0391632357838898
0.0442370014338058,0.0437616290183177,0.0419673815295886,0.0391632357838898
0.0442370014338058,0.0437616290183177,0.0419673815295886,0.0391632357838898
0.0442370014338058,0.0437616290183177,0.0419673815295886,0.0391632357838898
0.0442370014338058,0.0518845794959657,0.0419673815295886,0.0391632357838898
0.0442370014338058,0.0515506231125242,0.0419673815295886,0.0391632357838898
0.0442370014338058,0.0515506231125242,0.0419673815295886,0.0391632357838898
0.0442370014338058,0.0515506231125242,0.0419673815295886,0.0391632357838898
0.0442370014338058,0.0515506231125242,0.0419673815295886,0.0391632357838898
0.0442370014338058,0.0515506231125242,0.0419673815295886,0.0391632357838898
0.0442370014338058,0.0515506231125242,0.0419673815295886,0.0391632357838898
0.0442370014338058,0.0515506231125242,0.0419673815295886,0.0391632357838898
0.0442370014338058,0.0515506231125242,0.0419673815295886,0.0391632357838898
0.0442370014338058,0.0515506231125242,0.0419673815295886,0.0391632357838898
0.0442370014338058,0.0515506231125242,0.0419673815295886,0.0391632357838898
0.0442370014338058,0.0515506231125242,0.0419673815295886,0.0391632357838898
0.0442370014338058,0.0515506231125242,0.0419673815295886,0.0391632357838898
0.0442370014338058,0.0515506231125242,0.0419673815295886,0.0391632357838898
0.0442370014338058,0.0515506231125242,0.0419673815295886,0.0391632357838898
0.0442370014338058,0.0515506231125242,0.0419673815295886,0.0391632357838898
0.0442370014338058,0.0515506231125242,0.0419673815295886,0.0391632357838898
0.0442370014338058,0.0515506231125242,0.0419673815295886,0.0391632357838898
0.0442370014338058,0.0515506231125242,0.0419673815295886,0.0391632357838898
0.0444401275804309,0.0515506231125242,0.0419673815295886,0.0391632357838898
0.0444401275804309,0.0515506231125242,0.0419673815295886,0.0391632357838898
0.0444401275804309,0.0515506231125242,0.04371817719036,0.0391632357838898
0.0444401275804309,0.0515506231125242,0.04371817719036,0.0391632357838898
0.0444401275804309,0.0515506231125242,0.04371817719036,0.0391632357838898
0.0444401275804309,0.0515506231125242,0.04371817719036,0.0391632357838898
0.0444401275804309,0.0515506231125242,0.04371817719036,0.0391632357838898
0.0444401275804309,0.0515506231125242,0.04371817719036,0.0391632357838898
0.0444401275804309,0.0515506231125242,0.04371817719036,0.0391632357838898
0.0444401275804309,0.0515506231125242,0.04371817719036,0.0391632357838898
0.0444401275804309,0.0515506231125242,0.04371817719036,0.0391632357838898
0.0444401275804309,0.0508156210955338,0.04371817719036,0.0391632357838898
0.0444401275804309,0.0508156210955338,0.04371817719036,0.0391632357838898
0.0444401275804309,0.0508156210955338,0.04371817719036,0.0391632357838898
0.0444401275804309,0.0508156210955338,0.04371817719036,0.0391632357838898
0.0444401275804309,0.0508156210955338,0.04371817719036,0.0391632357838898
0.0444401275804309,0.0508156210955338,0.04371817719036,0.0391632357838898
0.0444401275804309,0.0508156210955338,0.04371817719036,0.0391632357838898
0.0444401275804309,0.0508156210955338,0.04371817719036,0.0391632357838898
0.0444401275804309,0.0508156210955338,0.04371817719036,0.0391632357838898
0.0444401275804309,0.0508156210955338,0.04371817719036,0.0391632357838898
0.0444401275804309,0.0508156210955338,0.04371817719036,0.0391632357838898
0.0444401275804309,0.0508156210955338,0.04371817719036,0.0391632357838898
0.0444401275804309,0.0508156210955338,0.04371817719036,0.0391632357838898
0.0444401275804309,0.0508156210955338,0.04371817719036,0.0391632357838898
0.0444401275804309,0.0508156210955338,0.04371817719036,0.0428888269369666
0.0444401275804309,0.0508156210955338,0.04371817719036,0.0428888269369666
0.0444401275804309,0.0508156210955338,0.04371817719036,0.0376979174486786
0.0444401275804309,0.0508156210955338,0.04371817719036,0.0354436112483772
0.0444401275804309,0.048739963865136,0.04371817719036,0.0354436112483772
0.0444401275804309,0.048739963865136,0.04371817719036,0.0354436112483772
0.0444401275804309,0.048739963865136,0.04371817719036,0.0354436112483772
0.0444401275804309,0.048739963865136,0.04371817719036,0.0354436112483772
0.0444401275804309,0.048739963865136,0.04371817719036,0.0354436112483772
0.0444401275804309,0.048739963865136,0.04371817719036,0.0354436112483772
0.0444401275804309,0.048739963865136,0.0438811079834847,0.0354436112483772
0.0444401275804309,0.048739963865136,0.0438811079834847,0.0354436112483772
0.0444401275804309,0.048739963865136,0.0438811079834847,0.0354436112483772
0.0444401275804309,0.048739963865136,0.0438811079834847,0.0354436112483772
0.0444401275804309,0.048739963865136,0.0438811079834847,0.0354436112483772
0.0444401275804309,0.048739963865136,0.0438811079834847,0.0354436112483772
0.0444401275804309,0.048739963865136,0.0438811079834847,0.0354436112483772
0.0444401275804309,0.048739963865136,0.0438811079834847,0.0354436112483772
0.0444401275804309,0.048739963865136,0.0438811079834847,0.0354436112483772
0.0444401275804309,0.048739963865136,0.0438811079834847,0.0354436112483772
0.0444401275804309,0.0465528580234972,0.0438811079834847,0.0354436112483772
0.0444401275804309,0.0465528580234972,0.0438811079834847,0.0354436112483772
0.0444401275804309,0.0465528580234972,0.0438811079834847,0.0354436112483772
0.0444401275804309,0.0465528580234972,0.0438811079834847,0.0354436112483772
0.0444401275804309,0.0505748714317196,0.0438811079834847,0.0354436112483772
0.0444401275804309,0.0505748714317196,0.0438811079834847,0.0354436112483772
0.0444401275804309,0.0505748714317196,0.0438811079834847,0.0354436112483772
0.0444401275804309,0.0505748714317196,0.0437933898842962,0.0354436112483772
0.0444401275804309,0.0505748714317196,0.0437933898842962,0.0360462480793199
0.0444401275804309,0.0505748714317196,0.0417317304521517,0.0360462480793199
0.0444401275804309,0.0488972779535924,0.0417317304521517,0.0360462480793199
0.0444401275804309,0.0488972779535924,0.0417317304521517,0.0360462480793199
0.0444401275804309,0.0488972779535924,0.0417317304521517,0.0360462480793199
0.0444401275804309,0.0488972779535924,0.0417317304521517,0.0360462480793199
0.0444401275804309,0.0488972779535924,0.0417317304521517,0.0360462480793199
0.0444401275804309,0.0488972779535924,0.0417317304521517,0.0360462480793199
0.0444401275804309,0.0488972779535924,0.0417317304521517,0.0360462480793199
0.0444401275804309,0.0488972779535924,0.0417317304521517,0.0360462480793199
0.0444401275804309,0.0488972779535924,0.0417317304521517,0.0360462480793199
0.0444401275804309,0.0488972779535924,0.0417317304521517,0.0360462480793199
0.0444401275804309,0.0488972779535924,0.0417317304521517,0.0360462480793199
0.0444401275804309,0.0488972779535924,0.0417317304521517,0.0458806541274746
0.0444401275804309,0.0488972779535924,0.0417317304521517,0.0458806541274746
0.0444401275804309,0.0488972779535924,0.0417317304521517,0.0458806541274746
0.0444401275804309,0.0488972779535924,0.0417317304521517,0.0458806541274746
0.0444401275804309,0.0488972779535924,0.0417317304521517,0.0458806541274746
0.0444401275804309,0.0488972779535924,0.0417317304521517,0.0458806541274746
0.0444401275804309,0.0488972779535924,0.0417317304521517,0.0458806541274746
0.0444401275804309,0.0488972779535924,0.0417317304521517,0.0458806541274746
0.0444401275804309,0.0488972779535924,0.0417317304521517,0.0467009988230098
0.0444401275804309,0.0488972779535924,0.0417317304521517,0.0467009988230098
0.0444401275804309,0.0488972779535924,0.0417317304521517,0.0467009988230098
0.0444401275804309,0.0488972779535924,0.0417317304521517,0.0467009988230098
0.0444401275804309,0.0488972779535924,0.0417317304521517,0.0467009988230098
0.0444401275804309,0.0488972779535924,0.0417317304521517,0.0467009988230098
0.0444401275804309,0.0488972779535924,0.0417317304521517,0.0418886353016661
0.0444401275804309,0.0488972779535924,0.0417317304521517,0.0418886353016661
0.0444401275804309,0.0488972779535924,0.0417317304521517,0.0418886353016661
0.0444401275804309,0.0488972779535924,0.0417317304521517,0.0418886353016661
0.0444401275804309,0.0488972779535924,0.0417317304521517,0.0418886353016661
0.046212522120921,0.0488972779535924,0.0417317304521517,0.0418886353016661
0.046212522120921,0.0488972779535924,0.0417317304521517,0.0418886353016661
0.046212522120921,0.0488972779535924,0.0417317304521517,0.0418886353016661
0.046212522120921,0.0488972779535924,0.0417317304521517,0.0418886353016661
0.046212522120921,0.0488972779535924,0.0476629778179171,0.0418886353016661
0.046212522120921,0.0488972779535924,0.0476629778179171,0.0453511312269214
0.046212522120921,0.0488972779535924,0.0476629778179171,0.0453511312269214
0.046212522120921,0.0488972779535924,0.0476629778179171,0.0453511312269214
0.046212522120921,0.0488972779535924,0.0476629778179171,0.0453511312269214
0.046212522120921,0.0488972779535924,0.0476629778179171,0.0453511312269214
0.046212522120921,0.0488972779535924,0.0476629778179171,0.0453511312269214
0.046212522120921,0.0488972779535924,0.0476629778179171,0.0453511312269214
0.046212522120921,0.0488972779535924,0.0476629778179171,0.0453511312269214
0.046212522120921,0.0488972779535924,0.0476629778179171,0.0453511312269214
0.046212522120921,0.0488972779535924,0.0476629778179171,0.0453511312269214
0.046212522120921,0.0488972779535924,0.0476629778179171,0.0453511312269214
0.046212522120921,0.0488972779535924,0.0476629778179171,0.0453511312269214
0.046212522120921,0.0488972779535924,0.0476629778179171,0.0453511312269214
0.046212522120921,0.0488972779535924,0.0476629778179171,0.0453511312269214
0.046212522120921,0.0488972779535924,0.0476629778179171,0.0453511312269214
0.046212522120921,0.0488972779535924,0.0476629778179171,0.0453511312269214
0.046212522120921,0.0488972779535924,0.0476629778179171,0.0453511312269214
0.046212522120921,0.0488972779535924,0.0476629778179171,0.0453511312269214
0.046212522120921,0.0488972779535924,0.0476629778179171,0.0453511312269214
0.046212522120921,0.0488972779535924,0.0476629778179171,0.0453511312269214
0.046212522120921,0.0488972779535924,0.0476629778179171,0.0453511312269214
0.046212522120921,0.0488972779535924,0.0476629778179171,0.0453511312269214
0.046212522120921,0.0488972779535924,0.0476629778179171,0.0453511312269214
0.046212522120921,0.0488972779535924,0.0476629778179171,0.0453511312269214
0.046212522120921,0.0488972779535924,0.0476629778179171,0.0453511312269214
0.046212522120921,0.0488972779535924,0.0476629778179171,0.0453511312269214
0.046212522120921,0.0488972779535924,0.0476629778179171,0.0453511312269214
0.046212522120921,0.0488972779535924,0.0476629778179171,0.0453511312269214
0.046212522120921,0.0488972779535924,0.0476629778179171,0.0453511312269214
0.046212522120921,0.0488972779535924,0.0476629778179171,0.0421355450170581
0.046212522120921,0.0488972779535924,0.0476629778179171,0.0421355450170581
0.046212522120921,0.0488972779535924,0.0476629778179171,0.0421355450170581
0.046212522120921,0.0488972779535924,0.0476629778179171,0.0421355450170581
0.046212522120921,0.0488972779535924,0.0476629778179171,0.0421355450170581
0.046212522120921,0.0488972779535924,0.0476629778179171,0.0421355450170581
0.046212522120921,0.0488972779535924,0.0476629778179171,0.0421355450170581
0.046212522120921,0.0488972779535924,0.0476629778179171,0.0421355450170581
0.046212522120921,0.0488972779535924,0.0476629778179171,0.0421355450170581
0.046212522120921,0.0488972779535924,0.0476629778179171,0.0421355450170581
0.046212522120921,0.0488972779535924,0.0476629778179171,0.0421355450170581
0.046212522120921,0.0488972779535924,0.0476629778179171,0.0421355450170581
0.046212522120921,0.0488972779535924,0.0476629778179171,0.0421355450170581
0.046212522120921,0.0488972779535924,0.0476629778179171,0.0421355450170581
0.046212522120921,0.0488972779535924,0.0476629778179171,0.0421355450170581
0.046212522120921,0.0488972779535924,0.0476629778179171,0.0416841128948856
0.046212522120921,0.0488972779535924,0.0476629778179171,0.0416841128948856
0.046212522120921,0.0488972779535924,0.0398331962036932,0.0416841128948856
0.046212522120921,0.0488972779535924,0.0398331962036932,0.0416841128948856
0.0464060502465876,0.0488972779535924,0.0398331962036932,0.0416841128948856
0.0464060502465876,0.0488972779535924,0.0398331962036932,0.0416841128948856
0.0464060502465876,0.0488972779535924,0.0398331962036932,0.0416841128948856
0.0464060502465876,0.0488972779535924,0.0398331962036932,0.0416841128948856
0.0464060502465876,0.0488972779535924,0.0398331962036932,0.0416841128948856
0.0464060502465876,0.0488972779535924,0.0398331962036932,0.0416841128948856
0.0464060502465876,0.0488972779535924,0.0398331962036932,0.0416841128948856
0.0464060502465876,0.0488972779535924,0.0398331962036932,0.0416841128948856
0.0464060502465876,0.0488972779535924,0.0398331962036932,0.0416841128948856
0.0464060502465876,0.0488972779535924,0.0398331962036932,0.0416841128948856
0.0464060502465876,0.0488972779535924,0.0398331962036932,0.0416841128948856
0.0464060502465876,0.0488972779535924,0.0398331962036932,0.0416841128948856
0.0464060502465876,0.0488972779535924,0.0398331962036932,0.0416841128948856
0.0464060502465876,0.0488972779535924,0.0398331962036932,0.0416841128948856
0.0464060502465876,0.0488972779535924,0.0398331962036932,0.0416841128948856
0.0464060502465876,0.0488972779535924,0.0398331962036932,0.0416841128948856
0.0464060502465876,0.0488972779535924,0.0398331962036932,0.0416841128948856
0.0464060502465876,0.0462466308504914,0.0398331962036932,0.0416841128948856
0.0464060502465876,0.0462466308504914,0.0398331962036932,0.0416841128948856
0.0464060502465876,0.0462466308504914,0.0398331962036932,0.0416841128948856
0.0464060502465876,0.0462466308504914,0.0398331962036932,0.0416841128948856
0.0464060502465876,0.0462466308504914,0.0398331962036932,0.0416841128948856
0.0464060502465876,0.0462466308504914,0.0398331962036932,0.0416841128948856
0.0464060502465876,0.0462466308504914,0.0398331962036932,0.0416841128948856
0.0464060502465876,0.0462466308504914,0.0398331962036932,0.0416841128948856
0.0464060502465876,0.0462466308504914,0.0398331962036932,0.0416841128948856
0.0464060502465876,0.0462466308504914,0.0398331962036932,0.0416841128948856
0.0464060502465876,0.0462466308504914,0.0398331962036932,0.0416841128948856
0.0464060502465876,0.0462466308504914,0.0398331962036932,0.0416841128948856
0.0464060502465876,0.0462466308504914,0.0398331962036932,0.0416841128948856
0.0464060502465876,0.0393978790740857,0.0398331962036932,0.0416841128948856
0.0464060502465876,0.0393978790740857,0.0398331962036932,0.0416841128948856
0.0464060502465876,0.0393978790740857,0.0398331962036932,0.0416841128948856
0.0464060502465876,0.0393978790740857,0.0398331962036932,0.0416841128948856
0.0464060502465876,0.0393978790740857,0.0398331962036932,0.0416841128948856
0.0464060502465876,0.0393978790740857,0.0398331962036932,0.0416841128948856
0.0464060502465876,0.0393978790740857,0.0398331962036932,0.0416841128948856
0.0464060502465876,0.0393978790740857,0.0398331962036932,0.0416841128948856
0.0464060502465876,0.0434267955621499,0.0398331962036932,0.0416841128948856
0.0464060502465876,0.0434267955621499,0.0398331962036932,0.0416841128948856
0.0464060502465876,0.0434267955621499,0.0398331962036932,0.0416841128948856
0.0464060502465876,0.0434267955621499,0.0398331962036932,0.0416841128948856
0.0464060502465876,0.0434267955621499,0.0403234026862847,0.0416841128948856
0.0464060502465876,0.0434267955621499,0.0403234026862847,0.0416841128948856
0.0464060502465876,0.0434267955621499,0.0403234026862847,0.0416841128948856
0.0464060502465876,0.0434267955621499,0.0403234026862847,0.0416841128948856
0.0464060502465876,0.0434267955621499,0.0403234026862847,0.0416841128948856
0.0464060502465876,0.0434267955621499,0.043375530948525,0.0416841128948856
0.0464060502465876,0.0434267955621499,0.043375530948525,0.0416841128948856
0.0464060502465876,0.0434267955621499,0.043375530948525,0.0416841128948856
0.0464060502465876,0.0434267955621499,0.043375530948525,0.0416841128948856
0.0464060502465876,0.0434267955621499,0.043375530948525,0.0416841128948856
0.0464060502465876,0.0434267955621499,0.043375530948525,0.0416841128948856
0.0464060502465876,0.0434267955621499,0.043375530948525,0.0416841128948856
0.0464060502465876,0.0434267955621499,0.043375530948525,0.0416841128948856
0.0450354912180243,0.0434267955621499,0.043375530948525,0.0416841128948856
0.0450354912180243,0.0434267955621499,0.043375530948525,0.0416841128948856
0.0450354912180243,0.0434267955621499,0.043375530948525,0.0416841128948856
0.0450354912180243,0.0434267955621499,0.043375530948525,0.0416841128948856
0.0450354912180243,0.0434267955621499,0.043375530948525,0.0416841128948856
0.0450354912180243,0.0434267955621499,0.043375530948525,0.0416841128948856
0.0450354912180243,0.0434267955621499,0.043375530948525,0.0416841128948856
0.0450354912180243,0.0434267955621499,0.043375530948525,0.0416841128948856
0.0450354912180243,0.0434267955621499,0.043375530948525,0.0416841128948856
0.0450354912180243,0.0434267955621499,0.043375530948525,0.0416841128948856
0.0450354912180243,0.0434267955621499,0.043375530948525,0.0416841128948856
0.0450354912180243,0.0434267955621499,0.043375530948525,0.0416841128948856
0.0450354912180243,0.0434267955621499,0.043375530948525,0.0416841128948856
0.0450354912180243,0.0434267955621499,0.043375530948525,0.0416841128948856
0.0451897549661828,0.0434267955621499,0.043375530948525,0.0416841128948856
0.0451897549661828,0.0434267955621499,0.043375530948525,0.0416841128948856
0.0451897549661828,0.0434267955621499,0.043375530948525,0.0416841128948856
0.0451897549661828,0.0434267955621499,0.043375530948525,0.0416841128948856
0.0416499181760345,0.0456152545422288,0.043375530948525,0.0416841128948856
0.0416499181760345,0.0456152545422288,0.043375530948525,0.0416841128948856
0.0416499181760345,0.0456152545422288,0.043375530948525,0.0416841128948856
0.0416499181760345,0.0456152545422288,0.043375530948525,0.0416841128948856
0.0416499181760345,0.0456152545422288,0.043375530948525,0.0416841128948856
0.0416499181760345,0.0456152545422288,0.043375530948525,0.0416841128948856
0.0416499181760345,0.0456152545422288,0.043375530948525,0.0416841128948856
0.0416499181760345,0.0456152545422288,0.043375530948525,0.0416841128948856
0.0416499181760345,0.0456152545422288,0.043375530948525,0.0416841128948856
0.0416499181760345,0.0456152545422288,0.043375530948525,0.0416841128948856
0.0416499181760345,0.0456152545422288,0.0443905530312356,0.0416841128948856
0.0416499181760345,0.0456152545422288,0.0443905530312356,0.0416841128948856
0.0416499181760345,0.0456152545422288,0.0443905530312356,0.0416841128948856
0.0416499181760345,0.0456152545422288,0.0443905530312356,0.0416841128948856
0.0416499181760345,0.0456152545422288,0.0443905530312356,0.0416841128948856
0.0416499181760345,0.0456152545422288,0.0443905530312356,0.0416841128948856
0.0416499181760345,0.0456152545422288,0.0443905530312356,0.0416841128948856
0.0416499181760345,0.0456152545422288,0.0443905530312356,0.0416841128948856
0.0416499181760345,0.0456152545422288,0.0443905530312356,0.0416841128948856
0.0416499181760345,0.0456152545422288,0.0443905530312356,0.0416841128948856
0.0416499181760345,0.0456152545422288,0.0443905530312356,0.0416841128948856
0.0416499181760345,0.0456152545422288,0.0443905530312356,0.0416841128948856
0.0416499181760345,0.0456152545422288,0.0443905530312356,0.0416841128948856
0.0416499181760345,0.0456152545422288,0.0405043155479268,0.0416841128948856
0.0416499181760345,0.0456152545422288,0.0405043155479268,0.0416841128948856
0.0416499181760345,0.0456152545422288,0.0405043155479268,0.0416841128948856
0.0416499181760345,0.0456152545422288,0.0405043155479268,0.0416841128948856
0.0416499181760345,0.0456152545422288,0.0405043155479268,0.0416841128948856
0.0416499181760345,0.0456152545422288,0.0405043155479268,0.0416841128948856
0.0416499181760345,0.0456152545422288,0.0405043155479268,0.0416841128948856
0.0408336111026332,0.0456152545422288,0.0405043155479268,0.0416841128948856
0.0408336111026332,0.0456152545422288,0.0405043155479268,0.0400675074425377
0.0408336111026332,0.0456152545422288,0.0405043155479268,0.0400675074425377
0.0408336111026332,0.0456152545422288,0.0405043155479268,0.0400675074425377
0.0408336111026332,0.0456152545422288,0.0405043155479268,0.0400675074425377
0.0408336111026332,0.0456152545422288,0.0405043155479268,0.0400675074425377
0.0408336111026332,0.0456152545422288,0.0405043155479268,0.0397177115043146
0.0408336111026332,0.0456152545422288,0.0405043155479268,0.0397177115043146
0.0408336111026332,0.0456152545422288,0.0405043155479268,0.0397177115043146
0.0408336111026332,0.0456152545422288,0.0405043155479268,0.0397177115043146
0.0408336111026332,0.0456152545422288,0.0405043155479268,0.0397177115043146
0.0408336111026332,0.0456152545422288,0.0405043155479268,0.0397177115043146
0.0408336111026332,0.0456152545422288,0.0405043155479268,0.0397177115043146
0.0408336111026332,0.0456152545422288,0.0405043155479268,0.0397177115043146
0.0408336111026332,0.0456152545422288,0.0405043155479268,0.0397177115043146
0.0408336111026332,0.0456152545422288,0.0405043155479268,0.0397177115043146
0.0408336111026332,0.0456152545422288,0.0405043155479268,0.0397177115043146
0.0408336111026332,0.0456152545422288,0.0405043155479268,0.0397177115043146
0.0408336111026332,0.0456152545422288,0.0405043155479268,0.0397177115043146
0.0408336111026332,0.0456152545422288,0.0405043155479268,0.0397177115043146
0.0408336111026332,0.0456152545422288,0.0405043155479268,0.0397177115043146
0.0408336111026332,0.0456152545422288,0.0405043155479268,0.0397177115043146
0.0408336111026332,0.0456152545422288,0.0405043155479268,0.0397177115043146
0.0408336111026332,0.0456152545422288,0.0405043155479268,0.0397177115043146
0.0408336111026332,0.0456152545422288,0.0405043155479268,0.0412532050319376
0.0408336111026332,0.0456152545422288,0.0405043155479268,0.0412532050319376
0.0408336111026332,0.0456152545422288,0.0405043155479268,0.0412532050319376
0.0408336111026332,0.0456152545422288,0.0405043155479268,0.0412532050319376
0.0408336111026332,0.0456152545422288,0.0405043155479268,0.0412532050319376
0.0408336111026332,0.0456152545422288,0.0405043155479268,0.0412532050319376
0.0408336111026332,0.0456152545422288,0.0405043155479268,0.0412532050319376
0.0408336111026332,0.0456152545422288,0.0405043155479268,0.0412532050319376
0.0408336111026332,0.0456152545422288,0.0405043155479268,0.0412532050319376
0.0408336111026332,0.0456152545422288,0.0405043155479268,0.0412532050319376
0.0408336111026332,0.0456152545422288,0.0405043155479268,0.0420223859235709
0.0408336111026332,0.0456152545422288,0.0405043155479268,0.0420223859235709
0.0408336111026332,0.0429832941290138,0.0405043155479268,0.0420223859235709
0.0408336111026332,0.046318259954573,0.0405043155479268,0.0420223859235709
0.0408336111026332,0.046318259954573,0.0405043155479268,0.0420223859235709
0.0408336111026332,0.046318259954573,0.0405043155479268,0.0420223859235709
0.0408336111026332,0.046318259954573,0.0405043155479268,0.0420223859235709
0.0408336111026332,0.046318259954573,0.0405043155479268,0.0420223859235709
0.0408336111026332,0.046318259954573,0.040693008490065,0.0420223859235709
0.0408336111026332,0.046318259954573,0.040693008490065,0.0420223859235709
0.0408336111026332,0.046318259954573,0.040693008490065,0.0420223859235709
0.0408336111026332,0.046318259954573,0.040693008490065,0.0420223859235709
0.0408336111026332,0.046318259954573,0.040693008490065,0.0420223859235709
0.0408336111026332,0.046318259954573,0.040693008490065,0.0420223859235709
0.0408336111026332,0.046318259954573,0.040693008490065,0.0420223859235709
0.0408336111026332,0.046318259954573,0.040693008490065,0.0420223859235709
0.0408336111026332,0.046318259954573,0.040693008490065,0.0420223859235709
0.0408336111026332,0.046318259954573,0.040693008490065,0.0420223859235709
0.0408336111026332,0.046318259954573,0.040693008490065,0.0420223859235709
0.0408336111026332,0.046318259954573,0.040693008490065,0.0420223859235709
0.0408336111026332,0.046318259954573,0.040693008490065,0.0420223859235709
0.0408336111026332,0.046318259954573,0.040693008490065,0.0420223859235709
0.0408336111026332,0.046318259954573,0.040693008490065,0.0420223859235709
0.0408336111026332,0.046318259954573,0.040693008490065,0.0420223859235709
0.0408336111026332,0.046318259954573,0.040693008490065,0.0420223859235709
0.0408336111026332,0.046318259954573,0.040693008490065,0.0420223859235709
0.0408336111026332,0.0430845265602206,0.040693008490065,0.0420223859235709
0.0408336111026332,0.0430845265602206,0.040693008490065,0.0420223859235709
0.0408336111026332,0.0430845265602206,0.040693008490065,0.0420223859235709
0.0408336111026332,0.0430845265602206,0.040693008490065,0.0420223859235709
0.0408336111026332,0.0455015846668998,0.0421467863895047,0.0420223859235709
0.0408336111026332,0.0455015846668998,0.0421467863895047,0.0420223859235709
0.0408336111026332,0.0455015846668998,0.0421467863895047,0.0420223859235709
0.0408336111026332,0.0455015846668998,0.0421467863895047,0.0420223859235709
0.0408336111026332,0.0455015846668998,0.0408977388307305,0.0420223859235709
0.0408336111026332,0.0455015846668998,0.0408977388307305,0.0420223859235709
0.0408336111026332,0.0455015846668998,0.0408977388307305,0.0420223859235709
0.0408336111026332,0.0461834667682522,0.0408977388307305,0.0420223859235709
0.0408336111026332,0.0461834667682522,0.0408977388307305,0.0420223859235709
0.0408336111026332,0.0461834667682522,0.0408977388307305,0.0420223859235709
0.0408336111026332,0.0470353188428103,0.0408977388307305,0.0420223859235709
0.0408336111026332,0.0470353188428103,0.0408977388307305,0.0420223859235709
0.0408336111026332,0.0470353188428103,0.0408977388307305,0.0420223859235709
0.0408336111026332,0.0470353188428103,0.0408977388307305,0.0420223859235709
0.0408336111026332,0.0470353188428103,0.0408977388307305,0.0420223859235709
0.0408336111026332,0.0470353188428103,0.0408977388307305,0.0420223859235709
0.0408336111026332,0.0470353188428103,0.0408977388307305,0.0420223859235709
0.0408336111026332,0.0470353188428103,0.0408977388307305,0.0420223859235709
0.0408336111026332,0.0470353188428103,0.0408977388307305,0.0420223859235709
0.0408336111026332,0.0470353188428103,0.0408977388307305,0.0420223859235709
0.0408336111026332,0.0470353188428103,0.0408977388307305,0.0420223859235709
0.0408336111026332,0.0470353188428103,0.0408977388307305,0.0420223859235709
0.0408336111026332,0.0470353188428103,0.0408977388307305,0.0420223859235709
0.0408336111026332,0.0470353188428103,0.0408977388307305,0.0420223859235709
0.0408336111026332,0.0470353188428103,0.0408977388307305,0.0420223859235709
0.0408336111026332,0.0470353188428103,0.0408977388307305,0.0420223859235709
0.0408336111026332,0.0470353188428103,0.0408530951150554,0.0420223859235709
0.0408336111026332,0.0470353188428103,0.0408530951150554,0.0410786304409566
0.0408336111026332,0.0470353188428103,0.0408530951150554,0.0410786304409566
0.0408336111026332,0.0470353188428103,0.0408530951150554,0.0410786304409566
0.0408336111026332,0.0470353188428103,0.0408530951150554,0.0410786304409566
0.0408336111026332,0.0470353188428103,0.0408530951150554,0.0410786304409566
0.0408336111026332,0.0470353188428103,0.0408530951150554,0.0410786304409566
0.0408336111026332,0.0470353188428103,0.0408530951150554,0.0410786304409566
0.0408336111026332,0.0470353188428103,0.0408530951150554,0.0410786304409566
0.0408336111026332,0.0470353188428103,0.0408530951150554,0.0410786304409566
0.0408336111026332,0.0470353188428103,0.0408530951150554,0.0410786304409566
0.0408336111026332,0.0470353188428103,0.0408530951150554,0.0410786304409566
0.0408336111026332,0.0470353188428103,0.0408530951150554,0.0410786304409566
0.0408336111026332,0.044356352440347,0.0408530951150554,0.0410786304409566
0.0408336111026332,0.044356352440347,0.0408530951150554,0.0410786304409566
0.0408336111026332,0.044356352440347,0.0408530951150554,0.0409329874247471
0.0408336111026332,0.044356352440347,0.0408530951150554,0.0409329874247471
0.0408336111026332,0.044356352440347,0.0408530951150554,0.0409329874247471
0.0408336111026332,0.044356352440347,0.0408530951150554,0.0409329874247471
0.0408336111026332,0.044356352440347,0.0408530951150554,0.0409329874247471
0.0408336111026332,0.044356352440347,0.0408530951150554,0.0409329874247471
0.0408336111026332,0.044356352440347,0.0408530951150554,0.0409329874247471
0.0408336111026332,0.044356352440347,0.0408530951150554,0.0409329874247471
0.0408336111026332,0.044356352440347,0.0408530951150554,0.0409329874247471
0.0408336111026332,0.044356352440347,0.0408530951150554,0.0409329874247471
0.0408336111026332,0.044356352440347,0.0408530951150554,0.0409329874247471
0.0408336111026332,0.044356352440347,0.0408530951150554,0.0409329874247471
0.0408336111026332,0.044356352440347,0.0408530951150554,0.0409329874247471
0.0408336111026332,0.044356352440347,0.0408530951150554,0.0409329874247471
0.0408336111026332,0.044356352440347,0.0408530951150554,0.0409329874247471
0.0408336111026332,0.0387099877642677,0.0408530951150554,0.0432331769230516
0.0408336111026332,0.0387099877642677,0.0408530951150554,0.0432331769230516
0.0408336111026332,0.0387099877642677,0.0408530951150554,0.0432331769230516
0.0408336111026332,0.0372525707019213,0.0408530951150554,0.0432331769230516
0.0408336111026332,0.0372525707019213,0.0408530951150554,0.0432331769230516
0.0408336111026332,0.0372525707019213,0.0408530951150554,0.0432331769230516
0.0408336111026332,0.0432809100493647,0.0408530951150554,0.0432331769230516
0.0408336111026332,0.0432809100493647,0.0408530951150554,0.0432331769230516
0.0408336111026332,0.0432809100493647,0.0408530951150554,0.0432331769230516
0.0408336111026332,0.0432809100493647,0.0408530951150554,0.0432331769230516
0.0408336111026332,0.0432809100493647,0.0408530951150554,0.0432331769230516
0.0408336111026332,0.0432809100493647,0.0408530951150554,0.0432331769230516
0.0408336111026332,0.0432809100493647,0.0408530951150554,0.0432331769230516
0.0408336111026332,0.0432809100493647,0.0408530951150554,0.0432331769230516
0.0408336111026332,0.0432809100493647,0.0408530951150554,0.0432331769230516
0.0408336111026332,0.0432809100493647,0.0408530951150554,0.0432331769230516
0.0408336111026332,0.0432809100493647,0.0408530951150554,0.0432331769230516
0.0408336111026332,0.0432809100493647,0.0408530951150554,0.0432331769230516
0.0408336111026332,0.0432809100493647,0.0408530951150554,0.0432331769230516
0.0408336111026332,0.0432809100493647,0.0408530951150554,0.0432331769230516
0.0408336111026332,0.0432809100493647,0.0408530951150554,0.0432331769230516
0.0408336111026332,0.0432809100493647,0.0408530951150554,0.0432331769230516
0.0408336111026332,0.0432809100493647,0.0408530951150554,0.0432331769230516
0.0408336111026332,0.0432809100493647,0.0408530951150554,0.0432331769230516
0.0408336111026332,0.0432809100493647,0.0408530951150554,0.0432331769230516
0.0408336111026332,0.0432809100493647,0.0408530951150554,0.0371377471590083
0.0408336111026332,0.0432809100493647,0.0408530951150554,0.0371377471590083
0.0408336111026332,0.0432809100493647,0.0408530951150554,0.0371377471590083
0.0408336111026332,0.0432809100493647,0.0405188029792614,0.0470209983968454
0.0408336111026332,0.0432809100493647,0.0405188029792614,0.0470209983968454
0.0408336111026332,0.0432809100493647,0.0405188029792614,0.0470209983968454
0.0408336111026332,0.0432809100493647,0.0405188029792614,0.0470209983968454
0.0408336111026332,0.0432809100493647,0.0405188029792614,0.0470209983968454
0.0408336111026332,0.0432809100493647,0.0405188029792614,0.0455548723436494
0.0408336111026332,0.0432809100493647,0.0405188029792614,0.0455548723436494
0.0408336111026332,0.0432809100493647,0.0405188029792614,0.0455548723436494
0.0408336111026332,0.0432809100493647,0.0405188029792614,0.0455548723436494
0.0408336111026332,0.0432809100493647,0.0405188029792614,0.0455548723436494
0.0408336111026332,0.0432809100493647,0.0405188029792614,0.0455548723436494
0.0408336111026332,0.0432809100493647,0.0405188029792614,0.0455548723436494
0.0408336111026332,0.0432809100493647,0.0405188029792614,0.0369103997183618
0.0408336111026332,0.0432809100493647,0.0405188029792614,0.0369103997183618
0.0408336111026332,0.0432809100493647,0.0405188029792614,0.0369103997183618
0.0408336111026332,0.0432809100493647,0.0405188029792614,0.0369103997183618
0.0408336111026332,0.0432809100493647,0.0405188029792614,0.0369103997183618
0.0408336111026332,0.0432809100493647,0.0405188029792614,0.0369103997183618
0.0408336111026332,0.0432809100493647,0.0405188029792614,0.0369103997183618
0.0408336111026332,0.0432809100493647,0.0405188029792614,0.0369103997183618
0.0408336111026332,0.0432809100493647,0.0405188029792614,0.0369103997183618
0.0408336111026332,0.0432809100493647,0.0405188029792614,0.0369103997183618
0.0408336111026332,0.0432809100493647,0.0405188029792614,0.0369103997183618
0.0408336111026332,0.0432809100493647,0.0405188029792614,0.0369103997183618
0.0408336111026332,0.0432809100493647,0.0405188029792614,0.0369103997183618
0.0408336111026332,0.0432809100493647,0.0405188029792614,0.0369103997183618
0.0408336111026332,0.038723570667339,0.0405188029792614,0.0369103997183618
0.0408336111026332,0.038723570667339,0.0405188029792614,0.0369103997183618
0.0408336111026332,0.038723570667339,0.0405188029792614,0.0369103997183618
0.0408336111026332,0.038723570667339,0.0405188029792614,0.0369103997183618
0.0408336111026332,0.038723570667339,0.0405188029792614,0.0369103997183618
0.0408336111026332,0.038723570667339,0.0405188029792614,0.0369103997183618
0.0408336111026332,0.038723570667339,0.0405188029792614,0.0369103997183618
0.0391726254183735,0.038723570667339,0.0405188029792614,0.0369103997183618
0.0391726254183735,0.038723570667339,0.0405188029792614,0.0369103997183618
0.0391726254183735,0.038723570667339,0.0405188029792614,0.0369103997183618
0.0391726254183735,0.0426322520744358,0.0405188029792614,0.0369103997183618
0.0391726254183735,0.0426322520744358,0.0405188029792614,0.0369103997183618
0.0391726254183735,0.0426322520744358,0.0405188029792614,0.0456106458844996
0.0391726254183735,0.0426322520744358,0.0405188029792614,0.0456106458844996
0.0391726254183735,0.0426322520744358,0.0405188029792614,0.0456106458844996
0.0391726254183735,0.0426322520744358,0.0405188029792614,0.0456106458844996
0.0391726254183735,0.0426322520744358,0.0405188029792614,0.0456106458844996
0.0391726254183735,0.0426322520744358,0.0405188029792614,0.0456106458844996
0.0391726254183735,0.0426322520744358,0.0405188029792614,0.0456106458844996
0.0398444538141694,0.0426322520744358,0.0405188029792614,0.0456106458844996
0.0398444538141694,0.0426322520744358,0.0405188029792614,0.0456106458844996
0.0398444538141694,0.0426322520744358,0.0405188029792614,0.0456106458844996
0.0398444538141694,0.0426322520744358,0.0405188029792614,0.0456106458844996
0.0398444538141694,0.0426322520744358,0.0405188029792614,0.0456106458844996
0.0398444538141694,0.0501872895269597,0.0405188029792614,0.0456106458844996
0.0398444538141694,0.0501872895269597,0.0405188029792614,0.0456106458844996
0.0390398852490467,0.0501872895269597,0.0405188029792614,0.0456106458844996
0.0390398852490467,0.0501872895269597,0.0405188029792614,0.0456106458844996
0.0390398852490467,0.0501872895269597,0.0405188029792614,0.0456106458844996
0.0390398852490467,0.0501872895269597,0.0405188029792614,0.0456106458844996
0.0390398852490467,0.0501872895269597,0.0405188029792614,0.0456106458844996
0.0391298977823055,0.0501872895269597,0.0405188029792614,0.0456106458844996
0.0391298977823055,0.0501872895269597,0.0405188029792614,0.0456106458844996
0.0391298977823055,0.0501872895269597,0.0405188029792614,0.0469520473767099
0.0391298977823055,0.0501872895269597,0.0405188029792614,0.0469520473767099
0.0391298977823055,0.0501872895269597,0.0405188029792614,0.0469520473767099
0.0391298977823055,0.0501872895269597,0.0405188029792614,0.0469520473767099
0.0391298977823055,0.0501872895269597,0.0405188029792614,0.0469520473767099
0.0391298977823055,0.0501872895269597,0.0405188029792614,0.0469520473767099
0.0391298977823055,0.0501872895269597,0.0405188029792614,0.0469520473767099
0.0391298977823055,0.0501872895269597,0.0405188029792614,0.0469520473767099
0.0391298977823055,0.0501872895269597,0.0405188029792614,0.0469520473767099
0.0391298977823055,0.0501872895269597,0.0419728932266329,0.0469520473767099
0.0391298977823055,0.0501872895269597,0.0419728932266329,0.0469520473767099
0.0391298977823055,0.0501872895269597,0.0419728932266329,0.0469520473767099
0.0391298977823055,0.0501872895269597,0.0419728932266329,0.0469520473767099
0.0391298977823055,0.0501872895269597,0.0419728932266329,0.0469520473767099
0.0391298977823055,0.0501872895269597,0.039870374157146,0.0469520473767099
0.0391298977823055,0.0501872895269597,0.039870374157146,0.0469520473767099
0.0391298977823055,0.0409368170726084,0.039870374157146,0.0469520473767099
0.0391298977823055,0.0409368170726084,0.039870374157146,0.0469520473767099
0.0391298977823055,0.0409368170726084,0.039870374157146,0.0469520473767099
0.0391298977823055,0.0409368170726084,0.039870374157146,0.0469520473767099
0.0391298977823055,0.0409368170726084,0.039870374157146,0.0469520473767099
0.0391298977823055,0.0409368170726084,0.039870374157146,0.0469520473767099
0.0391298977823055,0.047010970992888,0.039870374157146,0.0469520473767099
0.0391298977823055,0.047010970992888,0.039870374157146,0.0469520473767099
0.0391298977823055,0.047010970992888,0.039870374157146,0.0469520473767099
0.0391298977823055,0.047010970992888,0.039870374157146,0.0469520473767099
0.0391298977823055,0.047010970992888,0.039870374157146,0.0469520473767099
0.0391298977823055,0.047010970992888,0.039870374157146,0.0469520473767099
0.0405339746288295,0.047010970992888,0.039870374157146,0.0469520473767099
0.0405339746288295,0.047010970992888,0.039870374157146,0.0469520473767099
0.0405339746288295,0.047010970992888,0.039870374157146,0.0469520473767099
0.0405339746288295,0.047010970992888,0.039870374157146,0.0469520473767099
0.0405339746288295,0.047010970992888,0.039870374157146,0.0469520473767099
0.0405339746288295,0.047010970992888,0.039870374157146,0.0469520473767099
0.0405339746288295,0.047010970992888,0.039870374157146,0.0469520473767099
0.0405339746288295,0.047010970992888,0.039870374157146,0.0469520473767099
0.0405339746288295,0.047010970992888,0.039870374157146,0.0469520473767099
0.0405339746288295,0.047010970992888,0.039870374157146,0.0469520473767099
0.0405339746288295,0.047010970992888,0.039870374157146,0.0469520473767099
0.0405339746288295,0.047010970992888,0.039870374157146,0.0469520473767099
0.0405339746288295,0.047010970992888,0.039870374157146,0.0469520473767099
0.0405339746288295,0.047010970992888,0.039870374157146,0.0469520473767099
0.0405339746288295,0.047010970992888,0.039870374157146,0.0494772303196268
0.0405339746288295,0.047010970992888,0.039870374157146,0.0494772303196268
0.0405339746288295,0.047010970992888,0.039870374157146,0.0494772303196268
0.0405339746288295,0.047010970992888,0.039870374157146,0.0494772303196268
0.0405339746288295,0.047010970992888,0.039870374157146,0.0494772303196268
0.0405339746288295,0.047010970992888,0.039870374157146,0.0494772303196268
0.0405339746288295,0.047010970992888,0.039870374157146,0.0494772303196268
0.0405339746288295,0.047010970992888,0.039870374157146,0.0494772303196268
0.0405339746288295,0.047010970992888,0.039870374157146,0.0483586713175613
0.0405339746288295,0.047010970992888,0.039870374157146,0.0483586713175613
0.0405339746288295,0.047010970992888,0.039870374157146,0.0483586713175613
0.0405339746288295,0.047010970992888,0.039870374157146,0.0483586713175613
0.0405339746288295,0.047010970992888,0.039870374157146,0.0410383637974739
0.0405339746288295,0.047010970992888,0.039870374157146,0.0410383637974739
0.0405339746288295,0.047010970992888,0.039870374157146,0.0410383637974739
0.0405339746288295,0.047010970992888,0.039870374157146,0.0457010436323124
0.0405339746288295,0.047010970992888,0.039870374157146,0.0457010436323124
0.0405339746288295,0.047010970992888,0.039870374157146,0.0457010436323124
0.0405339746288295,0.047010970992888,0.039870374157146,0.0457010436323124
0.0405339746288295,0.0491482681375718,0.039870374157146,0.0457010436323124
0.0405339746288295,0.0491482681375718,0.039870374157146,0.0457010436323124
0.0405339746288295,0.0491482681375718,0.039870374157146,0.0457010436323124
0.0405339746288295,0.0491482681375718,0.039870374157146,0.0457010436323124
0.0405339746288295,0.0491482681375718,0.039870374157146,0.0457010436323124
0.0405339746288295,0.0491482681375718,0.039870374157146,0.0457010436323124
0.0405339746288295,0.0491482681375718,0.039870374157146,0.0457010436323124
0.0405339746288295,0.0491482681375718,0.039870374157146,0.0457010436323124
0.0405339746288295,0.0491482681375718,0.039870374157146,0.0457010436323124
0.0423333213947504,0.0491482681375718,0.039870374157146,0.0457010436323124
0.0423333213947504,0.0491482681375718,0.039870374157146,0.0457010436323124
0.0423333213947504,0.0491482681375718,0.039870374157146,0.0457010436323124
0.0423333213947504,0.0491482681375718,0.039870374157146,0.0457010436323124
0.0423333213947504,0.0491482681375718,0.039870374157146,0.0457010436323124
0.0423333213947504,0.0491482681375718,0.039870374157146,0.0457010436323124
0.0423333213947504,0.0491482681375718,0.039870374157146,0.0457010436323124
0.0423333213947504,0.0491482681375718,0.0351556658863269,0.0457010436323124
0.0423333213947504,0.0491482681375718,0.0351556658863269,0.0457010436323124
0.0423333213947504,0.0491482681375718,0.0351556658863269,0.0457010436323124
0.0423333213947504,0.0491482681375718,0.0351556658863269,0.0457010436323124
0.0423333213947504,0.0491482681375718,0.0351556658863269,0.0457010436323124
0.0423333213947504,0.0491482681375718,0.0351556658863269,0.0457010436323124
0.0436547570385641,0.0491482681375718,0.0351556658863269,0.0457010436323124
0.0436547570385641,0.0491482681375718,0.0351556658863269,0.0457010436323124
0.0436547570385641,0.0491482681375718,0.0351556658863269,0.0457010436323124
0.0436547570385641,0.0491482681375718,0.0351556658863269,0.0457010436323124
0.0436547570385641,0.0491482681375718,0.0351556658863269,0.0457010436323124
0.0436547570385641,0.0491482681375718,0.0351556658863269,0.0457010436323124
0.0436547570385641,0.0491482681375718,0.0351556658863269,0.0457010436323124
0.0436547570385641,0.0491482681375718,0.0351556658863269,0.0457010436323124
0.0436547570385641,0.0491482681375718,0.0351556658863269,0.0457010436323124
0.0436547570385641,0.0491482681375718,0.0351556658863269,0.0457010436323124
0.0430783442193992,0.0491482681375718,0.0351556658863269,0.0457010436323124
0.0430783442193992,0.0491482681375718,0.0351556658863269,0.0457010436323124
0.0430783442193992,0.0491482681375718,0.0351556658863269,0.0457010436323124
0.0430783442193992,0.0491482681375718,0.0351556658863269,0.0457010436323124
0.0430783442193992,0.0491482681375718,0.0351556658863269,0.0457010436323124
0.0430783442193992,0.0491482681375718,0.0351556658863269,0.0457010436323124
0.0430783442193992,0.0491482681375718,0.0351556658863269,0.0457010436323124
0.0430783442193992,0.0491482681375718,0.0351556658863269,0.0457010436323124
0.0430783442193992,0.0491482681375718,0.0351556658863269,0.0457010436323124
0.0430783442193992,0.0491482681375718,0.0351556658863269,0.0457010436323124
0.0430783442193992,0.0491482681375718,0.0351556658863269,0.0457010436323124
0.0430783442193992,0.0491482681375718,0.0351556658863269,0.0457010436323124
0.0430783442193992,0.0491482681375718,0.0351556658863269,0.0457010436323124
0.0430783442193992,0.0491482681375718,0.0351556658863269,0.0457010436323124
0.0430783442193992,0.0491482681375718,0.0351556658863269,0.0457010436323124
0.0430783442193992,0.0491482681375718,0.0351556658863269,0.0457010436323124
0.0430783442193992,0.0491482681375718,0.0351556658863269,0.0457010436323124
0.0430783442193992,0.0491482681375718,0.0351556658863269,0.0457010436323124
0.0430783442193992,0.0491482681375718,0.0351556658863269,0.0457010436323124
0.0430783442193992,0.0491482681375718,0.0351556658863269,0.0457010436323124
0.0430783442193992,0.0491482681375718,0.0351556658863269,0.0457010436323124
0.0430783442193992,0.0491482681375718,0.0351556658863269,0.0457010436323124
0.0434200839429967,0.0491482681375718,0.0351556658863269,0.0457010436323124
0.0434200839429967,0.0491482681375718,0.0351556658863269,0.0457010436323124
0.0434200839429967,0.0491482681375718,0.0351556658863269,0.0457010436323124
0.0434200839429967,0.0491482681375718,0.0351556658863269,0.0457010436323124
0.0434200839429967,0.0491482681375718,0.0351556658863269,0.0457010436323124
0.0434200839429967,0.0491482681375718,0.0351556658863269,0.0457010436323124
0.0434200839429967,0.0491482681375718,0.0351556658863269,0.0457010436323124
0.0434200839429967,0.0441515038666733,0.0351556658863269,0.0457010436323124
0.0434200839429967,0.0441515038666733,0.0351556658863269,0.0457010436323124
0.0434200839429967,0.0441515038666733,0.0351556658863269,0.0457010436323124
0.0434200839429967,0.0441515038666733,0.0351556658863269,0.0457010436323124
0.0434200839429967,0.0441515038666733,0.0351556658863269,0.0495590042811858
0.0428645650287964,0.0441515038666733,0.0351556658863269,0.0495590042811858
0.0428645650287964,0.0441515038666733,0.0351556658863269,0.0495590042811858
0.0428645650287964,0.0441515038666733,0.0351556658863269,0.0495590042811858
0.0428645650287964,0.0441515038666733,0.0351556658863269,0.0495590042811858
0.0428645650287964,0.0441515038666733,0.0351556658863269,0.0495590042811858
0.0428645650287964,0.0441515038666733,0.0351556658863269,0.0495590042811858
0.0428645650287964,0.0441515038666733,0.0351556658863269,0.0495590042811858
0.0428645650287964,0.0441515038666733,0.0351556658863269,0.0495590042811858
0.0428645650287964,0.0441515038666733,0.0351556658863269,0.0495590042811858
0.0428645650287964,0.0441515038666733,0.0351556658863269,0.0495590042811858
0.0428645650287964,0.0441515038666733,0.0351556658863269,0.0495590042811858
0.0428645650287964,0.0441515038666733,0.0351556658863269,0.0495590042811858
0.0428645650287964,0.0441515038666733,0.0351556658863269,0.0495590042811858
0.0428645650287964,0.0441515038666733,0.0351556658863269,0.0495590042811858
0.0428645650287964,0.0441515038666733,0.0351556658863269,0.0495590042811858
0.0428645650287964,0.0441515038666733,0.0351556658863269,0.0495590042811858
0.0428645650287964,0.0441515038666733,0.039071781467243,0.0495590042811858
0.0428645650287964,0.0441515038666733,0.039071781467243,0.0495590042811858
0.0428645650287964,0.0441515038666733,0.039071781467243,0.0495590042811858
0.0428645650287964,0.0441515038666733,0.039071781467243,0.0495590042811858
0.0428645650287964,0.0441515038666733,0.039071781467243,0.0495590042811858
0.0433093374996661,0.0441515038666733,0.039071781467243,0.0495590042811858
0.0433093374996661,0.0441515038666733,0.039071781467243,0.0495590042811858
0.0433093374996661,0.0441515038666733,0.039071781467243,0.0495590042811858
0.0433093374996661,0.0441515038666733,0.039071781467243,0.0495590042811858
0.0433093374996661,0.0441515038666733,0.039071781467243,0.0495590042811858
0.0433093374996661,0.0441515038666733,0.039071781467243,0.0495590042811858
0.0433093374996661,0.0441515038666733,0.039071781467243,0.0495590042811858
0.0433093374996661,0.0441515038666733,0.039071781467243,0.0495590042811858
0.0433093374996661,0.0441515038666733,0.039071781467243,0.0495590042811858
0.0433093374996661,0.0441515038666733,0.039071781467243,0.0495590042811858
0.0433093374996661,0.0441515038666733,0.039071781467243,0.0495590042811858
0.0433093374996661,0.0441515038666733,0.039071781467243,0.0495590042811858
0.0433093374996661,0.0441515038666733,0.039071781467243,0.0495590042811858
0.0433093374996661,0.0441515038666733,0.039071781467243,0.0495590042811858
0.0433093374996661,0.0441515038666733,0.039071781467243,0.0495590042811858
0.0433093374996661,0.0441515038666733,0.039071781467243,0.0495590042811858
0.0433093374996661,0.0441515038666733,0.039071781467243,0.0495590042811858
0.0433093374996661,0.0441515038666733,0.0379892069323849,0.0495590042811858
0.0433093374996661,0.0441515038666733,0.0379892069323849,0.0495590042811858
0.0433093374996661,0.0441515038666733,0.0379892069323849,0.0495590042811858
0.0433093374996661,0.0441515038666733,0.0379892069323849,0.0495590042811858
0.0433093374996661,0.0441515038666733,0.0379892069323849,0.0495590042811858
0.0433093374996661,0.0441515038666733,0.0379892069323849,0.0495590042811858
0.0433093374996661,0.0441515038666733,0.0379892069323849,0.0495590042811858
0.0433093374996661,0.0441515038666733,0.0379892069323849,0.0495590042811858
0.0433093374996661,0.0441515038666733,0.0379892069323849,0.0467940702017364
0.0433093374996661,0.0453833502903484,0.0379892069323849,0.0473184989001334
0.0433093374996661,0.0453833502903484,0.0379892069323849,0.0473184989001334
0.0433093374996661,0.0453833502903484,0.0379892069323849,0.0473184989001334
0.0433093374996661,0.0453833502903484,0.0379892069323849,0.0473184989001334
0.0433093374996661,0.0453833502903484,0.0379892069323849,0.0473184989001334
0.0433093374996661,0.0453833502903484,0.0379892069323849,0.0473184989001334
0.0433093374996661,0.0453833502903484,0.0379892069323849,0.0473184989001334
0.0433093374996661,0.0453833502903484,0.0379892069323849,0.0473184989001334
0.0433093374996661,0.0453833502903484,0.0379892069323849,0.0473184989001334
0.0433093374996661,0.0453833502903484,0.0379892069323849,0.0473184989001334
0.0433093374996661,0.0453833502903484,0.0379892069323849,0.0473184989001334
0.0433093374996661,0.0453833502903484,0.0379892069323849,0.0473184989001334
0.0433093374996661,0.0453833502903484,0.0379892069323849,0.0473184989001334
0.0433093374996661,0.0453833502903484,0.0379892069323849,0.0462893585102371
0.0433093374996661,0.0453833502903484,0.0379892069323849,0.0462893585102371
0.0433093374996661,0.0453833502903484,0.0379892069323849,0.0462893585102371
0.0433093374996661,0.0453833502903484,0.0379892069323849,0.0462893585102371
0.0433093374996661,0.0453833502903484,0.0379892069323849,0.0462893585102371
0.0433093374996661,0.0453833502903484,0.0379892069323849,0.0462893585102371
0.0433093374996661,0.0453833502903484,0.0379892069323849,0.0462893585102371
0.0433093374996661,0.0453833502903484,0.0379892069323849,0.0462893585102371
0.0433093374996661,0.0453833502903484,0.0379892069323849,0.0462893585102371
0.0433093374996661,0.0453833502903484,0.0379892069323849,0.0462893585102371
0.0433093374996661,0.0453833502903484,0.0379892069323849,0.0462893585102371
0.0433093374996661,0.0453833502903484,0.0379892069323849,0.0462893585102371
0.0433093374996661,0.0453833502903484,0.0379892069323849,0.0462893585102371
0.0433093374996661,0.0453833502903484,0.0379892069323849,0.0462893585102371
0.0433093374996661,0.0453833502903484,0.0379892069323849,0.0409260301792767
0.0433093374996661,0.0453833502903484,0.0379892069323849,0.0409260301792767
0.0433093374996661,0.0453833502903484,0.0379892069323849,0.0420171467439157
0.0433093374996661,0.0453833502903484,0.0379892069323849,0.0420171467439157
0.0433093374996661,0.0453833502903484,0.0379892069323849,0.0420171467439157
0.0433093374996661,0.0453833502903484,0.0379892069323849,0.0420171467439157
0.0433093374996661,0.0453833502903484,0.0379892069323849,0.0420171467439157
0.0433093374996661,0.0453833502903484,0.0379892069323849,0.0420171467439157
0.0433093374996661,0.0453833502903484,0.0379892069323849,0.0420171467439157
0.0433093374996661,0.0453833502903484,0.0379892069323849,0.0420171467439157
0.0433093374996661,0.0453833502903484,0.0379892069323849,0.0453912099021485
0.0433093374996661,0.0453833502903484,0.0379892069323849,0.0453912099021485
0.0433093374996661,0.0453833502903484,0.0379892069323849,0.0453912099021485
0.0433093374996661,0.0453833502903484,0.0379892069323849,0.0453912099021485
0.0433093374996661,0.0453833502903484,0.0379892069323849,0.0453912099021485
0.0433093374996661,0.0453833502903484,0.0379892069323849,0.0453912099021485
0.0433093374996661,0.0453833502903484,0.0379892069323849,0.0453064026384357
0.0433093374996661,0.0453833502903484,0.0379892069323849,0.0453064026384357
0.0433093374996661,0.0453833502903484,0.0379892069323849,0.0453064026384357
0.0433093374996661,0.0453833502903484,0.0379892069323849,0.0453064026384357
0.0433093374996661,0.0453833502903484,0.0379892069323849,0.0453064026384357
0.0433093374996661,0.0453833502903484,0.0379892069323849,0.0453064026384357
0.0433093374996661,0.0453833502903484,0.0379892069323849,0.0433914636885752
0.0433093374996661,0.0453833502903484,0.0379892069323849,0.0433914636885752
0.0433093374996661,0.0453833502903484,0.0379892069323849,0.0433914636885752
0.0434860845937934,0.0453833502903484,0.0379892069323849,0.0433914636885752
0.0434860845937934,0.0453833502903484,0.0379892069323849,0.0433914636885752
0.0434860845937934,0.0453833502903484,0.0417880457981788,0.0433914636885752
0.0434860845937934,0.0453833502903484,0.0417880457981788,0.0433914636885752
0.0434860845937934,0.0453833502903484,0.0417880457981788,0.0433914636885752
0.0434860845937934,0.0453833502903484,0.0417880457981788,0.0433914636885752
0.0434860845937934,0.0453833502903484,0.0417880457981788,0.0433914636885752
0.0434860845937934,0.0453833502903484,0.0417880457981788,0.0433914636885752
0.0434860845937934,0.0453833502903484,0.0417880457981788,0.0433914636885752
0.0434860845937934,0.0453833502903484,0.0417880457981788,0.0433914636885752
0.0434860845937934,0.0453833502903484,0.0417880457981788,0.0433914636885752
0.0434860845937934,0.0453833502903484,0.0417880457981788,0.0433914636885752
0.0434860845937934,0.0453833502903484,0.0417880457981788,0.0433914636885752
0.0434860845937934,0.0453833502903484,0.0417880457981788,0.0433914636885752
0.0434860845937934,0.0428931690802097,0.0417880457981788,0.0433914636885752
0.0434860845937934,0.0428931690802097,0.0417880457981788,0.0433914636885752
0.0434860845937934,0.0428931690802097,0.0417880457981788,0.0433914636885752
0.0434860845937934,0.0428931690802097,0.0417880457981788,0.0400242625198226
0.0434860845937934,0.0428931690802097,0.0417880457981788,0.0400242625198226
0.0434860845937934,0.0428931690802097,0.0417880457981788,0.0400242625198226
0.0426003342838457,0.0428931690802097,0.0417880457981788,0.0400242625198226
0.0426003342838457,0.0428931690802097,0.0417880457981788,0.0400242625198226
0.0426003342838457,0.0428931690802097,0.0417880457981788,0.0400242625198226
0.0426003342838457,0.0428931690802097,0.0417880457981788,0.0489934765309209
0.0426003342838457,0.0428931690802097,0.0417880457981788,0.0489934765309209
0.0426003342838457,0.0453174240622263,0.0417880457981788,0.0489934765309209
0.0426003342838457,0.0453174240622263,0.0417880457981788,0.0489934765309209
0.0426003342838457,0.0453174240622263,0.0417880457981788,0.0489934765309209
0.0426003342838457,0.0453174240622263,0.0417880457981788,0.0489934765309209
0.0426003342838457,0.0453174240622263,0.0417880457981788,0.0489934765309209
0.0426003342838457,0.0453174240622263,0.0417880457981788,0.0489934765309209
0.0426003342838457,0.0453174240622263,0.0417880457981788,0.0489934765309209
0.0426003342838457,0.0453174240622263,0.0417880457981788,0.0489934765309209
0.0426003342838457,0.0453174240622263,0.0378473834844661,0.0489934765309209
0.0426003342838457,0.0453174240622263,0.0378473834844661,0.0489934765309209
0.0426003342838457,0.0453174240622263,0.0378473834844661,0.0489934765309209
0.0426003342838457,0.0436629557475337,0.0378473834844661,0.0489934765309209
0.0426003342838457,0.0436629557475337,0.0378473834844661,0.0489934765309209
0.0426003342838457,0.0436629557475337,0.0378473834844661,0.0489934765309209
0.0426003342838457,0.0436629557475337,0.0378473834844661,0.0489934765309209
0.0426003342838457,0.0436629557475337,0.0378473834844661,0.0489934765309209
0.0426003342838457,0.0436629557475337,0.0378473834844661,0.0489934765309209
0.0426003342838457,0.0436629557475337,0.0378473834844661,0.0489934765309209
0.0426003342838457,0.0436629557475337,0.0394019349708742,0.0387776085831355
0.0426003342838457,0.0436629557475337,0.0394019349708742,0.0387776085831355
0.0426003342838457,0.0436629557475337,0.0394019349708742,0.0387776085831355
0.0426003342838457,0.0436629557475337,0.0394019349708742,0.0387776085831355
0.0426003342838457,0.0436629557475337,0.0394019349708742,0.0387776085831355
0.0426003342838457,0.0436629557475337,0.0394019349708742,0.0411382663234933
0.0426003342838457,0.0436629557475337,0.0394019349708742,0.0411382663234933
0.0426003342838457,0.0436629557475337,0.0394019349708742,0.0411382663234933
0.0426003342838457,0.0436629557475337,0.0394019349708742,0.0411382663234933
0.0426003342838457,0.0436629557475337,0.0394019349708742,0.0411382663234933
0.0426003342838457,0.0436629557475337,0.0394019349708742,0.0411382663234933
0.0426003342838457,0.0436629557475337,0.0394019349708742,0.0411382663234933
0.0426003342838457,0.0436629557475337,0.0394019349708742,0.0411382663234933
0.0426003342838457,0.0436629557475337,0.0394019349708742,0.0411382663234933
0.0426003342838457,0.0436629557475337,0.0394019349708742,0.0411382663234933
0.0426003342838457,0.0436629557475337,0.0394019349708742,0.0411382663234933
0.0426003342838457,0.0436629557475337,0.0394019349708742,0.0411382663234933
0.0426003342838457,0.0436629557475337,0.0394019349708742,0.0411382663234933
0.0426003342838457,0.0488464910296413,0.0394019349708742,0.0447643905872247
0.0426003342838457,0.0488464910296413,0.0394019349708742,0.0447643905872247
0.0426003342838457,0.0488464910296413,0.0394019349708742,0.0447643905872247
0.0426003342838457,0.0488464910296413,0.0394019349708742,0.0447643905872247
0.0473890445936168,0.0406984917949446,0.0394019349708742,0.0447643905872247
0.0473890445936168,0.0454648584356357,0.0394019349708742,0.0447643905872247
0.0473890445936168,0.0454648584356357,0.0394019349708742,0.0447643905872247
0.0473890445936168,0.0454648584356357,0.0394019349708742,0.0447643905872247
0.0473890445936168,0.0454648584356357,0.0394019349708742,0.0447643905872247
0.0473890445936168,0.0454648584356357,0.0394019349708742,0.0447643905872247
0.0473890445936168,0.0454648584356357,0.0394019349708742,0.0447643905872247
0.0473890445936168,0.0454648584356357,0.0394019349708742,0.0447643905872247
0.0473890445936168,0.0454648584356357,0.0394019349708742,0.0447643905872247
0.0473890445936168,0.0454648584356357,0.0394019349708742,0.0447643905872247
0.0473890445936168,0.0454648584356357,0.0394019349708742,0.0447643905872247
0.0473890445936168,0.0454648584356357,0.0394019349708742,0.0422581615033153
0.0473890445936168,0.0454648584356357,0.0394019349708742,0.0422581615033153
0.0473890445936168,0.0454648584356357,0.0394019349708742,0.0422581615033153
0.0473890445936168,0.0454648584356357,0.0394019349708742,0.0422581615033153
0.0473890445936168,0.0454648584356357,0.0419226490281971,0.0414310819354949
0.0462572649022178,0.0454648584356357,0.0419226490281971,0.0414310819354949
0.0462572649022178,0.0454648584356357,0.0419226490281971,0.0414310819354949
0.0462572649022178,0.0454648584356357,0.0419226490281971,0.0414310819354949
0.0462572649022178,0.0454648584356357,0.0419226490281971,0.0414310819354949
0.0462572649022178,0.0454648584356357,0.0419226490281971,0.0414310819354949
0.0462572649022178,0.0454648584356357,0.0419226490281971,0.0414310819354949
0.0462572649022178,0.0454648584356357,0.0419226490281971,0.0414310819354949
0.0462572649022178,0.0454648584356357,0.0419226490281971,0.0414310819354949
0.0462572649022178,0.0454648584356357,0.0419226490281971,0.0414310819354949
0.0462572649022178,0.0454648584356357,0.0419226490281971,0.0414310819354949
0.0462572649022178,0.0454648584356357,0.0419226490281971,0.0414310819354949
0.0462572649022178,0.0454648584356357,0.0451000066772299,0.0456344267617108
0.0462572649022178,0.0454648584356357,0.0451000066772299,0.0456344267617108
0.0462572649022178,0.0454648584356357,0.0451000066772299,0.0456344267617108
0.0462572649022178,0.0454648584356357,0.0451000066772299,0.0456344267617108
0.0443385693488587,0.0454648584356357,0.0451000066772299,0.0456344267617108
0.0443385693488587,0.0454648584356357,0.0451000066772299,0.0456344267617108
0.0443385693488587,0.0454648584356357,0.0451000066772299,0.0456344267617108
0.0443385693488587,0.0454648584356357,0.0451000066772299,0.0456344267617108
0.0443385693488587,0.0454648584356357,0.0451000066772299,0.0456344267617108
0.0443385693488587,0.0454648584356357,0.0451000066772299,0.0456344267617108
0.0443385693488587,0.0454648584356357,0.0451000066772299,0.0456344267617108
0.0443385693488587,0.0454648584356357,0.0451000066772299,0.0456344267617108
0.0443385693488587,0.0454648584356357,0.0451000066772299,0.0456344267617108
0.0443385693488587,0.0454648584356357,0.0451000066772299,0.0456344267617108
0.0443385693488587,0.0454648584356357,0.0451000066772299,0.0456344267617108
0.0443385693488587,0.0454648584356357,0.0451000066772299,0.0456344267617108
0.0443385693488587,0.0454648584356357,0.0451000066772299,0.0456344267617108
0.0443385693488587,0.0454648584356357,0.0451000066772299,0.0456344267617108
0.0443385693488587,0.0454648584356357,0.0451000066772299,0.0456344267617108
0.0443385693488587,0.0454648584356357,0.0451000066772299,0.0456344267617108
0.0443385693488587,0.0454648584356357,0.0451000066772299,0.0456344267617108
0.0443385693488587,0.0454648584356357,0.0451000066772299,0.0456344267617108
0.0443385693488587,0.0454648584356357,0.0451000066772299,0.0456344267617108
0.0443385693488587,0.0454648584356357,0.0451000066772299,0.0456344267617108
0.0443385693488587,0.0454648584356357,0.0409537682184848,0.0456344267617108
0.0443385693488587,0.0454648584356357,0.0409537682184848,0.0456344267617108
0.0443385693488587,0.0454648584356357,0.0409537682184848,0.0456344267617108
0.0443385693488587,0.0454648584356357,0.0409537682184848,0.0456344267617108
0.0443385693488587,0.0454648584356357,0.0409537682184848,0.0456344267617108
0.0443385693488587,0.0454648584356357,0.0409537682184848,0.0468536670133051
0.0443385693488587,0.0454648584356357,0.0412844670870203,0.0468536670133051
0.0443385693488587,0.0454648584356357,0.0412844670870203,0.0468536670133051
0.0443385693488587,0.0454648584356357,0.0412844670870203,0.0468536670133051
0.0443385693488587,0.0454648584356357,0.0412844670870203,0.0468536670133051
0.0443385693488587,0.0454648584356357,0.0412844670870203,0.0468536670133051
0.0443385693488587,0.0454648584356357,0.0412844670870203,0.0468536670133051
0.0465599882322877,0.0454648584356357,0.0412844670870203,0.0468536670133051
0.0465599882322877,0.0454648584356357,0.0412844670870203,0.0468536670133051
0.0465599882322877,0.0454648584356357,0.0412844670870203,0.0468536670133051
0.0465599882322877,0.0454648584356357,0.0412844670870203,0.0468536670133051
0.0465599882322877,0.0454648584356357,0.0412844670870203,0.0468536670133051
0.0465599882322877,0.0454648584356357,0.0412844670870203,0.0468536670133051
0.0465599882322877,0.0454648584356357,0.0412844670870203,0.0468536670133051
0.0465599882322877,0.0454648584356357,0.0412844670870203,0.0468536670133051
0.0465599882322877,0.0454648584356357,0.0412844670870203,0.0468536670133051
0.0465599882322877,0.0454648584356357,0.0412844670870203,0.0468536670133051
0.0465599882322877,0.0454648584356357,0.0412844670870203,0.0468536670133051
0.0465599882322877,0.0454648584356357,0.0412844670870203,0.0468536670133051
0.0465599882322877,0.0454648584356357,0.0412844670870203,0.0468536670133051
0.0465599882322877,0.0454648584356357,0.0412844670870203,0.0468536670133051
0.0465599882322877,0.0454648584356357,0.0412844670870203,0.0468536670133051
0.0465599882322877,0.0454648584356357,0.0412844670870203,0.0468536670133051
0.0465599882322877,0.0454648584356357,0.0412844670870203,0.0468536670133051
0.0465599882322877,0.0454648584356357,0.0412844670870203,0.0468536670133051
0.0465599882322877,0.0454648584356357,0.0412844670870203,0.0468536670133051
0.0465599882322877,0.0454648584356357,0.0412844670870203,0.0468536670133051
0.0465599882322877,0.0454648584356357,0.0412844670870203,0.0468536670133051
0.0465599882322877,0.0454648584356357,0.0412844670870203,0.0468536670133051
0.0465599882322877,0.0454648584356357,0.0412844670870203,0.0468536670133051
0.0465599882322877,0.0454648584356357,0.0412844670870203,0.0468536670133051
0.0465599882322877,0.0454648584356357,0.0412844670870203,0.0468536670133051
0.0465599882322877,0.0454648584356357,0.0412844670870203,0.0468536670133051
0.0465599882322877,0.0454648584356357,0.0412844670870203,0.0468536670133051
0.0465599882322877,0.0454648584356357,0.0412844670870203,0.0468536670133051
0.0465599882322877,0.0454648584356357,0.0412844670870203,0.0468536670133051
0.0465599882322877,0.0454648584356357,0.0412844670870203,0.0468536670133051
0.0465599882322877,0.0454648584356357,0.0389811785914106,0.0468536670133051
0.0465599882322877,0.0454648584356357,0.0389811785914106,0.0480250506013321
0.0465599882322877,0.0454648584356357,0.0389811785914106,0.0480250506013321
0.0465599882322877,0.0454648584356357,0.0389811785914106,0.0480250506013321
0.0465599882322877,0.0454648584356357,0.0389811785914106,0.0480250506013321
0.0465599882322877,0.0503031568081377,0.0389811785914106,0.0480250506013321
0.0465599882322877,0.054914379414576,0.0389811785914106,0.0480250506013321
0.0465599882322877,0.054914379414576,0.0389811785914106,0.0480250506013321
0.0465599882322877,0.054914379414576,0.0389811785914106,0.0480250506013321
0.0465599882322877,0.054914379414576,0.0389811785914106,0.0480250506013321
0.0465599882322877,0.054914379414576,0.0389811785914106,0.0480250506013321
0.0465599882322877,0.054914379414576,0.0389811785914106,0.0480250506013321
0.0465599882322877,0.054914379414576,0.0389811785914106,0.0480250506013321
0.0465599882322877,0.054914379414576,0.0389811785914106,0.0480250506013321
0.0465599882322877,0.054914379414576,0.0389811785914106,0.0480250506013321
0.0465599882322877,0.054914379414576,0.0389811785914106,0.0480250506013321
0.0465599882322877,0.054914379414576,0.0389811785914106,0.0480250506013321
0.0465599882322877,0.054914379414576,0.0389811785914106,0.0480250506013321
0.0465599882322877,0.054914379414576,0.0389811785914106,0.0480250506013321
0.0465599882322877,0.054914379414576,0.0389811785914106,0.0480250506013321
0.0465599882322877,0.054914379414576,0.0389811785914106,0.0480250506013321
0.0465599882322877,0.054914379414576,0.0389811785914106,0.0480250506013321
0.0465599882322877,0.054914379414576,0.0389811785914106,0.0480250506013321
0.0465599882322877,0.054914379414576,0.0389811785914106,0.0480250506013321
0.0465599882322877,0.054914379414576,0.0389811785914106,0.0480250506013321
0.0465599882322877,0.054914379414576,0.0389811785914106,0.0480250506013321
0.0465599882322877,0.054914379414576,0.0389811785914106,0.0480250506013321
0.0465599882322877,0.054914379414576,0.0389811785914106,0.0480250506013321
0.0465599882322877,0.054914379414576,0.0389811785914106,0.0480250506013321
0.0465599882322877,0.054914379414576,0.0389811785914106,0.0480250506013321
0.0465599882322877,0.054914379414576,0.0389811785914106,0.0480250506013321
0.0465599882322877,0.054914379414576,0.0389811785914106,0.0480250506013321
0.0465599882322877,0.054914379414576,0.0389811785914106,0.0480250506013321
0.0465599882322877,0.054914379414576,0.0389811785914106,0.0480250506013321
0.0465599882322877,0.054914379414576,0.0389811785914106,0.0480250506013321
0.0465599882322877,0.054914379414576,0.0389811785914106,0.0480250506013321
0.0465599882322877,0.054914379414576,0.0389811785914106,0.0480250506013321
0.0465599882322877,0.054914379414576,0.0389811785914106,0.0480250506013321
0.0465599882322877,0.054914379414576,0.0389811785914106,0.0480250506013321
0.0465599882322877,0.054914379414576,0.0389811785914106,0.0480250506013321
0.0465599882322877,0.054914379414576,0.0389811785914106,0.0480250506013321
0.0465599882322877,0.054914379414576,0.0389811785914106,0.0480250506013321
0.0465599882322877,0.054914379414576,0.0389811785914106,0.0480250506013321
0.0465599882322877,0.054914379414576,0.0389811785914106,0.0480250506013321
0.0465599882322877,0.054914379414576,0.0389811785914106,0.0480250506013321
0.0465599882322877,0.054914379414576,0.0389811785914106,0.0480250506013321
0.0465599882322877,0.054914379414576,0.0389811785914106,0.0480250506013321
0.0465599882322877,0.0516503858473925,0.0389811785914106,0.0480250506013321
0.0465599882322877,0.0516503858473925,0.0389811785914106,0.0480250506013321
0.0465599882322877,0.0578526971003437,0.0389811785914106,0.0480250506013321
0.0465599882322877,0.0578526971003437,0.0389811785914106,0.0480250506013321
0.0465599882322877,0.0578526971003437,0.0389811785914106,0.0480250506013321
0.0465599882322877,0.0578526971003437,0.0389811785914106,0.0480250506013321
0.0465599882322877,0.0578526971003437,0.0389811785914106,0.0480250506013321
0.0465599882322877,0.0578526971003437,0.0389811785914106,0.0480250506013321
0.0465599882322877,0.0578526971003437,0.0389811785914106,0.0480250506013321
0.0465599882322877,0.0578526971003437,0.0389811785914106,0.0480250506013321
0.0465599882322877,0.0578526971003437,0.0417156008113137,0.0480250506013321
0.0465599882322877,0.0578526971003437,0.0417156008113137,0.0480250506013321
0.0465599882322877,0.0578526971003437,0.0417156008113137,0.0480250506013321
0.0465599882322877,0.0578526971003437,0.0417156008113137,0.0480250506013321
0.0465599882322877,0.0578526971003437,0.0417156008113137,0.0480250506013321
0.0465599882322877,0.0578526971003437,0.0417156008113137,0.0480250506013321
0.0465599882322877,0.0578526971003437,0.0417156008113137,0.0480250506013321
0.0465599882322877,0.0578526971003437,0.0417156008113137,0.0480250506013321
0.0465599882322877,0.0578526971003437,0.0417156008113137,0.0480250506013321
0.0465599882322877,0.0578526971003437,0.0417156008113137,0.0480250506013321
0.0465599882322877,0.0649804311263177,0.0417156008113137,0.0480250506013321
0.0465599882322877,0.0649804311263177,0.0417156008113137,0.0480250506013321
0.0439070150583907,0.0649804311263177,0.0417156008113137,0.0480250506013321
0.0468625498285602,0.0649804311263177,0.0417156008113137,0.0480250506013321
0.0468625498285602,0.0649804311263177,0.0417156008113137,0.0480250506013321
0.0468625498285602,0.0649804311263177,0.0417156008113137,0.0480250506013321
0.0468625498285602,0.0649804311263177,0.0417156008113137,0.0480250506013321
0.0468625498285602,0.0649804311263177,0.0417156008113137,0.0467648145843157
0.0468625498285602,0.0649804311263177,0.0417156008113137,0.0467648145843157
0.0468625498285602,0.0649804311263177,0.0417156008113137,0.0467648145843157
0.0468625498285602,0.0649804311263177,0.0417156008113137,0.0467648145843157
0.0468625498285602,0.0649804311263177,0.0417156008113137,0.0467648145843157
0.0468625498285602,0.0649804311263177,0.0417156008113137,0.0467648145843157
0.0468625498285602,0.0649804311263177,0.0417156008113137,0.0467648145843157
0.0468625498285602,0.0649804311263177,0.0386306267064865,0.0467648145843157
0.0468625498285602,0.0649804311263177,0.0386306267064865,0.0467648145843157
0.0468625498285602,0.0649804311263177,0.0386306267064865,0.0467648145843157
0.0468625498285602,0.0649804311263177,0.0386306267064865,0.0467648145843157
0.0468625498285602,0.0649804311263177,0.0386306267064865,0.0467648145843157
0.0468625498285602,0.0649804311263177,0.0386306267064865,0.0451645518291124
0.0468625498285602,0.0649804311263177,0.0386306267064865,0.0451645518291124
0.0468625498285602,0.0649804311263177,0.0386306267064865,0.0451645518291124
0.0468625498285602,0.0649804311263177,0.0386306267064865,0.0451645518291124
0.0468625498285602,0.0649804311263177,0.0386306267064865,0.0451645518291124
0.0468625498285602,0.0649804311263177,0.0386306267064865,0.0451645518291124
0.0468625498285602,0.0649804311263177,0.0386306267064865,0.0466285519402718
0.0468625498285602,0.0649804311263177,0.0386306267064865,0.0466285519402718
0.0468625498285602,0.0649804311263177,0.0386306267064865,0.0466285519402718
0.0468625498285602,0.0649804311263177,0.0386306267064865,0.0466285519402718
0.0468625498285602,0.0649804311263177,0.0386306267064865,0.0466285519402718
0.0468625498285602,0.0649804311263177,0.0386306267064865,0.0466285519402718
0.0468625498285602,0.0649804311263177,0.0379637938544991,0.0466285519402718
0.0468625498285602,0.0649804311263177,0.0379637938544991,0.0466285519402718
0.0468625498285602,0.0649804311263177,0.0379637938544991,0.0466285519402718
0.0468625498285602,0.0649804311263177,0.0379637938544991,0.0466285519402718
0.0468625498285602,0.0649804311263177,0.0379637938544991,0.0466285519402718
0.0468625498285602,0.0649804311263177,0.0379637938544991,0.0466285519402718
0.0468625498285602,0.0649804311263177,0.0379637938544991,0.0466285519402718
0.0468625498285602,0.0649804311263177,0.0379637938544991,0.0466285519402718
0.0468625498285602,0.0649804311263177,0.0379637938544991,0.0466285519402718
0.0468625498285602,0.0649804311263177,0.0364527859693915,0.0466285519402718
0.0468625498285602,0.0649804311263177,0.0364527859693915,0.0466285519402718
0.0468625498285602,0.0649804311263177,0.0364527859693915,0.0466285519402718
0.0468625498285602,0.0649804311263177,0.0364527859693915,0.0466285519402718
0.0468625498285602,0.0649804311263177,0.0364527859693915,0.0466285519402718
0.0468625498285602,0.0649804311263177,0.0364527859693915,0.0466285519402718
0.0468625498285602,0.0649804311263177,0.0364527859693915,0.0466285519402718
0.0468625498285602,0.0649804311263177,0.0364527859693915,0.0466285519402718
0.0468625498285602,0.0649804311263177,0.0364527859693915,0.0466285519402718
0.0468625498285602,0.0649804311263177,0.0364527859693915,0.0466285519402718
0.0468625498285602,0.0649804311263177,0.0364527859693915,0.0466285519402718
0.0468625498285602,0.0649804311263177,0.0364527859693915,0.0466285519402718
0.0468625498285602,0.0649804311263177,0.0364527859693915,0.0466285519402718
0.0468625498285602,0.0649804311263177,0.0364527859693915,0.0466285519402718
0.0468625498285602,0.0649804311263177,0.0364527859693915,0.0466285519402718
0.0468625498285602,0.0649804311263177,0.0364527859693915,0.0466285519402718
0.0468625498285602,0.0649804311263177,0.0364527859693915,0.0466285519402718
0.0468625498285602,0.0649804311263177,0.0364527859693915,0.0466285519402718
0.0468625498285602,0.0649804311263177,0.0364527859693915,0.0466285519402718
0.0468625498285602,0.0649804311263177,0.0364527859693915,0.0466285519402718
0.0468625498285602,0.0649804311263177,0.0364527859693915,0.0466285519402718
0.0468625498285602,0.0649804311263177,0.0364527859693915,0.0466285519402718
0.0468625498285602,0.0649804311263177,0.0364527859693915,0.0466285519402718
0.0468625498285602,0.0649804311263177,0.0364527859693915,0.0466285519402718
0.0468625498285602,0.0649804311263177,0.0380584072095241,0.0466285519402718
0.0468625498285602,0.0649804311263177,0.0380584072095241,0.0466285519402718
0.0468625498285602,0.0649804311263177,0.0380584072095241,0.0466285519402718
0.0468625498285602,0.0649804311263177,0.0380584072095241,0.0466285519402718
0.0468625498285602,0.0649804311263177,0.0380584072095241,0.0466285519402718
0.0468625498285602,0.0649804311263177,0.0380584072095241,0.0466285519402718
0.0468625498285602,0.0649804311263177,0.0380584072095241,0.0466285519402718
0.0468625498285602,0.0649804311263177,0.0380584072095241,0.0466285519402718
0.0468625498285602,0.0649804311263177,0.0380584072095241,0.0466285519402718
0.0468625498285602,0.0649804311263177,0.0380584072095241,0.0466285519402718
0.0468625498285602,0.0649804311263177,0.0380584072095241,0.0466285519402718
0.0468625498285602,0.0649804311263177,0.0380584072095241,0.0466285519402718
0.0468625498285602,0.0649804311263177,0.0380584072095241,0.0466285519402718
0.0468625498285602,0.0649804311263177,0.0380584072095241,0.0466285519402718
0.0468625498285602,0.0649804311263177,0.0380584072095241,0.0466285519402718
0.0468625498285602,0.0649804311263177,0.0380584072095241,0.0466285519402718
0.0468625498285602,0.0649804311263177,0.0380584072095241,0.0466285519402718
0.0468625498285602,0.0649804311263177,0.0380584072095241,0.0413062452581233
0.0468625498285602,0.0649804311263177,0.0380584072095241,0.0413062452581233
0.0468625498285602,0.0649804311263177,0.0380584072095241,0.0413062452581233
0.0468625498285602,0.0649804311263177,0.0380584072095241,0.0413062452581233
0.0468625498285602,0.0649804311263177,0.0380584072095241,0.0413062452581233
0.0468625498285602,0.0649804311263177,0.0380584072095241,0.0413062452581233
0.0468625498285602,0.0649804311263177,0.0380584072095241,0.0413062452581233
0.0469318495903452,0.0649804311263177,0.0380584072095241,0.0413062452581233
0.0469318495903452,0.0649804311263177,0.0380584072095241,0.0413062452581233
0.0469318495903452,0.0649804311263177,0.0380584072095241,0.0413062452581233
0.0469318495903452,0.0649804311263177,0.0380584072095241,0.0357427125878073
0.0469318495903452,0.0529207900757368,0.0380584072095241,0.0357427125878073
0.0469318495903452,0.0529207900757368,0.0380584072095241,0.0368190147267723
0.0469318495903452,0.0529207900757368,0.0380584072095241,0.0368190147267723
0.0457166941449407,0.0529207900757368,0.0380584072095241,0.0368190147267723
0.0457166941449407,0.0529207900757368,0.0380584072095241,0.0368190147267723
0.0457166941449407,0.0529207900757368,0.0380584072095241,0.0368190147267723
0.0457166941449407,0.0529207900757368,0.0380584072095241,0.0368190147267723
0.0457166941449407,0.0529207900757368,0.0380584072095241,0.0368190147267723
0.0457166941449407,0.0529207900757368,0.0380584072095241,0.0368190147267723
0.0457166941449407,0.0529207900757368,0.0380584072095241,0.0368190147267723
0.0457166941449407,0.0529207900757368,0.0380584072095241,0.0368190147267723
0.0457166941449407,0.0529207900757368,0.0380584072095241,0.0368190147267723
0.0457166941449407,0.0529207900757368,0.0380584072095241,0.0368190147267723
0.0507894258014609,0.0529207900757368,0.0380584072095241,0.0368190147267723
0.0507894258014609,0.0529207900757368,0.0380584072095241,0.0368190147267723
0.0507894258014609,0.0529207900757368,0.0380584072095241,0.0368190147267723
0.0507894258014609,0.0529207900757368,0.0380584072095241,0.0417527062825697
0.0507894258014609,0.0529207900757368,0.0380584072095241,0.0417527062825697
0.0507894258014609,0.0529207900757368,0.0380584072095241,0.0417527062825697
0.0507894258014609,0.0529207900757368,0.0380584072095241,0.0417527062825697
0.0507894258014609,0.0529207900757368,0.0380584072095241,0.0417527062825697
0.0507894258014609,0.0529207900757368,0.0380584072095241,0.0417527062825697
0.0508439997599885,0.0529207900757368,0.0380584072095241,0.0417527062825697
0.0508439997599885,0.0529207900757368,0.0380584072095241,0.0417527062825697
0.0508439997599885,0.0529207900757368,0.0380584072095241,0.0417527062825697
0.0508439997599885,0.0529207900757368,0.0380584072095241,0.0417527062825697
0.0508439997599885,0.0529207900757368,0.0380584072095241,0.0417527062825697
0.0508439997599885,0.0529207900757368,0.0380584072095241,0.0417527062825697
0.0508439997599885,0.0529207900757368,0.0380584072095241,0.0417527062825697
0.0508439997599885,0.0529207900757368,0.0380584072095241,0.0417527062825697
0.0508439997599885,0.0529207900757368,0.0380584072095241,0.0417527062825697
0.0508439997599885,0.0529207900757368,0.0380584072095241,0.0417527062825697
0.0508439997599885,0.0529207900757368,0.0380584072095241,0.0417527062825697
0.0508439997599885,0.0529207900757368,0.0380584072095241,0.0417527062825697
0.0508439997599885,0.0510547532916589,0.0380584072095241,0.0417527062825697
0.0508439997599885,0.0510547532916589,0.0380584072095241,0.0417527062825697
0.0508439997599885,0.0510547532916589,0.0380584072095241,0.0417527062825697
0.0508439997599885,0.0510547532916589,0.0380584072095241,0.0417527062825697
0.0508439997599885,0.0510547532916589,0.0380584072095241,0.0437409383028388
0.0508439997599885,0.0510547532916589,0.0380584072095241,0.0437409383028388
0.0508439997599885,0.0510547532916589,0.0380584072095241,0.0437409383028388
0.0508439997599885,0.0472817772538876,0.0380584072095241,0.0437409383028388
0.0508439997599885,0.0472817772538876,0.0380584072095241,0.0437409383028388
0.0508439997599885,0.0472817772538876,0.0380584072095241,0.0437409383028388
0.0508439997599885,0.0472817772538876,0.0380584072095241,0.0437409383028388
0.0508439997599885,0.0472817772538876,0.0380584072095241,0.0437409383028388
0.0508439997599885,0.0472817772538876,0.0380584072095241,0.0437409383028388
0.0508439997599885,0.0472817772538876,0.0380584072095241,0.0437409383028388
0.0508439997599885,0.0472817772538876,0.0380584072095241,0.0437409383028388
0.0508439997599885,0.0472817772538876,0.0380584072095241,0.0437409383028388
0.0508439997599885,0.0472817772538876,0.0380584072095241,0.0437409383028388
0.0508439997599885,0.0472817772538876,0.0380584072095241,0.0437409383028388
0.0508439997599885,0.0472817772538876,0.0380584072095241,0.0437409383028388
0.0508439997599885,0.0472817772538876,0.0380584072095241,0.0437409383028388
0.0508439997599885,0.0472817772538876,0.0380584072095241,0.0437409383028388
0.0508439997599885,0.0472817772538876,0.0380584072095241,0.0437409383028388
0.0508439997599885,0.0472817772538876,0.0380584072095241,0.0437409383028388
0.0508439997599885,0.0472817772538876,0.0380584072095241,0.0437409383028388
0.0457523387717548,0.0472817772538876,0.0380584072095241,0.0437409383028388
0.0457523387717548,0.0472817772538876,0.0380584072095241,0.0437409383028388
0.0457523387717548,0.0472817772538876,0.0380584072095241,0.044032108248011
0.0457523387717548,0.0472817772538876,0.0380584072095241,0.044032108248011
0.0457523387717548,0.0472817772538876,0.0380584072095241,0.044032108248011
0.0457523387717548,0.0472817772538876,0.0380584072095241,0.044032108248011
0.0457523387717548,0.0472817772538876,0.0380584072095241,0.044032108248011
0.0457523387717548,0.0472817772538876,0.0380584072095241,0.044032108248011
0.0457523387717548,0.0472817772538876,0.0380584072095241,0.044032108248011
0.0457523387717548,0.0472817772538876,0.0380584072095241,0.0412626542069323
0.0457523387717548,0.0472817772538876,0.0380584072095241,0.0412626542069323
0.0457523387717548,0.0472817772538876,0.0380584072095241,0.0412626542069323
0.0457523387717548,0.0472817772538876,0.0380584072095241,0.0412626542069323
0.0457523387717548,0.0472817772538876,0.0380584072095241,0.0412626542069323
0.0457523387717548,0.0472817772538876,0.0380584072095241,0.0412626542069323
0.0457523387717548,0.0472817772538876,0.0380584072095241,0.0412626542069323
0.0457523387717548,0.0472817772538876,0.0380584072095241,0.0412626542069323
0.0457523387717548,0.0472817772538876,0.0380584072095241,0.0412626542069323
0.0457523387717548,0.0472817772538876,0.0380584072095241,0.0412626542069323
0.0457523387717548,0.0472817772538876,0.0380584072095241,0.0412626542069323
0.0457523387717548,0.0472817772538876,0.0380584072095241,0.0412626542069323
0.0457523387717548,0.0472817772538876,0.0380584072095241,0.0412626542069323
0.0464898621361832,0.0472817772538876,0.0380584072095241,0.0412626542069323
0.0464898621361832,0.0472817772538876,0.0380584072095241,0.0412626542069323
0.0464898621361832,0.0472817772538876,0.0380584072095241,0.0412626542069323
0.0464898621361832,0.0600031404221175,0.0380584072095241,0.0412626542069323
0.0464898621361832,0.0600031404221175,0.0380584072095241,0.0412626542069323
0.0464898621361832,0.0600031404221175,0.0380584072095241,0.0412626542069323
0.0464898621361832,0.0600031404221175,0.0380584072095241,0.0412626542069323
0.0464898621361832,0.0600031404221175,0.0380584072095241,0.0412626542069323
0.0464898621361832,0.0600031404221175,0.0380584072095241,0.0412626542069323
0.046218412192345,0.0600031404221175,0.0380584072095241,0.0412626542069323
0.046218412192345,0.0600031404221175,0.0380584072095241,0.0412626542069323
0.046218412192345,0.0600031404221175,0.0380584072095241,0.0412626542069323
0.046218412192345,0.0600031404221175,0.0380584072095241,0.0412626542069323
0.046218412192345,0.0510580326524433,0.0380584072095241,0.0412626542069323
0.046218412192345,0.0510580326524433,0.0380584072095241,0.0412626542069323
0.046218412192345,0.0510580326524433,0.0380584072095241,0.0412626542069323
0.046218412192345,0.0510580326524433,0.0380584072095241,0.0412626542069323
0.046218412192345,0.0510580326524433,0.0380584072095241,0.0412626542069323
0.046218412192345,0.0510580326524433,0.0380584072095241,0.0412626542069323
0.046218412192345,0.0510580326524433,0.0380584072095241,0.0412626542069323
0.046218412192345,0.0510580326524433,0.0380584072095241,0.0412626542069323
0.046218412192345,0.0510580326524433,0.0380584072095241,0.0412626542069323
0.046218412192345,0.0510580326524433,0.0380584072095241,0.0412626542069323
0.046218412192345,0.0510580326524433,0.0380584072095241,0.0412626542069323
0.046218412192345,0.0510580326524433,0.0380584072095241,0.0412626542069323
0.046218412192345,0.0510580326524433,0.0380584072095241,0.0412626542069323
0.046218412192345,0.0510580326524433,0.0380584072095241,0.0412626542069323
0.046218412192345,0.0510580326524433,0.0380584072095241,0.0412626542069323
0.046218412192345,0.0510580326524433,0.0380584072095241,0.0412626542069323
0.046218412192345,0.0510580326524433,0.0380584072095241,0.0412626542069323
0.046218412192345,0.0510580326524433,0.0380584072095241,0.039826575689398
0.046218412192345,0.0510580326524433,0.0380584072095241,0.039826575689398
0.046218412192345,0.0538579918040231,0.0380584072095241,0.039826575689398
0.046218412192345,0.0538579918040231,0.0380584072095241,0.039826575689398
0.046218412192345,0.0538579918040231,0.0380584072095241,0.0436232351801551
0.046218412192345,0.0538579918040231,0.0380584072095241,0.0436232351801551
0.046218412192345,0.0538579918040231,0.0380584072095241,0.0436232351801551
0.046218412192345,0.0538579918040231,0.0380584072095241,0.0436232351801551
0.046218412192345,0.0538579918040231,0.0380584072095241,0.0436232351801551
0.046218412192345,0.0538579918040231,0.0380584072095241,0.0436232351801551
0.046218412192345,0.0538579918040231,0.0380584072095241,0.0436232351801551
0.046218412192345,0.0538579918040231,0.0380584072095241,0.0436232351801551
0.046218412192345,0.0538579918040231,0.0380584072095241,0.0436232351801551
0.046218412192345,0.0538579918040231,0.0380584072095241,0.0436232351801551
0.046218412192345,0.0538579918040231,0.0380584072095241,0.0436232351801551
0.046218412192345,0.0538579918040231,0.0380584072095241,0.0436232351801551
0.046218412192345,0.0531103973960071,0.0380584072095241,0.0436232351801551
0.046218412192345,0.0531103973960071,0.0380584072095241,0.0436232351801551
0.046218412192345,0.0531103973960071,0.0380584072095241,0.0436232351801551
0.046218412192345,0.0531103973960071,0.0380584072095241,0.0436232351801551
0.046218412192345,0.0531103973960071,0.0380584072095241,0.0436232351801551
0.046218412192345,0.0531103973960071,0.0380584072095241,0.0436232351801551
0.046218412192345,0.0552376704055372,0.0380584072095241,0.0436232351801551
0.046218412192345,0.0582022594832146,0.0380584072095241,0.0436232351801551
0.046218412192345,0.0582022594832146,0.0380584072095241,0.0436232351801551
0.046218412192345,0.0582022594832146,0.0380584072095241,0.0436232351801551
0.046218412192345,0.0582022594832146,0.0380584072095241,0.0380240421474766
0.046218412192345,0.0582022594832146,0.0380584072095241,0.0380240421474766
0.046218412192345,0.0582022594832146,0.0369216354953087,0.0380240421474766
0.046218412192345,0.0582022594832146,0.0369216354953087,0.0380240421474766
0.046218412192345,0.0582022594832146,0.0369216354953087,0.0380240421474766
0.046218412192345,0.0561714483237396,0.0369216354953087,0.0380240421474766
0.0517403483241015,0.0561714483237396,0.0369216354953087,0.0380240421474766
0.0517403483241015,0.0561714483237396,0.0369216354953087,0.0420495649517186
0.0517403483241015,0.0561714483237396,0.0369216354953087,0.0420495649517186
0.0517403483241015,0.0561714483237396,0.0369216354953087,0.0420495649517186
0.0517403483241015,0.0561714483237396,0.0369216354953087,0.0420495649517186
0.0517403483241015,0.0561714483237396,0.0369216354953087,0.0420495649517186
0.0517403483241015,0.0561714483237396,0.0369216354953087,0.0420495649517186
0.0517403483241015,0.0561714483237396,0.0369216354953087,0.0420495649517186
0.0517403483241015,0.0561714483237396,0.0369216354953087,0.0420495649517186
0.0517403483241015,0.0561714483237396,0.0369216354953087,0.0420495649517186
0.0517403483241015,0.0561714483237396,0.0369216354953087,0.0420495649517186
0.0517403483241015,0.0561714483237396,0.0369216354953087,0.0420495649517186
0.0517403483241015,0.0561714483237396,0.0369216354953087,0.0420495649517186
0.0517403483241015,0.0561714483237396,0.0369216354953087,0.0420495649517186
0.0517403483241015,0.0561714483237396,0.0369216354953087,0.0443248508561891
0.0517403483241015,0.0561714483237396,0.0369216354953087,0.0441813893159655
0.0517403483241015,0.0561714483237396,0.0369216354953087,0.0441813893159655
0.0517403483241015,0.0561714483237396,0.0369216354953087,0.0441813893159655
0.0517403483241015,0.0561714483237396,0.0369216354953087,0.0441813893159655
0.0517403483241015,0.0561714483237396,0.0369216354953087,0.0441813893159655
0.0517403483241015,0.0561714483237396,0.0369216354953087,0.0441813893159655
0.0517403483241015,0.0561714483237396,0.0369216354953087,0.0441813893159655
0.0517403483241015,0.0561714483237396,0.0369216354953087,0.0441813893159655
0.0517403483241015,0.0561714483237396,0.0369216354953087,0.0441813893159655
0.0517403483241015,0.0561714483237396,0.0369216354953087,0.0441813893159655
0.0517403483241015,0.0561714483237396,0.0369216354953087,0.0441813893159655
0.0517403483241015,0.0561714483237396,0.0369216354953087,0.0493067405491456
0.0517403483241015,0.0561714483237396,0.0369216354953087,0.0493067405491456
0.0517403483241015,0.0561714483237396,0.0369216354953087,0.0493067405491456
0.0517403483241015,0.0561714483237396,0.0369216354953087,0.0493067405491456
0.0517403483241015,0.0561714483237396,0.0425075379217453,0.0403346471411213
0.0517403483241015,0.0561714483237396,0.0425075379217453,0.0403346471411213
0.0517403483241015,0.0561714483237396,0.0425533068736674,0.0403346471411213
0.0517403483241015,0.0561714483237396,0.0425533068736674,0.0403346471411213
0.0517403483241015,0.0561714483237396,0.0425533068736674,0.0403346471411213
0.0517403483241015,0.0561714483237396,0.0425533068736674,0.0403346471411213
0.0517403483241015,0.0561714483237396,0.0425533068736674,0.0403346471411213
0.0517403483241015,0.0561714483237396,0.0425533068736674,0.0403346471411213
0.0517403483241015,0.0561714483237396,0.0425533068736674,0.0403346471411213
0.0517403483241015,0.0561714483237396,0.0425533068736674,0.0403346471411213
0.0517403483241015,0.0561714483237396,0.0425533068736674,0.0403346471411213
0.0517403483241015,0.0561714483237396,0.0425533068736674,0.0403346471411213
0.0517403483241015,0.0561714483237396,0.0425533068736674,0.0403346471411213
0.0517403483241015,0.0561714483237396,0.0425533068736674,0.0403346471411213
0.0517403483241015,0.0561714483237396,0.0425533068736674,0.0403346471411213
0.0517403483241015,0.0561714483237396,0.0425533068736674,0.0403346471411213
0.0517403483241015,0.0561714483237396,0.0425533068736674,0.0403346471411213
0.0517403483241015,0.0561714483237396,0.0425533068736674,0.0403346471411213
0.0517403483241015,0.0561714483237396,0.0425533068736674,0.0403346471411213
0.0517403483241015,0.0561714483237396,0.0425533068736674,0.0403346471411213
0.0517403483241015,0.0561714483237396,0.0425533068736674,0.0403346471411213
0.0517403483241015,0.0561714483237396,0.0425533068736674,0.0403346471411213
0.0517403483241015,0.0561714483237396,0.0425533068736674,0.0403346471411213
0.0517403483241015,0.0561714483237396,0.0425533068736674,0.0403346471411213
0.0517403483241015,0.0561714483237396,0.0425533068736674,0.0403346471411213
0.0517403483241015,0.0561714483237396,0.0425533068736674,0.0403346471411213
0.0517403483241015,0.0561714483237396,0.0425533068736674,0.0403346471411213
0.0517403483241015,0.0561714483237396,0.0425533068736674,0.0403346471411213
0.0517403483241015,0.0561714483237396,0.0425533068736674,0.0403346471411213
0.0517403483241015,0.0561714483237396,0.0425533068736674,0.0403346471411213
0.0517403483241015,0.0468289287834023,0.0425533068736674,0.0403346471411213
0.0517403483241015,0.0468289287834023,0.0425533068736674,0.0403346471411213
0.0517403483241015,0.0468289287834023,0.0425533068736674,0.0403346471411213
0.0517403483241015,0.0468289287834023,0.0425533068736674,0.0403346471411213
0.0517403483241015,0.0590124075519186,0.0425533068736674,0.0403346471411213
0.0517403483241015,0.0590124075519186,0.0425533068736674,0.0403346471411213
0.0517403483241015,0.0590124075519186,0.0425533068736674,0.0403346471411213
0.0517403483241015,0.0590124075519186,0.0425533068736674,0.0403346471411213
0.0517403483241015,0.0590124075519186,0.0425533068736674,0.0403346471411213
0.0517403483241015,0.0590124075519186,0.0425533068736674,0.0403346471411213
0.0517403483241015,0.0590124075519186,0.0425533068736674,0.0403346471411213
0.0517403483241015,0.0590124075519186,0.0425533068736674,0.0403346471411213
0.0517403483241015,0.0590124075519186,0.0425533068736674,0.0403346471411213
0.0517403483241015,0.0590124075519186,0.0425533068736674,0.0403346471411213
0.0517403483241015,0.0590124075519186,0.0425533068736674,0.0403346471411213
0.0517403483241015,0.0590124075519186,0.0425533068736674,0.0403346471411213
0.0517403483241015,0.0590124075519186,0.0425533068736674,0.0403346471411213
0.0517403483241015,0.0590124075519186,0.0425533068736674,0.0403346471411213
0.0517403483241015,0.0590124075519186,0.0425533068736674,0.0403346471411213
0.0517403483241015,0.0590124075519186,0.0425533068736674,0.0403346471411213
0.052976336689862,0.0590124075519186,0.0425533068736674,0.0403346471411213
0.052976336689862,0.0466879687075224,0.0425533068736674,0.0403346471411213
0.052976336689862,0.0474587932986162,0.0425533068736674,0.0403346471411213
0.052976336689862,0.0474587932986162,0.0425533068736674,0.0376392108142453
0.052976336689862,0.0474587932986162,0.0425533068736674,0.0376392108142453
0.052976336689862,0.0474587932986162,0.0425533068736674,0.0376392108142453
0.052976336689862,0.0474587932986162,0.0425533068736674,0.0376392108142453
0.052976336689862,0.0474587932986162,0.0425533068736674,0.0376392108142453
0.052976336689862,0.0474587932986162,0.0425533068736674,0.0376392108142453
0.052976336689862,0.0474587932986162,0.0425533068736674,0.0376392108142453
0.052976336689862,0.0474587932986162,0.0425533068736674,0.0376392108142453
0.052976336689862,0.0474587932986162,0.0425533068736674,0.0376392108142453
0.052976336689862,0.0474587932986162,0.0425533068736674,0.0412173321177791
0.052976336689862,0.0474587932986162,0.0425533068736674,0.0412173321177791
0.052976336689862,0.0474587932986162,0.0425533068736674,0.0412173321177791
0.052976336689862,0.0474587932986162,0.0425533068736674,0.0412173321177791
0.052976336689862,0.0474587932986162,0.0425533068736674,0.0412173321177791
0.052976336689862,0.0474587932986162,0.0425533068736674,0.0412173321177791
0.052976336689862,0.0474587932986162,0.0425533068736674,0.0412173321177791
0.052976336689862,0.0497711578374552,0.0425533068736674,0.0412173321177791
0.052976336689862,0.0497711578374552,0.0425533068736674,0.0412173321177791
0.052976336689862,0.0497711578374552,0.0425533068736674,0.0412173321177791
0.052976336689862,0.0497711578374552,0.0425533068736674,0.0412173321177791
0.052976336689862,0.0497711578374552,0.0425533068736674,0.0412173321177791
0.052976336689862,0.0497711578374552,0.0425533068736674,0.0412173321177791
0.052976336689862,0.0497711578374552,0.0425533068736674,0.0412173321177791
0.052976336689862,0.0497711578374552,0.0425533068736674,0.0412173321177791
0.052976336689862,0.0497711578374552,0.0425533068736674,0.0412173321177791
0.052976336689862,0.0497711578374552,0.0425533068736674,0.0412173321177791
0.052976336689862,0.0497711578374552,0.0425533068736674,0.0412173321177791
0.052976336689862,0.0497711578374552,0.0425533068736674,0.0412173321177791
0.052976336689862,0.0497711578374552,0.0425533068736674,0.0412173321177791
0.052976336689862,0.0497711578374552,0.0425533068736674,0.0412173321177791
0.052976336689862,0.0497711578374552,0.0425533068736674,0.0412173321177791
0.052976336689862,0.0497711578374552,0.0425533068736674,0.0412173321177791
0.052976336689862,0.0497711578374552,0.0358412286091403,0.0412173321177791
0.052976336689862,0.0497711578374552,0.0358412286091403,0.0412173321177791
0.052976336689862,0.0497711578374552,0.0358412286091403,0.0412173321177791
0.052976336689862,0.0497711578374552,0.0358412286091403,0.0412173321177791
0.052976336689862,0.0497711578374552,0.0358412286091403,0.0412173321177791
0.052976336689862,0.0497711578374552,0.0358412286091403,0.0412173321177791
0.052976336689862,0.0497711578374552,0.0358412286091403,0.0412173321177791
0.052976336689862,0.0497711578374552,0.0358412286091403,0.0412173321177791
0.052976336689862,0.0497711578374552,0.0358412286091403,0.0412173321177791
0.052976336689862,0.0497711578374552,0.0358412286091403,0.0412173321177791
0.052976336689862,0.0497711578374552,0.0358412286091403,0.0412173321177791
0.052976336689862,0.0497711578374552,0.0358412286091403,0.0412173321177791
0.052976336689862,0.0497711578374552,0.0358412286091403,0.0412173321177791
0.052976336689862,0.0497711578374552,0.0430337755003529,0.0412173321177791
0.052976336689862,0.0497711578374552,0.0430337755003529,0.0412173321177791
0.052976336689862,0.0497711578374552,0.0430337755003529,0.0412173321177791
0.052976336689862,0.0465136677088454,0.0430337755003529,0.0412173321177791
0.052976336689862,0.0465136677088454,0.0430337755003529,0.0412173321177791
0.052976336689862,0.0465136677088454,0.0430337755003529,0.0412173321177791
0.052976336689862,0.0465136677088454,0.0430337755003529,0.0412173321177791
0.052976336689862,0.0465136677088454,0.0430337755003529,0.0412173321177791
0.052976336689862,0.0465136677088454,0.0430337755003529,0.0412173321177791
0.052976336689862,0.0511026885471901,0.0430337755003529,0.0412173321177791
0.052976336689862,0.0511026885471901,0.0430337755003529,0.0412173321177791
0.052976336689862,0.0511026885471901,0.0430337755003529,0.0412173321177791
0.052976336689862,0.0511026885471901,0.0430337755003529,0.0412173321177791
0.052976336689862,0.0511026885471901,0.0430337755003529,0.0412173321177791
0.052976336689862,0.0511026885471901,0.0430337755003529,0.0412173321177791
0.052976336689862,0.0511026885471901,0.0430337755003529,0.0412524354094806
0.052976336689862,0.0511026885471901,0.0430337755003529,0.0412524354094806
0.052976336689862,0.0511026885471901,0.0430337755003529,0.0412524354094806
0.052976336689862,0.0511026885471901,0.0430337755003529,0.0412524354094806
0.052976336689862,0.0511026885471901,0.0430337755003529,0.0412524354094806
0.052976336689862,0.0511026885471901,0.0430337755003529,0.0412524354094806
0.052976336689862,0.0511026885471901,0.0430337755003529,0.0412524354094806
0.052976336689862,0.0511026885471901,0.0430337755003529,0.0412524354094806
0.052976336689862,0.0511026885471901,0.0430337755003529,0.0412524354094806
0.052976336689862,0.0511026885471901,0.0430337755003529,0.0394241247637986
0.052976336689862,0.0511026885471901,0.0430337755003529,0.0394241247637986
0.052976336689862,0.0511026885471901,0.0430337755003529,0.0394241247637986
0.052976336689862,0.0511026885471901,0.0430337755003529,0.0359628023860309
0.052976336689862,0.0511026885471901,0.0430337755003529,0.0359628023860309
0.052976336689862,0.0511026885471901,0.0430337755003529,0.0359628023860309
0.052976336689862,0.0511026885471901,0.0430337755003529,0.0359628023860309
0.052976336689862,0.0511026885471901,0.0430337755003529,0.0359628023860309
0.052976336689862,0.0511026885471901,0.0430337755003529,0.0359628023860309
0.052976336689862,0.0510163777441459,0.0430337755003529,0.0359628023860309
0.052976336689862,0.0510163777441459,0.0428944976435782,0.0359628023860309
0.052976336689862,0.0510163777441459,0.0428944976435782,0.0359628023860309
0.052976336689862,0.0510163777441459,0.0428944976435782,0.0359628023860309
0.052976336689862,0.0510163777441459,0.0428944976435782,0.0359628023860309
0.052976336689862,0.0510163777441459,0.0428944976435782,0.0359628023860309
0.052976336689862,0.0510163777441459,0.0428944976435782,0.0359628023860309
0.052976336689862,0.0510163777441459,0.0428944976435782,0.0359628023860309
0.052976336689862,0.0510163777441459,0.0428944976435782,0.0359628023860309
0.052976336689862,0.0510163777441459,0.0428944976435782,0.0359628023860309
0.0513809606086272,0.0510163777441459,0.0428944976435782,0.0359628023860309
0.0513809606086272,0.0510163777441459,0.0428944976435782,0.0359628023860309
0.0513809606086272,0.0510163777441459,0.0428944976435782,0.0359628023860309
0.0513809606086272,0.0510163777441459,0.0428944976435782,0.0359628023860309
0.0513809606086272,0.0510163777441459,0.0428944976435782,0.0359628023860309
0.0513809606086272,0.0510163777441459,0.0428944976435782,0.0359628023860309
0.0515840407982573,0.0510163777441459,0.0428944976435782,0.0359628023860309
0.0515840407982573,0.0510163777441459,0.0428944976435782,0.0359628023860309
0.0515840407982573,0.0510163777441459,0.0428944976435782,0.0359628023860309
0.0515840407982573,0.0510163777441459,0.0428944976435782,0.0359628023860309
0.0515840407982573,0.0510163777441459,0.0428944976435782,0.0359628023860309
0.0515840407982573,0.0510163777441459,0.0428944976435782,0.0359628023860309
0.0515840407982573,0.0510163777441459,0.0428944976435782,0.0359628023860309
0.0515840407982573,0.0510163777441459,0.0428944976435782,0.0359628023860309
0.0515840407982573,0.0510163777441459,0.0428944976435782,0.0359628023860309
0.0515840407982573,0.0510163777441459,0.0428944976435782,0.0359628023860309
0.0515840407982573,0.0510163777441459,0.0428944976435782,0.0359628023860309
0.0515840407982573,0.0510163777441459,0.0428944976435782,0.0359628023860309
0.0515840407982573,0.0510163777441459,0.0428944976435782,0.0359628023860309
0.0515840407982573,0.0510163777441459,0.0428944976435782,0.0359628023860309
0.0515840407982573,0.0510163777441459,0.0428944976435782,0.0359628023860309
0.0515840407982573,0.0510163777441459,0.0428944976435782,0.0307660492343226
0.0515840407982573,0.0510163777441459,0.0428944976435782,0.0307660492343226
0.0515840407982573,0.0510163777441459,0.0387361703398237,0.0307660492343226
0.0515840407982573,0.0510163777441459,0.0387361703398237,0.0307660492343226
0.0474227552068595,0.0510163777441459,0.0387361703398237,0.0307660492343226
0.0474227552068595,0.0510163777441459,0.0387361703398237,0.0307660492343226
0.0474227552068595,0.0510163777441459,0.0387361703398237,0.0307660492343226
0.0474227552068595,0.0510163777441459,0.0387361703398237,0.0307660492343226
0.0474227552068595,0.0510163777441459,0.0387361703398237,0.0307660492343226
0.0474227552068595,0.0510163777441459,0.0387361703398237,0.0307660492343226
0.0474227552068595,0.0510163777441459,0.0387361703398237,0.0307660492343226
0.0474227552068595,0.0605150630476039,0.0387361703398237,0.0307660492343226
0.0474227552068595,0.0605150630476039,0.0387361703398237,0.0307660492343226
0.0474227552068595,0.0605150630476039,0.0387361703398237,0.0307660492343226
0.0474227552068595,0.0605150630476039,0.0387361703398237,0.0307660492343226
0.0474227552068595,0.0605150630476039,0.0387361703398237,0.0307660492343226
0.0474227552068595,0.0605150630476039,0.0387361703398237,0.0307660492343226
0.0474227552068595,0.0605150630476039,0.0387361703398237,0.0307660492343226
0.0474227552068595,0.0605150630476039,0.0387361703398237,0.0307660492343226
0.0474227552068595,0.0605150630476039,0.0387361703398237,0.0307660492343226
0.0474227552068595,0.0605150630476039,0.0387361703398237,0.0307660492343226
0.0474227552068595,0.0605150630476039,0.0387361703398237,0.0307660492343226
0.0474227552068595,0.0605150630476039,0.0387361703398237,0.0307660492343226
0.0474227552068595,0.0605150630476039,0.0387361703398237,0.0307660492343226
0.0474227552068595,0.0605150630476039,0.0387361703398237,0.0307660492343226
0.0474227552068595,0.0605150630476039,0.0387361703398237,0.0307660492343226
0.0474227552068595,0.0605150630476039,0.0387361703398237,0.0307660492343226
0.0474227552068595,0.0605150630476039,0.0387361703398237,0.0307660492343226
0.0474227552068595,0.0605150630476039,0.0387361703398237,0.0307660492343226
0.0474227552068595,0.0605150630476039,0.0387361703398237,0.0356693788985354
0.0474227552068595,0.0605150630476039,0.0387361703398237,0.0356693788985354
0.0474227552068595,0.0605150630476039,0.0387361703398237,0.0356693788985354
0.0474227552068595,0.0605150630476039,0.0387361703398237,0.0356693788985354
0.0474227552068595,0.0605150630476039,0.0387361703398237,0.0356693788985354
0.0474227552068595,0.0612779980483287,0.0387361703398237,0.0356693788985354
0.0474227552068595,0.0612779980483287,0.0401693004959229,0.0356693788985354
0.0474227552068595,0.0612779980483287,0.0401693004959229,0.0384393503186255
0.0474227552068595,0.0612779980483287,0.0401693004959229,0.0384393503186255
0.0474227552068595,0.0612779980483287,0.0401693004959229,0.0384393503186255
0.0474227552068595,0.0612779980483287,0.0401693004959229,0.0384393503186255
0.0474227552068595,0.0612779980483287,0.0401693004959229,0.0384393503186255
0.0474227552068595,0.0612779980483287,0.0401693004959229,0.0384393503186255
0.0474227552068595,0.0612779980483287,0.0401693004959229,0.0384393503186255
0.0474227552068595,0.0612779980483287,0.0401693004959229,0.0384393503186255
0.0474227552068595,0.0612779980483287,0.0401693004959229,0.0384393503186255
0.0474227552068595,0.0612779980483287,0.0401693004959229,0.0384393503186255
0.0474227552068595,0.0612779980483287,0.0401693004959229,0.0384393503186255
0.0474227552068595,0.0612779980483287,0.0401693004959229,0.0384393503186255
0.0474227552068595,0.0612779980483287,0.0401693004959229,0.0384393503186255
0.0474227552068595,0.0612779980483287,0.0401693004959229,0.0384393503186255
0.0474227552068595,0.0612779980483287,0.0401693004959229,0.0384393503186255
0.0474227552068595,0.0612779980483287,0.0401693004959229,0.0384393503186255
0.0474227552068595,0.0612779980483287,0.0401693004959229,0.0384393503186255
0.0474227552068595,0.0612779980483287,0.0401693004959229,0.0384393503186255
0.0474227552068595,0.0612779980483287,0.0401693004959229,0.0384393503186255
0.0474227552068595,0.0612779980483287,0.0401693004959229,0.0384393503186255
0.0453806638358313,0.0612779980483287,0.0401693004959229,0.0384393503186255
0.0453806638358313,0.0612779980483287,0.0401693004959229,0.0384393503186255
0.0453806638358313,0.0612779980483287,0.0401693004959229,0.0384393503186255
0.0453806638358313,0.0612779980483287,0.0401693004959229,0.0384393503186255
0.0453806638358313,0.0612779980483287,0.0401693004959229,0.0384393503186255
0.0453806638358313,0.0612779980483287,0.0401693004959229,0.0384393503186255
0.0453806638358313,0.0612779980483287,0.0401693004959229,0.0384393503186255
0.0453806638358313,0.0612779980483287,0.0401693004959229,0.0384393503186255
0.0453806638358313,0.0612779980483287,0.0401693004959229,0.0384393503186255
0.0453806638358313,0.0612779980483287,0.0401693004959229,0.0384393503186255
0.0453806638358313,0.0612779980483287,0.0401693004959229,0.0384393503186255
0.0453806638358313,0.0614262763559981,0.0401693004959229,0.0384393503186255
0.0453806638358313,0.0614262763559981,0.0401693004959229,0.0384393503186255
0.0453806638358313,0.0614262763559981,0.0401693004959229,0.0384393503186255
0.0453806638358313,0.0614262763559981,0.0401693004959229,0.0384393503186255
0.0453806638358313,0.0614262763559981,0.0401693004959229,0.0384393503186255
0.0453806638358313,0.0614262763559981,0.0401693004959229,0.0384393503186255
0.0453806638358313,0.0614262763559981,0.0401693004959229,0.0384393503186255
0.0453806638358313,0.0605646447399454,0.0401693004959229,0.0406975165447951
0.0453806638358313,0.0605646447399454,0.0401693004959229,0.0406975165447951
0.0453806638358313,0.0605646447399454,0.0401693004959229,0.0406975165447951
0.0453806638358313,0.0605646447399454,0.0401693004959229,0.0406975165447951
0.0453806638358313,0.0605646447399454,0.0401693004959229,0.0406975165447951
0.045560898504748,0.0618997466869717,0.0409495719799944,0.0406975165447951
0.045560898504748,0.0618997466869717,0.0409495719799944,0.0406975165447951
0.045560898504748,0.0618997466869717,0.0409495719799944,0.0406975165447951
0.045560898504748,0.0618997466869717,0.0409495719799944,0.0406975165447951
0.045560898504748,0.0618997466869717,0.0409495719799944,0.0406975165447951
0.045560898504748,0.0618997466869717,0.0409495719799944,0.0406975165447951
0.045560898504748,0.0618997466869717,0.0409495719799944,0.0406975165447951
0.045560898504748,0.0618997466869717,0.0409495719799944,0.0406975165447951
0.045560898504748,0.0618997466869717,0.0409495719799944,0.0406975165447951
0.045560898504748,0.0618997466869717,0.0409495719799944,0.0406975165447951
0.045560898504748,0.0618997466869717,0.0409495719799944,0.0406975165447951
0.045560898504748,0.0618997466869717,0.0409495719799944,0.0406975165447951
0.045560898504748,0.0618997466869717,0.0409495719799944,0.0406975165447951
0.0444467560149715,0.0618997466869717,0.0409495719799944,0.0388813123374125
0.0441071799342956,0.0618997466869717,0.0409495719799944,0.0388813123374125
0.0441071799342956,0.0618997466869717,0.0409495719799944,0.0388813123374125
0.0441071799342956,0.0618997466869717,0.0409495719799944,0.0388813123374125
0.0441071799342956,0.0618997466869717,0.0409495719799944,0.0388813123374125
0.0441071799342956,0.0618997466869717,0.0409495719799944,0.0388813123374125
0.0441071799342956,0.0618997466869717,0.0409495719799944,0.0388813123374125
0.0441071799342956,0.0618997466869717,0.0409495719799944,0.0388813123374125
0.0441071799342956,0.0618997466869717,0.0409495719799944,0.0388813123374125
0.0441071799342956,0.0618997466869717,0.0409495719799944,0.0388813123374125
0.0475333495477582,0.0618997466869717,0.0409495719799944,0.0388813123374125
0.0475333495477582,0.0618997466869717,0.0409495719799944,0.0388813123374125
0.0475333495477582,0.0618997466869717,0.0409495719799944,0.0388813123374125
0.0475333495477582,0.0618997466869717,0.0409495719799944,0.0388813123374125
0.0475333495477582,0.0618997466869717,0.0409495719799944,0.0388813123374125
0.0475333495477582,0.0618997466869717,0.0409495719799944,0.0388813123374125
0.0475333495477582,0.0618997466869717,0.0409381570732093,0.0388813123374125
0.0475333495477582,0.0618997466869717,0.0409381570732093,0.0388813123374125
0.0475333495477582,0.0618997466869717,0.0409381570732093,0.0388813123374125
0.0475333495477582,0.0618997466869717,0.0409381570732093,0.0388813123374125
0.0475333495477582,0.0618997466869717,0.0409381570732093,0.0388813123374125
0.0475333495477582,0.0618997466869717,0.0409381570732093,0.0388813123374125
0.0475333495477582,0.0618997466869717,0.0409381570732093,0.0388813123374125
0.0475333495477582,0.0618997466869717,0.0409381570732093,0.0388813123374125
0.0475333495477582,0.0618997466869717,0.0409381570732093,0.0388813123374125
0.0475333495477582,0.0618997466869717,0.0409381570732093,0.0388813123374125
0.0475333495477582,0.0618997466869717,0.0409381570732093,0.0388813123374125
0.0475333495477582,0.0618997466869717,0.0409381570732093,0.0388813123374125
0.0475333495477582,0.0618997466869717,0.0409381570732093,0.0388746086068515
0.0475333495477582,0.0618997466869717,0.0409381570732093,0.0388746086068515
0.0475333495477582,0.0618997466869717,0.0409381570732093,0.0388746086068515
0.0475333495477582,0.0618997466869717,0.0409381570732093,0.0388746086068515
0.0475333495477582,0.0618997466869717,0.0431170857740138,0.0388746086068515
0.0475333495477582,0.0618997466869717,0.0431170857740138,0.0388746086068515
0.0475333495477582,0.0618997466869717,0.0431170857740138,0.0388746086068515
0.0475333495477582,0.0618997466869717,0.0431170857740138,0.0388746086068515
0.0475333495477582,0.0618997466869717,0.0431170857740138,0.0388746086068515
0.0475333495477582,0.0618997466869717,0.0431170857740138,0.0388746086068515
0.0475333495477582,0.0618997466869717,0.0431170857740138,0.0390879637970062
0.0475333495477582,0.0618997466869717,0.0431170857740138,0.041564641702582
0.0475333495477582,0.0618997466869717,0.0431170857740138,0.041564641702582
0.0475333495477582,0.0618997466869717,0.0431170857740138,0.041564641702582
0.0475333495477582,0.0618997466869717,0.0431170857740138,0.041564641702582
0.0475333495477582,0.0618997466869717,0.0431170857740138,0.040564651219019
0.0475333495477582,0.0618997466869717,0.0431170857740138,0.040564651219019
0.0475333495477582,0.0618997466869717,0.0431170857740138,0.040564651219019
0.0475333495477582,0.0618997466869717,0.0431170857740138,0.040564651219019
0.0475333495477582,0.0618997466869717,0.0431170857740138,0.040564651219019
0.0475333495477582,0.0618997466869717,0.0431170857740138,0.040564651219019
0.0475333495477582,0.0578076163184359,0.0431170857740138,0.040564651219019
0.0475333495477582,0.0578076163184359,0.0431170857740138,0.040564651219019
0.0475333495477582,0.0578076163184359,0.0431170857740138,0.040564651219019
0.0475333495477582,0.0578076163184359,0.0431170857740138,0.040564651219019
0.0475333495477582,0.0578076163184359,0.0431170857740138,0.040564651219019
0.0475333495477582,0.0578076163184359,0.0431170857740138,0.040564651219019
0.0475333495477582,0.0578076163184359,0.0431170857740138,0.040564651219019
0.0475333495477582,0.0578076163184359,0.0431170857740138,0.040564651219019
0.0475333495477582,0.0578076163184359,0.0431170857740138,0.040564651219019
0.0475333495477582,0.0578076163184359,0.0401616988605458,0.040564651219019
0.0475333495477582,0.0578076163184359,0.0401616988605458,0.040564651219019
0.0475333495477582,0.0591129955990242,0.0401616988605458,0.040564651219019
0.0475333495477582,0.0591129955990242,0.0401616988605458,0.0440466959481699
0.0475333495477582,0.0591129955990242,0.0401616988605458,0.0440466959481699
0.0475333495477582,0.0591129955990242,0.0401616988605458,0.0440466959481699
0.0475333495477582,0.0591129955990242,0.0401616988605458,0.0440466959481699
0.0475333495477582,0.0591129955990242,0.0401616988605458,0.0440466959481699
0.0475333495477582,0.0591129955990242,0.0401616988605458,0.0440466959481699
0.0475333495477582,0.0591129955990242,0.0401616988605458,0.0440466959481699
0.0475333495477582,0.0591129955990242,0.0401616988605458,0.0440466959481699
0.0475333495477582,0.0591129955990242,0.0401616988605458,0.0440466959481699
0.0475333495477582,0.0502725060631153,0.0401616988605458,0.0440466959481699
0.0475333495477582,0.0502725060631153,0.0401616988605458,0.0419699373477253
0.0475333495477582,0.0502725060631153,0.0401616988605458,0.0419699373477253
0.0475333495477582,0.0502725060631153,0.0401616988605458,0.0419699373477253
0.0475333495477582,0.0502725060631153,0.0401616988605458,0.0419699373477253
0.0475333495477582,0.0502725060631153,0.0401616988605458,0.0419699373477253
0.0475333495477582,0.0502725060631153,0.0380151954353426,0.0419699373477253
0.0475333495477582,0.0502725060631153,0.0380151954353426,0.0419699373477253
0.0475333495477582,0.0502725060631153,0.0380151954353426,0.0419699373477253
0.0475333495477582,0.0502725060631153,0.0380151954353426,0.0419699373477253
0.0475333495477582,0.0502725060631153,0.0380151954353426,0.0419699373477253
0.0475333495477582,0.0502725060631153,0.0380151954353426,0.0419699373477253
0.0475333495477582,0.0502725060631153,0.0380151954353426,0.0419699373477253
0.0475333495477582,0.0502725060631153,0.0380151954353426,0.0419699373477253
0.0475333495477582,0.0502725060631153,0.0380151954353426,0.0419699373477253
0.0475333495477582,0.0502725060631153,0.0380151954353426,0.0419699373477253
0.0500087230860069,0.0502725060631153,0.0380151954353426,0.0419699373477253
0.0500087230860069,0.0502725060631153,0.0380151954353426,0.0419699373477253
0.0500087230860069,0.0502725060631153,0.0380151954353426,0.0419699373477253
0.0500087230860069,0.0502725060631153,0.0380151954353426,0.0419699373477253
0.0500087230860069,0.0502725060631153,0.0380151954353426,0.0419699373477253
0.0500087230860069,0.0502725060631153,0.0380151954353426,0.0419699373477253
0.0500087230860069,0.0502725060631153,0.0380151954353426,0.0419699373477253
0.0500087230860069,0.0502725060631153,0.0380151954353426,0.0419699373477253
0.0500087230860069,0.0502725060631153,0.0380151954353426,0.0419699373477253
0.0500087230860069,0.0502725060631153,0.0380151954353426,0.0419699373477253
0.0500087230860069,0.0502725060631153,0.0380151954353426,0.0419699373477253
0.0500087230860069,0.0502725060631153,0.0380151954353426,0.0419699373477253
0.0500087230860069,0.0502725060631153,0.0380151954353426,0.0419699373477253
0.0500087230860069,0.0502725060631153,0.0380151954353426,0.0392124120931258
0.0500087230860069,0.0502725060631153,0.0380151954353426,0.0392124120931258
0.0500087230860069,0.0502725060631153,0.0380151954353426,0.0392124120931258
0.0500087230860069,0.0502725060631153,0.0380151954353426,0.0392124120931258
0.0500087230860069,0.0502725060631153,0.0380151954353426,0.0392124120931258
0.0500087230860069,0.0502725060631153,0.0380151954353426,0.0392124120931258
0.0500087230860069,0.0502725060631153,0.0380151954353426,0.0392124120931258
0.0500087230860069,0.0502725060631153,0.0380151954353426,0.039188367649665
0.0500087230860069,0.0502725060631153,0.0380151954353426,0.039188367649665
0.0500087230860069,0.0502725060631153,0.0380151954353426,0.039188367649665
0.0500087230860069,0.0502725060631153,0.0380151954353426,0.039188367649665
0.0500087230860069,0.0502725060631153,0.0386223343799172,0.0412629051877161
0.0500087230860069,0.0502725060631153,0.0386223343799172,0.0412629051877161
0.0500087230860069,0.0502725060631153,0.0386223343799172,0.0412629051877161
0.0500087230860069,0.0502725060631153,0.0386223343799172,0.0412629051877161
0.0500087230860069,0.0502725060631153,0.0386223343799172,0.0412629051877161
0.0500087230860069,0.0505067953549851,0.0386223343799172,0.0412629051877161
0.0500087230860069,0.0505067953549851,0.0386223343799172,0.0412629051877161
0.0500087230860069,0.0505067953549851,0.0386223343799172,0.0412629051877161
0.0500087230860069,0.0505067953549851,0.0386223343799172,0.0412629051877161
0.0500087230860069,0.0505067953549851,0.0386223343799172,0.0412629051877161
0.0500087230860069,0.0505067953549851,0.0386223343799172,0.0412629051877161
0.0500087230860069,0.0505067953549851,0.0386223343799172,0.0412629051877161
0.0500087230860069,0.0505067953549851,0.0386223343799172,0.0412629051877161
0.0500087230860069,0.0492243000176022,0.0386223343799172,0.0412629051877161
0.0500087230860069,0.0492243000176022,0.0386223343799172,0.0412629051877161
0.0500087230860069,0.0492243000176022,0.0386223343799172,0.0412629051877161
0.0500087230860069,0.0492243000176022,0.0386223343799172,0.0357984772257367
0.0500087230860069,0.0492243000176022,0.0386223343799172,0.0357984772257367
0.0500087230860069,0.0492243000176022,0.0386223343799172,0.0381986961678904
0.0500087230860069,0.0492243000176022,0.0386223343799172,0.0381986961678904
0.0500087230860069,0.0519970405194822,0.0386223343799172,0.0381986961678904
0.0500087230860069,0.0519970405194822,0.0386223343799172,0.0381986961678904
0.0500087230860069,0.0519970405194822,0.0386223343799172,0.0381986961678904
0.0500087230860069,0.0519970405194822,0.0386223343799172,0.0419870272307092
0.0500087230860069,0.0513910308619674,0.0355160967144922,0.0419870272307092
0.0500087230860069,0.0513910308619674,0.0355160967144922,0.0419870272307092
0.0500087230860069,0.0513910308619674,0.0355160967144922,0.0419870272307092
0.0500087230860069,0.0513910308619674,0.0355160967144922,0.0419870272307092
0.0500087230860069,0.0513910308619674,0.0355160967144922,0.0419870272307092
0.0500087230860069,0.0513910308619674,0.0355160967144922,0.0419870272307092
0.0500087230860069,0.0513910308619674,0.0355160967144922,0.0419870272307092
0.0500087230860069,0.0513910308619674,0.0355160967144922,0.0419870272307092
0.0500087230860069,0.0513910308619674,0.0355160967144922,0.0419870272307092
0.0500087230860069,0.0513910308619674,0.0355160967144922,0.0419870272307092
0.0500087230860069,0.0513910308619674,0.0355160967144922,0.0419870272307092
0.0500087230860069,0.0513910308619674,0.0355160967144922,0.0419870272307092
0.0500087230860069,0.0513910308619674,0.0355160967144922,0.0419870272307092
0.0500087230860069,0.0513910308619674,0.0355160967144922,0.0419870272307092
0.0500087230860069,0.0513910308619674,0.0355160967144922,0.0419870272307092
0.0500087230860069,0.0513910308619674,0.0355160967144922,0.0419870272307092
0.0500087230860069,0.0513910308619674,0.0355160967144922,0.0419870272307092
0.0500087230860069,0.0513910308619674,0.0355160967144922,0.0419870272307092
0.0500087230860069,0.0513910308619674,0.0355160967144922,0.0419870272307092
0.0500087230860069,0.0513910308619674,0.0355160967144922,0.0419870272307092
0.0500087230860069,0.0513910308619674,0.0355160967144922,0.0419870272307092
0.0500087230860069,0.0513910308619674,0.0355160967144922,0.0419870272307092
0.0500087230860069,0.0513910308619674,0.0355160967144922,0.0419870272307092
0.0500087230860069,0.0513910308619674,0.0355160967144922,0.0419870272307092
0.0500087230860069,0.0464664846424971,0.0355160967144922,0.0419870272307092
0.0500087230860069,0.0464664846424971,0.0355160967144922,0.0419870272307092
0.0500087230860069,0.0464664846424971,0.0355160967144922,0.0419870272307092
0.0500087230860069,0.0464664846424971,0.0355160967144922,0.0419870272307092
0.0500087230860069,0.0464664846424971,0.0355160967144922,0.0419870272307092
0.0500087230860069,0.0464664846424971,0.0355160967144922,0.0419870272307092
0.0500087230860069,0.0464664846424971,0.0355160967144922,0.0419870272307092
0.0500087230860069,0.0464664846424971,0.0355160967144922,0.0419870272307092
0.0500087230860069,0.0464664846424971,0.0355160967144922,0.0419870272307092
0.0500087230860069,0.0464664846424971,0.0355160967144922,0.0419870272307092
0.0500087230860069,0.0464664846424971,0.0355160967144922,0.0419870272307092
0.0500087230860069,0.0464664846424971,0.0355160967144922,0.0419870272307092
0.0500087230860069,0.0464664846424971,0.0355160967144922,0.0419870272307092
0.0500087230860069,0.0464664846424971,0.0355160967144922,0.0419870272307092
0.0500087230860069,0.0464664846424971,0.0355160967144922,0.0419870272307092
0.0500087230860069,0.0464664846424971,0.0355160967144922,0.0419870272307092
0.0500087230860069,0.0464664846424971,0.0355160967144922,0.0419870272307092
0.0500087230860069,0.0464664846424971,0.0355160967144922,0.0419870272307092
0.0500087230860069,0.0464664846424971,0.0355160967144922,0.0419870272307092
0.0500087230860069,0.0464664846424971,0.0355160967144922,0.0419870272307092
0.0500087230860069,0.0464664846424971,0.0355160967144922,0.0419870272307092
0.0500087230860069,0.0464664846424971,0.0355160967144922,0.0419870272307092
0.0500087230860069,0.0464664846424971,0.0355160967144922,0.0419870272307092
0.0500087230860069,0.0464664846424971,0.0355160967144922,0.0419870272307092
0.0500087230860069,0.0464664846424971,0.0355160967144922,0.0419870272307092
0.0460726318773869,0.0464664846424971,0.0355160967144922,0.0419870272307092
0.0460726318773869,0.0464664846424971,0.0355160967144922,0.0419870272307092
0.0460726318773869,0.0464664846424971,0.0355160967144922,0.0419870272307092
0.0460726318773869,0.0464664846424971,0.0355160967144922,0.0419870272307092
0.0460726318773869,0.0464664846424971,0.0355160967144922,0.0419870272307092
0.0460726318773869,0.0464664846424971,0.0355160967144922,0.0419870272307092
0.0460726318773869,0.0464664846424971,0.0355160967144922,0.0419870272307092
0.0460726318773869,0.0464664846424971,0.0355160967144922,0.0419870272307092
0.0460726318773869,0.0464664846424971,0.0355160967144922,0.0419870272307092
0.0460726318773869,0.0464664846424971,0.0355160967144922,0.0419870272307092
0.0460726318773869,0.0464664846424971,0.0355160967144922,0.0419870272307092
0.0460726318773869,0.0464664846424971,0.0355160967144922,0.0419870272307092
0.0460726318773869,0.0464664846424971,0.0355160967144922,0.0419870272307092
0.0460726318773869,0.0464664846424971,0.0355160967144922,0.0419870272307092
0.0460726318773869,0.0464664846424971,0.0355160967144922,0.0419870272307092
0.0460726318773869,0.0464664846424971,0.0355160967144922,0.0419870272307092
0.0460726318773869,0.0464664846424971,0.0355160967144922,0.0419870272307092
0.0460726318773869,0.0464664846424971,0.0355160967144922,0.0419870272307092
0.0460726318773869,0.0464664846424971,0.0355160967144922,0.0419870272307092
0.0460726318773869,0.0464664846424971,0.0355160967144922,0.0419870272307092
0.0460726318773869,0.0464664846424971,0.0355160967144922,0.0419870272307092
0.0460726318773869,0.0482469725731797,0.0355160967144922,0.0419870272307092
0.0460726318773869,0.0482469725731797,0.0355160967144922,0.0419870272307092
0.0460726318773869,0.0482469725731797,0.0355160967144922,0.0419870272307092
0.0460726318773869,0.0482469725731797,0.0355160967144922,0.0419870272307092
0.0460726318773869,0.0482469725731797,0.0355160967144922,0.0419870272307092
0.0460726318773869,0.0482469725731797,0.0355160967144922,0.0419870272307092
0.0460726318773869,0.0482469725731797,0.0355160967144922,0.0419870272307092
0.0460726318773869,0.0482469725731797,0.0355160967144922,0.0419870272307092
0.0460726318773869,0.0482469725731797,0.0355160967144922,0.0419870272307092
0.0460726318773869,0.0482469725731797,0.0355160967144922,0.0419870272307092
0.0460726318773869,0.0482469725731797,0.0355160967144922,0.0419870272307092
0.0460726318773869,0.0482469725731797,0.0355160967144922,0.0419870272307092
0.0460726318773869,0.0482469725731797,0.0355160967144922,0.0419870272307092
0.0460726318773869,0.0482469725731797,0.0355160967144922,0.0419870272307092
0.0460726318773869,0.0482469725731797,0.0355160967144922,0.0419870272307092
0.0460726318773869,0.0482469725731797,0.0355160967144922,0.0419870272307092
0.0460726318773869,0.0482469725731797,0.0355160967144922,0.0419870272307092
0.0460726318773869,0.0482469725731797,0.0355160967144922,0.0419870272307092
0.0460726318773869,0.0482469725731797,0.0355160967144922,0.0419870272307092
0.0460726318773869,0.0482469725731797,0.0355160967144922,0.0419870272307092
0.0460726318773869,0.0482469725731797,0.0355160967144922,0.0419870272307092
0.0460726318773869,0.0482469725731797,0.0355160967144922,0.0419870272307092
0.0460726318773869,0.0482469725731797,0.0355160967144922,0.0386396577172022
0.0460726318773869,0.0482469725731797,0.0355160967144922,0.0386396577172022
0.0460726318773869,0.0482469725731797,0.0355160967144922,0.0386396577172022
0.0460726318773869,0.0482469725731797,0.0355160967144922,0.0386396577172022
0.0460726318773869,0.0482469725731797,0.0355160967144922,0.0386396577172022
0.0460726318773869,0.0482469725731797,0.0355160967144922,0.0386396577172022
0.0460726318773869,0.0482469725731797,0.0355160967144922,0.0386396577172022
0.0460726318773869,0.0482469725731797,0.0355160967144922,0.0386396577172022
0.0460726318773869,0.0482469725731797,0.0355160967144922,0.0386396577172022
0.0460726318773869,0.0482469725731797,0.0355160967144922,0.0386396577172022
0.0460726318773869,0.0482469725731797,0.0355160967144922,0.0386396577172022
0.0460726318773869,0.0482469725731797,0.0355160967144922,0.0386396577172022
0.0460726318773869,0.0482469725731797,0.0355160967144922,0.0386396577172022
0.0460726318773869,0.0482469725731797,0.0355160967144922,0.0386396577172022
0.0460726318773869,0.0482469725731797,0.0355160967144922,0.0386396577172022
0.0460726318773869,0.0482469725731797,0.0355160967144922,0.0386396577172022
0.0460726318773869,0.0482469725731797,0.0355160967144922,0.0386396577172022
0.0460726318773869,0.0482469725731797,0.0355160967144922,0.0386396577172022
0.0460726318773869,0.0480424524223231,0.0355160967144922,0.0386396577172022
0.0460726318773869,0.0480424524223231,0.0355160967144922,0.0386396577172022
0.0460726318773869,0.0480424524223231,0.0355160967144922,0.0386396577172022
0.0460726318773869,0.0480424524223231,0.0355160967144922,0.0386396577172022
0.0460726318773869,0.0480424524223231,0.0355160967144922,0.0386396577172022
0.0460726318773869,0.0483181293451458,0.0355160967144922,0.0386396577172022
0.0460726318773869,0.0483181293451458,0.0355160967144922,0.0386396577172022
0.0460726318773869,0.0483181293451458,0.0355160967144922,0.0386396577172022
0.0460726318773869,0.0483181293451458,0.0355160967144922,0.0386396577172022
0.0460726318773869,0.0483181293451458,0.0355160967144922,0.0386396577172022
0.0460726318773869,0.0483181293451458,0.0355160967144922,0.0386396577172022
0.0460726318773869,0.0483181293451458,0.0355160967144922,0.0386396577172022
0.0460726318773869,0.0483181293451458,0.0355160967144922,0.0386396577172022
0.0460726318773869,0.0483181293451458,0.0355160967144922,0.0386396577172022
0.0460726318773869,0.0483181293451458,0.0355160967144922,0.0386396577172022
0.0460726318773869,0.0483181293451458,0.0355160967144922,0.0386396577172022
0.0460726318773869,0.0483181293451458,0.0355160967144922,0.0386396577172022
0.0460726318773869,0.0483181293451458,0.0355160967144922,0.0386396577172022
0.0460726318773869,0.0483181293451458,0.0355160967144922,0.0386396577172022
0.0460726318773869,0.0483181293451458,0.0355160967144922,0.0386396577172022
0.0460726318773869,0.0483181293451458,0.0355160967144922,0.0386396577172022
0.0460726318773869,0.0483181293451458,0.0355160967144922,0.0386396577172022
0.0460726318773869,0.0483181293451458,0.0355160967144922,0.0386396577172022
0.0460726318773869,0.0483181293451458,0.0355160967144922,0.0386396577172022
0.0460726318773869,0.0483181293451458,0.0355160967144922,0.0386396577172022
0.0460726318773869,0.0483181293451458,0.0355160967144922,0.0386396577172022
0.0460726318773869,0.0483181293451458,0.0355160967144922,0.0386396577172022
0.0460726318773869,0.0483181293451458,0.0355160967144922,0.0386396577172022
0.0460726318773869,0.0483181293451458,0.0355160967144922,0.0386396577172022
0.0460726318773869,0.0483181293451458,0.0355160967144922,0.0386396577172022
0.0460726318773869,0.0483181293451458,0.0355160967144922,0.0427199904460753
0.0460726318773869,0.0483181293451458,0.0355160967144922,0.0427199904460753
0.0460726318773869,0.0483181293451458,0.0355160967144922,0.0427199904460753
0.0460726318773869,0.0483181293451458,0.0355160967144922,0.0427199904460753
0.0460726318773869,0.0483181293451458,0.0355160967144922,0.0427199904460753
0.0460726318773869,0.0483181293451458,0.0355160967144922,0.0427199904460753
0.0460726318773869,0.0483181293451458,0.0355160967144922,0.0427199904460753
0.0460726318773869,0.0412626017544538,0.0355160967144922,0.0427199904460753
0.0460726318773869,0.0412626017544538,0.0355160967144922,0.0427199904460753
0.0460726318773869,0.0412626017544538,0.039384200842337,0.0427199904460753
0.0460726318773869,0.0412626017544538,0.039384200842337,0.0427199904460753
0.0460726318773869,0.0412626017544538,0.039384200842337,0.0427199904460753
0.0460726318773869,0.0412626017544538,0.039384200842337,0.0427199904460753
0.0460726318773869,0.0412626017544538,0.039384200842337,0.0427199904460753
0.0460726318773869,0.0412626017544538,0.039384200842337,0.0427199904460753
0.0460726318773869,0.0412626017544538,0.039384200842337,0.0427199904460753
0.0460726318773869,0.0412626017544538,0.039384200842337,0.0427199904460753
0.0466142181137075,0.0412626017544538,0.039384200842337,0.0427199904460753
0.0466142181137075,0.0412626017544538,0.039384200842337,0.0427199904460753
0.0466142181137075,0.0412626017544538,0.039384200842337,0.0427199904460753
0.0466142181137075,0.0412626017544538,0.039384200842337,0.0427199904460753
0.0466142181137075,0.0412626017544538,0.039384200842337,0.0427199904460753
0.0466142181137075,0.0412626017544538,0.039384200842337,0.0427199904460753
0.0466142181137075,0.0412626017544538,0.039384200842337,0.0427199904460753
0.0449017946242167,0.0412626017544538,0.039384200842337,0.0427199904460753
0.0449017946242167,0.0412626017544538,0.039384200842337,0.0427199904460753
0.0449017946242167,0.0412626017544538,0.039384200842337,0.0427199904460753
0.0449017946242167,0.0412626017544538,0.039384200842337,0.045504715244019
0.0449017946242167,0.0412626017544538,0.039384200842337,0.045504715244019
0.0449017946242167,0.0412626017544538,0.039384200842337,0.045504715244019
0.0449017946242167,0.0412626017544538,0.039384200842337,0.045504715244019
0.0449017946242167,0.0412626017544538,0.039384200842337,0.045504715244019
0.0449017946242167,0.0412626017544538,0.039384200842337,0.045504715244019
0.0449017946242167,0.0412626017544538,0.039384200842337,0.045504715244019
0.0449017946242167,0.0412626017544538,0.039384200842337,0.045504715244019
0.0449017946242167,0.0473931240353776,0.039384200842337,0.045504715244019
0.0449017946242167,0.0473931240353776,0.039384200842337,0.045504715244019
0.0449017946242167,0.0473931240353776,0.039384200842337,0.045504715244019
0.0449017946242167,0.0473931240353776,0.039384200842337,0.045504715244019
0.0449017946242167,0.0473931240353776,0.039384200842337,0.045504715244019
0.0449017946242167,0.0473931240353776,0.039384200842337,0.045504715244019
0.0449017946242167,0.0473931240353776,0.039384200842337,0.045504715244019
0.0449017946242167,0.0473931240353776,0.039384200842337,0.047445037495915
0.0449017946242167,0.0473931240353776,0.039384200842337,0.047445037495915
0.0449017946242167,0.0473931240353776,0.039384200842337,0.047445037495915
0.0449017946242167,0.0473931240353776,0.039384200842337,0.047445037495915
0.0449017946242167,0.0473931240353776,0.039384200842337,0.047445037495915
0.0449017946242167,0.0473931240353776,0.039384200842337,0.049520257724919
0.0449017946242167,0.0473931240353776,0.039384200842337,0.049520257724919
0.0449017946242167,0.0473931240353776,0.039384200842337,0.049520257724919
0.0449017946242167,0.0473931240353776,0.039384200842337,0.049520257724919
0.0446562955488116,0.0473931240353776,0.039384200842337,0.049520257724919
0.0446562955488116,0.0473931240353776,0.039384200842337,0.049520257724919
0.0446562955488116,0.0473931240353776,0.039384200842337,0.049520257724919
0.0446562955488116,0.0473931240353776,0.039384200842337,0.049520257724919
0.0446562955488116,0.0473931240353776,0.039384200842337,0.049520257724919
0.0446562955488116,0.0473931240353776,0.039384200842337,0.049520257724919
0.0446562955488116,0.0473931240353776,0.039384200842337,0.049520257724919
0.0446562955488116,0.0473931240353776,0.039384200842337,0.049520257724919
0.0446562955488116,0.0473931240353776,0.039384200842337,0.049520257724919
0.0446562955488116,0.0473931240353776,0.039384200842337,0.049520257724919
0.0446562955488116,0.0473931240353776,0.039384200842337,0.049520257724919
0.0446562955488116,0.0519624832877003,0.039384200842337,0.049520257724919
0.0452468915773137,0.0519624832877003,0.039384200842337,0.049520257724919
0.0452468915773137,0.0519624832877003,0.039384200842337,0.049520257724919
0.0452468915773137,0.0519624832877003,0.039384200842337,0.049520257724919
0.0452468915773137,0.0519624832877003,0.039384200842337,0.049520257724919
0.0452468915773137,0.0519624832877003,0.039384200842337,0.049520257724919
0.0452468915773137,0.0519624832877003,0.039384200842337,0.049520257724919
0.0452468915773137,0.0519624832877003,0.0389901576792723,0.049520257724919
0.0452468915773137,0.0519624832877003,0.0400385425878077,0.049520257724919
0.0452468915773137,0.0519624832877003,0.0402622049886648,0.049520257724919
0.0452468915773137,0.0519624832877003,0.0402622049886648,0.049520257724919
0.0452468915773137,0.0519624832877003,0.0402622049886648,0.049520257724919
0.0452468915773137,0.0519123940857845,0.0402622049886648,0.0513748441212494
0.0452468915773137,0.0519123940857845,0.0402622049886648,0.0513748441212494
0.0452468915773137,0.0519123940857845,0.0402622049886648,0.0513748441212494
0.0452468915773137,0.0519123940857845,0.0402622049886648,0.0513748441212494
0.0452468915773137,0.0459378667010203,0.0402622049886648,0.0513748441212494
0.0452468915773137,0.0459378667010203,0.0402622049886648,0.0513748441212494
0.0452468915773137,0.0459378667010203,0.0402622049886648,0.0513748441212494
0.0452468915773137,0.0459378667010203,0.0402622049886648,0.0513748441212494
0.0452468915773137,0.0459378667010203,0.0402622049886648,0.0513748441212494
0.0452468915773137,0.0459378667010203,0.0402622049886648,0.0513748441212494
0.0452468915773137,0.0459378667010203,0.0402622049886648,0.0527413167356157
0.0452468915773137,0.0459378667010203,0.0402622049886648,0.0502987709035153
0.0452468915773137,0.0459378667010203,0.0402622049886648,0.0502987709035153
0.0452468915773137,0.0459378667010203,0.0402622049886648,0.0502987709035153
0.0452468915773137,0.0459378667010203,0.0402622049886648,0.0502987709035153
0.0452468915773137,0.0459378667010203,0.0402622049886648,0.0502987709035153
0.0452468915773137,0.0459378667010203,0.0402622049886648,0.0502987709035153
0.0452468915773137,0.0459378667010203,0.0402622049886648,0.0495046748380624
0.0452468915773137,0.0459378667010203,0.0402622049886648,0.0495046748380624
0.0452468915773137,0.0459378667010203,0.0402622049886648,0.0495046748380624
0.0452468915773137,0.0459378667010203,0.0402622049886648,0.0495046748380624
0.0452468915773137,0.0459378667010203,0.0402622049886648,0.0495046748380624
0.0452468915773137,0.0459378667010203,0.0402622049886648,0.0495046748380624
0.0452468915773137,0.0459378667010203,0.0402622049886648,0.0495046748380624
0.0452468915773137,0.0459378667010203,0.0402622049886648,0.0495046748380624
0.0452468915773137,0.0459378667010203,0.0402622049886648,0.0495046748380624
0.0452468915773137,0.0459378667010203,0.0402622049886648,0.0495046748380624
0.0452468915773137,0.0459378667010203,0.0402622049886648,0.0495046748380624
0.0452468915773137,0.0459378667010203,0.0402622049886648,0.0495046748380624
0.0452468915773137,0.0459378667010203,0.0402622049886648,0.0495046748380624
0.0452468915773137,0.0459378667010203,0.0402622049886648,0.0495046748380624
0.0452468915773137,0.0459378667010203,0.0402622049886648,0.0495046748380624
0.0452468915773137,0.0459378667010203,0.0402622049886648,0.0495046748380624
0.0452468915773137,0.0459378667010203,0.0402622049886648,0.0495046748380624
0.0452468915773137,0.0459378667010203,0.0402622049886648,0.0495046748380624
0.0452468915773137,0.0459378667010203,0.0402622049886648,0.0495046748380624
0.0452468915773137,0.0459378667010203,0.0402622049886648,0.0495046748380624
0.0452468915773137,0.0459378667010203,0.0402622049886648,0.0495046748380624
0.0452468915773137,0.0459378667010203,0.0402622049886648,0.0495046748380624
0.0452468915773137,0.0459378667010203,0.0402622049886648,0.0495046748380624
0.0452468915773137,0.0459378667010203,0.0402622049886648,0.0495046748380624
0.0452468915773137,0.0459378667010203,0.0402622049886648,0.0495046748380624
0.0452468915773137,0.0459378667010203,0.0402622049886648,0.0495046748380624
0.0452468915773137,0.0459378667010203,0.0402622049886648,0.0495046748380624
0.0452468915773137,0.0459378667010203,0.0402622049886648,0.0495046748380624
0.0452468915773137,0.0459378667010203,0.0402622049886648,0.0495046748380624
0.0452468915773137,0.0459378667010203,0.0402622049886648,0.0495046748380624
0.0452468915773137,0.0459378667010203,0.0402622049886648,0.0495046748380624
0.0452468915773137,0.0459378667010203,0.0402622049886648,0.0495046748380624
0.0452468915773137,0.0459378667010203,0.0402622049886648,0.0495046748380624
0.0452468915773137,0.0459378667010203,0.0402622049886648,0.0495046748380624
0.0452468915773137,0.0459378667010203,0.0402622049886648,0.0495046748380624
0.0452468915773137,0.0459378667010203,0.0402622049886648,0.0495046748380624
0.0452468915773137,0.0459378667010203,0.0402622049886648,0.0495046748380624
0.0452468915773137,0.0459378667010203,0.0402622049886648,0.0495046748380624
0.0452468915773137,0.0459378667010203,0.0402622049886648,0.0495046748380624
0.0452468915773137,0.0459378667010203,0.0402622049886648,0.0495046748380624
0.0467384307366863,0.0459378667010203,0.0402622049886648,0.0519711113649505
0.0467384307366863,0.0459378667010203,0.0402622049886648,0.0519711113649505
0.0467384307366863,0.0459378667010203,0.0402622049886648,0.0519711113649505
0.0467384307366863,0.0459378667010203,0.0402622049886648,0.0519711113649505
0.0467384307366863,0.0459378667010203,0.0402622049886648,0.0519711113649505
0.0467384307366863,0.0459378667010203,0.0402622049886648,0.0519711113649505
0.0467384307366863,0.0459378667010203,0.0402622049886648,0.0519711113649505
0.0467384307366863,0.0459378667010203,0.0402622049886648,0.0519711113649505
0.0467384307366863,0.0459378667010203,0.0402622049886648,0.0519711113649505
0.0467384307366863,0.0459378667010203,0.0402622049886648,0.0519711113649505
0.0467384307366863,0.0459378667010203,0.0402622049886648,0.0519711113649505
0.0467384307366863,0.0459378667010203,0.0402622049886648,0.0519711113649505
0.0467384307366863,0.0459378667010203,0.0402622049886648,0.0519711113649505
0.0467384307366863,0.0459378667010203,0.0402622049886648,0.0519711113649505
0.0467384307366863,0.0459378667010203,0.0402622049886648,0.0519711113649505
0.0467384307366863,0.0459378667010203,0.0416837525372387,0.0519711113649505
0.0467384307366863,0.0459378667010203,0.0416837525372387,0.0519711113649505
0.0467384307366863,0.0459378667010203,0.0405047623557606,0.0519711113649505
0.0467384307366863,0.0459378667010203,0.0405047623557606,0.0519711113649505
0.0467384307366863,0.0459378667010203,0.0405047623557606,0.0519711113649505
0.0467384307366863,0.0399707039550632,0.0405047623557606,0.0519711113649505
0.0467384307366863,0.0399707039550632,0.0405047623557606,0.0519711113649505
0.0467384307366863,0.0399707039550632,0.0405047623557606,0.0519711113649505
0.0467384307366863,0.0399707039550632,0.0405047623557606,0.0519711113649505
0.0467384307366863,0.0399707039550632,0.0405047623557606,0.0364742562220003
0.0467384307366863,0.0399707039550632,0.0405047623557606,0.0364742562220003
0.0467384307366863,0.0399707039550632,0.0405047623557606,0.0364742562220003
0.0467384307366863,0.0399707039550632,0.0405047623557606,0.0379967577455886
0.0467384307366863,0.0399707039550632,0.0405047623557606,0.0379967577455886
0.0467384307366863,0.0399707039550632,0.0405047623557606,0.0379967577455886
0.0467384307366863,0.0399707039550632,0.0405047623557606,0.0379967577455886
0.0467384307366863,0.0401303017505545,0.0405047623557606,0.0379967577455886
0.0467384307366863,0.0401303017505545,0.0411385365300912,0.0379967577455886
0.0467384307366863,0.0401303017505545,0.0411385365300912,0.0379967577455886
0.0467384307366863,0.0401303017505545,0.0411385365300912,0.0379967577455886
0.0467384307366863,0.0401303017505545,0.0411385365300912,0.0379967577455886
0.0467384307366863,0.0401303017505545,0.0411385365300912,0.0379967577455886
0.0467384307366863,0.0401303017505545,0.0411385365300912,0.0379967577455886
0.0467384307366863,0.0401303017505545,0.0411385365300912,0.0379967577455886
0.0467384307366863,0.0401303017505545,0.0411385365300912,0.0379967577455886
0.0467384307366863,0.0401303017505545,0.0411385365300912,0.0379967577455886
0.0467384307366863,0.0401303017505545,0.0411385365300912,0.0379967577455886
0.0467384307366863,0.0414422935880129,0.0411385365300912,0.0379967577455886
0.0467384307366863,0.0414422935880129,0.0411385365300912,0.0379967577455886
0.0467384307366863,0.0414422935880129,0.0411385365300912,0.0379967577455886
0.0467384307366863,0.0414422935880129,0.0414631590978068,0.0379967577455886
0.0467384307366863,0.0414422935880129,0.0414631590978068,0.0379967577455886
0.0467384307366863,0.0414422935880129,0.0414631590978068,0.0379967577455886
0.0467384307366863,0.0414422935880129,0.0414631590978068,0.0379967577455886
0.0467384307366863,0.0414422935880129,0.0414631590978068,0.0379967577455886
0.0467384307366863,0.0414422935880129,0.0414631590978068,0.0379967577455886
0.0467384307366863,0.0414422935880129,0.0414631590978068,0.0379967577455886
0.0467384307366863,0.0414422935880129,0.0414631590978068,0.0379967577455886
0.0467384307366863,0.0414422935880129,0.0414631590978068,0.0379967577455886
0.0467384307366863,0.0414422935880129,0.0414631590978068,0.0379967577455886
0.0467384307366863,0.0414422935880129,0.0414631590978068,0.0379967577455886
0.0467384307366863,0.0414422935880129,0.0414631590978068,0.0379967577455886
0.0467384307366863,0.0414422935880129,0.0414631590978068,0.0379967577455886
0.0467384307366863,0.0414422935880129,0.0414631590978068,0.0379967577455886
0.0467384307366863,0.0414422935880129,0.0414631590978068,0.0379967577455886
0.0467384307366863,0.0414422935880129,0.0414631590978068,0.0379967577455886
0.0467384307366863,0.0414422935880129,0.0414631590978068,0.0379967577455886
0.0467384307366863,0.0414422935880129,0.0414631590978068,0.0379967577455886
0.0467384307366863,0.0414422935880129,0.0414631590978068,0.0379967577455886
0.0467384307366863,0.0414422935880129,0.0414631590978068,0.0379967577455886
0.0467384307366863,0.0414422935880129,0.0414631590978068,0.0379967577455886
0.0467384307366863,0.0414422935880129,0.0414631590978068,0.0379967577455886
0.0467384307366863,0.0414422935880129,0.0414631590978068,0.0379967577455886
0.0467384307366863,0.0414422935880129,0.0414631590978068,0.0379967577455886
0.0467384307366863,0.0414422935880129,0.0414631590978068,0.0379967577455886
0.0467384307366863,0.0414422935880129,0.0414631590978068,0.0379967577455886
0.0467384307366863,0.0414422935880129,0.0414631590978068,0.0379967577455886
0.0467384307366863,0.0414422935880129,0.0414631590978068,0.0379967577455886
0.0467384307366863,0.0414422935880129,0.0414631590978068,0.0373662221662461
0.0467384307366863,0.0414422935880129,0.0414631590978068,0.0373662221662461
0.045918216121166,0.0414422935880129,0.0414631590978068,0.0361942474312782
0.045918216121166,0.0414422935880129,0.0414631590978068,0.0361942474312782
0.045918216121166,0.0414422935880129,0.0414631590978068,0.0361942474312782
0.045918216121166,0.0414422935880129,0.0414631590978068,0.0361942474312782
0.045918216121166,0.0414422935880129,0.0414631590978068,0.0361942474312782
0.045918216121166,0.0414422935880129,0.0414631590978068,0.0361942474312782
0.045918216121166,0.0414422935880129,0.0414631590978068,0.0361942474312782
0.045918216121166,0.0414422935880129,0.0414631590978068,0.0361942474312782
0.045918216121166,0.0414422935880129,0.0414631590978068,0.0361942474312782
0.045918216121166,0.0456545028651178,0.0414631590978068,0.0361942474312782
0.045918216121166,0.0456545028651178,0.0414631590978068,0.0361942474312782
0.045918216121166,0.0456545028651178,0.0414631590978068,0.0361942474312782
0.045918216121166,0.0456545028651178,0.0414631590978068,0.0361942474312782
0.045918216121166,0.0456545028651178,0.0414631590978068,0.0361942474312782
0.045918216121166,0.0456545028651178,0.0414631590978068,0.0361942474312782
0.045918216121166,0.0456545028651178,0.0414631590978068,0.0361942474312782
0.045918216121166,0.0456545028651178,0.0414631590978068,0.0361942474312782
0.045918216121166,0.0456545028651178,0.0414631590978068,0.0361942474312782
0.045918216121166,0.0456545028651178,0.0414631590978068,0.0361942474312782
0.045918216121166,0.0456545028651178,0.0414631590978068,0.0361942474312782
0.045918216121166,0.0456545028651178,0.0414631590978068,0.0361942474312782
0.045918216121166,0.0456545028651178,0.0414631590978068,0.0361942474312782
0.0460760381312191,0.0456545028651178,0.0414631590978068,0.0361942474312782
0.0460760381312191,0.0456545028651178,0.0414631590978068,0.0361942474312782
0.0460760381312191,0.0456545028651178,0.0414631590978068,0.0361942474312782
0.0460760381312191,0.0456545028651178,0.0414631590978068,0.0361942474312782
0.0460760381312191,0.0456545028651178,0.0414631590978068,0.0361942474312782
0.0460760381312191,0.0456545028651178,0.0414631590978068,0.0361942474312782
0.0460760381312191,0.0456545028651178,0.0414631590978068,0.0361942474312782
0.0460760381312191,0.0456545028651178,0.0414631590978068,0.0361942474312782
0.0460760381312191,0.0456545028651178,0.0414631590978068,0.0361942474312782
0.0460760381312191,0.0456545028651178,0.0414631590978068,0.0361942474312782
0.0460760381312191,0.0456545028651178,0.0414631590978068,0.0361942474312782
0.0460760381312191,0.0456545028651178,0.0414631590978068,0.0361942474312782
0.0460760381312191,0.0456545028651178,0.0414631590978068,0.0361942474312782
0.0460760381312191,0.0456545028651178,0.0414631590978068,0.0361942474312782
0.0460760381312191,0.0456545028651178,0.0414631590978068,0.0361942474312782
0.0460760381312191,0.0456545028651178,0.0414631590978068,0.0361942474312782
0.0460760381312191,0.0456545028651178,0.0414631590978068,0.0361942474312782
0.0460760381312191,0.0456545028651178,0.0414631590978068,0.0361942474312782
0.0460760381312191,0.0456545028651178,0.0414631590978068,0.0361942474312782
0.0460760381312191,0.0456545028651178,0.0414631590978068,0.0361942474312782
0.0460760381312191,0.0456545028651178,0.0414631590978068,0.0361942474312782
0.0460760381312191,0.0456545028651178,0.0414631590978068,0.0361942474312782
0.0460760381312191,0.0456545028651178,0.0414631590978068,0.046560048961988
0.0460760381312191,0.0452116757290425,0.0414631590978068,0.046560048961988
0.0460760381312191,0.0452116757290425,0.0414631590978068,0.046560048961988
0.0460760381312191,0.0452116757290425,0.0414631590978068,0.046560048961988
0.0460760381312191,0.0452116757290425,0.0414631590978068,0.046560048961988
0.0460760381312191,0.0452116757290425,0.0414631590978068,0.046560048961988
0.0460760381312191,0.0452116757290425,0.0414631590978068,0.046560048961988
0.0460760381312191,0.0452116757290425,0.0414631590978068,0.046560048961988
0.0460760381312191,0.0452116757290425,0.0414631590978068,0.046560048961988
0.0460760381312191,0.0452116757290425,0.0414631590978068,0.046560048961988
0.0460760381312191,0.0452116757290425,0.0414631590978068,0.046560048961988
0.0460760381312191,0.0452116757290425,0.0414631590978068,0.0474459172852205
0.0460760381312191,0.0452116757290425,0.0414631590978068,0.0474459172852205
0.0460760381312191,0.0452116757290425,0.0414631590978068,0.0474459172852205
0.0460760381312191,0.0489942416737708,0.0414631590978068,0.0474459172852205
0.0460760381312191,0.0489942416737708,0.0414631590978068,0.0474459172852205
0.0460760381312191,0.0489942416737708,0.0414631590978068,0.0492913635577727
0.0460760381312191,0.0489942416737708,0.0414631590978068,0.0492913635577727
0.0460760381312191,0.0489942416737708,0.0414631590978068,0.0492913635577727
0.0460760381312191,0.0489942416737708,0.0414631590978068,0.0492913635577727
0.0460760381312191,0.0489942416737708,0.0414631590978068,0.0492913635577727
0.0460760381312191,0.0489942416737708,0.0414631590978068,0.0492913635577727
0.0460760381312191,0.0489942416737708,0.0414631590978068,0.0492913635577727
0.0460760381312191,0.0489942416737708,0.0414631590978068,0.0492913635577727
0.0460760381312191,0.0489942416737708,0.0414631590978068,0.0492913635577727
0.0460760381312191,0.0489942416737708,0.0414631590978068,0.0492913635577727
0.0460760381312191,0.0489942416737708,0.0414631590978068,0.0492913635577727
0.0460760381312191,0.0489942416737708,0.0414631590978068,0.0492913635577727
0.0460760381312191,0.0489942416737708,0.0414631590978068,0.0492913635577727
0.0460760381312191,0.0489942416737708,0.0414631590978068,0.0492913635577727
0.0460760381312191,0.0489942416737708,0.0414631590978068,0.0492913635577727
0.0460760381312191,0.0489942416737708,0.0414631590978068,0.0492913635577727
0.0460760381312191,0.0489942416737708,0.0414631590978068,0.0492913635577727
0.0460760381312191,0.0489942416737708,0.0414631590978068,0.0492913635577727
0.0460760381312191,0.0489942416737708,0.0414631590978068,0.0492913635577727
0.0460760381312191,0.0489942416737708,0.0414631590978068,0.0492913635577727
0.0460760381312191,0.0489942416737708,0.0414631590978068,0.0492913635577727
0.0460760381312191,0.0489942416737708,0.0414631590978068,0.0492913635577727
0.0460760381312191,0.0511649227990084,0.0423510176417014,0.0492913635577727
0.0460760381312191,0.0511649227990084,0.0423510176417014,0.0492913635577727
0.0460760381312191,0.0511649227990084,0.0423510176417014,0.0492913635577727
0.0460760381312191,0.0511649227990084,0.0423510176417014,0.0492913635577727
0.0460760381312191,0.0511649227990084,0.0423510176417014,0.0492913635577727
0.0460760381312191,0.0511649227990084,0.0423510176417014,0.0492913635577727
0.0460760381312191,0.0511649227990084,0.0423510176417014,0.0492913635577727
0.0477730728488177,0.0511649227990084,0.0423510176417014,0.0492913635577727
0.0477730728488177,0.0511649227990084,0.0423510176417014,0.0492913635577727
0.0477730728488177,0.0511649227990084,0.0423510176417014,0.0492913635577727
0.0462886549913833,0.0511649227990084,0.0423510176417014,0.0492913635577727
0.0462886549913833,0.0511649227990084,0.0423510176417014,0.0492913635577727
0.0462886549913833,0.0511649227990084,0.0423510176417014,0.0492913635577727
0.0462886549913833,0.0511649227990084,0.0423510176417014,0.0492913635577727
0.0462886549913833,0.0511649227990084,0.0423510176417014,0.0492913635577727
0.0462886549913833,0.0511649227990084,0.0423510176417014,0.0492913635577727
0.0462886549913833,0.0511649227990084,0.0423510176417014,0.0492913635577727
0.0462886549913833,0.0511649227990084,0.0423510176417014,0.0492913635577727
0.0462886549913833,0.0511649227990084,0.0423510176417014,0.0492913635577727
0.0462886549913833,0.0511649227990084,0.0423510176417014,0.0492913635577727
0.0462886549913833,0.0543955565249658,0.0423510176417014,0.0492913635577727
0.0462886549913833,0.0543955565249658,0.0423510176417014,0.0479193411573593
0.0462886549913833,0.0543955565249658,0.0423510176417014,0.0479193411573593
0.0462886549913833,0.0543955565249658,0.0423510176417014,0.0479193411573593
0.0462886549913833,0.0543955565249658,0.0423510176417014,0.0479193411573593
0.0462886549913833,0.0543955565249658,0.0423510176417014,0.0479193411573593
0.0462886549913833,0.0543955565249658,0.044038575741049,0.0479193411573593
0.0462886549913833,0.0543955565249658,0.044038575741049,0.0479193411573593
0.0462886549913833,0.0543955565249658,0.044038575741049,0.0479193411573593
0.0462886549913833,0.0543955565249658,0.044038575741049,0.0479193411573593
0.0462886549913833,0.0543955565249658,0.044038575741049,0.0479193411573593
0.0462886549913833,0.0596785358202467,0.044038575741049,0.0479193411573593
0.0462886549913833,0.0596785358202467,0.044038575741049,0.0479193411573593
0.0462886549913833,0.0596785358202467,0.044038575741049,0.0479193411573593
0.0462886549913833,0.0596785358202467,0.044038575741049,0.0479193411573593
0.0462886549913833,0.0596785358202467,0.044038575741049,0.0479193411573593
0.0462886549913833,0.0596785358202467,0.044038575741049,0.0440094044599423
0.0462886549913833,0.0596785358202467,0.044038575741049,0.0440094044599423
0.0462886549913833,0.0596785358202467,0.044038575741049,0.0440094044599423
0.0462886549913833,0.0596785358202467,0.044038575741049,0.0440094044599423
0.0462886549913833,0.0596785358202467,0.044038575741049,0.0440094044599423
0.0462886549913833,0.0596785358202467,0.044038575741049,0.0440094044599423
0.0462886549913833,0.0596785358202467,0.044038575741049,0.0440094044599423
0.0462886549913833,0.0596785358202467,0.044038575741049,0.0440094044599423
0.0462886549913833,0.0596785358202467,0.044038575741049,0.0440094044599423
0.0462886549913833,0.0596785358202467,0.044038575741049,0.0440094044599423
0.0462886549913833,0.0596785358202467,0.044038575741049,0.0440094044599423
0.0462886549913833,0.0596785358202467,0.044038575741049,0.0440094044599423
0.0462886549913833,0.0596785358202467,0.044038575741049,0.0440094044599423
0.0462886549913833,0.0596785358202467,0.044038575741049,0.0440094044599423
0.0462886549913833,0.0596785358202467,0.044038575741049,0.0440094044599423
0.0462886549913833,0.0596785358202467,0.044038575741049,0.0440094044599423
0.0462886549913833,0.0596785358202467,0.044038575741049,0.0440094044599423
0.0462886549913833,0.0596785358202467,0.044038575741049,0.0440094044599423
0.0462886549913833,0.0596785358202467,0.044038575741049,0.0440094044599423
0.0462886549913833,0.0596785358202467,0.044038575741049,0.0440094044599423
0.0462886549913833,0.0596785358202467,0.044038575741049,0.0440094044599423
0.0462886549913833,0.0596785358202467,0.044038575741049,0.0440094044599423
0.0462886549913833,0.0596785358202467,0.044038575741049,0.0440094044599423
0.0462886549913833,0.0596785358202467,0.044038575741049,0.0440094044599423
0.0462886549913833,0.0596785358202467,0.044038575741049,0.0440094044599423
0.0462886549913833,0.0596785358202467,0.0424458934004081,0.0440094044599423
0.0462886549913833,0.0596785358202467,0.0424458934004081,0.0440094044599423
0.0462886549913833,0.0596785358202467,0.0424458934004081,0.0440094044599423
0.0462886549913833,0.0596785358202467,0.0424458934004081,0.0440094044599423
0.0462886549913833,0.0596785358202467,0.0424458934004081,0.0440094044599423
0.0462886549913833,0.0596785358202467,0.0424458934004081,0.0440094044599423
0.0462886549913833,0.0596785358202467,0.0424458934004081,0.0433520731079119
0.0462886549913833,0.0596785358202467,0.0424458934004081,0.0433520731079119
0.0462886549913833,0.0596785358202467,0.0424458934004081,0.0433520731079119
0.0462886549913833,0.0596785358202467,0.0424458934004081,0.0433520731079119
0.0462886549913833,0.0596785358202467,0.0424458934004081,0.0457871490634804
0.0462886549913833,0.0596785358202467,0.0424458934004081,0.0457871490634804
0.0462886549913833,0.0596785358202467,0.0424458934004081,0.0457871490634804
0.0462886549913833,0.0596785358202467,0.0424458934004081,0.0457871490634804
0.0462886549913833,0.0596785358202467,0.0424458934004081,0.0457871490634804
0.0462886549913833,0.0596785358202467,0.0424458934004081,0.0457871490634804
0.0462886549913833,0.0596785358202467,0.0424458934004081,0.0457871490634804
0.0462886549913833,0.0596785358202467,0.0424458934004081,0.0457871490634804
0.0462886549913833,0.0596785358202467,0.0424458934004081,0.0457871490634804
0.0462886549913833,0.0525444666733574,0.0424458934004081,0.0457871490634804
0.0462886549913833,0.0525444666733574,0.0424458934004081,0.0457871490634804
0.0462886549913833,0.0525444666733574,0.0424458934004081,0.0457871490634804
0.0462886549913833,0.0525444666733574,0.0424458934004081,0.0457871490634804
0.0462886549913833,0.0525444666733574,0.0424458934004081,0.0457871490634804
0.0462886549913833,0.0525444666733574,0.0424458934004081,0.0457871490634804
0.0462886549913833,0.0525444666733574,0.0389226360899356,0.0457871490634804
0.0462886549913833,0.0525444666733574,0.0389226360899356,0.0457871490634804
0.0462886549913833,0.0525444666733574,0.0389226360899356,0.0457871490634804
0.0462886549913833,0.0525444666733574,0.0389226360899356,0.0506323224983704
0.0462886549913833,0.0525444666733574,0.0389226360899356,0.0506323224983704
0.0462886549913833,0.0525444666733574,0.0382808244134482,0.0506323224983704
0.0462886549913833,0.0525444666733574,0.0382808244134482,0.0506323224983704
0.0462886549913833,0.0525444666733574,0.0382808244134482,0.0506323224983704
0.0462886549913833,0.0525444666733574,0.0382808244134482,0.0506323224983704
0.0462886549913833,0.0536180331972813,0.0382808244134482,0.0506323224983704
0.0462886549913833,0.0536180331972813,0.0382808244134482,0.0506323224983704
0.0462886549913833,0.0536180331972813,0.0382808244134482,0.0524001593672729
0.0462886549913833,0.0536180331972813,0.0382808244134482,0.0524001593672729
0.0462886549913833,0.0536180331972813,0.0382808244134482,0.0524001593672729
0.0462886549913833,0.0536180331972813,0.0382808244134482,0.0524001593672729
0.0462886549913833,0.0536180331972813,0.0382808244134482,0.0524001593672729
0.0462886549913833,0.0536180331972813,0.0382808244134482,0.0524001593672729
0.0462886549913833,0.0536180331972813,0.0382808244134482,0.0524001593672729
0.0462886549913833,0.0536180331972813,0.0382808244134482,0.0524001593672729
0.0462886549913833,0.0536180331972813,0.0382808244134482,0.0524001593672729
0.0462886549913833,0.0536180331972813,0.0382808244134482,0.0524001593672729
0.0462886549913833,0.0536180331972813,0.0382808244134482,0.0524001593672729
0.0462886549913833,0.0536180331972813,0.0382808244134482,0.0524001593672729
0.0462886549913833,0.0536180331972813,0.0382808244134482,0.0524001593672729
0.0462886549913833,0.0536180331972813,0.0382808244134482,0.0524001593672729
0.0490760531427663,0.0536180331972813,0.0382808244134482,0.052199869716907
0.0490760531427663,0.0536180331972813,0.0382808244134482,0.052199869716907
0.0490760531427663,0.0536180331972813,0.0382808244134482,0.052199869716907
0.0490760531427663,0.0536180331972813,0.0382808244134482,0.052199869716907
0.0490760531427663,0.0536180331972813,0.0382808244134482,0.052199869716907
0.0490760531427663,0.0536180331972813,0.0382808244134482,0.052199869716907
0.0490760531427663,0.0536180331972813,0.0382808244134482,0.052199869716907
0.0490760531427663,0.0536180331972813,0.0382808244134482,0.052199869716907
0.0490760531427663,0.0536180331972813,0.0382808244134482,0.052199869716907
0.0490760531427663,0.0533552759411776,0.0382808244134482,0.052199869716907
0.0490760531427663,0.0533552759411776,0.0382808244134482,0.052199869716907
0.0490760531427663,0.0533552759411776,0.0382808244134482,0.052199869716907
0.0490760531427663,0.0533552759411776,0.0384416858617103,0.052199869716907
0.0490760531427663,0.0533552759411776,0.0384416858617103,0.052199869716907
0.0490760531427663,0.0533552759411776,0.0384416858617103,0.052199869716907
0.0490760531427663,0.0533552759411776,0.0384416858617103,0.052199869716907
0.0490760531427663,0.0533552759411776,0.0384416858617103,0.052199869716907
0.0490760531427663,0.0533552759411776,0.0384416858617103,0.052199869716907
0.0490760531427663,0.0533552759411776,0.0384416858617103,0.052199869716907
0.0490760531427663,0.0533552759411776,0.0384416858617103,0.052199869716907
0.0490760531427663,0.0533552759411776,0.0384416858617103,0.052199869716907
0.0490760531427663,0.0533552759411776,0.0384416858617103,0.052199869716907
0.0490760531427663,0.0533552759411776,0.0384416858617103,0.052199869716907
0.0490760531427663,0.0533552759411776,0.0384416858617103,0.052199869716907
0.0490760531427663,0.0533552759411776,0.0384416858617103,0.052199869716907
0.0490760531427663,0.0533552759411776,0.0384416858617103,0.052199869716907
0.0490760531427663,0.0533552759411776,0.0384416858617103,0.052199869716907
0.0490760531427663,0.0533552759411776,0.0384416858617103,0.052199869716907
0.0490760531427663,0.0533552759411776,0.0384416858617103,0.052199869716907
0.0490760531427663,0.0533552759411776,0.0384416858617103,0.052199869716907
0.0490760531427663,0.0533552759411776,0.0384416858617103,0.0499312976554092
0.0490760531427663,0.0533552759411776,0.0384416858617103,0.0513847953117719
0.0490760531427663,0.0533552759411776,0.0384416858617103,0.0513847953117719
0.0490760531427663,0.0533552759411776,0.0384416858617103,0.0513847953117719
0.0490760531427663,0.0533552759411776,0.0384416858617103,0.0513847953117719
0.0490760531427663,0.0533552759411776,0.0384416858617103,0.0513847953117719
0.0490760531427663,0.0533552759411776,0.0384416858617103,0.0513847953117719
0.0490760531427663,0.0533552759411776,0.0408965429576757,0.0513847953117719
0.0490760531427663,0.047312565254684,0.0408965429576757,0.0513847953117719
0.0490760531427663,0.047312565254684,0.0408965429576757,0.0513847953117719
0.0490760531427663,0.047312565254684,0.0408965429576757,0.0513847953117719
0.0490760531427663,0.047312565254684,0.0408965429576757,0.0513847953117719
0.0490760531427663,0.0499119124667571,0.0408965429576757,0.0513847953117719
0.0490760531427663,0.0499119124667571,0.0408965429576757,0.0513847953117719
0.0490760531427663,0.0499119124667571,0.0408965429576757,0.0513847953117719
0.0490760531427663,0.0499119124667571,0.0408965429576757,0.0513847953117719
0.0490760531427663,0.0499119124667571,0.0408965429576757,0.0513847953117719
0.0490760531427663,0.0499119124667571,0.0408965429576757,0.0513847953117719
0.0490760531427663,0.0499119124667571,0.0408965429576757,0.0513847953117719
0.0490760531427663,0.0499119124667571,0.0408965429576757,0.0513847953117719
0.0490760531427663,0.0499119124667571,0.0408965429576757,0.0513847953117719
0.0490760531427663,0.0499119124667571,0.0408965429576757,0.0513847953117719
0.0490760531427663,0.0527159491568554,0.0408965429576757,0.0513847953117719
0.0490760531427663,0.0527159491568554,0.0408965429576757,0.0513847953117719
0.0490758170259736,0.0527159491568554,0.0408965429576757,0.0513847953117719
0.0490758170259736,0.0527159491568554,0.0408965429576757,0.0513847953117719
0.0490758170259736,0.0527159491568554,0.0408965429576757,0.0513847953117719
0.0490758170259736,0.0487288966863723,0.0408965429576757,0.0513847953117719
0.0490758170259736,0.0487288966863723,0.0408965429576757,0.0513847953117719
0.0490758170259736,0.0487288966863723,0.0408965429576757,0.0513847953117719
0.0490758170259736,0.0487288966863723,0.0408965429576757,0.0513847953117719
0.0490758170259736,0.0487288966863723,0.0408965429576757,0.0513847953117719
0.0490758170259736,0.0487288966863723,0.0408965429576757,0.0513847953117719
0.0490758170259736,0.0487288966863723,0.0408965429576757,0.0513847953117719
0.0490758170259736,0.0487288966863723,0.0408965429576757,0.0513847953117719
0.0490758170259736,0.0487288966863723,0.0408965429576757,0.0513847953117719
0.0490758170259736,0.0487288966863723,0.0408965429576757,0.0513847953117719
0.0490758170259736,0.0487288966863723,0.0408965429576757,0.0513847953117719
0.0490758170259736,0.0487288966863723,0.0408965429576757,0.0513847953117719
0.0490758170259736,0.0487288966863723,0.0408965429576757,0.0513847953117719
0.0490758170259736,0.0487288966863723,0.0408965429576757,0.0513847953117719
0.0490758170259736,0.0487288966863723,0.0408965429576757,0.0513847953117719
0.0490758170259736,0.0487288966863723,0.0408965429576757,0.0513847953117719
0.0490758170259736,0.0487288966863723,0.0408965429576757,0.0513847953117719
0.0490758170259736,0.0487288966863723,0.0408965429576757,0.0513847953117719
0.0490758170259736,0.0487288966863723,0.0408965429576757,0.0513847953117719
0.0490758170259736,0.0487288966863723,0.0408965429576757,0.0513847953117719
0.0490758170259736,0.0487288966863723,0.0466714278408505,0.0513847953117719
0.0490758170259736,0.0487288966863723,0.0466714278408505,0.0513847953117719
0.0490758170259736,0.0487288966863723,0.0466714278408505,0.0513847953117719
0.0490758170259736,0.0487288966863723,0.0466714278408505,0.0513847953117719
0.0490758170259736,0.0455813920201632,0.0466714278408505,0.0513847953117719
0.0490758170259736,0.0455813920201632,0.0466714278408505,0.0513847953117719
0.0490758170259736,0.0455813920201632,0.0466714278408505,0.0513847953117719
0.0490758170259736,0.0455813920201632,0.04364303667702,0.0513847953117719
0.0490758170259736,0.0455813920201632,0.04364303667702,0.0513847953117719
0.0490758170259736,0.0455813920201632,0.0436469172581248,0.0513847953117719
0.0490758170259736,0.0455813920201632,0.0436469172581248,0.0513847953117719
0.0490758170259736,0.0455813920201632,0.0436469172581248,0.0513847953117719
0.0490758170259736,0.0455813920201632,0.0436469172581248,0.0513847953117719
0.0490758170259736,0.0455813920201632,0.0436469172581248,0.0513847953117719
0.0490758170259736,0.0455813920201632,0.0436469172581248,0.0513847953117719
0.0490758170259736,0.0455813920201632,0.0436469172581248,0.0513847953117719
0.0487142447378266,0.0455813920201632,0.0436469172581248,0.0513847953117719
0.0487142447378266,0.0455813920201632,0.0436469172581248,0.0513847953117719
0.0487142447378266,0.0455813920201632,0.0397754123592057,0.0513847953117719
0.0487142447378266,0.0455813920201632,0.0397754123592057,0.0513847953117719
0.0476854979459093,0.0455813920201632,0.0397754123592057,0.0513847953117719
0.0476854979459093,0.0455813920201632,0.0397754123592057,0.0513847953117719
0.0476854979459093,0.0455813920201632,0.0397754123592057,0.0513847953117719
0.0476854979459093,0.0455813920201632,0.0397754123592057,0.0513847953117719
0.0476854979459093,0.0455813920201632,0.0397754123592057,0.0513847953117719
0.0476854979459093,0.0455813920201632,0.0397754123592057,0.0513847953117719
0.0476854979459093,0.0455813920201632,0.0462779851482598,0.0513847953117719
0.0476854979459093,0.0455813920201632,0.0462779851482598,0.0513847953117719
0.0476854979459093,0.0455813920201632,0.0462779851482598,0.0513847953117719
0.0476854979459093,0.0455813920201632,0.0433418986945848,0.0513847953117719
0.0476854979459093,0.0455813920201632,0.0433418986945848,0.0513847953117719
0.0476854979459093,0.0455813920201632,0.0433418986945848,0.0513847953117719
0.0476854979459093,0.0455813920201632,0.0433418986945848,0.0513847953117719
0.0476854979459093,0.0455813920201632,0.0433418986945848,0.0513847953117719
0.0476854979459093,0.0455813920201632,0.0433418986945848,0.0513847953117719
0.0476854979459093,0.0455813920201632,0.0433418986945848,0.0513847953117719
0.0476854979459093,0.0455813920201632,0.0433418986945848,0.0513847953117719
0.0476854979459093,0.0455813920201632,0.0433418986945848,0.0513847953117719
0.0476854979459093,0.0455813920201632,0.0433418986945848,0.0513847953117719
0.0476854979459093,0.0455813920201632,0.0433418986945848,0.0513847953117719
0.0476854979459093,0.0455813920201632,0.0433418986945848,0.0513847953117719
0.0476854979459093,0.0455813920201632,0.0433418986945848,0.0513847953117719
0.0476854979459093,0.0455813920201632,0.0433418986945848,0.0513847953117719
0.0476854979459093,0.0455813920201632,0.0433418986945848,0.0513847953117719
0.0476854979459093,0.0455813920201632,0.0433418986945848,0.0513847953117719
0.0476854979459093,0.0455813920201632,0.0433418986945848,0.0513847953117719
0.0476854979459093,0.0455813920201632,0.0433418986945848,0.0513847953117719
0.0476854979459093,0.0455813920201632,0.0433418986945848,0.0513847953117719
0.0476854979459093,0.0455813920201632,0.0444166554207374,0.0513847953117719
0.0476854979459093,0.0483258875065933,0.0444166554207374,0.0513847953117719
0.0476854979459093,0.0483258875065933,0.0444166554207374,0.0513847953117719
0.0476854979459093,0.0483258875065933,0.0444166554207374,0.0513847953117719
0.0476854979459093,0.0483258875065933,0.0444166554207374,0.0513847953117719
0.0476854979459093,0.0483258875065933,0.0444166554207374,0.0513847953117719
0.0476854979459093,0.0483258875065933,0.0444166554207374,0.0513847953117719
0.0476854979459093,0.0483258875065933,0.0444166554207374,0.0513847953117719
0.0476854979459093,0.0483258875065933,0.0444166554207374,0.0513847953117719
0.0476854979459093,0.0483258875065933,0.0444166554207374,0.0513847953117719
0.0476854979459093,0.0483258875065933,0.0444166554207374,0.0513847953117719
0.0476854979459093,0.0483258875065933,0.0444166554207374,0.0513847953117719
0.0476854979459093,0.0483258875065933,0.0444166554207374,0.0513847953117719
0.0476854979459093,0.0483258875065933,0.0444166554207374,0.0513847953117719
0.0476854979459093,0.0483258875065933,0.0444166554207374,0.0513847953117719
0.0476854979459093,0.0483258875065933,0.0444166554207374,0.0513847953117719
0.0476854979459093,0.0483258875065933,0.0444166554207374,0.0513847953117719
0.0476854979459093,0.0483258875065933,0.0444166554207374,0.0530110248839293
0.0476854979459093,0.0483258875065933,0.0444166554207374,0.0530110248839293
0.0476854979459093,0.0483258875065933,0.0444166554207374,0.0530110248839293
0.0476854979459093,0.0483258875065933,0.0444166554207374,0.0530110248839293
0.0476854979459093,0.0483258875065933,0.0444166554207374,0.0530110248839293
0.0476854979459093,0.0483258875065933,0.0444166554207374,0.0530110248839293
0.0476854979459093,0.0483258875065933,0.0444166554207374,0.0530110248839293
0.0476854979459093,0.0483258875065933,0.0444166554207374,0.0530110248839293
0.0476854979459093,0.0483258875065933,0.0444166554207374,0.0530110248839293
0.0460004362515634,0.0483258875065933,0.0444166554207374,0.0530110248839293
0.0460004362515634,0.0483258875065933,0.0444166554207374,0.0530110248839293
0.0460004362515634,0.0483258875065933,0.0444166554207374,0.0470979394457822
0.0460004362515634,0.0483258875065933,0.0444166554207374,0.0470979394457822
0.0460004362515634,0.0483258875065933,0.0444166554207374,0.0470979394457822
0.0460004362515634,0.0483258875065933,0.0444166554207374,0.0470979394457822
0.0460004362515634,0.0483258875065933,0.0444166554207374,0.0470979394457822
0.0460004362515634,0.0483258875065933,0.0444166554207374,0.0470979394457822
0.0460004362515634,0.0483258875065933,0.0444166554207374,0.0470979394457822
0.0460004362515634,0.0483258875065933,0.0444166554207374,0.0470979394457822
0.0460004362515634,0.0483258875065933,0.0444166554207374,0.0470979394457822
0.0460004362515634,0.0483258875065933,0.0444166554207374,0.0470979394457822
0.0460004362515634,0.0483258875065933,0.0444166554207374,0.0470979394457822
0.0460004362515634,0.0483258875065933,0.0444166554207374,0.0470979394457822
0.0460004362515634,0.0483258875065933,0.0444166554207374,0.0517465403023132
0.0460004362515634,0.0483258875065933,0.0444166554207374,0.0517465403023132
0.0460004362515634,0.0483258875065933,0.0444166554207374,0.0517465403023132
0.0460004362515634,0.0483258875065933,0.0444166554207374,0.0517465403023132
0.0460004362515634,0.0483258875065933,0.0444166554207374,0.0517465403023132
0.0460004362515634,0.0483258875065933,0.0444166554207374,0.0517465403023132
0.0460004362515634,0.0483258875065933,0.0444166554207374,0.0517465403023132
0.0460004362515634,0.0476600548676866,0.0444166554207374,0.0517465403023132
0.0460004362515634,0.0476600548676866,0.0444166554207374,0.0494170238862229
0.0460004362515634,0.0476600548676866,0.0444166554207374,0.0494170238862229
0.0460004362515634,0.0476600548676866,0.0444166554207374,0.0494170238862229
0.0460004362515634,0.0476600548676866,0.0444166554207374,0.0494170238862229
0.0460004362515634,0.0476600548676866,0.0444166554207374,0.0494170238862229
0.0460004362515634,0.0476600548676866,0.044855512410069,0.0494170238862229
0.0460004362515634,0.0476600548676866,0.044855512410069,0.0494170238862229
0.0460004362515634,0.0476600548676866,0.044855512410069,0.0494170238862229
0.0460004362515634,0.0476600548676866,0.044855512410069,0.0494170238862229
0.0460004362515634,0.0476600548676866,0.044855512410069,0.0494170238862229
0.0460004362515634,0.0476600548676866,0.044855512410069,0.0494170238862229
0.0460004362515634,0.0476600548676866,0.044855512410069,0.0494170238862229
0.0460004362515634,0.0476600548676866,0.044855512410069,0.0494170238862229
0.0460004362515634,0.0476600548676866,0.0474671305558363,0.0494170238862229
0.0460004362515634,0.0476600548676866,0.0474671305558363,0.0494170238862229
0.0460004362515634,0.0476600548676866,0.0474671305558363,0.0494170238862229
0.0460004362515634,0.0476600548676866,0.0474671305558363,0.0494170238862229
0.0460004362515634,0.0476600548676866,0.0474671305558363,0.0494170238862229
0.0460004362515634,0.0476600548676866,0.0474671305558363,0.0494170238862229
0.0460004362515634,0.0476600548676866,0.0474671305558363,0.0494170238862229
0.0460004362515634,0.0476600548676866,0.0474671305558363,0.0494170238862229
0.0460004362515634,0.0476600548676866,0.0474671305558363,0.0494170238862229
0.0460004362515634,0.0476600548676866,0.0474671305558363,0.0494170238862229
0.0460004362515634,0.0476600548676866,0.0474671305558363,0.0494170238862229
0.0460004362515634,0.0476600548676866,0.0474671305558363,0.0494170238862229
0.0460004362515634,0.0476600548676866,0.0474671305558363,0.0494170238862229
0.0460004362515634,0.0476600548676866,0.0463642650102156,0.0494170238862229
0.0460004362515634,0.0476600548676866,0.0463642650102156,0.0494170238862229
0.0460004362515634,0.0476600548676866,0.0463642650102156,0.0494170238862229
0.0460004362515634,0.0476600548676866,0.0463642650102156,0.0494170238862229
0.0460004362515634,0.0476600548676866,0.0425814191349605,0.0494170238862229
0.0460004362515634,0.0476600548676866,0.0425814191349605,0.0494170238862229
0.0460004362515634,0.0476600548676866,0.0425814191349605,0.0494170238862229
0.0460004362515634,0.0476600548676866,0.0425814191349605,0.0494170238862229
0.0460004362515634,0.0476600548676866,0.0425814191349605,0.0494170238862229
0.0460004362515634,0.0476600548676866,0.0425814191349605,0.0494170238862229
0.0460004362515634,0.0470266187878016,0.0425814191349605,0.0494170238862229
0.0460004362515634,0.0470266187878016,0.0425814191349605,0.0494170238862229
0.0460004362515634,0.0470266187878016,0.0425814191349605,0.0494170238862229
0.0460004362515634,0.0470266187878016,0.0425814191349605,0.0494170238862229
0.0460004362515634,0.0470266187878016,0.0425814191349605,0.0494170238862229
0.0460004362515634,0.0470266187878016,0.0425814191349605,0.0494170238862229
0.0460004362515634,0.0470266187878016,0.0425814191349605,0.0494170238862229
0.0460004362515634,0.0470266187878016,0.0425814191349605,0.0494170238862229
0.0460004362515634,0.0470266187878016,0.0425814191349605,0.0494170238862229
0.0420997535274437,0.0470266187878016,0.0425814191349605,0.0494170238862229
0.0420997535274437,0.0470266187878016,0.0425814191349605,0.0494170238862229
0.0420997535274437,0.0470266187878016,0.0425814191349605,0.0494170238862229
0.0420997535274437,0.0458823714690898,0.0425814191349605,0.0494170238862229
0.0420997535274437,0.0458823714690898,0.0425814191349605,0.0494170238862229
0.0420997535274437,0.0458823714690898,0.0425814191349605,0.0494170238862229
0.0420997535274437,0.0458823714690898,0.0425814191349605,0.0494170238862229
0.0420997535274437,0.0458823714690898,0.0425814191349605,0.0494170238862229
0.0420997535274437,0.0458823714690898,0.0425814191349605,0.0494170238862229
0.0420997535274437,0.0458823714690898,0.0425814191349605,0.0494170238862229
0.0420997535274437,0.0458823714690898,0.0425814191349605,0.0494170238862229
0.0420997535274437,0.0458823714690898,0.0476200083464413,0.0494170238862229
0.0420997535274437,0.0465974419529445,0.0476200083464413,0.0494170238862229
0.0420997535274437,0.0465974419529445,0.0476200083464413,0.0494170238862229
0.0420997535274437,0.0465974419529445,0.0476200083464413,0.0494170238862229
0.0420997535274437,0.0465974419529445,0.0476200083464413,0.0504470130578964
0.0420997535274437,0.0465974419529445,0.0476200083464413,0.0504470130578964
0.0420997535274437,0.0465974419529445,0.0476200083464413,0.0504470130578964
0.0420997535274437,0.0465974419529445,0.0476200083464413,0.0504470130578964
0.0420997535274437,0.0465974419529445,0.0476200083464413,0.0504470130578964
0.0420997535274437,0.0465974419529445,0.0476200083464413,0.0504470130578964
0.0420997535274437,0.0465974419529445,0.0476200083464413,0.0504470130578964
0.0420997535274437,0.0465974419529445,0.0476200083464413,0.0504470130578964
0.0420997535274437,0.0465974419529445,0.0476200083464413,0.0504470130578964
0.0420997535274437,0.0465974419529445,0.0476200083464413,0.0504470130578964
0.0420997535274437,0.0465974419529445,0.0476200083464413,0.0504470130578964
0.041054831220764,0.0465974419529445,0.0476200083464413,0.0504470130578964
0.041054831220764,0.0465974419529445,0.0476200083464413,0.0424989602877789
0.041054831220764,0.0465974419529445,0.0476200083464413,0.0424989602877789
0.041054831220764,0.0465974419529445,0.0476200083464413,0.0424989602877789
0.041054831220764,0.0465974419529445,0.0476200083464413,0.0424989602877789
0.041054831220764,0.0465974419529445,0.0476200083464413,0.0424989602877789
0.0417972425693993,0.0465974419529445,0.0476200083464413,0.0424989602877789
0.0417972425693993,0.0465974419529445,0.0476200083464413,0.0424989602877789
0.0417972425693993,0.0465974419529445,0.0476200083464413,0.046074580955781
0.0417972425693993,0.0465974419529445,0.0476200083464413,0.046074580955781
0.0417972425693993,0.0465974419529445,0.0476200083464413,0.046074580955781
0.0417972425693993,0.0465974419529445,0.0476200083464413,0.046074580955781
0.0417972425693993,0.0465974419529445,0.0476200083464413,0.046074580955781
0.0417972425693993,0.0465974419529445,0.0476200083464413,0.046074580955781
0.0417972425693993,0.0465974419529445,0.0476200083464413,0.0360851503948352
0.0417972425693993,0.0465974419529445,0.0476200083464413,0.0360851503948352
0.0417972425693993,0.0465974419529445,0.0476200083464413,0.0360851503948352
0.0417972425693993,0.0465974419529445,0.0476200083464413,0.0360851503948352
0.0417972425693993,0.0465974419529445,0.0476200083464413,0.0360851503948352
0.0417972425693993,0.0465974419529445,0.0476200083464413,0.0415224875169982
0.0417972425693993,0.0465974419529445,0.0476200083464413,0.0415224875169982
0.0417972425693993,0.0465974419529445,0.0476200083464413,0.0415224875169982
0.0417972425693993,0.0465974419529445,0.0476200083464413,0.0415224875169982
0.0417972425693993,0.0465974419529445,0.0476200083464413,0.0415224875169982
0.0417972425693993,0.0465974419529445,0.0476200083464413,0.0415224875169982
0.0417972425693993,0.0465974419529445,0.0476200083464413,0.0415224875169982
0.0417972425693993,0.0465974419529445,0.0476200083464413,0.0415224875169982
0.0417972425693993,0.0465974419529445,0.0476200083464413,0.0415224875169982
0.0417972425693993,0.0465974419529445,0.0476200083464413,0.0415224875169982
0.0417972425693993,0.0465974419529445,0.0476200083464413,0.0415224875169982
0.0417972425693993,0.0465974419529445,0.0476200083464413,0.0415224875169982
0.0417972425693993,0.0465974419529445,0.0476200083464413,0.0415224875169982
0.0417972425693993,0.0465974419529445,0.0476200083464413,0.0415224875169982
0.0417972425693993,0.0465974419529445,0.0476200083464413,0.0415224875169982
0.0417972425693993,0.0465974419529445,0.0476200083464413,0.0415224875169982
0.0417972425693993,0.0465974419529445,0.0476200083464413,0.0415224875169982
0.0417972425693993,0.0465974419529445,0.0476200083464413,0.0415224875169982
0.0417972425693993,0.0465974419529445,0.0476200083464413,0.0415224875169982
0.0417972425693993,0.0465974419529445,0.0476200083464413,0.0415224875169982
0.0417972425693993,0.0465974419529445,0.0476200083464413,0.0415224875169982
0.0417972425693993,0.0465974419529445,0.0476200083464413,0.0415224875169982
0.0417972425693993,0.0465974419529445,0.0476200083464413,0.0415224875169982
0.0417972425693993,0.0465974419529445,0.0476200083464413,0.0415224875169982
0.0417972425693993,0.0465974419529445,0.0476200083464413,0.0415224875169982
0.0417972425693993,0.0465974419529445,0.0476200083464413,0.0415224875169982
0.0417972425693993,0.0465974419529445,0.0476200083464413,0.0415224875169982
0.0417972425693993,0.0465974419529445,0.0476200083464413,0.0409676409611196
0.0417972425693993,0.0465974419529445,0.0476200083464413,0.0409676409611196
0.0417972425693993,0.0465974419529445,0.0476200083464413,0.0409676409611196
0.0417972425693993,0.0465974419529445,0.0476200083464413,0.0409676409611196
0.0417972425693993,0.0465974419529445,0.0476200083464413,0.0409676409611196
0.0410262518831843,0.0465974419529445,0.0476200083464413,0.0429153801868263
0.0410262518831843,0.0465974419529445,0.0476200083464413,0.0429153801868263
0.0410262518831843,0.0465974419529445,0.0476200083464413,0.0429153801868263
0.0410262518831843,0.0465974419529445,0.0476200083464413,0.0429153801868263
0.0410262518831843,0.0465974419529445,0.0476200083464413,0.0429153801868263
0.0410262518831843,0.0465974419529445,0.0476200083464413,0.0429153801868263
0.0410262518831843,0.0465974419529445,0.0476200083464413,0.0429153801868263
0.0410262518831843,0.0465974419529445,0.0476200083464413,0.0429153801868263
0.0410262518831843,0.0465974419529445,0.0476200083464413,0.0429153801868263
0.0410262518831843,0.0465974419529445,0.0476200083464413,0.0429153801868263
0.0410262518831843,0.0465974419529445,0.0476200083464413,0.0429153801868263
0.0410262518831843,0.0465974419529445,0.0476200083464413,0.0429153801868263
0.0410262518831843,0.0473101076315872,0.0476200083464413,0.0429153801868263
0.0410262518831843,0.0473101076315872,0.0476200083464413,0.0429153801868263
0.0410262518831843,0.0473101076315872,0.0476200083464413,0.0429153801868263
0.0410262518831843,0.0473101076315872,0.0476200083464413,0.0429153801868263
0.0410262518831843,0.0473101076315872,0.0476200083464413,0.0429153801868263
0.0410262518831843,0.0473101076315872,0.0476200083464413,0.0429153801868263
0.0410262518831843,0.0473101076315872,0.0476200083464413,0.0429153801868263
0.0410262518831843,0.0473101076315872,0.0476200083464413,0.0429153801868263
0.0410262518831843,0.0473101076315872,0.0476200083464413,0.0429153801868263
0.0410262518831843,0.0473101076315872,0.0476200083464413,0.0429153801868263
0.0410262518831843,0.0473101076315872,0.0476200083464413,0.0429153801868263
0.0410262518831843,0.0473101076315872,0.0476200083464413,0.0429153801868263
0.0410262518831843,0.0498660046574094,0.0476200083464413,0.0429153801868263
0.0410262518831843,0.0498660046574094,0.0476200083464413,0.0429153801868263
0.0410262518831843,0.0392865589951622,0.0476200083464413,0.0429153801868263
0.0410262518831843,0.0392865589951622,0.0476200083464413,0.0429153801868263
0.0410262518831843,0.0392865589951622,0.0476200083464413,0.0429153801868263
0.0410262518831843,0.0392865589951622,0.0476200083464413,0.0429153801868263
0.0410262518831843,0.0392865589951622,0.0476200083464413,0.0429153801868263
0.0410262518831843,0.0392865589951622,0.0476200083464413,0.0429153801868263
0.0410262518831843,0.0392865589951622,0.0476200083464413,0.0429153801868263
0.0410262518831843,0.0392865589951622,0.0476200083464413,0.0429153801868263
0.0410262518831843,0.0392865589951622,0.0476200083464413,0.0429153801868263
0.0410262518831843,0.0493153665144461,0.0476200083464413,0.0429153801868263
0.0410262518831843,0.0493153665144461,0.0476200083464413,0.0429153801868263
0.0410262518831843,0.0493153665144461,0.0476200083464413,0.0429153801868263
0.0410262518831843,0.0493153665144461,0.0476200083464413,0.0429153801868263
0.0410262518831843,0.0493153665144461,0.0476200083464413,0.0429153801868263
0.0410262518831843,0.0493153665144461,0.0476200083464413,0.0429153801868263
0.0410262518831843,0.0493153665144461,0.0476200083464413,0.0429153801868263
0.0410262518831843,0.0493153665144461,0.0476200083464413,0.0429153801868263
0.0410262518831843,0.0493153665144461,0.0476200083464413,0.0429153801868263
0.0410262518831843,0.0493153665144461,0.0476200083464413,0.0429153801868263
0.0410262518831843,0.0493153665144461,0.0476200083464413,0.0429153801868263
0.0410262518831843,0.0493153665144461,0.0476200083464413,0.0429153801868263
0.0410262518831843,0.0493153665144461,0.0476200083464413,0.0429153801868263
0.0410262518831843,0.0493153665144461,0.04767704776936,0.0429153801868263
0.0410262518831843,0.0493153665144461,0.04767704776936,0.0429153801868263
0.0410262518831843,0.0493153665144461,0.04767704776936,0.0429153801868263
0.0410262518831843,0.0500003679041125,0.04767704776936,0.0429153801868263
0.0410262518831843,0.0500003679041125,0.04767704776936,0.0429153801868263
0.0410262518831843,0.0500003679041125,0.04767704776936,0.0429153801868263
0.0410262518831843,0.0500003679041125,0.04767704776936,0.0429153801868263
0.0410262518831843,0.0500003679041125,0.04767704776936,0.0429153801868263
0.0410262518831843,0.0500003679041125,0.04767704776936,0.0429153801868263
0.0410262518831843,0.0444698128995687,0.04767704776936,0.0429153801868263
0.0421444330730597,0.0444698128995687,0.04767704776936,0.0429153801868263
0.0421444330730597,0.0444698128995687,0.04767704776936,0.0429153801868263
0.0421444330730597,0.0444698128995687,0.04767704776936,0.0429153801868263
0.0421444330730597,0.0444698128995687,0.04767704776936,0.0429153801868263
0.0421444330730597,0.0444698128995687,0.04767704776936,0.0429153801868263
0.0421444330730597,0.0444698128995687,0.04767704776936,0.0429153801868263
0.0421444330730597,0.0444698128995687,0.04767704776936,0.0429153801868263
0.0406882724903231,0.0444698128995687,0.04767704776936,0.0429153801868263
0.0406882724903231,0.0444698128995687,0.04767704776936,0.0429153801868263
0.0406882724903231,0.0444698128995687,0.04767704776936,0.0429153801868263
0.0406882724903231,0.0461866017436416,0.04767704776936,0.0429153801868263
0.0406882724903231,0.0480534712956702,0.0454286701927713,0.0429153801868263
0.0406882724903231,0.0480534712956702,0.0454286701927713,0.0429153801868263
0.0406882724903231,0.0480534712956702,0.0454286701927713,0.0429153801868263
0.0406882724903231,0.0480534712956702,0.0454286701927713,0.0429153801868263
0.0406882724903231,0.0480534712956702,0.0454286701927713,0.0429153801868263
0.0406882724903231,0.0480534712956702,0.0454286701927713,0.0429153801868263
0.0406882724903231,0.0480534712956702,0.0454286701927713,0.0429153801868263
0.0406882724903231,0.0480534712956702,0.0454286701927713,0.0429153801868263
0.0406882724903231,0.0480534712956702,0.0454286701927713,0.0429153801868263
0.0406882724903231,0.0480534712956702,0.0454286701927713,0.0429153801868263
0.0406882724903231,0.0480534712956702,0.0454286701927713,0.0429153801868263
0.0419673219886448,0.0480534712956702,0.0454286701927713,0.0429153801868263
0.0419673219886448,0.0480534712956702,0.0454286701927713,0.0429153801868263
0.0419673219886448,0.0480534712956702,0.0454286701927713,0.0429153801868263
0.0419673219886448,0.0480534712956702,0.0454286701927713,0.0429153801868263
0.0419673219886448,0.0480534712956702,0.0454286701927713,0.0429153801868263
0.0419673219886448,0.0480534712956702,0.0454286701927713,0.0429153801868263
0.0419673219886448,0.0480534712956702,0.0454286701927713,0.0429153801868263
0.0411874782477473,0.0480534712956702,0.0454286701927713,0.0429153801868263
0.0411874782477473,0.0480534712956702,0.0454286701927713,0.0429153801868263
0.0411874782477473,0.0480534712956702,0.0454286701927713,0.0429153801868263
0.0411874782477473,0.0480534712956702,0.0454286701927713,0.0429153801868263
0.0411874782477473,0.0480534712956702,0.0454286701927713,0.0429153801868263
0.0411874782477473,0.0482869990840175,0.0454286701927713,0.0429153801868263
0.0411874782477473,0.0482869990840175,0.0400180331590819,0.0429153801868263
0.0411874782477473,0.0482869990840175,0.0400180331590819,0.0429153801868263
0.0411874782477473,0.0482869990840175,0.0400180331590819,0.0429153801868263
0.0411874782477473,0.0482869990840175,0.0400180331590819,0.0429153801868263
0.0411874782477473,0.0482869990840175,0.0400180331590819,0.0429153801868263
0.0411874782477473,0.0482869990840175,0.0400180331590819,0.0429153801868263
0.0411874782477473,0.0482869990840175,0.0400180331590819,0.0429153801868263
0.0411874782477473,0.0482869990840175,0.0370327618154489,0.0429153801868263
0.0411874782477473,0.0482869990840175,0.0370327618154489,0.0429153801868263
0.0411874782477473,0.0482869990840175,0.0370327618154489,0.0429153801868263
0.0411874782477473,0.0482869990840175,0.0370327618154489,0.0429153801868263
0.0411874782477473,0.0482869990840175,0.0370327618154489,0.0429153801868263
0.0411874782477473,0.0482869990840175,0.0370327618154489,0.0429153801868263
0.0411874782477473,0.0482869990840175,0.0370327618154489,0.0429153801868263
0.0411874782477473,0.0482869990840175,0.0370327618154489,0.0429153801868263
0.0411874782477473,0.0482869990840175,0.0370327618154489,0.0429153801868263
0.0411874782477473,0.0482869990840175,0.0370327618154489,0.0429153801868263
0.0411874782477473,0.0482869990840175,0.0370327618154489,0.0429153801868263
0.0411874782477473,0.0482869990840175,0.0370327618154489,0.0429153801868263
0.0402503472351603,0.0482869990840175,0.0370327618154489,0.0429153801868263
0.0402503472351603,0.0482869990840175,0.0370327618154489,0.0429153801868263
0.0402503472351603,0.0482869990840175,0.0370327618154489,0.0429153801868263
0.0402503472351603,0.0482869990840175,0.0370327618154489,0.0429153801868263
0.0390215905762745,0.0482869990840175,0.0370327618154489,0.0429153801868263
0.042044835464738,0.0482869990840175,0.0370327618154489,0.0429153801868263
0.042044835464738,0.0482869990840175,0.0370327618154489,0.0429153801868263
0.042044835464738,0.0482869990840175,0.0370327618154489,0.0429153801868263
0.042044835464738,0.0482869990840175,0.0370327618154489,0.0429153801868263
0.0479608853344186,0.0482869990840175,0.0381031610194855,0.0429153801868263
0.0479608853344186,0.0482869990840175,0.0381031610194855,0.0429153801868263
0.0479608853344186,0.0482869990840175,0.0381031610194855,0.0429153801868263
0.0479608853344186,0.0482869990840175,0.0381031610194855,0.0429153801868263
0.0479608853344186,0.0482869990840175,0.0381031610194855,0.0429153801868263
0.0479608853344186,0.0482869990840175,0.0381031610194855,0.0429153801868263
0.0479608853344186,0.0482869990840175,0.0381031610194855,0.0429153801868263
0.0479608853344186,0.0482869990840175,0.0381031610194855,0.0429153801868263
0.0479608853344186,0.0482869990840175,0.0381031610194855,0.0429153801868263
0.0479608853344186,0.0482869990840175,0.0381031610194855,0.0429153801868263
0.0479608853344186,0.0482869990840175,0.0381031610194855,0.0429153801868263
0.0479608853344186,0.0482869990840175,0.0381031610194855,0.0429153801868263
0.0479608853344186,0.0456156854787879,0.0381031610194855,0.0429153801868263
0.0479608853344186,0.0456156854787879,0.0381031610194855,0.0429153801868263
0.0479608853344186,0.0456156854787879,0.0381031610194855,0.0429153801868263
0.0479608853344186,0.0456156854787879,0.0381031610194855,0.0429153801868263
0.0479608853344186,0.0456156854787879,0.0381031610194855,0.0429153801868263
0.0479608853344186,0.0456156854787879,0.0381031610194855,0.0429153801868263
0.0479608853344186,0.0456156854787879,0.0381031610194855,0.0429153801868263
0.0479608853344186,0.0456156854787879,0.0381031610194855,0.0429153801868263
0.0479608853344186,0.0456156854787879,0.0381031610194855,0.0429153801868263
0.0479608853344186,0.0417354246176341,0.0381031610194855,0.0429153801868263
0.0479608853344186,0.0417354246176341,0.0381031610194855,0.0429153801868263
0.0479608853344186,0.0417354246176341,0.0381031610194855,0.0429153801868263
0.0479608853344186,0.0417354246176341,0.0381031610194855,0.0429153801868263
0.0479608853344186,0.0417354246176341,0.0381031610194855,0.0429153801868263
0.0479608853344186,0.0417354246176341,0.0381031610194855,0.0429153801868263
0.0479608853344186,0.0417354246176341,0.0381031610194855,0.0429153801868263
0.0479608853344186,0.0417354246176341,0.0381031610194855,0.0429153801868263
0.0479608853344186,0.0417354246176341,0.0381031610194855,0.0429153801868263
0.0479608853344186,0.0417354246176341,0.0381031610194855,0.0429153801868263
0.0479608853344186,0.0417354246176341,0.0381031610194855,0.0429153801868263
0.0479608853344186,0.0417354246176341,0.0381031610194855,0.0429153801868263
0.0479608853344186,0.0417354246176341,0.0381031610194855,0.0429153801868263
0.0479608853344186,0.0417354246176341,0.0381031610194855,0.0429153801868263
0.0479608853344186,0.0417354246176341,0.0381031610194855,0.0429153801868263
0.0479608853344186,0.0417354246176341,0.0381031610194855,0.0429153801868263
0.0479608853344186,0.0417354246176341,0.0381031610194855,0.0429153801868263
0.0479608853344186,0.0417354246176341,0.0381031610194855,0.0429153801868263
0.0479608853344186,0.0417354246176341,0.0381031610194855,0.0429153801868263
0.0479608853344186,0.0417354246176341,0.0414982240210898,0.0429153801868263
0.0479608853344186,0.0417354246176341,0.0414982240210898,0.0429153801868263
0.0479608853344186,0.0417354246176341,0.0414982240210898,0.0429153801868263
0.0479608853344186,0.0417354246176341,0.0414982240210898,0.0384034288061916
0.0479608853344186,0.0417354246176341,0.0414982240210898,0.0384034288061916
0.0479608853344186,0.0417354246176341,0.0414982240210898,0.0384034288061916
0.0479608853344186,0.0417354246176341,0.0414982240210898,0.0384034288061916
0.0479608853344186,0.0417354246176341,0.0414982240210898,0.0384034288061916
0.0479608853344186,0.0417354246176341,0.0414982240210898,0.0384034288061916
0.0479608853344186,0.0417354246176341,0.0414982240210898,0.0384034288061916
0.0479608853344186,0.0417354246176341,0.0414982240210898,0.0384034288061916
0.0479608853344186,0.0417354246176341,0.0414982240210898,0.0384034288061916
0.0479608853344186,0.0417354246176341,0.0414982240210898,0.0384034288061916
0.0479608853344186,0.0417354246176341,0.0414982240210898,0.0384034288061916
0.0479608853344186,0.0417354246176341,0.0414982240210898,0.0384034288061916
0.0479608853344186,0.0417354246176341,0.0414982240210898,0.0412725387491457
0.0479608853344186,0.0417354246176341,0.0414982240210898,0.0412725387491457
0.0479608853344186,0.0417354246176341,0.0414982240210898,0.0424489565580101
0.0479608853344186,0.0417354246176341,0.0414982240210898,0.0424489565580101
0.0479608853344186,0.0417354246176341,0.0414982240210898,0.0424489565580101
0.0479608853344186,0.0417354246176341,0.0414982240210898,0.0424489565580101
0.0479608853344186,0.0417354246176341,0.0414982240210898,0.0424489565580101
0.0479608853344186,0.0417354246176341,0.0414982240210898,0.0424489565580101
0.0479608853344186,0.0417354246176341,0.0414982240210898,0.0424489565580101
0.0479608853344186,0.0417354246176341,0.0414982240210898,0.0424489565580101
0.0479608853344186,0.0417354246176341,0.0414982240210898,0.0424489565580101
0.0479608853344186,0.0417354246176341,0.0414982240210898,0.0424489565580101
0.0479608853344186,0.0417354246176341,0.0414982240210898,0.0424489565580101
0.0479608853344186,0.0417354246176341,0.0432852347936692,0.0424489565580101
0.0479608853344186,0.0388672779624959,0.0432852347936692,0.0424489565580101
0.0479608853344186,0.0388672779624959,0.0432852347936692,0.0424489565580101
0.0479608853344186,0.0388672779624959,0.0432852347936692,0.0424489565580101
0.0479608853344186,0.0388672779624959,0.0432852347936692,0.0424489565580101
0.0479608853344186,0.0388672779624959,0.0432852347936692,0.0424489565580101
0.0479608853344186,0.0388672779624959,0.0432852347936692,0.0424489565580101
0.0483089663259567,0.0495673980053732,0.0432852347936692,0.0424489565580101
0.0483089663259567,0.0495673980053732,0.0432852347936692,0.0424489565580101
0.0483089663259567,0.0495673980053732,0.0432852347936692,0.0424489565580101
0.0483089663259567,0.0495673980053732,0.0432852347936692,0.0424489565580101
0.0483089663259567,0.0495673980053732,0.0432852347936692,0.0424489565580101
0.0483089663259567,0.0495673980053732,0.0432852347936692,0.0424489565580101
0.0483089663259567,0.0495673980053732,0.0432852347936692,0.0424489565580101
0.0483089663259567,0.0495673980053732,0.0432852347936692,0.0424489565580101
0.0483089663259567,0.0495673980053732,0.0432852347936692,0.0424489565580101
0.0483089663259567,0.0495673980053732,0.0432852347936692,0.0424489565580101
0.0483089663259567,0.0495673980053732,0.0432852347936692,0.0424489565580101
0.0483089663259567,0.0495673980053732,0.0432852347936692,0.0424489565580101
0.0483089663259567,0.0495673980053732,0.0417315884423754,0.0424489565580101
0.0483089663259567,0.0495673980053732,0.0417315884423754,0.0424489565580101
0.0483089663259567,0.0495673980053732,0.0417315884423754,0.0424489565580101
0.0483089663259567,0.0495673980053732,0.0417315884423754,0.0424489565580101
0.0483089663259567,0.044270773490811,0.0417315884423754,0.0424489565580101
0.0483089663259567,0.044270773490811,0.0417315884423754,0.0424489565580101
0.0483089663259567,0.044270773490811,0.0417315884423754,0.0424489565580101
0.0483089663259567,0.044270773490811,0.0417315884423754,0.0424489565580101
0.0483089663259567,0.044270773490811,0.0417315884423754,0.0424489565580101
0.0483089663259567,0.044270773490811,0.0417315884423754,0.0424489565580101
0.0483089663259567,0.044270773490811,0.0417315884423754,0.0424489565580101
0.0483089663259567,0.044270773490811,0.0417315884423754,0.0424489565580101
0.0483089663259567,0.044270773490811,0.0417315884423754,0.0424489565580101
0.0483089663259567,0.044270773490811,0.0417315884423754,0.0424489565580101
0.0483089663259567,0.044270773490811,0.0417315884423754,0.0424489565580101
0.0483089663259567,0.044270773490811,0.0417315884423754,0.0424489565580101
0.0483089663259567,0.044270773490811,0.0417315884423754,0.0424489565580101
0.0483089663259567,0.044270773490811,0.0417315884423754,0.0424489565580101
0.0483089663259567,0.044270773490811,0.0417315884423754,0.0424489565580101
0.0483089663259567,0.044270773490811,0.0417315884423754,0.0424489565580101
0.0483089663259567,0.044270773490811,0.0417315884423754,0.0424489565580101
0.0483089663259567,0.044270773490811,0.0417315884423754,0.0424489565580101
0.0483089663259567,0.044270773490811,0.0417315884423754,0.0424489565580101
0.0483089663259567,0.044270773490811,0.0417315884423754,0.0424489565580101
0.0483089663259567,0.044270773490811,0.0417315884423754,0.0424489565580101
0.0483089663259567,0.044270773490811,0.0417315884423754,0.0424489565580101
0.0483089663259567,0.044270773490811,0.0417315884423754,0.041799980576093
0.0483089663259567,0.044270773490811,0.0417315884423754,0.041799980576093
0.0483089663259567,0.044270773490811,0.0417315884423754,0.041799980576093
0.0483089663259567,0.044270773490811,0.0417315884423754,0.041799980576093
0.0483089663259567,0.044270773490811,0.0417315884423754,0.041799980576093
0.0483089663259567,0.044270773490811,0.0417315884423754,0.041799980576093
0.0482996738005718,0.0441695185516462,0.0417315884423754,0.041799980576093
0.0482996738005718,0.0441695185516462,0.0417315884423754,0.041799980576093
0.0482996738005718,0.0441695185516462,0.0417315884423754,0.041799980576093
0.0482996738005718,0.0441695185516462,0.0417315884423754,0.041799980576093
0.0482996738005718,0.0441695185516462,0.0417315884423754,0.041799980576093
0.0482996738005718,0.0441695185516462,0.0417315884423754,0.041799980576093
0.0482996738005718,0.0441695185516462,0.0417315884423754,0.041799980576093
0.0482996738005718,0.0441695185516462,0.0417315884423754,0.041799980576093
0.0482996738005718,0.0441695185516462,0.0417315884423754,0.041799980576093
0.0494342257451231,0.0441695185516462,0.0407141135516405,0.041799980576093
0.0494342257451231,0.0441695185516462,0.0407141135516405,0.041799980576093
0.0494342257451231,0.0441695185516462,0.0407141135516405,0.041799980576093
0.0494342257451231,0.0441695185516462,0.0407141135516405,0.041799980576093
0.0494342257451231,0.0441695185516462,0.0407141135516405,0.041799980576093
0.0494342257451231,0.0441695185516462,0.0407141135516405,0.041799980576093
0.0494342257451231,0.0441695185516462,0.0407141135516405,0.041799980576093
0.0494342257451231,0.047139294824102,0.0407141135516405,0.041799980576093
0.0494342257451231,0.047139294824102,0.0407141135516405,0.041799980576093
0.0494342257451231,0.047139294824102,0.0407141135516405,0.041799980576093
0.0494342257451231,0.047139294824102,0.0407141135516405,0.041799980576093
0.0494342257451231,0.047139294824102,0.0407141135516405,0.041799980576093
0.0494342257451231,0.047139294824102,0.0407141135516405,0.041799980576093
0.0494342257451231,0.047139294824102,0.0407141135516405,0.041799980576093
0.0494342257451231,0.047139294824102,0.0407141135516405,0.041799980576093
0.0494342257451231,0.047139294824102,0.0407141135516405,0.041799980576093
0.0494342257451231,0.047139294824102,0.0407141135516405,0.041799980576093
0.0494342257451231,0.047139294824102,0.0407141135516405,0.041799980576093
0.0494342257451231,0.047139294824102,0.0407141135516405,0.041799980576093
0.0499096905408014,0.047139294824102,0.0407141135516405,0.041799980576093
0.0499096905408014,0.047139294824102,0.0407141135516405,0.041799980576093
0.0499096905408014,0.047139294824102,0.0407141135516405,0.041799980576093
0.0499096905408014,0.047139294824102,0.0407141135516405,0.041799980576093
0.0499096905408014,0.047139294824102,0.0407141135516405,0.041799980576093
0.0499096905408014,0.047139294824102,0.0407141135516405,0.041799980576093
0.0499096905408014,0.047139294824102,0.0407141135516405,0.041799980576093
0.0499096905408014,0.047139294824102,0.0407141135516405,0.041799980576093
0.0499096905408014,0.047139294824102,0.0407141135516405,0.041799980576093
0.0499096905408014,0.047139294824102,0.0407141135516405,0.041799980576093
0.0499096905408014,0.047139294824102,0.0407141135516405,0.041799980576093
0.0499096905408014,0.047139294824102,0.0407141135516405,0.041799980576093
0.0499096905408014,0.047139294824102,0.0407141135516405,0.041799980576093
0.0499096905408014,0.047139294824102,0.0407141135516405,0.041799980576093
0.0499096905408014,0.047139294824102,0.0407141135516405,0.041799980576093
0.0499096905408014,0.047139294824102,0.0407141135516405,0.041799980576093
0.0499096905408014,0.047139294824102,0.0407141135516405,0.041799980576093
0.0499096905408014,0.047139294824102,0.0407141135516405,0.041799980576093
0.0499096905408014,0.047139294824102,0.0407141135516405,0.041799980576093
0.0499096905408014,0.047139294824102,0.0407141135516405,0.041799980576093
0.0499096905408014,0.047139294824102,0.0407141135516405,0.041799980576093
0.0499096905408014,0.047139294824102,0.0407141135516405,0.041799980576093
0.0499096905408014,0.047139294824102,0.0407141135516405,0.041799980576093
0.0499096905408014,0.047139294824102,0.0407141135516405,0.041799980576093
0.0499096905408014,0.047139294824102,0.0407141135516405,0.041799980576093
0.0499096905408014,0.0450959278043531,0.0407141135516405,0.041799980576093
0.0499096905408014,0.0450959278043531,0.0407141135516405,0.041799980576093
0.0499096905408014,0.0450959278043531,0.0407141135516405,0.041799980576093
0.0499096905408014,0.0450959278043531,0.0407141135516405,0.041799980576093
0.0499096905408014,0.0450959278043531,0.0407141135516405,0.0394201585844815
0.0499096905408014,0.0450959278043531,0.0407141135516405,0.0394201585844815
0.0499096905408014,0.0450959278043531,0.0407141135516405,0.0394201585844815
0.0499096905408014,0.0450959278043531,0.0407141135516405,0.0394201585844815
0.0499096905408014,0.0450959278043531,0.0407141135516405,0.0394201585844815
0.0499096905408014,0.0450959278043531,0.0407141135516405,0.0394201585844815
0.0499096905408014,0.0450959278043531,0.0407141135516405,0.0462741678070712
0.0499096905408014,0.0450959278043531,0.0407141135516405,0.0462741678070712
0.0499096905408014,0.0450959278043531,0.0407141135516405,0.0462741678070712
0.0499096905408014,0.0518938520942423,0.0407141135516405,0.0462741678070712
0.0499096905408014,0.0518938520942423,0.0407141135516405,0.0462741678070712
0.0499096905408014,0.0518938520942423,0.0407141135516405,0.0462741678070712
0.0499096905408014,0.0518938520942423,0.0407141135516405,0.0462741678070712
0.0499096905408014,0.0518938520942423,0.0407141135516405,0.0462741678070712
0.0499096905408014,0.0518938520942423,0.0407141135516405,0.0462741678070712
0.0499096905408014,0.0518938520942423,0.0407141135516405,0.0462741678070712
0.0499096905408014,0.0518938520942423,0.0407141135516405,0.0462741678070712
0.0499096905408014,0.0518938520942423,0.0407141135516405,0.0462741678070712
0.0499096905408014,0.0518938520942423,0.0407141135516405,0.0462741678070712
0.0499096905408014,0.0518938520942423,0.0407141135516405,0.0462741678070712
0.0499096905408014,0.0518938520942423,0.0407141135516405,0.0462741678070712
0.0499096905408014,0.0518938520942423,0.0407141135516405,0.0462741678070712
0.0499096905408014,0.0518938520942423,0.0407141135516405,0.0462741678070712
0.0499096905408014,0.0518938520942423,0.0407141135516405,0.0462741678070712
0.0499096905408014,0.0518938520942423,0.0407141135516405,0.0462741678070712
0.0499096905408014,0.0518938520942423,0.0407141135516405,0.0462741678070712
0.0499096905408014,0.0518938520942423,0.0407141135516405,0.0462741678070712
0.0499096905408014,0.0518938520942423,0.0407141135516405,0.0462741678070712
0.0499096905408014,0.0518938520942423,0.0407141135516405,0.0462741678070712
0.0499096905408014,0.0518938520942423,0.0407141135516405,0.0462741678070712
0.0499096905408014,0.0518938520942423,0.0407141135516405,0.0462741678070712
0.0499096905408014,0.0518938520942423,0.0407141135516405,0.0462741678070712
0.0499096905408014,0.0518938520942423,0.0407141135516405,0.0462741678070712
0.0499096905408014,0.0518938520942423,0.0407141135516405,0.0462741678070712
0.0499096905408014,0.0518938520942423,0.0407141135516405,0.0462741678070712
0.0499096905408014,0.0518938520942423,0.0407141135516405,0.0462741678070712
0.0499096905408014,0.0518938520942423,0.0407141135516405,0.0462741678070712
0.0499096905408014,0.0518938520942423,0.0407141135516405,0.0462741678070712
0.0499096905408014,0.0518938520942423,0.0407141135516405,0.0462741678070712
0.0499096905408014,0.0518938520942423,0.0407141135516405,0.0462741678070712
0.0499096905408014,0.0518938520942423,0.0407141135516405,0.0462741678070712
0.0499096905408014,0.0518938520942423,0.0407141135516405,0.0462741678070712
0.0499096905408014,0.0518938520942423,0.0407141135516405,0.0462741678070712
0.0499096905408014,0.0513629617959889,0.0407141135516405,0.0462741678070712
0.0499096905408014,0.0513629617959889,0.0407141135516405,0.0462741678070712
0.0499096905408014,0.0513629617959889,0.0407141135516405,0.0462741678070712
0.0499096905408014,0.0513629617959889,0.0407141135516405,0.0462741678070712
0.0499096905408014,0.0513629617959889,0.0407141135516405,0.0462741678070712
0.0499096905408014,0.0470470269762688,0.0407141135516405,0.0462741678070712
0.0499096905408014,0.0470470269762688,0.0407141135516405,0.0462741678070712
0.0500745401529808,0.0470470269762688,0.0407141135516405,0.0462741678070712
0.0500745401529808,0.0470470269762688,0.0407141135516405,0.0462741678070712
0.0500745401529808,0.0470470269762688,0.0407141135516405,0.0462741678070712
0.0500745401529808,0.0470470269762688,0.0407141135516405,0.0462741678070712
0.0500745401529808,0.0470470269762688,0.0407141135516405,0.0462741678070712
0.0500745401529808,0.0470470269762688,0.0407141135516405,0.0462741678070712
0.0500745401529808,0.0470470269762688,0.0407141135516405,0.0462741678070712
0.0500745401529808,0.0470470269762688,0.0407141135516405,0.0462741678070712
0.0500745401529808,0.0470470269762688,0.0407141135516405,0.0462741678070712
0.0500745401529808,0.0470470269762688,0.0407141135516405,0.0462741678070712
0.0500745401529808,0.0470470269762688,0.0407141135516405,0.0462741678070712
0.0500745401529808,0.0470470269762688,0.0407141135516405,0.0462741678070712
0.0500745401529808,0.0470470269762688,0.0407141135516405,0.0462741678070712
0.0500745401529808,0.0470470269762688,0.0407141135516405,0.0462741678070712
0.0518325213241371,0.0470470269762688,0.0407141135516405,0.0462741678070712
0.0518325213241371,0.0470470269762688,0.0407141135516405,0.0462741678070712
0.0518325213241371,0.0470470269762688,0.0407141135516405,0.0462741678070712
0.0518325213241371,0.0470470269762688,0.0407141135516405,0.0462741678070712
0.0518325213241371,0.0470470269762688,0.0407141135516405,0.0462741678070712
0.0518325213241371,0.0470470269762688,0.0407141135516405,0.0462741678070712
0.0518325213241371,0.0470470269762688,0.0407141135516405,0.0462741678070712
0.0518325213241371,0.0470470269762688,0.0407141135516405,0.0462741678070712
0.0518325213241371,0.0470470269762688,0.0407141135516405,0.0462741678070712
0.0518325213241371,0.0470470269762688,0.0407141135516405,0.0462741678070712
0.0518325213241371,0.0470470269762688,0.0407141135516405,0.0462741678070712
0.0518325213241371,0.0470470269762688,0.0407141135516405,0.0462741678070712
0.0518325213241371,0.0470470269762688,0.0407141135516405,0.0462741678070712
0.0518325213241371,0.0470470269762688,0.0407141135516405,0.0462741678070712
0.0518325213241371,0.0470470269762688,0.0407141135516405,0.0462741678070712
0.0518325213241371,0.0583241679570979,0.0407141135516405,0.0462741678070712
0.0518325213241371,0.0583241679570979,0.0407141135516405,0.0462741678070712
0.0439521047278202,0.0583241679570979,0.0407141135516405,0.0462741678070712
0.0439521047278202,0.0583241679570979,0.0407141135516405,0.0462741678070712
0.0439521047278202,0.0583241679570979,0.0407141135516405,0.0462741678070712
0.0439521047278202,0.0583241679570979,0.0407141135516405,0.0462741678070712
0.0439521047278202,0.0583241679570979,0.0407141135516405,0.0462741678070712
0.0439521047278202,0.0583241679570979,0.0407141135516405,0.0462741678070712
0.0439521047278202,0.0583241679570979,0.0407141135516405,0.0462741678070712
0.0439521047278202,0.0583241679570979,0.0407141135516405,0.0462741678070712
0.0439521047278202,0.0583241679570979,0.0407141135516405,0.0462741678070712
0.0439521047278202,0.0583241679570979,0.0407141135516405,0.0462741678070712
0.0489324356404449,0.0583241679570979,0.0407141135516405,0.0462741678070712
0.0489324356404449,0.0583241679570979,0.0435091109911309,0.0462741678070712
0.0489324356404449,0.0583241679570979,0.0435091109911309,0.0462741678070712
0.0489324356404449,0.0583241679570979,0.0435091109911309,0.0462741678070712
0.0489324356404449,0.0583241679570979,0.0435091109911309,0.0462741678070712
0.0489324356404449,0.0583241679570979,0.0435091109911309,0.0462741678070712
0.0489324356404449,0.0583241679570979,0.0435091109911309,0.0462741678070712
0.0489324356404449,0.0583241679570979,0.0435091109911309,0.0462741678070712
0.0489324356404449,0.0583241679570979,0.0435091109911309,0.0462741678070712
0.0489324356404449,0.0583241679570979,0.0435091109911309,0.050201057884826
0.0489324356404449,0.0583241679570979,0.0435091109911309,0.050201057884826
0.0489324356404449,0.0583241679570979,0.0435091109911309,0.050201057884826
0.0489324356404449,0.0583241679570979,0.0435091109911309,0.050201057884826
0.0489324356404449,0.0583241679570979,0.0435091109911309,0.050201057884826
0.0489324356404449,0.0583241679570979,0.0435091109911309,0.050201057884826
0.0489324356404449,0.0583241679570979,0.0435091109911309,0.050201057884826
0.0489324356404449,0.0583241679570979,0.0435091109911309,0.050201057884826
0.0489324356404449,0.0583241679570979,0.0435091109911309,0.050201057884826
0.0489324356404449,0.0583241679570979,0.0435091109911309,0.050201057884826
0.0489324356404449,0.0583241679570979,0.0435091109911309,0.050201057884826
0.0489324356404449,0.0583241679570979,0.0435091109911309,0.0487479702458698
0.0489324356404449,0.0583241679570979,0.0435091109911309,0.0487479702458698
0.0489324356404449,0.0583241679570979,0.0419463677446692,0.0487479702458698
0.0489324356404449,0.0583241679570979,0.0419463677446692,0.0487479702458698
0.0489324356404449,0.0583241679570979,0.0419463677446692,0.0487479702458698
0.0489324356404449,0.0583241679570979,0.0419463677446692,0.0487479702458698
0.0489324356404449,0.0583241679570979,0.0419463677446692,0.0487479702458698
0.0489324356404449,0.0583241679570979,0.0419463677446692,0.0487479702458698
0.0489324356404449,0.0583241679570979,0.0419463677446692,0.0487479702458698
0.0489324356404449,0.0583241679570979,0.0419463677446692,0.0487479702458698
0.0489324356404449,0.0583241679570979,0.0419463677446692,0.0487479702458698
0.0489324356404449,0.0583241679570979,0.0419463677446692,0.0487479702458698
0.0489324356404449,0.0583241679570979,0.0419463677446692,0.0487479702458698
0.0489324356404449,0.0583241679570979,0.0419463677446692,0.0487479702458698
0.0489324356404449,0.0583241679570979,0.0419463677446692,0.0487479702458698
0.0489324356404449,0.0583241679570979,0.0419463677446692,0.0487479702458698
0.0489324356404449,0.0583241679570979,0.0419463677446692,0.0487479702458698
0.0489324356404449,0.0476970137093811,0.0419463677446692,0.0487479702458698
0.0489324356404449,0.0476970137093811,0.0419463677446692,0.0507551396835842
0.0489324356404449,0.0525892619317671,0.0419463677446692,0.0507551396835842
0.0489324356404449,0.0525892619317671,0.0419463677446692,0.0507551396835842
0.0489324356404449,0.0525892619317671,0.0419463677446692,0.0507551396835842
0.0489324356404449,0.0525892619317671,0.0419463677446692,0.0507551396835842
0.0489324356404449,0.0545889773861145,0.0419463677446692,0.0507551396835842
0.0519765240853513,0.0545889773861145,0.0419463677446692,0.0507551396835842
0.0520175281910697,0.0545889773861145,0.0419463677446692,0.0507551396835842
0.0520175281910697,0.0545889773861145,0.0419463677446692,0.0507551396835842
0.0520175281910697,0.0545889773861145,0.0419463677446692,0.0462467660541192
0.0520175281910697,0.0545889773861145,0.0419463677446692,0.0462467660541192
0.0520175281910697,0.0545889773861145,0.0419463677446692,0.0462467660541192
0.0520175281910697,0.0545889773861145,0.0407524296466943,0.0462467660541192
0.0520175281910697,0.0545889773861145,0.0407524296466943,0.0462467660541192
0.0520175281910697,0.0545889773861145,0.0407524296466943,0.0462467660541192
0.0520175281910697,0.0545889773861145,0.0407524296466943,0.0462467660541192
0.0520175281910697,0.0545889773861145,0.0407524296466943,0.0462467660541192
0.0520175281910697,0.0545889773861145,0.0407524296466943,0.0462467660541192
0.0520175281910697,0.0545889773861145,0.0407524296466943,0.0462467660541192
0.0520175281910697,0.0545889773861145,0.0407524296466943,0.0462467660541192
0.0520175281910697,0.0545889773861145,0.0407524296466943,0.0462467660541192
0.0520175281910697,0.0545889773861145,0.0407524296466943,0.0462467660541192
0.0520175281910697,0.0545889773861145,0.0407524296466943,0.0462467660541192
0.0520175281910697,0.0545889773861145,0.0407524296466943,0.0462467660541192
0.0520175281910697,0.0545889773861145,0.0407524296466943,0.0462467660541192
0.0520175281910697,0.0545889773861145,0.0407524296466943,0.0462467660541192
0.0520175281910697,0.0545889773861145,0.0407524296466943,0.0462467660541192
0.0520175281910697,0.0545889773861145,0.0432519184059099,0.0462467660541192
0.0520175281910697,0.0545889773861145,0.0432519184059099,0.0462467660541192
0.0520175281910697,0.0545889773861145,0.0432519184059099,0.0462467660541192
0.0520175281910697,0.0545889773861145,0.0432519184059099,0.0462467660541192
0.0520175281910697,0.0545889773861145,0.0432519184059099,0.0462467660541192
0.0520175281910697,0.0545889773861145,0.0432519184059099,0.0462467660541192
0.0520175281910697,0.0545889773861145,0.0432519184059099,0.0462467660541192
0.0520175281910697,0.0545889773861145,0.0432519184059099,0.0462467660541192
0.0520175281910697,0.0545889773861145,0.0432519184059099,0.0462467660541192
0.0520175281910697,0.0545889773861145,0.0432519184059099,0.0462467660541192
0.0520175281910697,0.0545889773861145,0.0432519184059099,0.0462467660541192
0.0520175281910697,0.0545889773861145,0.0432519184059099,0.0462467660541192
0.0520175281910697,0.0545889773861145,0.0432519184059099,0.0462467660541192
0.0520175281910697,0.0545889773861145,0.0432519184059099,0.0462467660541192
0.0520175281910697,0.0545889773861145,0.0432519184059099,0.0462467660541192
0.0520175281910697,0.0545889773861145,0.0432519184059099,0.0462467660541192
0.0520175281910697,0.0545889773861145,0.0432519184059099,0.0462467660541192
0.0520175281910697,0.0545889773861145,0.0432519184059099,0.0462467660541192
0.0520175281910697,0.0545889773861145,0.0432519184059099,0.0462467660541192
0.0520175281910697,0.0545889773861145,0.0432519184059099,0.0462467660541192
0.0520175281910697,0.0545889773861145,0.0432519184059099,0.0462467660541192
0.0520175281910697,0.0545889773861145,0.0432519184059099,0.0462467660541192
0.0520175281910697,0.0545889773861145,0.0432519184059099,0.0462467660541192
0.0520175281910697,0.0545889773861145,0.0432519184059099,0.0462467660541192
0.0520175281910697,0.0545889773861145,0.0428810561995136,0.0462467660541192
0.0520175281910697,0.0545889773861145,0.0428810561995136,0.0462467660541192
0.0520175281910697,0.0500284973620009,0.0428810561995136,0.0462467660541192
0.0520175281910697,0.0500284973620009,0.0428810561995136,0.0462467660541192
0.0520175281910697,0.0500284973620009,0.0428810561995136,0.0462467660541192
0.0520175281910697,0.0500284973620009,0.0428810561995136,0.0462467660541192
0.0520175281910697,0.0500284973620009,0.0428810561995136,0.0462467660541192
0.0520175281910697,0.0562352824627012,0.0428810561995136,0.0462467660541192
0.0520175281910697,0.0562352824627012,0.0428810561995136,0.0462467660541192
0.0520175281910697,0.0545326082593992,0.0428810561995136,0.0462467660541192
0.0520175281910697,0.0545326082593992,0.0428810561995136,0.0462467660541192
0.0520175281910697,0.0545326082593992,0.0428810561995136,0.0462467660541192
0.0520175281910697,0.0545326082593992,0.0428810561995136,0.0462467660541192
0.0520175281910697,0.0545326082593992,0.0428810561995136,0.0462467660541192
0.0520175281910697,0.0545326082593992,0.0428810561995136,0.0462467660541192
0.0520175281910697,0.0545326082593992,0.0428810561995136,0.0462467660541192
0.0520175281910697,0.0545326082593992,0.0428810561995136,0.0462467660541192
0.0520175281910697,0.0545326082593992,0.0428810561995136,0.0462467660541192
0.0520175281910697,0.0545326082593992,0.0428810561995136,0.0462467660541192
0.0520175281910697,0.0545326082593992,0.0428810561995136,0.0462467660541192
0.0520175281910697,0.0545326082593992,0.0428810561995136,0.0462467660541192
0.0520175281910697,0.0545326082593992,0.0428810561995136,0.0462467660541192
0.0520175281910697,0.0545326082593992,0.0428810561995136,0.0462467660541192
0.0520175281910697,0.0545326082593992,0.0428810561995136,0.0462467660541192
0.0520175281910697,0.0545326082593992,0.0428810561995136,0.0462467660541192
0.0520175281910697,0.0545326082593992,0.0428810561995136,0.0462467660541192
0.0520175281910697,0.0497944223707071,0.0428810561995136,0.0462467660541192
0.0520175281910697,0.0497944223707071,0.0428810561995136,0.0462467660541192
0.0520175281910697,0.0497944223707071,0.0428810561995136,0.0462467660541192
0.0520175281910697,0.0497944223707071,0.0428810561995136,0.0460168706592063
0.0520175281910697,0.0497944223707071,0.0428810561995136,0.0460168706592063
0.0520175281910697,0.0497944223707071,0.0428810561995136,0.0460168706592063
0.0520175281910697,0.0497944223707071,0.0428810561995136,0.0460168706592063
0.0520175281910697,0.0497944223707071,0.0428810561995136,0.0460168706592063
0.0520175281910697,0.0497944223707071,0.0428810561995136,0.0460168706592063
0.0520175281910697,0.0497944223707071,0.0428810561995136,0.0460168706592063
0.0520175281910697,0.0497944223707071,0.0428810561995136,0.0460168706592063
0.0520175281910697,0.0497944223707071,0.0428810561995136,0.0460168706592063
0.0520175281910697,0.0497944223707071,0.0428810561995136,0.0460168706592063
0.0520175281910697,0.0497944223707071,0.0428810561995136,0.0460168706592063
0.0520175281910697,0.0497944223707071,0.0428810561995136,0.0460168706592063
0.0534715836608406,0.0497944223707071,0.0428810561995136,0.0460168706592063
0.0534715836608406,0.0497944223707071,0.0428810561995136,0.0460168706592063
0.0534715836608406,0.0497944223707071,0.0428810561995136,0.0460168706592063
0.0534715836608406,0.0497944223707071,0.0428810561995136,0.0460168706592063
0.0534715836608406,0.0497944223707071,0.0428810561995136,0.0460168706592063
0.0534715836608406,0.0497944223707071,0.0428810561995136,0.0460168706592063
0.0537319804400757,0.0497944223707071,0.0428810561995136,0.0460168706592063
0.0537319804400757,0.0497944223707071,0.0428810561995136,0.0460168706592063
0.0537319804400757,0.0497944223707071,0.0428810561995136,0.0460168706592063
0.0537319804400757,0.0497944223707071,0.0428810561995136,0.0460168706592063
0.0537319804400757,0.0497944223707071,0.0428810561995136,0.0460168706592063
0.0537319804400757,0.0497944223707071,0.0428810561995136,0.0460168706592063
0.0537319804400757,0.0497944223707071,0.0428810561995136,0.0460168706592063
0.0537319804400757,0.0497944223707071,0.0428810561995136,0.0460168706592063
0.0537319804400757,0.0497944223707071,0.0428810561995136,0.0460168706592063
0.0537319804400757,0.0497944223707071,0.0428810561995136,0.0460168706592063
0.0537319804400757,0.0497944223707071,0.0428810561995136,0.0460168706592063
0.0537319804400757,0.0497944223707071,0.0428810561995136,0.0460168706592063
0.0537319804400757,0.0497944223707071,0.0428810561995136,0.0460168706592063
0.0537319804400757,0.0497944223707071,0.0428810561995136,0.0434919993553082
0.0537319804400757,0.0497944223707071,0.0428810561995136,0.0434919993553082
0.0537319804400757,0.0497944223707071,0.0428810561995136,0.0434919993553082
0.0537319804400757,0.0497944223707071,0.0428810561995136,0.0434919993553082
0.0537319804400757,0.0497944223707071,0.0428810561995136,0.0434919993553082
0.0537319804400757,0.0497944223707071,0.0428810561995136,0.0434919993553082
0.0537319804400757,0.0497944223707071,0.0428810561995136,0.0434919993553082
0.0537319804400757,0.0497944223707071,0.0428810561995136,0.0434919993553082
0.0537319804400757,0.0497944223707071,0.0428810561995136,0.0434919993553082
0.0537319804400757,0.0497944223707071,0.0428810561995136,0.0366025202516508
0.0537319804400757,0.0497944223707071,0.0428810561995136,0.0366025202516508
0.0537319804400757,0.0497944223707071,0.0428810561995136,0.0366025202516508
0.0537319804400757,0.0497944223707071,0.0428810561995136,0.0366025202516508
0.0537319804400757,0.0497944223707071,0.0428810561995136,0.0366025202516508
0.0537319804400757,0.0497944223707071,0.0428810561995136,0.0366025202516508
0.0537319804400757,0.0497944223707071,0.0428810561995136,0.0366025202516508
0.0537319804400757,0.0497944223707071,0.0428810561995136,0.0366025202516508
0.0537319804400757,0.0497944223707071,0.0428810561995136,0.0366025202516508
0.0537319804400757,0.0497944223707071,0.0428810561995136,0.0366025202516508
0.0537319804400757,0.0497944223707071,0.0428810561995136,0.0366025202516508
0.0537319804400757,0.0497944223707071,0.0428810561995136,0.0366025202516508
0.0537319804400757,0.0497944223707071,0.0428810561995136,0.0366025202516508
0.0537319804400757,0.0497944223707071,0.0428810561995136,0.0358017178039324
0.0537319804400757,0.0497944223707071,0.0428810561995136,0.0358017178039324
0.0537319804400757,0.0497944223707071,0.0428810561995136,0.0358017178039324
0.0537319804400757,0.0497944223707071,0.0428810561995136,0.0358017178039324
0.0537319804400757,0.0497944223707071,0.0428810561995136,0.0358017178039324
0.0537319804400757,0.0497944223707071,0.0428810561995136,0.0358017178039324
0.0537319804400757,0.0497944223707071,0.0428810561995136,0.0358017178039324
0.0537319804400757,0.0497944223707071,0.0428810561995136,0.0358017178039324
0.0537319804400757,0.0497944223707071,0.0428810561995136,0.0358017178039324
0.0537319804400757,0.0497944223707071,0.0428810561995136,0.0358017178039324
0.0537319804400757,0.0466670501967403,0.0428810561995136,0.0358017178039324
0.0537319804400757,0.0466670501967403,0.0428810561995136,0.0358017178039324
0.0537319804400757,0.0466670501967403,0.0437077633424885,0.0358017178039324
0.0537319804400757,0.0466670501967403,0.0437077633424885,0.0358017178039324
0.0537319804400757,0.0466670501967403,0.0437077633424885,0.0358017178039324
0.0537319804400757,0.0466670501967403,0.0437077633424885,0.0358017178039324
0.0537319804400757,0.0466670501967403,0.0437077633424885,0.0358017178039324
0.0537319804400757,0.0466670501967403,0.0437077633424885,0.0358017178039324
0.0537319804400757,0.0466670501967403,0.0437077633424885,0.0358017178039324
0.0537319804400757,0.0466670501967403,0.0437077633424885,0.0358017178039324
0.0537319804400757,0.0466670501967403,0.0437077633424885,0.0358017178039324
0.0537319804400757,0.0466670501967403,0.0437077633424885,0.0358017178039324
0.0537319804400757,0.0466670501967403,0.0437077633424885,0.0358017178039324
0.0537319804400757,0.0466670501967403,0.0437077633424885,0.0482458367352719
0.0537319804400757,0.0466670501967403,0.0437077633424885,0.0482458367352719
0.0537319804400757,0.0466670501967403,0.0437077633424885,0.0482458367352719
0.0537319804400757,0.0466670501967403,0.0437077633424885,0.0482458367352719
0.0537319804400757,0.0466670501967403,0.0437077633424885,0.0482458367352719
0.0537319804400757,0.0466670501967403,0.0437077633424885,0.0482458367352719
0.0537319804400757,0.0466670501967403,0.0437077633424885,0.0482458367352719
0.0537319804400757,0.0466670501967403,0.0399514676068646,0.0482458367352719
0.0537319804400757,0.0466670501967403,0.0399514676068646,0.0482458367352719
0.0537319804400757,0.0466670501967403,0.0399514676068646,0.0482458367352719
0.0537319804400757,0.0466670501967403,0.0399514676068646,0.0482458367352719
0.0537319804400757,0.0466670501967403,0.0399514676068646,0.0482458367352719
0.0537319804400757,0.0466670501967403,0.0399514676068646,0.0482458367352719
0.0537319804400757,0.0466670501967403,0.0397843966678025,0.0482458367352719
0.0537319804400757,0.0466670501967403,0.0397843966678025,0.0482458367352719
0.0537319804400757,0.0466670501967403,0.0397843966678025,0.0482458367352719
0.0537319804400757,0.0466670501967403,0.0397843966678025,0.0482458367352719
0.0537319804400757,0.0466670501967403,0.0397843966678025,0.045025754239857
0.0537319804400757,0.0466670501967403,0.0397843966678025,0.045025754239857
0.0537319804400757,0.0466670501967403,0.0397843966678025,0.045025754239857
0.0537319804400757,0.0466670501967403,0.0397843966678025,0.045025754239857
0.0537319804400757,0.0466670501967403,0.0397843966678025,0.045025754239857
0.0537319804400757,0.0466670501967403,0.0397843966678025,0.045025754239857
0.0537319804400757,0.0466670501967403,0.0397843966678025,0.045025754239857
0.0537319804400757,0.0466670501967403,0.0397843966678025,0.045025754239857
0.0537319804400757,0.0466670501967403,0.0397843966678025,0.0468062994850846
0.0537319804400757,0.0466670501967403,0.0397843966678025,0.0468062994850846
0.0537319804400757,0.0466670501967403,0.0397843966678025,0.0468062994850846
0.0537319804400757,0.0466670501967403,0.0397843966678025,0.0468062994850846
0.0537319804400757,0.0466670501967403,0.0397843966678025,0.0468062994850846
0.0537319804400757,0.0466670501967403,0.0397843966678025,0.0451009620488177
0.0537319804400757,0.0466670501967403,0.0397843966678025,0.0451009620488177
0.0537319804400757,0.0466670501967403,0.0397843966678025,0.0451009620488177
0.0537319804400757,0.0466670501967403,0.0397843966678025,0.0451009620488177
0.0537319804400757,0.0466670501967403,0.0397843966678025,0.0451009620488177
0.0537319804400757,0.0466670501967403,0.0397843966678025,0.0451009620488177
0.0537319804400757,0.0466670501967403,0.0397843966678025,0.0451009620488177
0.0537319804400757,0.0466670501967403,0.0397843966678025,0.0451009620488177
0.0537319804400757,0.0466670501967403,0.0397843966678025,0.0451009620488177
0.0537319804400757,0.0466670501967403,0.0397843966678025,0.0451009620488177
0.0537319804400757,0.0466670501967403,0.0397843966678025,0.0451009620488177
0.0537319804400757,0.0466670501967403,0.0397843966678025,0.0451009620488177
0.0537319804400757,0.0466670501967403,0.0397843966678025,0.0451009620488177
0.0537319804400757,0.0466670501967403,0.0397843966678025,0.0451009620488177
0.0537319804400757,0.0466670501967403,0.0397843966678025,0.0451009620488177
0.0537319804400757,0.0466670501967403,0.0397843966678025,0.0451009620488177
0.0537319804400757,0.0466670501967403,0.0397843966678025,0.0451009620488177
0.0537319804400757,0.0466670501967403,0.0397843966678025,0.0451009620488177
0.0537319804400757,0.0466670501967403,0.0397843966678025,0.0451009620488177
0.0537319804400757,0.0466670501967403,0.0397843966678025,0.0451009620488177
0.0537319804400757,0.0466670501967403,0.0397843966678025,0.0451009620488177
0.0537319804400757,0.0466670501967403,0.0397843966678025,0.0451009620488177
0.0537319804400757,0.0466670501967403,0.0397843966678025,0.0451009620488177
0.0537319804400757,0.0466670501967403,0.0397843966678025,0.0451009620488177
0.0537319804400757,0.0466670501967403,0.0397843966678025,0.0441864628815142
0.0537319804400757,0.0466670501967403,0.0397843966678025,0.0441864628815142
0.0537319804400757,0.0466670501967403,0.0397843966678025,0.0441864628815142
0.0537319804400757,0.0466670501967403,0.0397843966678025,0.0441864628815142
0.0537319804400757,0.0466670501967403,0.0397843966678025,0.0441864628815142
0.0537319804400757,0.0466670501967403,0.0397843966678025,0.0441864628815142
0.0537319804400757,0.0466670501967403,0.0397843966678025,0.0441864628815142
0.0537319804400757,0.0485622694814768,0.0397843966678025,0.0441864628815142
0.0537319804400757,0.0485622694814768,0.0397843966678025,0.0441864628815142
0.0537319804400757,0.0485622694814768,0.0386551915264876,0.0441864628815142
0.0537319804400757,0.0485622694814768,0.0386551915264876,0.0441864628815142
0.0537319804400757,0.0485622694814768,0.0386551915264876,0.0441864628815142
0.0537319804400757,0.0485622694814768,0.0386551915264876,0.0441864628815142
0.0537319804400757,0.0485622694814768,0.0386551915264876,0.0441864628815142
0.0537319804400757,0.0485622694814768,0.0386551915264876,0.0441864628815142
0.0537319804400757,0.0485622694814768,0.0386551915264876,0.0441864628815142
0.0537319804400757,0.0485622694814768,0.0386551915264876,0.0441864628815142
0.0537319804400757,0.0485622694814768,0.0386551915264876,0.0441864628815142
0.0537319804400757,0.0485622694814768,0.0386551915264876,0.0441864628815142
0.0537319804400757,0.0485622694814768,0.0386551915264876,0.0441864628815142
0.0537319804400757,0.0485622694814768,0.0386551915264876,0.0441864628815142
0.0537319804400757,0.0485622694814768,0.0386551915264876,0.0441864628815142
0.0537319804400757,0.0485622694814768,0.0386551915264876,0.0441864628815142
0.0537319804400757,0.0485622694814768,0.0386551915264876,0.0441864628815142
0.0537319804400757,0.0485622694814768,0.0386551915264876,0.0441864628815142
0.0537319804400757,0.0485622694814768,0.0386551915264876,0.0441864628815142
0.0537319804400757,0.0485622694814768,0.0386551915264876,0.0441864628815142
0.0537319804400757,0.0485622694814768,0.0386551915264876,0.0441864628815142
0.0537319804400757,0.0485622694814768,0.0386551915264876,0.0441864628815142
0.0537319804400757,0.0485622694814768,0.0386551915264876,0.0441864628815142
0.0537319804400757,0.0485622694814768,0.0383002080229908,0.0441864628815142
0.0537319804400757,0.0485622694814768,0.0383002080229908,0.0441864628815142
0.0537319804400757,0.0485622694814768,0.0383002080229908,0.0441864628815142
0.0537319804400757,0.0485622694814768,0.0383002080229908,0.0441864628815142
0.0537319804400757,0.0485622694814768,0.0383002080229908,0.0441864628815142
0.0537319804400757,0.0485622694814768,0.0383002080229908,0.0441864628815142
0.0537319804400757,0.0485622694814768,0.0383002080229908,0.0441864628815142
0.0537319804400757,0.0485622694814768,0.0383002080229908,0.0441864628815142
0.0537319804400757,0.0485622694814768,0.0383002080229908,0.0441864628815142
0.0537319804400757,0.0485622694814768,0.0383002080229908,0.0441864628815142
0.0537319804400757,0.0485622694814768,0.0404357662112511,0.0441864628815142
0.0537319804400757,0.0485622694814768,0.0404357662112511,0.0441864628815142
0.0537319804400757,0.0485622694814768,0.0404357662112511,0.0414609860364185
0.0537319804400757,0.0485622694814768,0.0404357662112511,0.046905713802041
0.0537319804400757,0.0485622694814768,0.0404357662112511,0.046905713802041
0.0537319804400757,0.0485622694814768,0.0404357662112511,0.046905713802041
0.0537319804400757,0.0485622694814768,0.0404357662112511,0.046905713802041
0.0537319804400757,0.0485622694814768,0.0404357662112511,0.046905713802041
0.0537319804400757,0.0485622694814768,0.0404357662112511,0.046905713802041
0.0537319804400757,0.0485622694814768,0.0404357662112511,0.046905713802041
0.0537319804400757,0.0485622694814768,0.0404357662112511,0.046905713802041
0.0537319804400757,0.0485622694814768,0.0404357662112511,0.046905713802041
0.0537319804400757,0.0485622694814768,0.0404357662112511,0.0467805563872304
0.0537319804400757,0.0485622694814768,0.0404357662112511,0.0467805563872304
0.0537319804400757,0.0485622694814768,0.0404357662112511,0.0467805563872304
0.0537319804400757,0.0485622694814768,0.0404357662112511,0.0467805563872304
0.0537319804400757,0.0485622694814768,0.0426629806191621,0.0467805563872304
0.0537319804400757,0.0485622694814768,0.0426629806191621,0.0467805563872304
0.0537319804400757,0.0485622694814768,0.0426629806191621,0.0467805563872304
0.0537319804400757,0.0485622694814768,0.0426629806191621,0.0467805563872304
0.0537319804400757,0.0485622694814768,0.0426629806191621,0.0467805563872304
0.0537532383796561,0.0485622694814768,0.0426629806191621,0.0467805563872304
0.0537532383796561,0.0485622694814768,0.0426629806191621,0.0467805563872304
0.0537532383796561,0.0485622694814768,0.0426629806191621,0.0467805563872304
0.0537532383796561,0.0485622694814768,0.0426629806191621,0.0467805563872304
0.0537532383796561,0.0485622694814768,0.0426629806191621,0.0467805563872304
0.0537532383796561,0.0485622694814768,0.0426629806191621,0.0467805563872304
0.0537532383796561,0.0485622694814768,0.0426629806191621,0.0467805563872304
0.0524550991039548,0.0485622694814768,0.0426629806191621,0.0467805563872304
0.0524550991039548,0.0485622694814768,0.0426629806191621,0.0467805563872304
0.0524550991039548,0.0485622694814768,0.0426629806191621,0.0467805563872304
0.0524550991039548,0.0485622694814768,0.0426629806191621,0.0467805563872304
0.0524550991039548,0.0485622694814768,0.0426629806191621,0.0467805563872304
0.0524550991039548,0.0485622694814768,0.0426629806191621,0.0467805563872304
0.0524550991039548,0.0485622694814768,0.0426629806191621,0.0467805563872304
0.0524550991039548,0.0485622694814768,0.0426629806191621,0.0467805563872304
0.0524550991039548,0.0485622694814768,0.0426629806191621,0.0467805563872304
0.0524550991039548,0.0485622694814768,0.0426629806191621,0.0467805563872304
0.0524550991039548,0.0485622694814768,0.0426629806191621,0.0467805563872304
0.0524550991039548,0.0518435786388824,0.0426629806191621,0.0467805563872304
0.0524550991039548,0.0518435786388824,0.0426629806191621,0.0467805563872304
0.0524550991039548,0.0518435786388824,0.0426629806191621,0.0467805563872304
0.0524550991039548,0.0518435786388824,0.0426629806191621,0.0467805563872304
0.0524550991039548,0.0518435786388824,0.0426629806191621,0.0467805563872304
0.0524550991039548,0.0518435786388824,0.0426629806191621,0.0467805563872304
0.0524550991039548,0.0518435786388824,0.0426629806191621,0.0467805563872304
0.0524550991039548,0.0518435786388824,0.0426629806191621,0.0467805563872304
0.0524550991039548,0.0518435786388824,0.0426629806191621,0.0467805563872304
0.0524550991039548,0.0518435786388824,0.0426629806191621,0.0467805563872304
0.0524550991039548,0.0518435786388824,0.0426629806191621,0.0467805563872304
0.0524550991039548,0.0518435786388824,0.0426629806191621,0.0467805563872304
0.0524550991039548,0.0518435786388824,0.0426629806191621,0.0467805563872304
0.0524550991039548,0.0518435786388824,0.0426629806191621,0.0467805563872304
0.0524550991039548,0.0518435786388824,0.0426629806191621,0.0467805563872304
0.0524550991039548,0.0518435786388824,0.0426629806191621,0.0467805563872304
0.0524550991039548,0.0518435786388824,0.0426629806191621,0.0467805563872304
0.0524550991039548,0.0518435786388824,0.0426629806191621,0.0467805563872304
0.0524550991039548,0.0518435786388824,0.0420226879117254,0.0467805563872304
0.0524550991039548,0.0518435786388824,0.0420226879117254,0.0467805563872304
0.0524550991039548,0.0518435786388824,0.0420226879117254,0.0467805563872304
0.0524550991039548,0.0518435786388824,0.0420226879117254,0.0467805563872304
0.0524550991039548,0.0518435786388824,0.0420226879117254,0.0467805563872304
0.0524550991039548,0.0518435786388824,0.0420226879117254,0.0467805563872304
0.0524550991039548,0.0518435786388824,0.0420226879117254,0.0467805563872304
0.0526973077947366,0.0518435786388824,0.0420226879117254,0.0467805563872304
0.0526973077947366,0.0518435786388824,0.0420226879117254,0.0467805563872304
0.0526973077947366,0.0518435786388824,0.0420226879117254,0.0467805563872304
0.0526973077947366,0.0518435786388824,0.0420226879117254,0.0467805563872304
0.0526973077947366,0.0518435786388824,0.0420226879117254,0.0467805563872304
0.0526973077947366,0.0518435786388824,0.0420226879117254,0.0467805563872304
0.0526973077947366,0.0518435786388824,0.0420226879117254,0.0467805563872304
0.051329246351055,0.0518435786388824,0.0420226879117254,0.0467805563872304
0.051329246351055,0.0518435786388824,0.0420226879117254,0.0467805563872304
0.051329246351055,0.0518435786388824,0.0420226879117254,0.0467805563872304
0.051329246351055,0.0518435786388824,0.0420226879117254,0.0467805563872304
0.051329246351055,0.0518435786388824,0.0420226879117254,0.0467805563872304
0.051329246351055,0.0518435786388824,0.0420226879117254,0.0467805563872304
0.051329246351055,0.0518435786388824,0.0420226879117254,0.0467805563872304
0.051329246351055,0.0518435786388824,0.0420226879117254,0.0467805563872304
0.051329246351055,0.0518435786388824,0.0420226879117254,0.0467805563872304
0.051329246351055,0.0518435786388824,0.0420226879117254,0.0467805563872304
0.051329246351055,0.0518435786388824,0.0420226879117254,0.0467805563872304
0.051329246351055,0.0518435786388824,0.0420226879117254,0.0467805563872304
0.051329246351055,0.0518435786388824,0.0420226879117254,0.0467805563872304
0.051329246351055,0.0489354279323684,0.0420226879117254,0.0467805563872304
0.051329246351055,0.0489354279323684,0.0420226879117254,0.0467805563872304
0.051329246351055,0.0489354279323684,0.0420226879117254,0.0467805563872304
0.051329246351055,0.0489354279323684,0.0420226879117254,0.0467805563872304
0.051329246351055,0.0489354279323684,0.0420226879117254,0.0467805563872304
0.051329246351055,0.0479056865395503,0.0420226879117254,0.0467805563872304
0.051329246351055,0.0479056865395503,0.0420226879117254,0.0467805563872304
0.051329246351055,0.0479056865395503,0.0420226879117254,0.0467805563872304
0.051329246351055,0.0479056865395503,0.0420226879117254,0.0467805563872304
0.051329246351055,0.0479056865395503,0.0420226879117254,0.0467805563872304
0.051329246351055,0.0479056865395503,0.0420226879117254,0.0467805563872304
0.051329246351055,0.0479056865395503,0.0420226879117254,0.0467805563872304
0.051329246351055,0.0479056865395503,0.0420226879117254,0.0467805563872304
0.051329246351055,0.0479056865395503,0.0420226879117254,0.0439369610915054
0.051329246351055,0.0573873903563048,0.0420226879117254,0.0439369610915054
0.0495037686915403,0.0573873903563048,0.0420226879117254,0.0439369610915054
0.0495037686915403,0.0573873903563048,0.0420226879117254,0.0439369610915054
0.0495037686915403,0.0573873903563048,0.0420226879117254,0.0439369610915054
0.0495037686915403,0.0573873903563048,0.0420226879117254,0.0439369610915054
0.0495037686915403,0.0573873903563048,0.0420226879117254,0.0439369610915054
0.0495037686915403,0.0573873903563048,0.0420226879117254,0.0439369610915054
0.0495037686915403,0.0573873903563048,0.0420226879117254,0.0439369610915054
0.0495037686915403,0.0573873903563048,0.0420226879117254,0.0439369610915054
0.0495037686915403,0.0573873903563048,0.0449531567360327,0.0439369610915054
0.0495037686915403,0.0573873903563048,0.0449531567360327,0.0439369610915054
0.0495037686915403,0.0573873903563048,0.0449531567360327,0.0439369610915054
0.0495037686915403,0.0573873903563048,0.0449531567360327,0.0439369610915054
0.0495037686915403,0.0573873903563048,0.0449531567360327,0.0439369610915054
0.0495037686915403,0.0573873903563048,0.0449531567360327,0.0439369610915054
0.0495037686915403,0.0573873903563048,0.0449531567360327,0.0439369610915054
0.0502811181785819,0.0573873903563048,0.0449531567360327,0.0439369610915054
0.0502811181785819,0.0573873903563048,0.0449531567360327,0.0439369610915054
0.0502811181785819,0.0573873903563048,0.0449531567360327,0.0439369610915054
0.0502811181785819,0.0573873903563048,0.0449531567360327,0.0439369610915054
0.0502811181785819,0.0573873903563048,0.0449531567360327,0.0439369610915054
0.0508150913549136,0.0573873903563048,0.0449531567360327,0.0439369610915054
0.0508150913549136,0.0573873903563048,0.0449531567360327,0.0439369610915054
0.0508150913549136,0.0573873903563048,0.0449531567360327,0.0439369610915054
0.0508150913549136,0.0573873903563048,0.0449531567360327,0.0439369610915054
0.0508150913549136,0.0573873903563048,0.0449531567360327,0.0439369610915054
0.0508150913549136,0.0573873903563048,0.0449531567360327,0.0439369610915054
0.0508150913549136,0.0573873903563048,0.0449531567360327,0.0439369610915054
0.0508150913549136,0.0573873903563048,0.0449531567360327,0.0439369610915054
0.0508150913549136,0.0573873903563048,0.0449531567360327,0.0439369610915054
0.0508150913549136,0.0573873903563048,0.0449531567360327,0.0439369610915054
0.0508150913549136,0.0573873903563048,0.0449531567360327,0.0439369610915054
0.0508150913549136,0.0573873903563048,0.0449531567360327,0.0439369610915054
0.0508150913549136,0.0573873903563048,0.0449531567360327,0.0439369610915054
0.0508150913549136,0.0573873903563048,0.0449531567360327,0.0450817902461923
0.0508150913549136,0.0573873903563048,0.0449531567360327,0.0450817902461923
0.0508150913549136,0.0573873903563048,0.0449531567360327,0.0450817902461923
0.0508150913549136,0.0573873903563048,0.0449531567360327,0.0450817902461923
0.0508150913549136,0.0573873903563048,0.0449531567360327,0.0450817902461923
0.0508150913549136,0.0573873903563048,0.0449531567360327,0.0450817902461923
0.0508150913549136,0.0573873903563048,0.0449531567360327,0.0450817902461923
0.0508150913549136,0.0573873903563048,0.0449531567360327,0.0450817902461923
0.0508150913549136,0.0573873903563048,0.0449531567360327,0.0450817902461923
0.0508150913549136,0.0573873903563048,0.0449531567360327,0.0450817902461923
0.0508150913549136,0.0573873903563048,0.0449531567360327,0.0450817902461923
0.0508150913549136,0.0573873903563048,0.0449531567360327,0.0450817902461923
0.0508150913549136,0.0573873903563048,0.0449531567360327,0.0450817902461923
0.0508150913549136,0.0573873903563048,0.0449531567360327,0.0450817902461923
0.0508150913549136,0.0573873903563048,0.0449531567360327,0.0450817902461923
0.0526605043076185,0.0573873903563048,0.0449531567360327,0.0450817902461923
0.0526605043076185,0.0573873903563048,0.0449531567360327,0.0450817902461923
0.0526605043076185,0.0573873903563048,0.0449531567360327,0.0450817902461923
0.0526605043076185,0.0573873903563048,0.0449531567360327,0.0450817902461923
0.0526605043076185,0.0573873903563048,0.0449531567360327,0.0450817902461923
0.0526605043076185,0.0573873903563048,0.0402534253683527,0.0450817902461923
0.0526605043076185,0.0573873903563048,0.0402534253683527,0.0450817902461923
0.0526605043076185,0.0573873903563048,0.0402534253683527,0.0450817902461923
0.0526605043076185,0.0573873903563048,0.0402534253683527,0.0450817902461923
0.0526605043076185,0.0573873903563048,0.0402534253683527,0.0450817902461923
0.0526605043076185,0.0528321762597806,0.0402534253683527,0.0450817902461923
0.0526605043076185,0.0528321762597806,0.0402534253683527,0.0450817902461923
0.0526605043076185,0.0528321762597806,0.0402534253683527,0.0450817902461923
0.0526605043076185,0.0528321762597806,0.0402534253683527,0.0450817902461923
0.0526605043076185,0.0528321762597806,0.0402534253683527,0.0450817902461923
0.0526605043076185,0.0528321762597806,0.0402534253683527,0.0450817902461923
0.0526605043076185,0.0528321762597806,0.0402534253683527,0.0450817902461923
0.0526605043076185,0.0528321762597806,0.0402534253683527,0.0450817902461923
0.0526605043076185,0.0528321762597806,0.0402534253683527,0.0450817902461923
0.0526605043076185,0.0528321762597806,0.0402534253683527,0.0450817902461923
0.0526605043076185,0.0528321762597806,0.0402534253683527,0.0450817902461923
0.0526605043076185,0.0528321762597806,0.0402534253683527,0.0450817902461923
0.0526605043076185,0.0528321762597806,0.0402534253683527,0.0450817902461923
0.0526605043076185,0.0528321762597806,0.0402534253683527,0.0450817902461923
0.0526605043076185,0.0528321762597806,0.0402534253683527,0.0450817902461923
0.0526605043076185,0.0528321762597806,0.0402534253683527,0.0450817902461923
0.0526605043076185,0.0528321762597806,0.0402534253683527,0.0450817902461923
0.0526605043076185,0.0528321762597806,0.0402534253683527,0.0450817902461923
0.0526605043076185,0.0528321762597806,0.0402534253683527,0.0450817902461923
0.0526605043076185,0.0528321762597806,0.0402534253683527,0.0450817902461923
0.0526605043076185,0.0528321762597806,0.0402534253683527,0.0450817902461923
0.0526605043076185,0.0528321762597806,0.0402534253683527,0.0450817902461923
0.0526605043076185,0.0528321762597806,0.0402534253683527,0.0450817902461923
0.0526605043076185,0.0528321762597806,0.0402534253683527,0.0450817902461923
0.0526605043076185,0.0528321762597806,0.0402534253683527,0.0450817902461923
0.0526605043076185,0.0528321762597806,0.0402534253683527,0.0450817902461923
0.0526605043076185,0.0528321762597806,0.0402534253683527,0.0450817902461923
0.0526605043076185,0.0528321762597806,0.0402534253683527,0.0450817902461923
0.0526605043076185,0.0528321762597806,0.0402534253683527,0.0450817902461923
0.0526605043076185,0.0528321762597806,0.0402534253683527,0.0450817902461923
0.0526605043076185,0.0528321762597806,0.0402534253683527,0.0450817902461923
0.0526605043076185,0.0528321762597806,0.0402534253683527,0.0450817902461923
0.0526605043076185,0.0528321762597806,0.0402534253683527,0.0450817902461923
0.0501248197616011,0.0528321762597806,0.0402534253683527,0.0450817902461923
0.0501248197616011,0.0528321762597806,0.0402534253683527,0.0450817902461923
0.0501248197616011,0.0528321762597806,0.0402534253683527,0.0450817902461923
0.0501248197616011,0.0528321762597806,0.0402534253683527,0.0450817902461923
0.0501248197616011,0.0528321762597806,0.0383708166838216,0.0450817902461923
0.0501248197616011,0.0528321762597806,0.0383708166838216,0.0450817902461923
0.0501248197616011,0.0528321762597806,0.0383708166838216,0.0450817902461923
0.0501248197616011,0.0528321762597806,0.0383708166838216,0.0450817902461923
0.0501248197616011,0.0528321762597806,0.0383708166838216,0.0450817902461923
0.0501248197616011,0.0528321762597806,0.0383708166838216,0.0450817902461923
0.0501248197616011,0.0528321762597806,0.0383708166838216,0.0450817902461923
0.0501248197616011,0.0528321762597806,0.0383708166838216,0.0450817902461923
0.0501248197616011,0.0528321762597806,0.0383708166838216,0.0450817902461923
0.0501248197616011,0.0528321762597806,0.0383708166838216,0.0450817902461923
0.0501248197616011,0.0528321762597806,0.0383708166838216,0.0450817902461923
0.0501248197616011,0.0528321762597806,0.0383708166838216,0.0450817902461923
0.0501248197616011,0.0554117804412025,0.0383708166838216,0.0450817902461923
0.0501248197616011,0.0554117804412025,0.0383708166838216,0.0450817902461923
0.0501248197616011,0.0554117804412025,0.0383708166838216,0.0450817902461923
0.0501248197616011,0.0554117804412025,0.0412161803786007,0.0450817902461923
0.0501248197616011,0.0554117804412025,0.0412161803786007,0.0450817902461923
0.0501248197616011,0.0554117804412025,0.0412161803786007,0.0450817902461923
0.0501248197616011,0.0554117804412025,0.0412161803786007,0.0450817902461923
0.0501248197616011,0.0538309690094116,0.0412161803786007,0.0450817902461923
0.0501248197616011,0.0538309690094116,0.0412161803786007,0.0450817902461923
0.0507283326424721,0.0538309690094116,0.0412161803786007,0.0450817902461923
0.0507283326424721,0.0538309690094116,0.0412161803786007,0.0450817902461923
0.0507283326424721,0.0538309690094116,0.0412161803786007,0.0450817902461923
0.0507283326424721,0.0538309690094116,0.0412161803786007,0.0450817902461923
0.0507283326424721,0.0538309690094116,0.0412161803786007,0.0450817902461923
0.0507283326424721,0.0538309690094116,0.0412161803786007,0.0450817902461923
0.0507283326424721,0.0538309690094116,0.0412161803786007,0.0450817902461923
0.0507283326424721,0.0538309690094116,0.0412161803786007,0.0450817902461923
0.0507283326424721,0.0538309690094116,0.0412161803786007,0.0450817902461923
0.0507283326424721,0.0538309690094116,0.0412161803786007,0.0450817902461923
0.0507283326424721,0.0538309690094116,0.0412161803786007,0.0450817902461923
0.0507283326424721,0.0538309690094116,0.0412161803786007,0.0450817902461923
0.0507283326424721,0.0538309690094116,0.0412161803786007,0.0450817902461923
0.0507283326424721,0.0538309690094116,0.0412161803786007,0.0450817902461923
0.0507283326424721,0.0538309690094116,0.0412161803786007,0.0450817902461923
0.0507283326424721,0.0538309690094116,0.0412161803786007,0.0450817902461923
0.0507283326424721,0.0538309690094116,0.0412161803786007,0.0450817902461923
0.0507283326424721,0.0509618886911728,0.0412161803786007,0.0450817902461923
0.0573792230295606,0.0509618886911728,0.0412161803786007,0.0450817902461923
0.0573792230295606,0.0509618886911728,0.0412161803786007,0.0450817902461923
0.0573792230295606,0.0509618886911728,0.0412161803786007,0.0450817902461923
0.0573792230295606,0.0509618886911728,0.0412161803786007,0.0450817902461923
0.0573792230295606,0.0509618886911728,0.0412161803786007,0.0450817902461923
0.0573792230295606,0.0509618886911728,0.0412161803786007,0.0450817902461923
0.0573792230295606,0.0509618886911728,0.0412161803786007,0.0450817902461923
0.0573792230295606,0.0509618886911728,0.0412161803786007,0.0444080966359822
0.0573792230295606,0.0496881908484656,0.0412161803786007,0.0444080966359822
0.0573792230295606,0.0496881908484656,0.0412161803786007,0.0444080966359822
0.0573792230295606,0.0496881908484656,0.0412161803786007,0.0444080966359822
0.0573792230295606,0.0496881908484656,0.0412161803786007,0.0444080966359822
0.0573792230295606,0.0496881908484656,0.0412161803786007,0.0444080966359822
0.0573792230295606,0.0496881908484656,0.0412161803786007,0.0444080966359822
0.0573792230295606,0.0496881908484656,0.0412161803786007,0.0444080966359822
0.0573792230295606,0.0496881908484656,0.0412161803786007,0.0444080966359822
0.0573792230295606,0.0496881908484656,0.0412161803786007,0.0444080966359822
0.0573792230295606,0.0496881908484656,0.0412161803786007,0.0444080966359822
0.0573792230295606,0.0496881908484656,0.0412161803786007,0.0444080966359822
0.0573792230295606,0.0496881908484656,0.0412161803786007,0.0444080966359822
0.0573792230295606,0.0496881908484656,0.0412161803786007,0.0444080966359822
0.0573792230295606,0.0528758393001269,0.0412161803786007,0.0444080966359822
0.0573792230295606,0.0528758393001269,0.0412161803786007,0.0444080966359822
0.0573792230295606,0.0528758393001269,0.0412161803786007,0.0444080966359822
0.0573792230295606,0.0528758393001269,0.0412161803786007,0.0444080966359822
0.0573792230295606,0.0528758393001269,0.0412161803786007,0.0444080966359822
0.0573792230295606,0.0528758393001269,0.0412161803786007,0.0444080966359822
0.0573792230295606,0.0528758393001269,0.0412161803786007,0.0444080966359822
0.0573792230295606,0.0528758393001269,0.0412161803786007,0.0444080966359822
0.0573792230295606,0.0528758393001269,0.0412161803786007,0.0444080966359822
0.0573792230295606,0.0528758393001269,0.0412161803786007,0.0444080966359822
0.0573792230295606,0.0528758393001269,0.0412161803786007,0.0444080966359822
0.0573792230295606,0.0528758393001269,0.0412161803786007,0.0444080966359822
0.0573792230295606,0.0528758393001269,0.0412161803786007,0.0444080966359822
0.0573792230295606,0.0528758393001269,0.0412161803786007,0.0444080966359822
0.0573792230295606,0.0528758393001269,0.0412161803786007,0.0436788681762502
0.0573792230295606,0.0528758393001269,0.0412161803786007,0.044618425273606
0.0573792230295606,0.0528758393001269,0.0412161803786007,0.044618425273606
0.0573792230295606,0.0528758393001269,0.0412161803786007,0.044618425273606
0.0573792230295606,0.0528758393001269,0.0412161803786007,0.044618425273606
0.0573792230295606,0.0528758393001269,0.0412161803786007,0.044618425273606
0.0573792230295606,0.0528758393001269,0.0412161803786007,0.044618425273606
0.0573792230295606,0.0528758393001269,0.0412161803786007,0.044618425273606
0.0573792230295606,0.0528758393001269,0.0412161803786007,0.044618425273606
0.0573792230295606,0.0528758393001269,0.0412161803786007,0.044618425273606
0.0573792230295606,0.0473830645952041,0.0412161803786007,0.044618425273606
0.0573792230295606,0.0473830645952041,0.0412161803786007,0.044618425273606
0.0573792230295606,0.0473830645952041,0.0412161803786007,0.044618425273606
0.0573792230295606,0.0473830645952041,0.0412161803786007,0.044618425273606
0.0573792230295606,0.0473830645952041,0.0412161803786007,0.044618425273606
0.0573792230295606,0.0473830645952041,0.0412161803786007,0.044618425273606
0.0573792230295606,0.0473830645952041,0.0412161803786007,0.044618425273606
0.0573792230295606,0.0473830645952041,0.0412161803786007,0.044618425273606
0.0573792230295606,0.0473830645952041,0.0412161803786007,0.044618425273606
0.0573792230295606,0.0473830645952041,0.0412161803786007,0.044618425273606
0.0573792230295606,0.0473830645952041,0.0412161803786007,0.044618425273606
0.0573792230295606,0.0473830645952041,0.0412161803786007,0.044618425273606
0.0573792230295606,0.0473830645952041,0.0412161803786007,0.044618425273606
0.0573792230295606,0.0473830645952041,0.0412161803786007,0.044618425273606
0.0573792230295606,0.0470453732094311,0.0412161803786007,0.044618425273606
0.0573792230295606,0.0470453732094311,0.0412161803786007,0.044618425273606
0.0573792230295606,0.0470453732094311,0.0412161803786007,0.044618425273606
0.0573792230295606,0.0470453732094311,0.0412161803786007,0.044618425273606
0.0573792230295606,0.0451524253540595,0.0412161803786007,0.044618425273606
0.0573792230295606,0.0451524253540595,0.0412161803786007,0.044618425273606
0.0573792230295606,0.0451524253540595,0.0412161803786007,0.044618425273606
0.0573792230295606,0.0451524253540595,0.0412161803786007,0.044618425273606
0.0573792230295606,0.0451524253540595,0.0412161803786007,0.044618425273606
0.0573792230295606,0.0451524253540595,0.0412161803786007,0.044618425273606
0.0573792230295606,0.0451524253540595,0.0412161803786007,0.044618425273606
0.0573792230295606,0.0451524253540595,0.0412161803786007,0.044618425273606
0.0573792230295606,0.0451524253540595,0.0412161803786007,0.044618425273606
0.0573792230295606,0.0451524253540595,0.0412161803786007,0.044618425273606
0.0573792230295606,0.0451524253540595,0.0412161803786007,0.044618425273606
0.0573792230295606,0.0451524253540595,0.0412161803786007,0.0464237952933454
0.0573792230295606,0.0451524253540595,0.0412161803786007,0.0464237952933454
0.0573792230295606,0.0451524253540595,0.0412161803786007,0.0464237952933454
0.0573792230295606,0.0451524253540595,0.0412161803786007,0.0464237952933454
0.0573792230295606,0.0451524253540595,0.0412161803786007,0.0464237952933454
0.0573792230295606,0.0451524253540595,0.0412161803786007,0.0464237952933454
0.0573792230295606,0.0533865845264053,0.0412161803786007,0.0464237952933454
0.0573792230295606,0.0533865845264053,0.0412161803786007,0.0464237952933454
0.0573792230295606,0.0533865845264053,0.0412161803786007,0.0464237952933454
0.0573792230295606,0.0533865845264053,0.0412161803786007,0.0464237952933454
0.0573792230295606,0.0533865845264053,0.0412161803786007,0.0464237952933454
0.0573792230295606,0.0533865845264053,0.0412161803786007,0.0464237952933454
0.0573792230295606,0.0533865845264053,0.0412161803786007,0.0464237952933454
0.0573792230295606,0.0533865845264053,0.0412161803786007,0.0464237952933454
0.0573792230295606,0.0533865845264053,0.0412161803786007,0.0464237952933454
0.0573792230295606,0.0533865845264053,0.0412161803786007,0.0464237952933454
0.0573792230295606,0.0533865845264053,0.0412161803786007,0.0464237952933454
0.0573792230295606,0.0533865845264053,0.0412161803786007,0.0464237952933454
0.0573792230295606,0.0533865845264053,0.0412161803786007,0.0464237952933454
0.0574790045760419,0.0533865845264053,0.0412161803786007,0.0464237952933454
0.0577571159447561,0.0533865845264053,0.0412161803786007,0.0464237952933454
0.0577571159447561,0.0533865845264053,0.0412161803786007,0.0552552656720847
0.0577571159447561,0.0533865845264053,0.0412161803786007,0.0552552656720847
0.0577571159447561,0.0533865845264053,0.0412161803786007,0.0552552656720847
0.0577571159447561,0.0533865845264053,0.0412161803786007,0.0552552656720847
0.0577571159447561,0.0533865845264053,0.0412161803786007,0.0552552656720847
0.0577571159447561,0.0533865845264053,0.0412161803786007,0.0463604236753074
0.0577571159447561,0.0533865845264053,0.0412161803786007,0.0463604236753074
0.0577571159447561,0.0533865845264053,0.0412161803786007,0.0463604236753074
0.0577571159447561,0.0533865845264053,0.0412161803786007,0.0463604236753074
0.0577571159447561,0.0533865845264053,0.0490642875155664,0.0442416644098852
0.0577571159447561,0.0533865845264053,0.0490642875155664,0.0442416644098852
0.0577571159447561,0.0533865845264053,0.0490642875155664,0.0442416644098852
0.0577571159447561,0.0533865845264053,0.0490642875155664,0.0442416644098852
0.0577571159447561,0.0533865845264053,0.0422927061585013,0.0527308594680709
0.0577571159447561,0.0533865845264053,0.0422927061585013,0.0527308594680709
0.0577571159447561,0.0533865845264053,0.0422927061585013,0.0527308594680709
0.0577571159447561,0.0533865845264053,0.0422927061585013,0.0527308594680709
0.0577571159447561,0.0544378858855887,0.0422927061585013,0.0527308594680709
0.0577571159447561,0.0544378858855887,0.0422927061585013,0.0527308594680709
0.0577571159447561,0.0544122903444731,0.0422927061585013,0.0527308594680709
0.0577571159447561,0.0544122903444731,0.0422927061585013,0.0527308594680709
0.0577571159447561,0.0544122903444731,0.0422927061585013,0.0527308594680709
0.0577571159447561,0.0544122903444731,0.0422927061585013,0.0527308594680709
0.0577571159447561,0.0544122903444731,0.0422927061585013,0.0527308594680709
0.0577571159447561,0.0544122903444731,0.0422927061585013,0.0527308594680709
0.0577571159447561,0.0544122903444731,0.0422927061585013,0.0527308594680709
0.0577571159447561,0.0544122903444731,0.0422927061585013,0.0527308594680709
0.0577571159447561,0.0544122903444731,0.0422927061585013,0.0527308594680709
0.0577571159447561,0.0544122903444731,0.0422927061585013,0.0527308594680709
0.0577571159447561,0.0544122903444731,0.0422927061585013,0.0527308594680709
0.0577571159447561,0.0544122903444731,0.0422927061585013,0.0527308594680709
0.0577571159447561,0.0544122903444731,0.0422927061585013,0.0527308594680709
0.0577571159447561,0.0544122903444731,0.0422927061585013,0.0527308594680709
0.0577571159447561,0.0544122903444731,0.0422927061585013,0.0527308594680709
0.0577571159447561,0.0544122903444731,0.0422927061585013,0.0527308594680709
0.0577571159447561,0.0544122903444731,0.0422927061585013,0.0527308594680709
0.0577571159447561,0.0544122903444731,0.0422927061585013,0.0527308594680709
0.0577571159447561,0.0544122903444731,0.0422927061585013,0.0527308594680709
0.0577571159447561,0.0544122903444731,0.0422927061585013,0.0527308594680709
0.0577571159447561,0.0510151306862014,0.0422927061585013,0.0527308594680709
0.0577571159447561,0.0510151306862014,0.0422927061585013,0.0527308594680709
0.0577571159447561,0.0510151306862014,0.0422927061585013,0.0527308594680709
0.0577571159447561,0.0510151306862014,0.0422927061585013,0.0527308594680709
0.0577571159447561,0.0510151306862014,0.0422927061585013,0.0527308594680709
0.0577571159447561,0.0510151306862014,0.0422927061585013,0.0527308594680709
0.0540212767537229,0.0510151306862014,0.0422927061585013,0.0527308594680709
0.0540212767537229,0.0510151306862014,0.0422927061585013,0.0527308594680709
0.0540212767537229,0.0510151306862014,0.0422927061585013,0.0527308594680709
0.0540212767537229,0.0510151306862014,0.0422927061585013,0.0527308594680709
0.0540212767537229,0.0510151306862014,0.0422927061585013,0.0527308594680709
0.0540212767537229,0.0510151306862014,0.0422927061585013,0.0527308594680709
0.0540212767537229,0.0510151306862014,0.0422927061585013,0.0527308594680709
0.0540212767537229,0.0510151306862014,0.0422927061585013,0.0527308594680709
0.0540212767537229,0.0510151306862014,0.0422927061585013,0.0527308594680709
0.0540212767537229,0.0510151306862014,0.0422927061585013,0.0527308594680709
0.0540212767537229,0.0510151306862014,0.0436211777287429,0.0527308594680709
0.0540212767537229,0.0510151306862014,0.0436211777287429,0.0527308594680709
0.0540212767537229,0.0510151306862014,0.0436211777287429,0.0527308594680709
0.0540212767537229,0.0510151306862014,0.0436211777287429,0.0527308594680709
0.0540212767537229,0.0510151306862014,0.0436211777287429,0.0527308594680709
0.0540212767537229,0.0510151306862014,0.0436211777287429,0.0527308594680709
0.0540212767537229,0.0510151306862014,0.0436211777287429,0.0531756730426043
0.0540212767537229,0.0511530786232221,0.0436211777287429,0.0531756730426043
0.0540212767537229,0.0511530786232221,0.0436211777287429,0.0531756730426043
0.0540212767537229,0.0511530786232221,0.0436211777287429,0.0531756730426043
0.0540212767537229,0.0511530786232221,0.0436211777287429,0.0531756730426043
0.0540212767537229,0.0511530786232221,0.0436211777287429,0.0531756730426043
0.0540212767537229,0.0511530786232221,0.0436211777287429,0.0531756730426043
0.0540212767537229,0.0511530786232221,0.0436211777287429,0.0531756730426043
0.0536401057964595,0.0511530786232221,0.0436211777287429,0.0531756730426043
0.0536401057964595,0.0511530786232221,0.0436211777287429,0.0531756730426043
0.0536401057964595,0.0511530786232221,0.0436211777287429,0.0531756730426043
0.0536401057964595,0.0511530786232221,0.0436211777287429,0.0531756730426043
0.0536401057964595,0.0511530786232221,0.0436211777287429,0.0531756730426043
0.0536401057964595,0.0511530786232221,0.0436211777287429,0.0531756730426043
0.0536401057964595,0.0445332919777364,0.0436211777287429,0.0531756730426043
0.0536401057964595,0.0445332919777364,0.0436211777287429,0.0531756730426043
0.0536401057964595,0.0445332919777364,0.0436211777287429,0.0531756730426043
0.0536401057964595,0.0529397705256657,0.0436211777287429,0.0531756730426043
0.0536401057964595,0.0529397705256657,0.0436211777287429,0.0531756730426043
0.0536401057964595,0.0529397705256657,0.0436211777287429,0.0531756730426043
0.0536401057964595,0.0529397705256657,0.0436211777287429,0.0531756730426043
0.0536401057964595,0.0529397705256657,0.0436211777287429,0.0531756730426043
0.0536401057964595,0.0516829517193667,0.0436211777287429,0.0531756730426043
0.0536401057964595,0.0516829517193667,0.0436211777287429,0.0531756730426043
0.0536401057964595,0.0516829517193667,0.0436211777287429,0.0531756730426043
0.0536401057964595,0.0516829517193667,0.0436211777287429,0.0531756730426043
0.0536401057964595,0.0446781164595751,0.0436211777287429,0.0531756730426043
0.0536401057964595,0.0446781164595751,0.0436211777287429,0.0531756730426043
0.0536401057964595,0.0446781164595751,0.0436211777287429,0.0531756730426043
0.0536401057964595,0.0446781164595751,0.0436211777287429,0.0531756730426043
0.0536401057964595,0.0446781164595751,0.0436211777287429,0.0531756730426043
0.0536401057964595,0.0446781164595751,0.0436211777287429,0.0531756730426043
0.0536401057964595,0.0446781164595751,0.0436211777287429,0.0531756730426043
0.0536401057964595,0.0446781164595751,0.0436211777287429,0.0531756730426043
0.0536401057964595,0.0446781164595751,0.0436211777287429,0.0531756730426043
0.0536401057964595,0.0446781164595751,0.0436211777287429,0.0531756730426043
0.0536401057964595,0.048220912168405,0.0436211777287429,0.0531756730426043
0.0536401057964595,0.048220912168405,0.0436211777287429,0.0531756730426043
0.0536401057964595,0.048220912168405,0.0436211777287429,0.0531756730426043
0.0536401057964595,0.048220912168405,0.0436211777287429,0.0531756730426043
0.0536401057964595,0.048220912168405,0.0436211777287429,0.0531756730426043
0.0536401057964595,0.048220912168405,0.0436211777287429,0.0531756730426043
0.0536401057964595,0.048220912168405,0.0436211777287429,0.0531756730426043
0.0536401057964595,0.048220912168405,0.0436211777287429,0.0531756730426043
0.0536401057964595,0.048220912168405,0.0436211777287429,0.0531756730426043
0.0536401057964595,0.048220912168405,0.0436211777287429,0.0502835025706945
0.0536401057964595,0.048220912168405,0.0436211777287429,0.0502835025706945
0.0536401057964595,0.048220912168405,0.0436211777287429,0.0502835025706945
0.0536401057964595,0.048220912168405,0.0436211777287429,0.0502835025706945
0.0536401057964595,0.048220912168405,0.0436211777287429,0.0502835025706945
0.0536401057964595,0.048220912168405,0.0436211777287429,0.0502835025706945
0.0536401057964595,0.048220912168405,0.0436211777287429,0.0502835025706945
0.0536401057964595,0.048220912168405,0.0436211777287429,0.0502835025706945
0.0536401057964595,0.048220912168405,0.0436211777287429,0.0502835025706945
0.0536401057964595,0.048220912168405,0.0436211777287429,0.0502835025706945
0.0536401057964595,0.048220912168405,0.0436211777287429,0.0502835025706945
0.0536401057964595,0.0540507994807336,0.0436211777287429,0.0502835025706945
0.0536401057964595,0.0540507994807336,0.0436211777287429,0.0502835025706945
0.0536401057964595,0.0540507994807336,0.0436211777287429,0.0502835025706945
0.0536401057964595,0.0540507994807336,0.0436211777287429,0.0502835025706945
0.0536401057964595,0.0540507994807336,0.0436211777287429,0.0502835025706945
0.0536401057964595,0.0540507994807336,0.0436211777287429,0.0502835025706945
0.0536401057964595,0.0540507994807336,0.0436211777287429,0.0502835025706945
0.0536401057964595,0.0540507994807336,0.0436211777287429,0.0502835025706945
0.0536401057964595,0.0540507994807336,0.0436211777287429,0.0502835025706945
0.0536401057964595,0.0540507994807336,0.0436211777287429,0.0502835025706945
0.0536401057964595,0.0564726902067158,0.0436211777287429,0.0502835025706945
0.0536401057964595,0.0564726902067158,0.0436211777287429,0.0502835025706945
0.0536401057964595,0.0564726902067158,0.0436211777287429,0.0502835025706945
0.0536401057964595,0.0564726902067158,0.0436211777287429,0.0502835025706945
0.0532036416115984,0.0564726902067158,0.0437794402994101,0.0502835025706945
0.0532036416115984,0.0564726902067158,0.0437794402994101,0.0502835025706945
0.0532036416115984,0.0564726902067158,0.0437794402994101,0.0507692530055876
0.0532036416115984,0.0564726902067158,0.0437794402994101,0.0507692530055876
0.0532036416115984,0.0564726902067158,0.0437794402994101,0.0507692530055876
0.0532036416115984,0.0564726902067158,0.0437794402994101,0.0507692530055876
0.0566405237083559,0.0564726902067158,0.0437794402994101,0.0507692530055876
0.0566405237083559,0.0564726902067158,0.0437794402994101,0.0507692530055876
0.0566405237083559,0.0564726902067158,0.0437794402994101,0.0507692530055876
0.0566405237083559,0.0564726902067158,0.0437794402994101,0.0507692530055876
0.0566405237083559,0.0564726902067158,0.0437794402994101,0.0507692530055876
0.0566405237083559,0.0564726902067158,0.0437794402994101,0.048508148588544
0.0566405237083559,0.0564726902067158,0.0437794402994101,0.048508148588544
0.0583155059069664,0.0564726902067158,0.0437794402994101,0.048508148588544
0.0583155059069664,0.0564726902067158,0.0435313624912067,0.048508148588544
0.0583155059069664,0.0564726902067158,0.0435313624912067,0.048508148588544
0.0583155059069664,0.0564726902067158,0.0435313624912067,0.048508148588544
0.0583155059069664,0.0564726902067158,0.0435313624912067,0.048508148588544
0.0583155059069664,0.0564726902067158,0.0435313624912067,0.048508148588544
0.0583155059069664,0.0564726902067158,0.0435313624912067,0.048508148588544
0.0583155059069664,0.0564726902067158,0.0435313624912067,0.048508148588544
0.0583155059069664,0.0564726902067158,0.0435313624912067,0.048508148588544
0.0583155059069664,0.0564726902067158,0.0435313624912067,0.048508148588544
0.0583155059069664,0.0564726902067158,0.0435313624912067,0.048508148588544
0.0583155059069664,0.0564726902067158,0.0435313624912067,0.048508148588544
0.0583155059069664,0.0564726902067158,0.0435313624912067,0.048508148588544
0.0583155059069664,0.0564726902067158,0.0435313624912067,0.048508148588544
0.0583155059069664,0.0564726902067158,0.0435313624912067,0.048508148588544
0.0583155059069664,0.0564726902067158,0.0435313624912067,0.048508148588544
0.0583155059069664,0.0564726902067158,0.0435313624912067,0.048508148588544
0.0583155059069664,0.0564726902067158,0.0435313624912067,0.048508148588544
0.0583155059069664,0.0559330222399735,0.0435313624912067,0.048508148588544
0.0583155059069664,0.0559330222399735,0.0435313624912067,0.048508148588544
0.0583155059069664,0.0559330222399735,0.0435313624912067,0.048508148588544
0.0583155059069664,0.0559330222399735,0.0435313624912067,0.048508148588544
0.0583155059069664,0.0605569841813655,0.0435313624912067,0.048508148588544
0.0583155059069664,0.0605569841813655,0.0435313624912067,0.048508148588544
0.0583155059069664,0.0605569841813655,0.0435313624912067,0.048508148588544
0.0583155059069664,0.0605569841813655,0.0435313624912067,0.048508148588544
0.0583155059069664,0.0605569841813655,0.0435313624912067,0.048508148588544
0.0583155059069664,0.0605569841813655,0.0435313624912067,0.048508148588544
0.0583155059069664,0.0554828879853058,0.0435313624912067,0.048508148588544
0.0583155059069664,0.0554828879853058,0.0435313624912067,0.048508148588544
0.0583155059069664,0.0554828879853058,0.0435313624912067,0.048508148588544
0.0583155059069664,0.0554828879853058,0.0435313624912067,0.048508148588544
0.0583155059069664,0.0554828879853058,0.0435313624912067,0.048508148588544
0.0583155059069664,0.0554828879853058,0.0435313624912067,0.048508148588544
0.0583155059069664,0.0554828879853058,0.0435313624912067,0.048508148588544
0.0583155059069664,0.0554828879853058,0.0435313624912067,0.048508148588544
0.0583155059069664,0.0554828879853058,0.0435313624912067,0.048508148588544
0.0583155059069664,0.0554828879853058,0.0435313624912067,0.048508148588544
0.0583155059069664,0.0554828879853058,0.0435313624912067,0.048508148588544
0.0583155059069664,0.0554828879853058,0.0435313624912067,0.048508148588544
0.0583155059069664,0.0554828879853058,0.0435313624912067,0.048508148588544
0.0583155059069664,0.0554828879853058,0.0435313624912067,0.048508148588544
0.0583155059069664,0.0554828879853058,0.0435313624912067,0.048508148588544
0.0583155059069664,0.0554828879853058,0.0435313624912067,0.048508148588544
0.0583155059069664,0.0507548026354323,0.0435313624912067,0.0500755669996877
0.0583155059069664,0.0507548026354323,0.0435313624912067,0.0500755669996877
0.0583155059069664,0.0507548026354323,0.0435313624912067,0.0500755669996877
0.0583155059069664,0.0507548026354323,0.0435313624912067,0.0500755669996877
0.0583155059069664,0.0507548026354323,0.0435313624912067,0.0500755669996877
0.0583155059069664,0.0507548026354323,0.0435313624912067,0.0500755669996877
0.0583155059069664,0.0507548026354323,0.0435313624912067,0.0459179685136305
0.0583155059069664,0.0507548026354323,0.0435313624912067,0.0459179685136305
0.0583155059069664,0.0507548026354323,0.0435313624912067,0.0459179685136305
0.0583155059069664,0.0507548026354323,0.0435313624912067,0.0459179685136305
0.0583155059069664,0.0507548026354323,0.0435313624912067,0.0459179685136305
0.0583155059069664,0.0507548026354323,0.0435313624912067,0.0459179685136305
0.0583155059069664,0.0507548026354323,0.0435313624912067,0.0459179685136305
0.0583155059069664,0.0507548026354323,0.0435313624912067,0.0459179685136305
0.0583155059069664,0.0507548026354323,0.0435313624912067,0.0459179685136305
0.0583155059069664,0.0507548026354323,0.0416147080337609,0.0459179685136305
0.0579211623097347,0.0507548026354323,0.0416147080337609,0.0459179685136305
0.0579211623097347,0.0507548026354323,0.0416147080337609,0.0459179685136305
0.0579211623097347,0.0507548026354323,0.0416147080337609,0.0459179685136305
0.0579211623097347,0.0507548026354323,0.0416147080337609,0.0459179685136305
0.0579211623097347,0.0507548026354323,0.0416147080337609,0.0459179685136305
0.0579211623097347,0.0507548026354323,0.0416147080337609,0.0459179685136305
0.0579211623097347,0.0507548026354323,0.0416147080337609,0.0459179685136305
0.0579211623097347,0.0507548026354323,0.0416147080337609,0.0459179685136305
0.0586420199952294,0.0507548026354323,0.0416147080337609,0.0459179685136305
0.0586420199952294,0.0507548026354323,0.0416147080337609,0.0459179685136305
0.0586420199952294,0.0507548026354323,0.0416147080337609,0.0459179685136305
0.0586420199952294,0.0507548026354323,0.0416147080337609,0.0459179685136305
0.0586420199952294,0.0507548026354323,0.0416147080337609,0.0464295404179841
0.0586420199952294,0.0507548026354323,0.0416147080337609,0.0464295404179841
0.0586420199952294,0.0507548026354323,0.0416147080337609,0.0464295404179841
0.0586420199952294,0.0507548026354323,0.0416147080337609,0.0464295404179841
0.0586420199952294,0.0507548026354323,0.0416147080337609,0.0464295404179841
0.0586420199952294,0.0507548026354323,0.0416147080337609,0.0464295404179841
0.0586420199952294,0.0507548026354323,0.0416147080337609,0.0464295404179841
0.0586420199952294,0.0507548026354323,0.0416147080337609,0.0464295404179841
0.0586420199952294,0.0507548026354323,0.0416147080337609,0.0464295404179841
0.0586420199952294,0.0507548026354323,0.0416147080337609,0.0464295404179841
0.0586420199952294,0.0507548026354323,0.0416147080337609,0.0464295404179841
0.0586420199952294,0.0507548026354323,0.0416147080337609,0.0464295404179841
0.0586420199952294,0.0507548026354323,0.0416147080337609,0.0464295404179841
0.0586420199952294,0.0507548026354323,0.0416147080337609,0.0464295404179841
0.0586420199952294,0.0507548026354323,0.0416147080337609,0.0464295404179841
0.0586420199952294,0.0507548026354323,0.0416147080337609,0.0464295404179841
0.0586420199952294,0.0507548026354323,0.0416147080337609,0.0464295404179841
0.0586420199952294,0.0507548026354323,0.0416147080337609,0.0464295404179841
0.0586420199952294,0.0507548026354323,0.0395049503301294,0.0464295404179841
0.0586420199952294,0.0507548026354323,0.0395049503301294,0.0464295404179841
0.0586420199952294,0.0507548026354323,0.0395049503301294,0.0464295404179841
0.0586420199952294,0.0507548026354323,0.0395049503301294,0.0464295404179841
0.0535767513679133,0.0581725496859403,0.0395049503301294,0.0464295404179841
0.0563455245560725,0.0583699971817036,0.0395049503301294,0.0464295404179841
0.0563455245560725,0.0583699971817036,0.0402324390557031,0.0464295404179841
0.0563455245560725,0.0554568002659459,0.0402324390557031,0.0464295404179841
0.0563455245560725,0.0554568002659459,0.0402324390557031,0.0464295404179841
0.0563455245560725,0.0554568002659459,0.0402324390557031,0.0464295404179841
0.0563455245560725,0.0554568002659459,0.0402324390557031,0.0464295404179841
0.0563455245560725,0.0554568002659459,0.0402324390557031,0.0464295404179841
0.0563455245560725,0.0554568002659459,0.0402324390557031,0.0464295404179841
0.0563455245560725,0.0554568002659459,0.0402324390557031,0.0464295404179841
0.0563455245560725,0.0554568002659459,0.0402324390557031,0.0464295404179841
0.0563455245560725,0.0554568002659459,0.0402324390557031,0.0464295404179841
0.0563455245560725,0.0554568002659459,0.0402324390557031,0.0464295404179841
0.0563455245560725,0.0554568002659459,0.0402324390557031,0.0493346093531354
0.0563455245560725,0.0554568002659459,0.0402324390557031,0.0493346093531354
0.0563455245560725,0.0457392480200786,0.0402324390557031,0.0493346093531354
0.0563455245560725,0.0457392480200786,0.0402324390557031,0.0493346093531354
0.0563455245560725,0.0457392480200786,0.0402324390557031,0.0493346093531354
0.0563455245560725,0.0457392480200786,0.0402324390557031,0.0493346093531354
0.0563455245560725,0.0457392480200786,0.0402324390557031,0.0493346093531354
0.0563455245560725,0.0457392480200786,0.0402324390557031,0.0493346093531354
0.0563455245560725,0.0457392480200786,0.0402324390557031,0.0493346093531354
0.0563455245560725,0.0457392480200786,0.0402324390557031,0.0493346093531354
0.0563455245560725,0.0457392480200786,0.0402324390557031,0.0493346093531354
0.0563455245560725,0.0457392480200786,0.0402324390557031,0.0493346093531354
0.0563455245560725,0.0457392480200786,0.0402324390557031,0.0493346093531354
0.0563455245560725,0.0457392480200786,0.0402324390557031,0.0493346093531354
0.0563455245560725,0.0457392480200786,0.0402324390557031,0.0493346093531354
0.0563455245560725,0.0457392480200786,0.0402324390557031,0.0489830576387655
0.0563455245560725,0.0457392480200786,0.0402324390557031,0.0489830576387655
0.0563455245560725,0.0457392480200786,0.0402324390557031,0.0489830576387655
0.0563455245560725,0.0457392480200786,0.0402324390557031,0.0489830576387655
0.0563455245560725,0.0457392480200786,0.0402324390557031,0.0489830576387655
0.0563455245560725,0.0457392480200786,0.0402324390557031,0.0489830576387655
0.0563455245560725,0.0457392480200786,0.0402324390557031,0.0489830576387655
0.0563455245560725,0.0457392480200786,0.0402324390557031,0.0489830576387655
0.0563455245560725,0.0457392480200786,0.0402324390557031,0.0489830576387655
0.0563455245560725,0.0457392480200786,0.0402324390557031,0.0489830576387655
0.0563455245560725,0.0457392480200786,0.0402324390557031,0.0489830576387655
0.0563455245560725,0.0457392480200786,0.0402324390557031,0.0489830576387655
0.0543389235674589,0.0457392480200786,0.0402324390557031,0.0489830576387655
0.0543389235674589,0.0457392480200786,0.0402324390557031,0.0489830576387655
0.0543389235674589,0.0483080670462526,0.0402324390557031,0.0489830576387655
0.0543389235674589,0.0483080670462526,0.0402324390557031,0.0489830576387655
0.0543389235674589,0.0483080670462526,0.0421255682701808,0.0489830576387655
0.0543389235674589,0.0483080670462526,0.0421255682701808,0.0489830576387655
0.0543389235674589,0.0483080670462526,0.0421255682701808,0.0489830576387655
0.0543389235674589,0.0483080670462526,0.0421255682701808,0.0489830576387655
0.0543389235674589,0.0483080670462526,0.0421255682701808,0.0489830576387655
0.0543389235674589,0.0483080670462526,0.0421255682701808,0.0489830576387655
0.0543389235674589,0.0483080670462526,0.046659788661951,0.0489830576387655
0.0543389235674589,0.0483080670462526,0.046659788661951,0.0489830576387655
0.0543389235674589,0.0483080670462526,0.046659788661951,0.0489830576387655
0.0543389235674589,0.0483080670462526,0.046659788661951,0.0489830576387655
0.0543389235674589,0.0483080670462526,0.046659788661951,0.0489830576387655
0.0543389235674589,0.0483080670462526,0.046659788661951,0.0489830576387655
0.0543389235674589,0.0483080670462526,0.046659788661951,0.0537846615672459
0.0543389235674589,0.0483080670462526,0.046659788661951,0.0537846615672459
0.0543389235674589,0.0483080670462526,0.046659788661951,0.0537846615672459
0.0543389235674589,0.0483080670462526,0.046659788661951,0.0537846615672459
0.0543389235674589,0.0483080670462526,0.046659788661951,0.0537846615672459
0.0543389235674589,0.0483080670462526,0.046659788661951,0.0537846615672459
0.0543389235674589,0.0483080670462526,0.046659788661951,0.0537846615672459
0.0543389235674589,0.0483080670462526,0.046659788661951,0.0537846615672459
0.0543389235674589,0.0428323662411187,0.046659788661951,0.0537846615672459
0.0543389235674589,0.0428323662411187,0.046659788661951,0.0537846615672459
0.0543389235674589,0.0428323662411187,0.046659788661951,0.0537846615672459
0.0543389235674589,0.0428323662411187,0.046659788661951,0.0537846615672459
0.0543389235674589,0.0428323662411187,0.046659788661951,0.0537846615672459
0.0543389235674589,0.0428323662411187,0.046659788661951,0.0537846615672459
0.0543389235674589,0.0428323662411187,0.046659788661951,0.0537846615672459
0.0543389235674589,0.0428323662411187,0.046659788661951,0.0537846615672459
0.0543389235674589,0.0498017310412661,0.046659788661951,0.0453873478887961
0.0543389235674589,0.0498017310412661,0.046659788661951,0.045125664302797
0.0543389235674589,0.0498017310412661,0.046659788661951,0.045125664302797
0.0543389235674589,0.0498017310412661,0.046659788661951,0.045125664302797
0.0543389235674589,0.0498017310412661,0.046659788661951,0.045125664302797
0.0543389235674589,0.0498017310412661,0.046659788661951,0.045125664302797
0.0543389235674589,0.0498017310412661,0.046659788661951,0.045125664302797
0.0543389235674589,0.0498017310412661,0.046659788661951,0.045125664302797
0.0543389235674589,0.0498017310412661,0.046659788661951,0.045125664302797
0.0543389235674589,0.0498017310412661,0.046659788661951,0.045125664302797
0.0543389235674589,0.0498017310412661,0.046659788661951,0.0392491077310241
0.0543389235674589,0.0498017310412661,0.046659788661951,0.0392491077310241
0.0543389235674589,0.0498017310412661,0.046659788661951,0.0392491077310241
0.0543389235674589,0.0498017310412661,0.046659788661951,0.0392491077310241
0.0543389235674589,0.0498017310412661,0.046659788661951,0.0392491077310241
0.0543389235674589,0.0498017310412661,0.046659788661951,0.0392491077310241
0.0543389235674589,0.0498017310412661,0.046659788661951,0.0392491077310241
0.0543389235674589,0.0498017310412661,0.046659788661951,0.0392491077310241
0.0543389235674589,0.0508614832039145,0.046659788661951,0.0392491077310241
0.0543389235674589,0.0508614832039145,0.046659788661951,0.0392491077310241
0.0543389235674589,0.0508614832039145,0.046659788661951,0.0392491077310241
0.0543389235674589,0.0508614832039145,0.046659788661951,0.0392491077310241
0.0543389235674589,0.0508614832039145,0.0496779717950497,0.0392491077310241
0.0543389235674589,0.0508614832039145,0.0496779717950497,0.0392491077310241
0.0543389235674589,0.0508614832039145,0.0496779717950497,0.0392491077310241
0.0543389235674589,0.0508614832039145,0.0496779717950497,0.0392491077310241
0.0543389235674589,0.0508614832039145,0.0496779717950497,0.0392491077310241
0.0543389235674589,0.0508614832039145,0.0496779717950497,0.0392491077310241
0.0543389235674589,0.0508614832039145,0.0496779717950497,0.0392491077310241
0.0543389235674589,0.0508614832039145,0.0496779717950497,0.0392491077310241
0.0543389235674589,0.0508614832039145,0.0496779717950497,0.0392491077310241
0.0543389235674589,0.0508614832039145,0.0496779717950497,0.0392491077310241
0.0543389235674589,0.0508614832039145,0.0496779717950497,0.0392491077310241
0.0543389235674589,0.0508614832039145,0.0496779717950497,0.0392491077310241
0.0543389235674589,0.0508614832039145,0.0496779717950497,0.0392491077310241
0.0543389235674589,0.0508614832039145,0.0496779717950497,0.0392491077310241
0.0543389235674589,0.0508614832039145,0.0496779717950497,0.0392491077310241
0.0543389235674589,0.0508614832039145,0.0496779717950497,0.0392491077310241
0.0543389235674589,0.0508614832039145,0.0496779717950497,0.0392491077310241
0.0543389235674589,0.0508614832039145,0.0481975198795432,0.0392491077310241
0.0543389235674589,0.0508614832039145,0.0481975198795432,0.0392491077310241
0.0543389235674589,0.0508614832039145,0.0481975198795432,0.0392491077310241
0.0543389235674589,0.0508614832039145,0.0481975198795432,0.0392491077310241
0.0543389235674589,0.0508614832039145,0.0481975198795432,0.0392491077310241
0.0548957528632092,0.0508614832039145,0.0481975198795432,0.0392491077310241
0.0548957528632092,0.0508614832039145,0.0481975198795432,0.0392491077310241
0.0548957528632092,0.0508614832039145,0.0481975198795432,0.0392491077310241
0.0548957528632092,0.0508614832039145,0.0481975198795432,0.0392491077310241
0.0548957528632092,0.0508614832039145,0.0481975198795432,0.0392491077310241
0.0548957528632092,0.0508614832039145,0.0481975198795432,0.0392491077310241
0.0548957528632092,0.0508614832039145,0.0481975198795432,0.0392491077310241
0.0548957528632092,0.0508614832039145,0.0481975198795432,0.0392491077310241
0.0548957528632092,0.0508614832039145,0.0481975198795432,0.0424862910797816
0.0548957528632092,0.0508614832039145,0.0481975198795432,0.0424862910797816
0.0548957528632092,0.0508614832039145,0.0470085714400323,0.0424862910797816
0.0548957528632092,0.0508614832039145,0.0470085714400323,0.0424862910797816
0.0548957528632092,0.0508614832039145,0.0470085714400323,0.0424862910797816
0.0548957528632092,0.0508614832039145,0.0470085714400323,0.0471115647030766
0.0548957528632092,0.0508614832039145,0.0470085714400323,0.0471115647030766
0.0548957528632092,0.0508614832039145,0.0470085714400323,0.0471115647030766
0.0548957528632092,0.0508614832039145,0.0470085714400323,0.0471115647030766
0.0548957528632092,0.0508614832039145,0.0470085714400323,0.0471115647030766
0.0548957528632092,0.0508614832039145,0.0470085714400323,0.0471115647030766
0.0548957528632092,0.0508614832039145,0.0470085714400323,0.0471115647030766
0.0548957528632092,0.0508614832039145,0.0470085714400323,0.0471115647030766
0.0548957528632092,0.0508614832039145,0.0470085714400323,0.0471115647030766
0.0548957528632092,0.0508614832039145,0.0470085714400323,0.0471115647030766
0.0548957528632092,0.0508614832039145,0.0470085714400323,0.0471115647030766
0.0548957528632092,0.0508614832039145,0.0470085714400323,0.0471115647030766
0.0548957528632092,0.0508614832039145,0.0470085714400323,0.0471115647030766
0.0548957528632092,0.0508614832039145,0.0470085714400323,0.0471115647030766
0.0548957528632092,0.0508614832039145,0.0470085714400323,0.0471115647030766
0.0548957528632092,0.0508614832039145,0.0470085714400323,0.0471115647030766
0.0548957528632092,0.0508614832039145,0.0470085714400323,0.0471115647030766
0.0548957528632092,0.0508614832039145,0.0470085714400323,0.0471115647030766
0.0548957528632092,0.0508614832039145,0.0470085714400323,0.0471115647030766
0.0548957528632092,0.0508614832039145,0.0470085714400323,0.0471115647030766
0.0548957528632092,0.0508614832039145,0.0470085714400323,0.0471115647030766
0.0548957528632092,0.0508614832039145,0.0470085714400323,0.0471115647030766
0.0548957528632092,0.0508614832039145,0.0470085714400323,0.0471115647030766
0.0548957528632092,0.0508614832039145,0.0470085714400323,0.0471115647030766
0.0548957528632092,0.0508614832039145,0.0470085714400323,0.0471115647030766
0.0548957528632092,0.0508614832039145,0.0470085714400323,0.0471115647030766
0.0548957528632092,0.0508614832039145,0.0470085714400323,0.0471115647030766
0.0548957528632092,0.0508614832039145,0.0470085714400323,0.0507398762367657
0.0548957528632092,0.0508614832039145,0.0470085714400323,0.0507398762367657
0.0548957528632092,0.0508614832039145,0.0470085714400323,0.0507398762367657
0.0548957528632092,0.0508614832039145,0.0470085714400323,0.0507398762367657
0.0548957528632092,0.0508614832039145,0.0470085714400323,0.0507398762367657
0.0548957528632092,0.0508614832039145,0.0470085714400323,0.0507398762367657
0.0548957528632092,0.0508614832039145,0.0464141494368892,0.0507398762367657
0.0548957528632092,0.0508614832039145,0.0464141494368892,0.0507398762367657
0.0548957528632092,0.0508614832039145,0.0464141494368892,0.0507398762367657
0.0548957528632092,0.0508614832039145,0.0464141494368892,0.0507398762367657
0.0548957528632092,0.0508614832039145,0.0464141494368892,0.0507398762367657
0.0548957528632092,0.0508614832039145,0.0464141494368892,0.0507398762367657
0.0548957528632092,0.0508614832039145,0.0464141494368892,0.0507398762367657
0.0548957528632092,0.0508614832039145,0.0464141494368892,0.0507398762367657
0.0548957528632092,0.0508614832039145,0.0464141494368892,0.0507398762367657
0.0548957528632092,0.0508614832039145,0.0464141494368892,0.0507398762367657
0.0548957528632092,0.0508614832039145,0.0464141494368892,0.0507398762367657
0.0548957528632092,0.0508614832039145,0.0464141494368892,0.0507398762367657
0.0548957528632092,0.0508614832039145,0.0464141494368892,0.0507398762367657
0.0548957528632092,0.0508614832039145,0.0464141494368892,0.0476767833358937
0.0548957528632092,0.0508614832039145,0.0464141494368892,0.0435111323493528
0.0488300670232543,0.0508614832039145,0.0464141494368892,0.0435111323493528
0.0488300670232543,0.0508614832039145,0.0464141494368892,0.0435111323493528
0.0488300670232543,0.0508614832039145,0.0464141494368892,0.0435111323493528
0.0488300670232543,0.0508614832039145,0.0464141494368892,0.0435111323493528
0.0488300670232543,0.0508614832039145,0.0464141494368892,0.0435111323493528
0.0488300670232543,0.0508614832039145,0.0464141494368892,0.0435111323493528
0.0488300670232543,0.0498496325661871,0.0464141494368892,0.0435111323493528
0.0488300670232543,0.0498496325661871,0.0464141494368892,0.0435111323493528
0.0488300670232543,0.0498496325661871,0.0464141494368892,0.0435111323493528
0.0488300670232543,0.0498496325661871,0.0464141494368892,0.0435111323493528
0.0488300670232543,0.0498496325661871,0.0464141494368892,0.0435111323493528
0.0488300670232543,0.0498496325661871,0.0464141494368892,0.0435111323493528
0.0488300670232543,0.0498496325661871,0.0464141494368892,0.0435111323493528
0.0488300670232543,0.0498496325661871,0.0464141494368892,0.0435111323493528
0.0488300670232543,0.0498496325661871,0.0464141494368892,0.0435111323493528
0.0488300670232543,0.0498496325661871,0.0464141494368892,0.0435111323493528
0.0488300670232543,0.0498496325661871,0.0464141494368892,0.0435111323493528
0.0488300670232543,0.0498496325661871,0.0464141494368892,0.0435111323493528
0.0488300670232543,0.0498496325661871,0.0464141494368892,0.0435111323493528
0.0488300670232543,0.0498496325661871,0.0464141494368892,0.0435111323493528
0.0488300670232543,0.0498496325661871,0.0464141494368892,0.0435111323493528
0.0488300670232543,0.0498496325661871,0.0464141494368892,0.0435111323493528
0.0488300670232543,0.0459558738186397,0.0464141494368892,0.0435111323493528
0.0488300670232543,0.0459558738186397,0.0464141494368892,0.0435111323493528
0.0488300670232543,0.0459558738186397,0.0464141494368892,0.0435111323493528
0.0488300670232543,0.0459558738186397,0.0464141494368892,0.0435111323493528
0.0488300670232543,0.0459558738186397,0.0464141494368892,0.0435111323493528
0.0488300670232543,0.0459558738186397,0.0464141494368892,0.0435111323493528
0.0488300670232543,0.0459558738186397,0.0464141494368892,0.0435111323493528
0.0488300670232543,0.0459558738186397,0.0464141494368892,0.0435111323493528
0.0488300670232543,0.0459558738186397,0.0464141494368892,0.0435111323493528
0.0488300670232543,0.0459558738186397,0.0464141494368892,0.0435111323493528
0.0488300670232543,0.0459558738186397,0.0464141494368892,0.0435111323493528
0.0486609130727212,0.0459558738186397,0.0464141494368892,0.0435111323493528
0.0486609130727212,0.0459558738186397,0.0464141494368892,0.0435111323493528
0.0486609130727212,0.0459558738186397,0.0464141494368892,0.043228146324659
0.0486609130727212,0.0459558738186397,0.0464141494368892,0.043228146324659
0.0486609130727212,0.0459558738186397,0.0464141494368892,0.043228146324659
0.0486609130727212,0.0459558738186397,0.0464141494368892,0.043228146324659
0.0486609130727212,0.0459558738186397,0.0492661563653701,0.043228146324659
0.0486609130727212,0.0459558738186397,0.0492661563653701,0.043228146324659
0.0486609130727212,0.0459558738186397,0.0492661563653701,0.043228146324659
0.0486609130727212,0.0459558738186397,0.0492661563653701,0.043228146324659
0.0486609130727212,0.0459558738186397,0.0492661563653701,0.043228146324659
0.0486609130727212,0.0465842279258759,0.0492661563653701,0.043228146324659
0.0486609130727212,0.0465842279258759,0.0492661563653701,0.043228146324659
0.0486609130727212,0.0465842279258759,0.0492661563653701,0.043228146324659
0.0486609130727212,0.0465842279258759,0.0492661563653701,0.043228146324659
0.0486609130727212,0.0465842279258759,0.0492661563653701,0.043228146324659
0.0486609130727212,0.0465842279258759,0.0492661563653701,0.043228146324659
0.0486609130727212,0.0465842279258759,0.0492661563653701,0.043228146324659
0.0486609130727212,0.0465842279258759,0.0492661563653701,0.043228146324659
0.0486609130727212,0.0465842279258759,0.0492661563653701,0.043228146324659
0.0486609130727212,0.0465842279258759,0.0492661563653701,0.043228146324659
0.0486609130727212,0.0465842279258759,0.0492661563653701,0.043228146324659
0.0486609130727212,0.0465842279258759,0.0492661563653701,0.043228146324659
0.0486609130727212,0.0465842279258759,0.0492661563653701,0.043228146324659
0.0486609130727212,0.0465842279258759,0.0492661563653701,0.043228146324659
0.0486609130727212,0.0465842279258759,0.0492661563653701,0.043228146324659
0.0486609130727212,0.0465842279258759,0.0492661563653701,0.043228146324659
0.0486609130727212,0.0465842279258759,0.0492661563653701,0.043228146324659
0.0486609130727212,0.0465842279258759,0.0492661563653701,0.043228146324659
0.0486609130727212,0.0465842279258759,0.0492661563653701,0.043228146324659
0.0486609130727212,0.0465842279258759,0.0492661563653701,0.043228146324659
0.0486609130727212,0.0523705202825034,0.0492661563653701,0.043228146324659
0.0486609130727212,0.0523705202825034,0.0492661563653701,0.043228146324659
0.0486609130727212,0.0523705202825034,0.0492661563653701,0.043228146324659
0.0486609130727212,0.0523705202825034,0.0492661563653701,0.043228146324659
0.0486609130727212,0.0537371440817329,0.0492661563653701,0.043228146324659
0.0486609130727212,0.0537371440817329,0.0492661563653701,0.043228146324659
0.0486609130727212,0.0537371440817329,0.0492661563653701,0.043228146324659
0.046017221002415,0.0537371440817329,0.0492661563653701,0.043228146324659
0.046017221002415,0.0537371440817329,0.0492661563653701,0.043228146324659
0.046017221002415,0.0537371440817329,0.0492661563653701,0.043228146324659
0.046017221002415,0.0537371440817329,0.0492661563653701,0.043228146324659
0.046017221002415,0.0537371440817329,0.0492661563653701,0.043228146324659
0.046017221002415,0.0537371440817329,0.0492661563653701,0.043228146324659
0.046017221002415,0.0537371440817329,0.0492661563653701,0.043228146324659
0.0501754781307097,0.0537371440817329,0.0492661563653701,0.043228146324659
0.0501754781307097,0.0537371440817329,0.0492661563653701,0.043228146324659
0.0501754781307097,0.0537371440817329,0.0492661563653701,0.043228146324659
0.0501754781307097,0.046467546472449,0.0492661563653701,0.043228146324659
0.0501754781307097,0.046467546472449,0.0492661563653701,0.043228146324659
0.0501754781307097,0.046467546472449,0.0492661563653701,0.043228146324659
0.0501754781307097,0.046467546472449,0.0492661563653701,0.043228146324659
0.0501754781307097,0.046467546472449,0.0492661563653701,0.043228146324659
0.0508217122124057,0.0476717094878059,0.0492661563653701,0.043228146324659
0.0508217122124057,0.0476717094878059,0.0492661563653701,0.043228146324659
0.0508217122124057,0.0476717094878059,0.0492661563653701,0.043228146324659
0.0508217122124057,0.0476717094878059,0.0492661563653701,0.043228146324659
0.0508217122124057,0.0474497660559773,0.0492661563653701,0.043228146324659
0.0508217122124057,0.0474497660559773,0.0492661563653701,0.043228146324659
0.0508217122124057,0.0456309222539045,0.0492661563653701,0.0421687923200109
0.0508217122124057,0.0456309222539045,0.0492661563653701,0.0421687923200109
0.0508217122124057,0.0456309222539045,0.0492661563653701,0.0421687923200109
0.0508217122124057,0.0456309222539045,0.0492661563653701,0.0421687923200109
0.0508217122124057,0.0456309222539045,0.0492661563653701,0.0421687923200109
0.0508217122124057,0.0456309222539045,0.0492661563653701,0.0421687923200109
0.0508217122124057,0.0456309222539045,0.0492661563653701,0.0421687923200109
0.0508217122124057,0.0521990146058457,0.0492661563653701,0.0421687923200109
0.0508217122124057,0.0521990146058457,0.0492661563653701,0.0421687923200109
0.0508217122124057,0.0521990146058457,0.0492661563653701,0.0421687923200109
0.0508217122124057,0.0521990146058457,0.0492661563653701,0.0421687923200109
0.0508217122124057,0.0521990146058457,0.0492661563653701,0.0421687923200109
0.0508217122124057,0.0521990146058457,0.0492661563653701,0.0421687923200109
0.0508217122124057,0.0521990146058457,0.0492661563653701,0.0421687923200109
0.0508217122124057,0.0521990146058457,0.0492661563653701,0.0421687923200109
0.0508217122124057,0.0521990146058457,0.0492661563653701,0.0367720145298849
0.0530949044534229,0.0521990146058457,0.0492661563653701,0.037787064661516
0.0530949044534229,0.0521990146058457,0.0492661563653701,0.037787064661516
0.0530949044534229,0.0521990146058457,0.0492661563653701,0.037787064661516
0.0530949044534229,0.0521990146058457,0.0461641505435529,0.037787064661516
0.0530949044534229,0.0521990146058457,0.0461641505435529,0.037787064661516
0.0530949044534229,0.0521990146058457,0.0461641505435529,0.037787064661516
0.0530949044534229,0.0521990146058457,0.0461641505435529,0.037787064661516
0.0530949044534229,0.0521990146058457,0.0461641505435529,0.037787064661516
0.0530949044534229,0.0521990146058457,0.0461641505435529,0.037787064661516
0.0530949044534229,0.0521990146058457,0.0461641505435529,0.037787064661516
0.0530949044534229,0.0521990146058457,0.0461641505435529,0.0384317245899459
0.0530949044534229,0.0521990146058457,0.0461641505435529,0.0384317245899459
0.0530949044534229,0.0521990146058457,0.0461641505435529,0.0384317245899459
0.0530949044534229,0.0521990146058457,0.0461641505435529,0.0384317245899459
0.0530949044534229,0.0500963627553583,0.0461641505435529,0.0384317245899459
0.0530949044534229,0.0500963627553583,0.0461641505435529,0.0384317245899459
0.0530949044534229,0.0500963627553583,0.0461641505435529,0.0384317245899459
0.0530949044534229,0.0500963627553583,0.0461641505435529,0.0384317245899459
0.0530949044534229,0.0500963627553583,0.0461641505435529,0.0384317245899459
0.0530949044534229,0.0500963627553583,0.0461641505435529,0.0384317245899459
0.0530949044534229,0.0500963627553583,0.0461641505435529,0.0384317245899459
0.0530949044534229,0.0500963627553583,0.0461641505435529,0.0384317245899459
0.0530949044534229,0.0500963627553583,0.0461641505435529,0.0384317245899459
0.0530949044534229,0.0500963627553583,0.0461641505435529,0.0384317245899459
0.0530949044534229,0.0500963627553583,0.0461641505435529,0.0384317245899459
0.0530949044534229,0.0500963627553583,0.0461641505435529,0.0384317245899459
0.0530949044534229,0.0500963627553583,0.0461641505435529,0.0384317245899459
0.0530949044534229,0.0500963627553583,0.0461641505435529,0.0344643881052772
0.0530949044534229,0.0500963627553583,0.0461641505435529,0.0344643881052772
0.0530949044534229,0.0527971734911708,0.0461641505435529,0.0344643881052772
0.0530949044534229,0.0527971734911708,0.0461641505435529,0.0365466547371581
0.0530949044534229,0.0527971734911708,0.0461641505435529,0.0365466547371581
0.0530949044534229,0.0527971734911708,0.0461641505435529,0.0365466547371581
0.0530949044534229,0.0527971734911708,0.0461641505435529,0.0419893694966193
0.0530949044534229,0.0527971734911708,0.0461641505435529,0.0419893694966193
0.0530949044534229,0.0527971734911708,0.0461641505435529,0.0419893694966193
0.0530949044534229,0.0467778349975545,0.0461641505435529,0.0419893694966193
0.0530949044534229,0.0467778349975545,0.0461641505435529,0.0419893694966193
0.0530949044534229,0.0467778349975545,0.0461641505435529,0.0419893694966193
0.0530949044534229,0.0467778349975545,0.0461641505435529,0.0419893694966193
0.0530949044534229,0.0467778349975545,0.0461641505435529,0.0419893694966193
0.0530949044534229,0.0467778349975545,0.0461641505435529,0.0419893694966193
0.0530949044534229,0.0467778349975545,0.0461641505435529,0.0419893694966193
0.0530949044534229,0.0467778349975545,0.0461641505435529,0.0419893694966193
0.0530949044534229,0.0467778349975545,0.0461641505435529,0.0419893694966193
0.0530949044534229,0.0467778349975545,0.0406792887187714,0.0449217996051549
0.0530949044534229,0.0467778349975545,0.0406792887187714,0.0449217996051549
0.0530949044534229,0.048317381024598,0.0406792887187714,0.0449217996051549
0.0530949044534229,0.048317381024598,0.0406792887187714,0.0449217996051549
0.0530949044534229,0.048317381024598,0.0406792887187714,0.0449217996051549
0.0530949044534229,0.048317381024598,0.0406792887187714,0.0449217996051549
0.0530949044534229,0.048317381024598,0.0406792887187714,0.0449217996051549
0.0530949044534229,0.048317381024598,0.0406792887187714,0.0449217996051549
0.0530949044534229,0.048317381024598,0.041931787322941,0.0449217996051549
0.0530949044534229,0.056197722733589,0.041931787322941,0.0449217996051549
0.0530949044534229,0.056197722733589,0.041931787322941,0.0449217996051549
0.0530949044534229,0.056197722733589,0.041931787322941,0.0449217996051549
0.0527878895374392,0.056197722733589,0.041931787322941,0.0354262624898534
0.0527878895374392,0.056197722733589,0.041931787322941,0.0354262624898534
0.0527878895374392,0.056197722733589,0.041931787322941,0.0354262624898534
0.0527878895374392,0.056197722733589,0.041931787322941,0.0362505161327721
0.0527878895374392,0.056197722733589,0.041931787322941,0.0362505161327721
0.0527878895374392,0.056197722733589,0.041931787322941,0.0362505161327721
0.0527878895374392,0.056197722733589,0.041931787322941,0.0362505161327721
0.0527878895374392,0.056197722733589,0.041931787322941,0.0362505161327721
0.0527878895374392,0.056197722733589,0.041931787322941,0.0362505161327721
0.0527878895374392,0.056197722733589,0.041931787322941,0.0362505161327721
0.0527878895374392,0.056197722733589,0.041931787322941,0.0362505161327721
0.0527878895374392,0.056197722733589,0.041931787322941,0.0362505161327721
0.0527878895374392,0.056197722733589,0.041931787322941,0.0362505161327721
0.0527878895374392,0.056197722733589,0.041931787322941,0.0362505161327721
0.0527878895374392,0.056197722733589,0.041931787322941,0.0362505161327721
0.0527878895374392,0.056197722733589,0.041931787322941,0.0362505161327721
0.0527878895374392,0.056197722733589,0.041931787322941,0.0362505161327721
0.0527878895374392,0.056197722733589,0.041931787322941,0.0362505161327721
0.0527878895374392,0.056197722733589,0.041931787322941,0.0362505161327721
0.0527878895374392,0.056197722733589,0.041931787322941,0.0362505161327721
0.0527878895374392,0.056197722733589,0.041931787322941,0.0362505161327721
0.0527878895374392,0.056197722733589,0.041931787322941,0.0362505161327721
0.0527878895374392,0.056197722733589,0.041931787322941,0.0362505161327721
0.0527878895374392,0.056197722733589,0.041931787322941,0.0362505161327721
0.0527878895374392,0.056197722733589,0.041931787322941,0.0362505161327721
0.0527878895374392,0.056197722733589,0.041931787322941,0.0362505161327721
0.0527878895374392,0.056197722733589,0.041931787322941,0.0362505161327721
0.0527878895374392,0.056197722733589,0.041931787322941,0.0362505161327721
0.0527878895374392,0.056197722733589,0.041931787322941,0.0362505161327721
0.0527878895374392,0.056197722733589,0.041931787322941,0.0362505161327721
0.0527878895374392,0.056197722733589,0.041931787322941,0.0374541695566035
0.0527878895374392,0.056197722733589,0.041931787322941,0.0374541695566035
0.0527878895374392,0.056197722733589,0.041931787322941,0.0419258250980327
0.0527878895374392,0.056197722733589,0.041931787322941,0.0419258250980327
0.0527878895374392,0.056778522250492,0.041931787322941,0.0419258250980327
0.0527878895374392,0.056778522250492,0.0419121497004031,0.0419258250980327
0.0527878895374392,0.056778522250492,0.0419121497004031,0.0419258250980327
0.0527878895374392,0.056778522250492,0.0419121497004031,0.0419258250980327
0.0527878895374392,0.056778522250492,0.0419121497004031,0.0419258250980327
0.0527878895374392,0.056778522250492,0.0419121497004031,0.0419258250980327
0.0527878895374392,0.056778522250492,0.0419121497004031,0.0419258250980327
0.0527878895374392,0.056778522250492,0.0419121497004031,0.0419258250980327
0.0527878895374392,0.0604168211335082,0.0419121497004031,0.0419258250980327
0.0527878895374392,0.0604168211335082,0.0419121497004031,0.0419258250980327
0.0527878895374392,0.0604168211335082,0.0419121497004031,0.0419258250980327
0.0527878895374392,0.0604168211335082,0.0419121497004031,0.0419258250980327
0.0527878895374392,0.0604168211335082,0.0419121497004031,0.0419258250980327
0.0527878895374392,0.0604168211335082,0.0419121497004031,0.0419258250980327
0.0527878895374392,0.0604168211335082,0.0419121497004031,0.0392014045787361
0.0527878895374392,0.0604168211335082,0.0419121497004031,0.0392014045787361
0.0527878895374392,0.0604168211335082,0.0419121497004031,0.0392014045787361
0.0527878895374392,0.0604168211335082,0.0419121497004031,0.0392014045787361
0.0527878895374392,0.0604168211335082,0.0419121497004031,0.0388207086926899
0.0527878895374392,0.0604168211335082,0.0419121497004031,0.0353456359977597
0.0527878895374392,0.0604168211335082,0.0419121497004031,0.0353456359977597
0.0527878895374392,0.0604168211335082,0.0419121497004031,0.0353456359977597
0.0527878895374392,0.0604168211335082,0.0419121497004031,0.0353456359977597
0.0527878895374392,0.0604168211335082,0.0419121497004031,0.0353456359977597
0.0527878895374392,0.0604168211335082,0.0419121497004031,0.0353456359977597
0.0527878895374392,0.0604168211335082,0.0419121497004031,0.0353456359977597
0.0527878895374392,0.0604168211335082,0.0419121497004031,0.0353456359977597
0.0527878895374392,0.0604168211335082,0.0419121497004031,0.0353456359977597
0.0527878895374392,0.0604168211335082,0.0419121497004031,0.0353456359977597
0.0527878895374392,0.0604168211335082,0.0419121497004031,0.037130373025688
0.0527878895374392,0.0604168211335082,0.0424156515266038,0.037130373025688
0.0527878895374392,0.0604168211335082,0.0424156515266038,0.037130373025688
0.0527878895374392,0.0604168211335082,0.0424156515266038,0.037130373025688
0.0527878895374392,0.0604168211335082,0.0424156515266038,0.037130373025688
0.0527878895374392,0.0604168211335082,0.0424156515266038,0.037130373025688
0.0527878895374392,0.0604168211335082,0.0424156515266038,0.037130373025688
0.0527878895374392,0.0604168211335082,0.0424156515266038,0.037130373025688
0.0527878895374392,0.0604168211335082,0.0424156515266038,0.037130373025688
0.0527878895374392,0.0604168211335082,0.0424156515266038,0.037130373025688
0.0527878895374392,0.0604168211335082,0.0424156515266038,0.037130373025688
0.0527878895374392,0.0604168211335082,0.0424156515266038,0.037130373025688
0.0527878895374392,0.0604168211335082,0.0424156515266038,0.037130373025688
0.0527878895374392,0.0604168211335082,0.0424156515266038,0.037130373025688
0.0527878895374392,0.0604168211335082,0.0424156515266038,0.037130373025688
0.0527878895374392,0.0604168211335082,0.0424156515266038,0.037130373025688
0.0527878895374392,0.0604168211335082,0.0424156515266038,0.037130373025688
0.0527878895374392,0.0604168211335082,0.0424156515266038,0.037130373025688
0.0527878895374392,0.0604168211335082,0.0424156515266038,0.037130373025688
0.0527878895374392,0.0604168211335082,0.0424156515266038,0.037130373025688
0.0527878895374392,0.0604168211335082,0.0424156515266038,0.037130373025688
0.0527878895374392,0.0604168211335082,0.0424156515266038,0.037130373025688
0.0527878895374392,0.0604168211335082,0.0424156515266038,0.037130373025688
0.0527878895374392,0.0604168211335082,0.0424156515266038,0.037130373025688
0.0527878895374392,0.0604168211335082,0.0424156515266038,0.037130373025688
0.0527878895374392,0.0604168211335082,0.0424156515266038,0.037130373025688
0.0527878895374392,0.0604168211335082,0.0424156515266038,0.037130373025688
0.0527878895374392,0.0604168211335082,0.0424156515266038,0.037130373025688
0.0527878895374392,0.0604168211335082,0.0424156515266038,0.037130373025688
0.0527878895374392,0.0604168211335082,0.0424156515266038,0.037130373025688
0.0527878895374392,0.0604168211335082,0.0424156515266038,0.037130373025688
0.0527878895374392,0.0604168211335082,0.0424156515266038,0.037130373025688
0.0527878895374392,0.0604168211335082,0.0424156515266038,0.037130373025688
0.0527878895374392,0.0604168211335082,0.0424156515266038,0.037130373025688
0.0527878895374392,0.0604168211335082,0.0424156515266038,0.037130373025688
0.0527878895374392,0.0604168211335082,0.0424156515266038,0.037130373025688
0.0527878895374392,0.0604168211335082,0.0424156515266038,0.037130373025688
0.0527878895374392,0.0604168211335082,0.0424156515266038,0.037130373025688
0.0527878895374392,0.0604168211335082,0.0424156515266038,0.037130373025688
0.0527878895374392,0.0604168211335082,0.0424156515266038,0.037130373025688
0.0527878895374392,0.0604168211335082,0.0424156515266038,0.037130373025688
0.0527878895374392,0.0604168211335082,0.0424156515266038,0.037130373025688
0.0527878895374392,0.0604168211335082,0.0424156515266038,0.037130373025688
0.0527878895374392,0.0604168211335082,0.0424156515266038,0.037130373025688
0.0527878895374392,0.0604168211335082,0.0424156515266038,0.037130373025688
0.0527878895374392,0.0604168211335082,0.0424156515266038,0.037130373025688
0.0527878895374392,0.0604168211335082,0.0424156515266038,0.037130373025688
0.0527878895374392,0.0604168211335082,0.0424156515266038,0.037130373025688
0.0527878895374392,0.0604168211335082,0.0424156515266038,0.037130373025688
0.0527878895374392,0.0579449328038899,0.0424156515266038,0.037130373025688
0.0527878895374392,0.0592915579820711,0.0424156515266038,0.037130373025688
0.0527878895374392,0.0592915579820711,0.0424156515266038,0.037130373025688
0.0527878895374392,0.0592915579820711,0.0424156515266038,0.037130373025688
0.0527878895374392,0.0592915579820711,0.0424156515266038,0.037130373025688
0.0527878895374392,0.0592915579820711,0.0424156515266038,0.037130373025688
0.0527878895374392,0.0592915579820711,0.0424156515266038,0.037130373025688
0.0527878895374392,0.0592915579820711,0.0424156515266038,0.037130373025688
0.0527878895374392,0.0592915579820711,0.0424156515266038,0.037130373025688
0.0527878895374392,0.0592915579820711,0.0424156515266038,0.037130373025688
0.0527878895374392,0.0592915579820711,0.0424156515266038,0.037130373025688
0.0527878895374392,0.0592915579820711,0.0424156515266038,0.037130373025688
0.0527878895374392,0.0592915579820711,0.0424156515266038,0.037130373025688
0.0527878895374392,0.0592915579820711,0.0424156515266038,0.037130373025688
0.0527878895374392,0.0592915579820711,0.0424156515266038,0.037130373025688
0.0527878895374392,0.0592915579820711,0.0424156515266038,0.037130373025688
0.0527878895374392,0.0592915579820711,0.0424156515266038,0.037130373025688
0.0527878895374392,0.0592915579820711,0.0424156515266038,0.037130373025688
0.0527878895374392,0.0592915579820711,0.0424156515266038,0.037130373025688
0.0527878895374392,0.0592915579820711,0.0424156515266038,0.037130373025688
0.0527878895374392,0.0592915579820711,0.0424156515266038,0.037130373025688
0.0527878895374392,0.0592915579820711,0.0424156515266038,0.037130373025688
0.0527878895374392,0.0592915579820711,0.0424156515266038,0.037130373025688
0.0527878895374392,0.0592915579820711,0.0406413760728637,0.037130373025688
0.0527878895374392,0.0592915579820711,0.0406413760728637,0.037130373025688
0.0527878895374392,0.0592915579820711,0.0406413760728637,0.037130373025688
0.0527878895374392,0.0592915579820711,0.0406413760728637,0.037130373025688
0.0527878895374392,0.0592915579820711,0.0406413760728637,0.037130373025688
0.0527878895374392,0.0606083977546163,0.0406413760728637,0.037130373025688
0.0527878895374392,0.0606083977546163,0.0406413760728637,0.037130373025688
0.0527878895374392,0.0606083977546163,0.0406413760728637,0.037130373025688
0.0527878895374392,0.0606083977546163,0.0424390332005143,0.037130373025688
0.0527878895374392,0.0606083977546163,0.0424390332005143,0.037130373025688
0.0527878895374392,0.0606083977546163,0.0424390332005143,0.037130373025688
0.0527878895374392,0.0606083977546163,0.0424390332005143,0.037130373025688
0.0527878895374392,0.0606083977546163,0.0424390332005143,0.037130373025688
0.0527878895374392,0.0606083977546163,0.0424390332005143,0.037130373025688
0.0527878895374392,0.0606083977546163,0.0424390332005143,0.037130373025688
0.0527878895374392,0.0606083977546163,0.0424390332005143,0.037130373025688
0.0527878895374392,0.0606083977546163,0.0424390332005143,0.037130373025688
0.0527878895374392,0.0603360614065724,0.0424390332005143,0.037130373025688
0.0527878895374392,0.0603360614065724,0.0424390332005143,0.037130373025688
0.0527878895374392,0.0603360614065724,0.0424390332005143,0.037130373025688
0.0527878895374392,0.0603360614065724,0.0424390332005143,0.037130373025688
0.0527878895374392,0.0603360614065724,0.0424390332005143,0.037130373025688
0.0527878895374392,0.0603360614065724,0.0424390332005143,0.037130373025688
0.0527878895374392,0.0603360614065724,0.0424390332005143,0.037130373025688
0.0527878895374392,0.0552554320983493,0.0424390332005143,0.037130373025688
0.0527878895374392,0.0552554320983493,0.0424390332005143,0.037130373025688
0.0527878895374392,0.0552554320983493,0.0424390332005143,0.037130373025688
0.0527878895374392,0.0552554320983493,0.0424390332005143,0.037130373025688
0.0527878895374392,0.0552554320983493,0.0424390332005143,0.037130373025688
0.0527878895374392,0.0552554320983493,0.0424390332005143,0.037792312495555
0.0527878895374392,0.0552554320983493,0.0424390332005143,0.037792312495555
0.0519807277601321,0.0552554320983493,0.0424390332005143,0.037792312495555
0.0519807277601321,0.0552554320983493,0.0424390332005143,0.037792312495555
0.0519807277601321,0.0552554320983493,0.0424390332005143,0.037792312495555
0.0519807277601321,0.0552554320983493,0.0424390332005143,0.037792312495555
0.0519807277601321,0.0552554320983493,0.0424390332005143,0.037792312495555
0.0519807277601321,0.0552554320983493,0.0424390332005143,0.037792312495555
0.0519807277601321,0.0546843924528274,0.0424390332005143,0.037792312495555
0.0519807277601321,0.0546843924528274,0.0424390332005143,0.037792312495555
0.0519807277601321,0.0546843924528274,0.0424390332005143,0.037792312495555
0.0519807277601321,0.0632608711693053,0.0424390332005143,0.037792312495555
0.0519807277601321,0.0632608711693053,0.0424390332005143,0.037792312495555
0.0519807277601321,0.0632608711693053,0.0424390332005143,0.037792312495555
0.0519807277601321,0.0632608711693053,0.0424390332005143,0.037792312495555
0.0519807277601321,0.0632608711693053,0.0424390332005143,0.037792312495555
0.0519807277601321,0.0632608711693053,0.0424390332005143,0.037792312495555
0.0519807277601321,0.0632608711693053,0.0424390332005143,0.038010843532469
0.0519807277601321,0.0632608711693053,0.0424390332005143,0.038010843532469
0.0519807277601321,0.0632608711693053,0.0424390332005143,0.038010843532469
0.0519807277601321,0.0632608711693053,0.0431755914565712,0.038010843532469
0.0519807277601321,0.0632608711693053,0.0431755914565712,0.038010843532469
0.0519807277601321,0.0632608711693053,0.0431755914565712,0.038010843532469
0.0519807277601321,0.0632608711693053,0.0431755914565712,0.038010843532469
0.0519807277601321,0.0632608711693053,0.0431755914565712,0.038010843532469
0.0519807277601321,0.0632608711693053,0.0431755914565712,0.038010843532469
0.0519807277601321,0.0632608711693053,0.0431755914565712,0.038010843532469
0.0519807277601321,0.0632608711693053,0.0431755914565712,0.038010843532469
0.0519807277601321,0.0632608711693053,0.0431755914565712,0.038010843532469
0.0519807277601321,0.0632608711693053,0.0431755914565712,0.038010843532469
0.0519807277601321,0.0632608711693053,0.0431755914565712,0.038010843532469
0.0519807277601321,0.0632608711693053,0.0431755914565712,0.038010843532469
0.0519807277601321,0.0632608711693053,0.0431755914565712,0.038010843532469
0.0519807277601321,0.0632608711693053,0.0431755914565712,0.038010843532469
0.0519807277601321,0.0632608711693053,0.0431755914565712,0.038010843532469
0.0519807277601321,0.0585335775789626,0.0431755914565712,0.038010843532469
0.0519807277601321,0.0585335775789626,0.0431755914565712,0.038010843532469
0.0519807277601321,0.0585335775789626,0.0431755914565712,0.038010843532469
0.0519807277601321,0.0585335775789626,0.0431755914565712,0.038010843532469
0.0519807277601321,0.0585335775789626,0.0431755914565712,0.038010843532469
0.0519807277601321,0.0585335775789626,0.0431755914565712,0.038010843532469
0.0519807277601321,0.0585335775789626,0.0431755914565712,0.038010843532469
0.0519807277601321,0.0585335775789626,0.0431755914565712,0.038010843532469
0.0519807277601321,0.0585335775789626,0.0431755914565712,0.038010843532469
0.0519807277601321,0.0585335775789626,0.0431755914565712,0.038010843532469
0.0519807277601321,0.0585335775789626,0.0431755914565712,0.038010843532469
0.0519807277601321,0.0585335775789626,0.0431755914565712,0.038010843532469
0.0519807277601321,0.0585335775789626,0.0431755914565712,0.038010843532469
0.0519807277601321,0.0585335775789626,0.0431755914565712,0.038010843532469
0.0519807277601321,0.0585335775789626,0.0431755914565712,0.038010843532469
0.0519807277601321,0.0585335775789626,0.0393958315415329,0.038010843532469
0.0519807277601321,0.0585335775789626,0.0393958315415329,0.038010843532469
0.0519807277601321,0.0585335775789626,0.0393958315415329,0.038010843532469
0.0519807277601321,0.0585335775789626,0.0393958315415329,0.0431993124698318
0.0519807277601321,0.0585335775789626,0.0393958315415329,0.0431993124698318
0.0519807277601321,0.0585335775789626,0.0393958315415329,0.0431993124698318
0.0519807277601321,0.0585335775789626,0.0393958315415329,0.0431993124698318
0.0519807277601321,0.0585335775789626,0.0393958315415329,0.0431993124698318
0.0519807277601321,0.0585335775789626,0.0393958315415329,0.0431993124698318
0.0519807277601321,0.0585335775789626,0.0393958315415329,0.0431993124698318
0.0519807277601321,0.0585335775789626,0.0393958315415329,0.0431993124698318
0.0519807277601321,0.0585335775789626,0.0393958315415329,0.0431993124698318
0.0519807277601321,0.0585335775789626,0.0393958315415329,0.0431993124698318
0.0519807277601321,0.0585335775789626,0.0393958315415329,0.0431993124698318
0.0519807277601321,0.0585335775789626,0.0393958315415329,0.0431993124698318
0.0519807277601321,0.0585335775789626,0.0393958315415329,0.0431993124698318
0.0519807277601321,0.0585335775789626,0.0393958315415329,0.0420470775359341
0.0472969799941185,0.0585335775789626,0.0393958315415329,0.0420470775359341
0.0472969799941185,0.0585335775789626,0.0393958315415329,0.0420470775359341
0.0472969799941185,0.0585335775789626,0.0393958315415329,0.0420470775359341
0.0472969799941185,0.0585335775789626,0.0393958315415329,0.0420470775359341
0.0472969799941185,0.0585335775789626,0.0393958315415329,0.0420470775359341
0.0472969799941185,0.0585335775789626,0.0393958315415329,0.0420470775359341
0.0472969799941185,0.0585335775789626,0.0393958315415329,0.0420470775359341
0.0472969799941185,0.0585335775789626,0.0393958315415329,0.0420470775359341
0.0472969799941185,0.0585335775789626,0.0393958315415329,0.0420470775359341
0.0473520349281848,0.0585335775789626,0.0393958315415329,0.0420470775359341
0.0473520349281848,0.0585335775789626,0.0393958315415329,0.0420470775359341
0.0473520349281848,0.0585335775789626,0.0393958315415329,0.0420470775359341
0.0473520349281848,0.0585335775789626,0.0393958315415329,0.0420470775359341
0.0473520349281848,0.0567815158109588,0.0393958315415329,0.0420470775359341
0.0473520349281848,0.0567815158109588,0.0393958315415329,0.0420470775359341
0.0473520349281848,0.0644893143897205,0.0393958315415329,0.0420470775359341
0.0473520349281848,0.0644893143897205,0.0393958315415329,0.0420470775359341
0.0473520349281848,0.0644893143897205,0.0393958315415329,0.0420470775359341
0.0473520349281848,0.0644893143897205,0.0393958315415329,0.0420470775359341
0.0473520349281848,0.0644893143897205,0.0393958315415329,0.0420470775359341
0.0473520349281848,0.0644893143897205,0.0394813636339923,0.0420470775359341
0.0473520349281848,0.0644893143897205,0.0394813636339923,0.0420470775359341
0.0473520349281848,0.0644893143897205,0.0394813636339923,0.0420470775359341
0.0473520349281848,0.0644893143897205,0.0394813636339923,0.0420470775359341
0.0473520349281848,0.0644893143897205,0.0394813636339923,0.0420470775359341
0.0473520349281848,0.0644893143897205,0.0394813636339923,0.0420470775359341
0.0473520349281848,0.0644893143897205,0.0394813636339923,0.0420470775359341
0.0473520349281848,0.0644893143897205,0.0394813636339923,0.0420470775359341
0.0473520349281848,0.0644893143897205,0.0394813636339923,0.0420470775359341
0.0473520349281848,0.0644893143897205,0.0394813636339923,0.0434646654392641
0.0473520349281848,0.0644893143897205,0.0394813636339923,0.0424975046227513
0.0473520349281848,0.0644893143897205,0.0394813636339923,0.0424975046227513
0.0473520349281848,0.0644893143897205,0.0394813636339923,0.0424975046227513
0.0473520349281848,0.0644893143897205,0.0394813636339923,0.0425101248253102
0.0473520349281848,0.0644893143897205,0.0394813636339923,0.0425101248253102
0.0473520349281848,0.0644893143897205,0.0394813636339923,0.0425101248253102
0.0473520349281848,0.0644893143897205,0.0394813636339923,0.0425101248253102
0.0473520349281848,0.0644893143897205,0.0394813636339923,0.0390128255351106
0.0473520349281848,0.0644893143897205,0.0394813636339923,0.0390128255351106
0.0473520349281848,0.0644893143897205,0.0394813636339923,0.0390128255351106
0.0473520349281848,0.0644893143897205,0.0394813636339923,0.0390128255351106
0.0473520349281848,0.0644893143897205,0.0394813636339923,0.0390128255351106
0.0473520349281848,0.0644893143897205,0.0394813636339923,0.0390128255351106
0.0473520349281848,0.0644893143897205,0.0394813636339923,0.0390128255351106
0.0473520349281848,0.0644893143897205,0.0394813636339923,0.0390128255351106
0.0473520349281848,0.0644893143897205,0.0394813636339923,0.0390128255351106
0.0473520349281848,0.0644893143897205,0.0394813636339923,0.0390128255351106
0.0473520349281848,0.0644893143897205,0.0394813636339923,0.0390128255351106
0.0473520349281848,0.0644893143897205,0.0394813636339923,0.0400227693948616
0.0473520349281848,0.0644893143897205,0.0394813636339923,0.0400227693948616
0.0473520349281848,0.0644893143897205,0.0394813636339923,0.0400227693948616
0.0473520349281848,0.0644893143897205,0.0394813636339923,0.0400227693948616
0.0473520349281848,0.0644893143897205,0.0394813636339923,0.0400227693948616
0.0473520349281848,0.0644893143897205,0.0394813636339923,0.0400227693948616
0.0473520349281848,0.0644893143897205,0.0394813636339923,0.0400227693948616
0.0473520349281848,0.0644893143897205,0.0394813636339923,0.0400227693948616
0.0473520349281848,0.0644893143897205,0.0394813636339923,0.0400227693948616
0.0473520349281848,0.0644893143897205,0.0394813636339923,0.0400227693948616
0.0473520349281848,0.0644893143897205,0.0394813636339923,0.0400227693948616
0.0473520349281848,0.0644893143897205,0.0394813636339923,0.0400227693948616
0.0473520349281848,0.0644893143897205,0.0394813636339923,0.0400227693948616
0.0473520349281848,0.0644893143897205,0.0394813636339923,0.0400227693948616
0.0473520349281848,0.0644893143897205,0.0394813636339923,0.0400227693948616
0.0473520349281848,0.0644893143897205,0.0394813636339923,0.0400227693948616
0.0473520349281848,0.0644893143897205,0.0394813636339923,0.0400227693948616
0.0473520349281848,0.0644893143897205,0.0394813636339923,0.0400227693948616
0.0473520349281848,0.0644893143897205,0.0394813636339923,0.0400227693948616
0.0473520349281848,0.0644893143897205,0.0394813636339923,0.0400227693948616
0.0473520349281848,0.0644893143897205,0.0394813636339923,0.0400227693948616
0.0473520349281848,0.0644893143897205,0.0394813636339923,0.0400227693948616
0.0473520349281848,0.0644893143897205,0.0394813636339923,0.0400227693948616
0.0473520349281848,0.0644893143897205,0.0394813636339923,0.0400227693948616
0.0473520349281848,0.0644893143897205,0.0394813636339923,0.0400227693948616
0.0473520349281848,0.0644893143897205,0.0394813636339923,0.0356492521558332
0.0473520349281848,0.0644893143897205,0.0394813636339923,0.0356492521558332
0.0473520349281848,0.0644893143897205,0.0394813636339923,0.0356492521558332
0.0473520349281848,0.0644893143897205,0.0394813636339923,0.0356492521558332
0.0473520349281848,0.0644893143897205,0.0394813636339923,0.0356492521558332
0.0473520349281848,0.0644893143897205,0.0394813636339923,0.0356492521558332
0.0473520349281848,0.0644893143897205,0.0394813636339923,0.0356492521558332
0.0473520349281848,0.0644893143897205,0.0394813636339923,0.0356492521558332
0.0473520349281848,0.0644893143897205,0.0394813636339923,0.0356492521558332
0.0473520349281848,0.0644893143897205,0.0394813636339923,0.0356492521558332
0.0473520349281848,0.0644893143897205,0.0394813636339923,0.0356492521558332
0.0473520349281848,0.0644893143897205,0.0394813636339923,0.0356492521558332
0.0473520349281848,0.0644893143897205,0.0394813636339923,0.0356492521558332
0.0473520349281848,0.0644893143897205,0.0394813636339923,0.0356492521558332
0.0473520349281848,0.0518618504129137,0.0394813636339923,0.0356492521558332
0.0473520349281848,0.0637638937317891,0.0394813636339923,0.0356492521558332
0.0473520349281848,0.0547934667509292,0.0394813636339923,0.0356492521558332
0.0473520349281848,0.0547934667509292,0.0394813636339923,0.0356492521558332
0.0473520349281848,0.0547934667509292,0.0394813636339923,0.0356492521558332
0.0473520349281848,0.0547934667509292,0.0394813636339923,0.0356492521558332
0.0473520349281848,0.0547934667509292,0.0394813636339923,0.0356492521558332
0.0473520349281848,0.0547934667509292,0.0433894708754983,0.0356492521558332
0.0473520349281848,0.0547934667509292,0.0433894708754983,0.0356492521558332
0.0473520349281848,0.0547934667509292,0.0433894708754983,0.0356492521558332
0.0473520349281848,0.0547934667509292,0.0433894708754983,0.0356492521558332
0.0473520349281848,0.0547934667509292,0.0433894708754983,0.0356492521558332
0.0473520349281848,0.0598711995229057,0.0433894708754983,0.0356492521558332
0.0473520349281848,0.0598711995229057,0.0433894708754983,0.0356492521558332
0.0473520349281848,0.0598711995229057,0.0433894708754983,0.0356492521558332
0.0473520349281848,0.0598711995229057,0.0433894708754983,0.0356492521558332
0.0473520349281848,0.0598711995229057,0.0433894708754983,0.0356492521558332
0.0473520349281848,0.0598711995229057,0.0433894708754983,0.0356492521558332
0.0473520349281848,0.0598711995229057,0.0433894708754983,0.0356492521558332
0.0523819847479408,0.0598711995229057,0.0433894708754983,0.0356492521558332
0.0523819847479408,0.0598711995229057,0.0433894708754983,0.0356492521558332
0.0523819847479408,0.0598711995229057,0.0433894708754983,0.0356492521558332
0.0523819847479408,0.0598711995229057,0.0433894708754983,0.0356492521558332
0.0523819847479408,0.0598711995229057,0.0433894708754983,0.0356492521558332
0.0523819847479408,0.0598711995229057,0.0433894708754983,0.0356492521558332
0.0523819847479408,0.0598711995229057,0.0433894708754983,0.0356492521558332
0.0523819847479408,0.0598711995229057,0.0433894708754983,0.0356492521558332
0.0523819847479408,0.0598711995229057,0.0433894708754983,0.0356492521558332
0.0523819847479408,0.0598711995229057,0.0433894708754983,0.0356492521558332
0.0523819847479408,0.0598711995229057,0.0433894708754983,0.0356492521558332
0.0523819847479408,0.0598711995229057,0.0433894708754983,0.0356492521558332
0.0523819847479408,0.0598711995229057,0.0433894708754983,0.0356492521558332
0.0523819847479408,0.0598711995229057,0.0433894708754983,0.0356492521558332
0.0523819847479408,0.0598711995229057,0.0433894708754983,0.0356492521558332
0.0523819847479408,0.0598711995229057,0.0433894708754983,0.0356492521558332
0.0523819847479408,0.0598711995229057,0.0433894708754983,0.0356492521558332
0.0523819847479408,0.0598711995229057,0.0433894708754983,0.0356492521558332
0.0523819847479408,0.0598711995229057,0.0433894708754983,0.033974403264621
0.0523819847479408,0.0598711995229057,0.0433894708754983,0.033974403264621
0.0523819847479408,0.0598711995229057,0.0433894708754983,0.033974403264621
0.0523819847479408,0.0598711995229057,0.0433894708754983,0.033974403264621
0.0523819847479408,0.0598711995229057,0.0433894708754983,0.033974403264621
0.0523819847479408,0.0598711995229057,0.0433894708754983,0.033974403264621
0.0523819847479408,0.0598711995229057,0.0433894708754983,0.033974403264621
0.0523819847479408,0.0598711995229057,0.0433894708754983,0.033974403264621
0.0523819847479408,0.0598711995229057,0.0433894708754983,0.033974403264621
0.0523819847479408,0.0598711995229057,0.0433894708754983,0.033974403264621
0.0523819847479408,0.0598711995229057,0.0433894708754983,0.0419122973916361
0.0523819847479408,0.0598711995229057,0.0433894708754983,0.0419122973916361
0.0523819847479408,0.0598711995229057,0.0433894708754983,0.0419122973916361
0.0523819847479408,0.0598711995229057,0.0433894708754983,0.0419122973916361
0.0523819847479408,0.0598711995229057,0.0433894708754983,0.0419122973916361
0.0523819847479408,0.0598711995229057,0.0433894708754983,0.0419122973916361
0.0523819847479408,0.0598711995229057,0.0433894708754983,0.0419122973916361
0.0523819847479408,0.0598711995229057,0.0433894708754983,0.0419122973916361
0.0523819847479408,0.0598711995229057,0.0433894708754983,0.0419122973916361
0.0523819847479408,0.0598711995229057,0.0433894708754983,0.0419122973916361
0.0523819847479408,0.0598711995229057,0.0433894708754983,0.0419122973916361
0.0523819847479408,0.0598711995229057,0.0433894708754983,0.0419122973916361
0.0523819847479408,0.0598711995229057,0.0433894708754983,0.0419122973916361
0.0523819847479408,0.0598711995229057,0.0433894708754983,0.0419122973916361
0.0523819847479408,0.0598711995229057,0.0433894708754983,0.0419122973916361
0.0523819847479408,0.0598711995229057,0.0433894708754983,0.0419122973916361
0.0523819847479408,0.0598711995229057,0.0433894708754983,0.0419122973916361
0.0523819847479408,0.0598711995229057,0.0433894708754983,0.0419122973916361
0.0523819847479408,0.0598711995229057,0.0433894708754983,0.0419122973916361
0.0523819847479408,0.0598711995229057,0.0433894708754983,0.0419122973916361
0.0523819847479408,0.0598711995229057,0.0433894708754983,0.0419122973916361
0.0523819847479408,0.0598711995229057,0.0433894708754983,0.0419122973916361
0.0523819847479408,0.0598711995229057,0.0433894708754983,0.0419122973916361
0.0523819847479408,0.0598711995229057,0.0433894708754983,0.0419122973916361
0.0523819847479408,0.0598711995229057,0.0433894708754983,0.0419122973916361
0.0523819847479408,0.0598711995229057,0.0433894708754983,0.0419122973916361
0.0523819847479408,0.0598711995229057,0.0433894708754983,0.0419122973916361
0.0523819847479408,0.0598711995229057,0.0433894708754983,0.0419122973916361
0.0523819847479408,0.0598711995229057,0.0433894708754983,0.0419122973916361
0.0523819847479408,0.0598711995229057,0.0433894708754983,0.0438324635127663
0.0523819847479408,0.0598711995229057,0.0433894708754983,0.0438324635127663
0.0523819847479408,0.0598711995229057,0.0433894708754983,0.0438324635127663
0.0523819847479408,0.0598711995229057,0.0433894708754983,0.0438324635127663
0.0523819847479408,0.0598711995229057,0.0433894708754983,0.0438324635127663
0.0523819847479408,0.0598711995229057,0.0433894708754983,0.0438324635127663
0.0523819847479408,0.0598711995229057,0.0433894708754983,0.0438324635127663
0.0523819847479408,0.0598711995229057,0.0433894708754983,0.0438324635127663
0.0523819847479408,0.0598711995229057,0.0433894708754983,0.0438324635127663
0.0523819847479408,0.0598711995229057,0.0433894708754983,0.0438324635127663
0.0523819847479408,0.0598711995229057,0.0433894708754983,0.0438324635127663
0.0523819847479408,0.0598711995229057,0.0433894708754983,0.0438324635127663
0.0523819847479408,0.0598711995229057,0.0433894708754983,0.0438324635127663
0.0523819847479408,0.0598711995229057,0.0433894708754983,0.0438324635127663
0.0523819847479408,0.0598711995229057,0.0433894708754983,0.0438324635127663
0.0523819847479408,0.0598711995229057,0.0433894708754983,0.0438324635127663
0.0523819847479408,0.0598711995229057,0.0433894708754983,0.0438324635127663
0.0523819847479408,0.0598711995229057,0.0433894708754983,0.0438324635127663
0.0523819847479408,0.0598711995229057,0.0433894708754983,0.0438324635127663
0.0523819847479408,0.0598711995229057,0.0433894708754983,0.0438324635127663
0.0523819847479408,0.0598711995229057,0.0433894708754983,0.0438324635127663
0.0523819847479408,0.0598711995229057,0.0433894708754983,0.0424981925104555
0.0523819847479408,0.0598711995229057,0.0433894708754983,0.0424981925104555
0.0523819847479408,0.0598711995229057,0.0433894708754983,0.0424981925104555
0.0523819847479408,0.0598711995229057,0.0433894708754983,0.0424981925104555
0.0523819847479408,0.0598711995229057,0.0433894708754983,0.0424981925104555
0.0523819847479408,0.0598711995229057,0.0433894708754983,0.0424981925104555
0.0523819847479408,0.0598711995229057,0.0433894708754983,0.0424981925104555
0.0523819847479408,0.0598711995229057,0.0433894708754983,0.0424981925104555
0.0523819847479408,0.0598711995229057,0.0390603674301081,0.0444768419658563
0.0523819847479408,0.0598711995229057,0.0390603674301081,0.0444768419658563
0.0523819847479408,0.0598711995229057,0.0390603674301081,0.0444768419658563
0.0523819847479408,0.0598711995229057,0.0390603674301081,0.0406903287275118
0.0523819847479408,0.0601302965797095,0.0390603674301081,0.0406903287275118
0.0523819847479408,0.0601302965797095,0.0390603674301081,0.0406903287275118
0.0523819847479408,0.0601302965797095,0.0390603674301081,0.0406903287275118
0.0523819847479408,0.0601302965797095,0.0390603674301081,0.0406903287275118
0.0523819847479408,0.0601302965797095,0.0390603674301081,0.0385606200904298
0.0523819847479408,0.0601302965797095,0.0390603674301081,0.0385606200904298
0.0523819847479408,0.0601302965797095,0.0390603674301081,0.0385606200904298
0.0515238696225858,0.0601302965797095,0.0390603674301081,0.0385606200904298
0.0515238696225858,0.0601302965797095,0.0390603674301081,0.0385606200904298
0.0515238696225858,0.0601302965797095,0.0390603674301081,0.0385606200904298
0.0515238696225858,0.0601302965797095,0.0390603674301081,0.0385606200904298
0.0515238696225858,0.0601302965797095,0.0390603674301081,0.0385606200904298
0.0515238696225858,0.0601302965797095,0.0390603674301081,0.0385606200904298
0.0515238696225858,0.0601302965797095,0.0390603674301081,0.0385606200904298
0.0515238696225858,0.0601302965797095,0.0390603674301081,0.0385606200904298
0.0515238696225858,0.0601302965797095,0.0390603674301081,0.0385606200904298
0.0515238696225858,0.0601302965797095,0.0390603674301081,0.0385606200904298
0.0515238696225858,0.0601302965797095,0.0390603674301081,0.0385606200904298
0.0515238696225858,0.054776906810282,0.0390603674301081,0.0403142271306756
0.0515238696225858,0.054776906810282,0.0390603674301081,0.0403142271306756
0.0515238696225858,0.054776906810282,0.0390603674301081,0.0403142271306756
0.0515238696225858,0.054776906810282,0.0390603674301081,0.0403142271306756
0.0515238696225858,0.054776906810282,0.0390603674301081,0.0403142271306756
0.0515238696225858,0.054776906810282,0.0390603674301081,0.0403142271306756
0.0515238696225858,0.054776906810282,0.0390603674301081,0.0403142271306756
0.0515238696225858,0.054776906810282,0.0390603674301081,0.0403142271306756
0.0552964900645576,0.054776906810282,0.0390603674301081,0.0403142271306756
0.0552964900645576,0.054776906810282,0.0390603674301081,0.0403142271306756
0.0552964900645576,0.054776906810282,0.0390603674301081,0.0383384287937157
0.0552964900645576,0.054776906810282,0.0390800915866158,0.0383384287937157
0.0552964900645576,0.054776906810282,0.0390800915866158,0.0383384287937157
0.0552964900645576,0.054776906810282,0.0390800915866158,0.0383384287937157
0.0552964900645576,0.054776906810282,0.0390800915866158,0.0383384287937157
0.0552964900645576,0.054776906810282,0.0390800915866158,0.0383384287937157
0.0552964900645576,0.054776906810282,0.0390800915866158,0.0383384287937157
0.0552964900645576,0.054776906810282,0.0390800915866158,0.0383384287937157
0.0552964900645576,0.054776906810282,0.0390800915866158,0.0383384287937157
0.0552964900645576,0.054776906810282,0.0390800915866158,0.0383384287937157
0.0552964900645576,0.054776906810282,0.0390800915866158,0.0445811999829511
0.0552964900645576,0.054776906810282,0.0390800915866158,0.0445811999829511
0.0552964900645576,0.054776906810282,0.0390800915866158,0.0445811999829511
0.0552964900645576,0.054776906810282,0.0390800915866158,0.0408844022015001
0.0552964900645576,0.054776906810282,0.0390800915866158,0.0408844022015001
0.0552964900645576,0.054776906810282,0.0390800915866158,0.0408844022015001
0.0552964900645576,0.054776906810282,0.0390800915866158,0.0408844022015001
0.0552964900645576,0.054776906810282,0.0390800915866158,0.0408844022015001
0.0552964900645576,0.054776906810282,0.0390800915866158,0.0408844022015001
0.0552964900645576,0.054776906810282,0.0390800915866158,0.0408844022015001
0.0552964900645576,0.0527488505740638,0.0390800915866158,0.0408844022015001
0.0552964900645576,0.0527488505740638,0.0390800915866158,0.0408844022015001
0.0552964900645576,0.0527488505740638,0.0390800915866158,0.0408844022015001
0.0552964900645576,0.0527488505740638,0.0390800915866158,0.0408844022015001
0.0552964900645576,0.0527488505740638,0.0390800915866158,0.0408844022015001
0.0552964900645576,0.0527488505740638,0.0390800915866158,0.0408844022015001
0.0552964900645576,0.0527488505740638,0.0390800915866158,0.0408844022015001
0.0552964900645576,0.0527488505740638,0.0390800915866158,0.0408844022015001
0.0552964900645576,0.0527488505740638,0.0390800915866158,0.0408844022015001
0.0552964900645576,0.0527488505740638,0.0390800915866158,0.0408844022015001
0.0552964900645576,0.0527488505740638,0.0390800915866158,0.0408844022015001
0.0552964900645576,0.0527488505740638,0.0390800915866158,0.0408844022015001
0.0552964900645576,0.0527488505740638,0.0390800915866158,0.0408844022015001
0.0552964900645576,0.0527488505740638,0.0390800915866158,0.0457682275317868
0.0552964900645576,0.0509891209396225,0.0390800915866158,0.0457682275317868
0.0552964900645576,0.0509891209396225,0.0390800915866158,0.0457682275317868
0.0552964900645576,0.0509891209396225,0.0390800915866158,0.0462385397870117
0.0552964900645576,0.0509891209396225,0.0390800915866158,0.0462385397870117
0.0552964900645576,0.0509891209396225,0.0390800915866158,0.0462385397870117
0.0552964900645576,0.0509891209396225,0.0390800915866158,0.0462385397870117
0.0552964900645576,0.0509891209396225,0.0390800915866158,0.0462385397870117
0.0552964900645576,0.0509891209396225,0.0390800915866158,0.0462385397870117
0.0552964900645576,0.0509891209396225,0.0390800915866158,0.0462385397870117
0.0552964900645576,0.0509891209396225,0.0390800915866158,0.0462385397870117
0.0552964900645576,0.0509891209396225,0.0390800915866158,0.0462385397870117
0.0552964900645576,0.0509891209396225,0.0390800915866158,0.0462385397870117
0.0552964900645576,0.0509891209396225,0.0390800915866158,0.0544198145855615
0.0552964900645576,0.0509891209396225,0.0390800915866158,0.0544198145855615
0.0552964900645576,0.0509891209396225,0.0390800915866158,0.0544198145855615
0.0552964900645576,0.0509891209396225,0.0390800915866158,0.0544198145855615
0.0552964900645576,0.0509891209396225,0.0390800915866158,0.0544198145855615
0.0552964900645576,0.0509891209396225,0.0390800915866158,0.0544198145855615
0.0552964900645576,0.0509891209396225,0.0390800915866158,0.0544198145855615
0.0552964900645576,0.0509891209396225,0.0390800915866158,0.0544198145855615
0.0552964900645576,0.0509891209396225,0.0390800915866158,0.0544198145855615
0.0552964900645576,0.0509891209396225,0.0390800915866158,0.055748679525484
0.0552964900645576,0.0509891209396225,0.0390800915866158,0.055748679525484
0.0552964900645576,0.0540848317825206,0.0390800915866158,0.055748679525484
0.0552964900645576,0.0540848317825206,0.0390800915866158,0.055748679525484
0.0552964900645576,0.0540848317825206,0.0390800915866158,0.055748679525484
0.0552964900645576,0.0540848317825206,0.0390800915866158,0.055748679525484
0.0552964900645576,0.0441042846951225,0.0390800915866158,0.055748679525484
0.0552964900645576,0.0441042846951225,0.0390800915866158,0.055748679525484
0.0552964900645576,0.0441042846951225,0.0390800915866158,0.055748679525484
0.0552964900645576,0.0486422639621311,0.0390800915866158,0.055748679525484
0.0552964900645576,0.0486422639621311,0.0390800915866158,0.055748679525484
0.0552964900645576,0.0486422639621311,0.0390800915866158,0.055748679525484
0.0552964900645576,0.0486422639621311,0.0390800915866158,0.055748679525484
0.0552964900645576,0.0486422639621311,0.0390800915866158,0.055748679525484
0.0552964900645576,0.0486422639621311,0.0390800915866158,0.055748679525484
0.0552964900645576,0.0486422639621311,0.0390800915866158,0.055748679525484
0.0552964900645576,0.0486422639621311,0.0390800915866158,0.0502530911603989
0.0552964900645576,0.0486422639621311,0.0390800915866158,0.0502530911603989
0.0552964900645576,0.0486422639621311,0.0390800915866158,0.0502530911603989
0.0552964900645576,0.0486422639621311,0.0390800915866158,0.0502530911603989
0.0552964900645576,0.0486422639621311,0.0390800915866158,0.0502530911603989
0.0552964900645576,0.0486422639621311,0.0390800915866158,0.0502530911603989
0.0552964900645576,0.0486422639621311,0.0390800915866158,0.0502530911603989
0.0552964900645576,0.0486422639621311,0.0390800915866158,0.0502530911603989
0.0552964900645576,0.0486422639621311,0.0390800915866158,0.0502530911603989
0.0552964900645576,0.0486422639621311,0.0390800915866158,0.0502530911603989
0.0552964900645576,0.0486422639621311,0.0393167463614707,0.0502530911603989
0.0552964900645576,0.0486422639621311,0.0393167463614707,0.0475784394750735
0.0552964900645576,0.0486422639621311,0.0393167463614707,0.0475784394750735
0.0552964900645576,0.0486422639621311,0.0393167463614707,0.0475784394750735
0.0552964900645576,0.0507753316443975,0.0393167463614707,0.0475784394750735
0.0552964900645576,0.0507753316443975,0.0393167463614707,0.0475784394750735
0.0552964900645576,0.0507753316443975,0.0393167463614707,0.048136809727333
0.0552964900645576,0.0507753316443975,0.0393167463614707,0.048136809727333
0.0552964900645576,0.0507753316443975,0.0393167463614707,0.048136809727333
0.0552964900645576,0.0507753316443975,0.0393167463614707,0.048136809727333
0.0552964900645576,0.0507753316443975,0.0393167463614707,0.048136809727333
0.0552964900645576,0.0507753316443975,0.0393167463614707,0.048136809727333
0.0552964900645576,0.0507753316443975,0.0393167463614707,0.048136809727333
0.0552964900645576,0.0507753316443975,0.0393167463614707,0.048136809727333
0.0552964900645576,0.0507753316443975,0.0393167463614707,0.048136809727333
0.0552964900645576,0.0507753316443975,0.0393167463614707,0.048136809727333
0.0552964900645576,0.0507753316443975,0.0393167463614707,0.048136809727333
0.0552964900645576,0.0507753316443975,0.0393167463614707,0.048136809727333
0.0552964900645576,0.0507753316443975,0.0430366209419906,0.048136809727333
0.0552964900645576,0.0507753316443975,0.0430366209419906,0.048136809727333
0.0565603891313376,0.0507753316443975,0.0430366209419906,0.048136809727333
0.0565603891313376,0.0507753316443975,0.0430366209419906,0.048136809727333
0.0565603891313376,0.0507753316443975,0.0430366209419906,0.048136809727333
0.0565603891313376,0.0507753316443975,0.0430366209419906,0.048136809727333
0.0569757090903074,0.0507753316443975,0.0430366209419906,0.048136809727333
0.0569757090903074,0.0507753316443975,0.0430366209419906,0.048136809727333
0.0569757090903074,0.0507753316443975,0.0430366209419906,0.048136809727333
0.0569757090903074,0.0529181610568243,0.0430366209419906,0.048136809727333
0.0569757090903074,0.0529181610568243,0.0428569079510412,0.048136809727333
0.0569757090903074,0.0529181610568243,0.0428569079510412,0.048136809727333
0.0569757090903074,0.0529181610568243,0.0428569079510412,0.048136809727333
0.0569757090903074,0.0529181610568243,0.0428569079510412,0.048136809727333
0.0569757090903074,0.0529181610568243,0.0428569079510412,0.048136809727333
0.0569757090903074,0.0529181610568243,0.0428569079510412,0.048136809727333
0.0569757090903074,0.0529181610568243,0.0428569079510412,0.048136809727333
0.0569757090903074,0.0529181610568243,0.0428569079510412,0.048136809727333
0.0569757090903074,0.0529181610568243,0.0428569079510412,0.048136809727333
0.0569757090903074,0.0529181610568243,0.0428569079510412,0.048136809727333
0.0569757090903074,0.0529181610568243,0.0428569079510412,0.048136809727333
0.0569757090903074,0.0529181610568243,0.0428569079510412,0.048136809727333
0.0569757090903074,0.0529181610568243,0.0428569079510412,0.0493472463242575
0.0569757090903074,0.0529181610568243,0.0428569079510412,0.0493472463242575
0.0569757090903074,0.0529181610568243,0.0428569079510412,0.0480196021199634
0.0569757090903074,0.0529181610568243,0.0428569079510412,0.0480196021199634
0.0569757090903074,0.0529181610568243,0.0428569079510412,0.0480196021199634
0.0569757090903074,0.0529181610568243,0.0428569079510412,0.0480196021199634
0.0569757090903074,0.0529181610568243,0.0428569079510412,0.0480196021199634
0.0569757090903074,0.0529181610568243,0.0428569079510412,0.0480196021199634
0.0569757090903074,0.0529181610568243,0.0428569079510412,0.0480196021199634
0.0569757090903074,0.0529181610568243,0.0428569079510412,0.0480196021199634
0.0569757090903074,0.0529181610568243,0.0428569079510412,0.0480196021199634
0.0569757090903074,0.0529181610568243,0.0428569079510412,0.0480196021199634
0.0569757090903074,0.0529181610568243,0.0428569079510412,0.0480196021199634
0.0569757090903074,0.0529181610568243,0.0428569079510412,0.0480196021199634
0.0569757090903074,0.0529181610568243,0.0428569079510412,0.0512885227686005
0.0569757090903074,0.0529181610568243,0.0428569079510412,0.0512885227686005
0.0569757090903074,0.0529181610568243,0.0428569079510412,0.0512885227686005
0.0569757090903074,0.0529181610568243,0.0428569079510412,0.0512885227686005
0.0569757090903074,0.0529181610568243,0.0428569079510412,0.0512885227686005
0.0569757090903074,0.0529181610568243,0.0428569079510412,0.0512885227686005
0.0569757090903074,0.0529181610568243,0.0428569079510412,0.0512885227686005
0.0569757090903074,0.0529181610568243,0.0468527364351857,0.0512885227686005
0.0569757090903074,0.0529181610568243,0.0468527364351857,0.0452347141541494
0.0569757090903074,0.0529181610568243,0.0468527364351857,0.0452347141541494
0.0569757090903074,0.0529181610568243,0.0468527364351857,0.0452347141541494
0.0569757090903074,0.0529181610568243,0.0468527364351857,0.0452347141541494
0.0569757090903074,0.0529181610568243,0.0468527364351857,0.0452347141541494
0.0569757090903074,0.0529181610568243,0.0468527364351857,0.0452347141541494
0.0569757090903074,0.0529181610568243,0.0468527364351857,0.0452347141541494
0.0569757090903074,0.0529181610568243,0.0468527364351857,0.0452347141541494
0.0569757090903074,0.0529181610568243,0.0468527364351857,0.0452347141541494
0.0569757090903074,0.0529181610568243,0.0468527364351857,0.0455094493276645
0.0569757090903074,0.0530946904185346,0.0468527364351857,0.0455094493276645
0.0569757090903074,0.0530946904185346,0.0468527364351857,0.0455094493276645
0.0569757090903074,0.0530946904185346,0.0468527364351857,0.0455094493276645
0.0569757090903074,0.0530946904185346,0.0468527364351857,0.0455094493276645
0.0569757090903074,0.0530946904185346,0.0468527364351857,0.0455094493276645
0.0569757090903074,0.0530946904185346,0.0468527364351857,0.0455094493276645
0.0569757090903074,0.0530946904185346,0.0468527364351857,0.0455094493276645
0.0569757090903074,0.0530946904185346,0.0468527364351857,0.0455094493276645
0.0569757090903074,0.0530946904185346,0.0468527364351857,0.0455094493276645
0.0569757090903074,0.0530946904185346,0.0468527364351857,0.0455094493276645
0.0569757090903074,0.0530946904185346,0.0468527364351857,0.0455094493276645
0.0569757090903074,0.0530946904185346,0.0468527364351857,0.0455094493276645
0.0569757090903074,0.0530946904185346,0.0468527364351857,0.0455094493276645
0.0569757090903074,0.0530946904185346,0.0468527364351857,0.0455094493276645
0.0569757090903074,0.0530946904185346,0.0468527364351857,0.0455094493276645
0.0569757090903074,0.0530946904185346,0.0468527364351857,0.0455094493276645
0.0569757090903074,0.0530946904185346,0.0468527364351857,0.0455094493276645
0.0569757090903074,0.0530946904185346,0.0468527364351857,0.0455094493276645
0.0569757090903074,0.0530946904185346,0.0468527364351857,0.0455094493276645
0.0569757090903074,0.0530946904185346,0.0468527364351857,0.0455094493276645
0.0569757090903074,0.0530946904185346,0.0468527364351857,0.0455094493276645
0.0569757090903074,0.0530946904185346,0.0468527364351857,0.0455094493276645
0.0569757090903074,0.0530946904185346,0.0468527364351857,0.0494737227850472
0.0569757090903074,0.0530946904185346,0.0468527364351857,0.0494737227850472
0.0569757090903074,0.0523885490995424,0.0468527364351857,0.0422682691105522
0.0569757090903074,0.0523885490995424,0.0468527364351857,0.0422682691105522
0.0569757090903074,0.0523885490995424,0.0468527364351857,0.0422682691105522
0.0569757090903074,0.0523885490995424,0.0468527364351857,0.0422682691105522
0.0569757090903074,0.0523885490995424,0.0468527364351857,0.0422682691105522
0.0569757090903074,0.0523885490995424,0.0468527364351857,0.0422682691105522
0.0569757090903074,0.0523885490995424,0.0468527364351857,0.0422682691105522
0.0569757090903074,0.0523885490995424,0.0468527364351857,0.0422682691105522
0.0569757090903074,0.0523885490995424,0.0468527364351857,0.0422682691105522
0.0569757090903074,0.0523885490995424,0.0468527364351857,0.0422682691105522
0.0569757090903074,0.0523885490995424,0.0468527364351857,0.0422682691105522
0.0569757090903074,0.0523885490995424,0.0468527364351857,0.0422682691105522
0.0569757090903074,0.0523885490995424,0.0468527364351857,0.0422682691105522
0.0569757090903074,0.0523885490995424,0.0468527364351857,0.0422682691105522
0.0569757090903074,0.0523885490995424,0.0468527364351857,0.0422682691105522
0.0569757090903074,0.0523885490995424,0.0468527364351857,0.0422682691105522
0.0569757090903074,0.0523885490995424,0.0468527364351857,0.0422682691105522
0.0569757090903074,0.0523885490995424,0.0468527364351857,0.0382313003441368
0.0569757090903074,0.0523885490995424,0.0468527364351857,0.0382313003441368
0.0569757090903074,0.0523885490995424,0.0468527364351857,0.0382313003441368
0.0569757090903074,0.0523885490995424,0.0468527364351857,0.0382313003441368
0.0569757090903074,0.0523885490995424,0.0468527364351857,0.0382313003441368
0.0569757090903074,0.0523885490995424,0.0468527364351857,0.0382313003441368
0.0569757090903074,0.0523885490995424,0.0429034271727244,0.0382313003441368
0.0569757090903074,0.0523885490995424,0.0429034271727244,0.0382313003441368
0.0569757090903074,0.0523885490995424,0.0429034271727244,0.0382313003441368
0.0569757090903074,0.0523885490995424,0.0429034271727244,0.0382313003441368
0.0569757090903074,0.0523885490995424,0.0429034271727244,0.0382313003441368
0.0569757090903074,0.0523885490995424,0.0429034271727244,0.0382313003441368
0.0569757090903074,0.0523885490995424,0.0429034271727244,0.0467187160696487
0.0569757090903074,0.0523885490995424,0.0429034271727244,0.0467187160696487
0.0569757090903074,0.0523885490995424,0.0429034271727244,0.0467187160696487
0.0569757090903074,0.0523885490995424,0.0429034271727244,0.0467187160696487
0.0569757090903074,0.0523885490995424,0.0429034271727244,0.0467187160696487
0.0569757090903074,0.0523885490995424,0.0429034271727244,0.0467187160696487
0.0569757090903074,0.0495703642585199,0.0429034271727244,0.0467187160696487
0.0569757090903074,0.0494039258206099,0.0429034271727244,0.0467187160696487
0.0569757090903074,0.0494039258206099,0.0429034271727244,0.0467187160696487
0.0569757090903074,0.0494039258206099,0.0429034271727244,0.0467187160696487
0.0569757090903074,0.0494039258206099,0.0429034271727244,0.0467187160696487
0.0569757090903074,0.0494039258206099,0.0429034271727244,0.0467187160696487
0.0569757090903074,0.0494039258206099,0.0429034271727244,0.0467187160696487
0.0569757090903074,0.0494039258206099,0.0429034271727244,0.0467187160696487
0.0569757090903074,0.0494039258206099,0.0454957483886686,0.0467187160696487
0.0569757090903074,0.0494039258206099,0.0454957483886686,0.0467187160696487
0.0569757090903074,0.0494039258206099,0.0454957483886686,0.0467187160696487
0.0569757090903074,0.0494039258206099,0.0454957483886686,0.0467187160696487
0.0569757090903074,0.0494039258206099,0.0454957483886686,0.0467187160696487
0.0569757090903074,0.0494039258206099,0.0454957483886686,0.0467187160696487
0.0569757090903074,0.0494039258206099,0.0454957483886686,0.0467187160696487
0.0569757090903074,0.0494039258206099,0.0454957483886686,0.0467187160696487
0.0569757090903074,0.0494039258206099,0.0454957483886686,0.0467187160696487
0.0569757090903074,0.0494039258206099,0.0454957483886686,0.0467187160696487
0.0569757090903074,0.0494039258206099,0.0454957483886686,0.0467187160696487
0.0569757090903074,0.0494039258206099,0.0454957483886686,0.0467187160696487
0.0573392512124912,0.0494039258206099,0.0454957483886686,0.0467187160696487
0.0573392512124912,0.0494039258206099,0.0454957483886686,0.0476884112516194
0.0573392512124912,0.0494039258206099,0.0454957483886686,0.0476884112516194
0.0573392512124912,0.0494039258206099,0.0454957483886686,0.0476884112516194
0.0573392512124912,0.0494039258206099,0.0454957483886686,0.0476884112516194
0.0573392512124912,0.0494039258206099,0.0454957483886686,0.0476884112516194
0.0573392512124912,0.0494039258206099,0.0454957483886686,0.0476884112516194
0.0573392512124912,0.0494039258206099,0.0454957483886686,0.0476884112516194
0.0573392512124912,0.0494039258206099,0.0454957483886686,0.0476884112516194
0.0573392512124912,0.0494039258206099,0.0454957483886686,0.0476884112516194
0.0573392512124912,0.0494039258206099,0.0454957483886686,0.0505896062574849
0.0573392512124912,0.0494039258206099,0.0454957483886686,0.0505896062574849
0.0573392512124912,0.0494039258206099,0.0454957483886686,0.0423893205529087
0.0573392512124912,0.0494039258206099,0.0454957483886686,0.0423893205529087
0.0573392512124912,0.0494039258206099,0.0454957483886686,0.0423893205529087
0.0573392512124912,0.0551418858340523,0.0454957483886686,0.0423893205529087
0.0573392512124912,0.0551418858340523,0.0454957483886686,0.0423893205529087
0.0573392512124912,0.0551418858340523,0.0434085764803825,0.0423893205529087
0.0573392512124912,0.0551418858340523,0.0434085764803825,0.0423893205529087
0.0573392512124912,0.0551418858340523,0.0434085764803825,0.0423893205529087
0.0573392512124912,0.0551418858340523,0.0434085764803825,0.0423893205529087
0.0573392512124912,0.0551418858340523,0.0434085764803825,0.0423893205529087
0.0573392512124912,0.0551418858340523,0.0434085764803825,0.0423893205529087
0.0573392512124912,0.0551418858340523,0.0434085764803825,0.0423893205529087
0.0573392512124912,0.0551418858340523,0.0434085764803825,0.0423893205529087
0.0573392512124912,0.0551418858340523,0.0434085764803825,0.0423893205529087
0.0543676639519553,0.0551418858340523,0.0434085764803825,0.0423893205529087
0.0543676639519553,0.0551418858340523,0.0434085764803825,0.0423893205529087
0.0543676639519553,0.0551418858340523,0.0434085764803825,0.0423893205529087
0.0543676639519553,0.0551418858340523,0.0434085764803825,0.0423893205529087
0.0543676639519553,0.0551418858340523,0.0434085764803825,0.0448391460353107
0.0543676639519553,0.0551418858340523,0.0434085764803825,0.0448391460353107
0.0543676639519553,0.0551418858340523,0.0434085764803825,0.0448391460353107
0.0543676639519553,0.0551418858340523,0.0434085764803825,0.0448391460353107
0.0543676639519553,0.0551418858340523,0.0434085764803825,0.0448391460353107
0.0543676639519553,0.0551418858340523,0.0434085764803825,0.0448391460353107
0.0543676639519553,0.0551418858340523,0.0434085764803825,0.0448391460353107
0.0518102059771153,0.0551418858340523,0.0434085764803825,0.0448391460353107
0.0518102059771153,0.0551418858340523,0.0429391427662749,0.0448391460353107
0.0518102059771153,0.0551418858340523,0.0429391427662749,0.0448391460353107
0.0518102059771153,0.0551418858340523,0.0429391427662749,0.0448391460353107
0.0499307548230507,0.0551418858340523,0.0429391427662749,0.0448391460353107
0.0499307548230507,0.0495621226349608,0.0429391427662749,0.0448391460353107
0.0499307548230507,0.0495621226349608,0.0429391427662749,0.0448391460353107
0.0499307548230507,0.0495621226349608,0.0429391427662749,0.0448391460353107
0.0499307548230507,0.0495621226349608,0.0429391427662749,0.0448391460353107
0.0499307548230507,0.0495621226349608,0.0429391427662749,0.0448391460353107
0.0499307548230507,0.0495621226349608,0.0429391427662749,0.0448391460353107
0.0499307548230507,0.0495621226349608,0.0429391427662749,0.0448391460353107
0.0499307548230507,0.0495621226349608,0.0429391427662749,0.0448391460353107
0.0499307548230507,0.0495621226349608,0.0429391427662749,0.0448391460353107
0.0499307548230507,0.0495621226349608,0.0429391427662749,0.0448391460353107
0.0499307548230507,0.0495621226349608,0.0429391427662749,0.0448391460353107
0.0499307548230507,0.0495621226349608,0.0429391427662749,0.0448391460353107
0.0499307548230507,0.0495621226349608,0.0429391427662749,0.0448391460353107
0.0499307548230507,0.0495621226349608,0.0429391427662749,0.0448391460353107
0.0499307548230507,0.0495621226349608,0.0429391427662749,0.0489325423560061
0.0499307548230507,0.0495621226349608,0.0429391427662749,0.0489325423560061
0.0499307548230507,0.0495621226349608,0.0429391427662749,0.0489325423560061
0.0499307548230507,0.0495621226349608,0.0429391427662749,0.0489325423560061
0.0499307548230507,0.0495621226349608,0.0429391427662749,0.0489325423560061
0.0499307548230507,0.0495621226349608,0.0429391427662749,0.0489325423560061
0.0499307548230507,0.0495621226349608,0.0429391427662749,0.0489325423560061
0.0499307548230507,0.0495621226349608,0.0429391427662749,0.0489325423560061
0.0499307548230507,0.0495621226349608,0.0429391427662749,0.0489325423560061
0.0499307548230507,0.0495621226349608,0.0429391427662749,0.0423939560945179
0.0499307548230507,0.0495621226349608,0.0429391427662749,0.0423939560945179
0.0499307548230507,0.0495621226349608,0.0429391427662749,0.0423939560945179
0.0499307548230507,0.0495621226349608,0.0429391427662749,0.0423939560945179
0.0499307548230507,0.0495621226349608,0.0429391427662749,0.0423939560945179
0.0499307548230507,0.0495621226349608,0.0429391427662749,0.0423939560945179
0.0499307548230507,0.0495621226349608,0.0429391427662749,0.0423939560945179
0.0499307548230507,0.0495621226349608,0.0429391427662749,0.0423939560945179
0.0499307548230507,0.0495621226349608,0.0429391427662749,0.0423939560945179
0.0499307548230507,0.0495621226349608,0.0429391427662749,0.0423939560945179
0.0499307548230507,0.0495621226349608,0.0429391427662749,0.0423939560945179
0.0499307548230507,0.0495621226349608,0.0429391427662749,0.0423939560945179
0.0499307548230507,0.0495621226349608,0.0429391427662749,0.0423939560945179
0.0496258932974821,0.0495621226349608,0.0429391427662749,0.0423939560945179
0.0496258932974821,0.0495621226349608,0.0429391427662749,0.0488502632234902
0.0496258932974821,0.0495621226349608,0.0429391427662749,0.0488502632234902
0.0496258932974821,0.0495621226349608,0.0429391427662749,0.0488502632234902
0.0496258932974821,0.0495621226349608,0.0429391427662749,0.0488502632234902
0.0496258932974821,0.0495621226349608,0.0429391427662749,0.0488502632234902
0.0496258932974821,0.0495621226349608,0.0434602505497822,0.0488502632234902
0.0496258932974821,0.0495621226349608,0.0434602505497822,0.0488502632234902
0.0496258932974821,0.0495621226349608,0.0434602505497822,0.0488502632234902
0.0496258932974821,0.0495621226349608,0.0434602505497822,0.0488502632234902
0.0496258932974821,0.0495621226349608,0.0434602505497822,0.0488502632234902
0.0496258932974821,0.0495621226349608,0.0434602505497822,0.0488502632234902
0.0496258932974821,0.0495621226349608,0.0434602505497822,0.0488502632234902
0.0496258932974821,0.0495621226349608,0.0434602505497822,0.0488502632234902
0.0496258932974821,0.0495621226349608,0.0437930731109468,0.0488502632234902
0.0496258932974821,0.0495621226349608,0.0437930731109468,0.0488502632234902
0.0496258932974821,0.0495621226349608,0.0437930731109468,0.0488502632234902
0.0496258932974821,0.0495621226349608,0.0437930731109468,0.0488502632234902
0.0496258932974821,0.0495621226349608,0.0437930731109468,0.0488502632234902
0.0496258932974821,0.0495621226349608,0.0437930731109468,0.0488502632234902
0.0496258932974821,0.0495621226349608,0.0437930731109468,0.0488502632234902
0.0496258932974821,0.0495621226349608,0.0437930731109468,0.0488502632234902
0.0496258932974821,0.0495621226349608,0.0437930731109468,0.0488502632234902
0.0496258932974821,0.0576312527418438,0.0420311288295029,0.0488502632234902
0.0496258932974821,0.0483048568497082,0.0420311288295029,0.0488502632234902
0.0496258932974821,0.0483048568497082,0.0420311288295029,0.0488502632234902
0.0496258932974821,0.0483048568497082,0.0420311288295029,0.0488502632234902
0.0496258932974821,0.0483048568497082,0.0420311288295029,0.0488502632234902
0.0496258932974821,0.0483048568497082,0.0420311288295029,0.0488502632234902
0.0496258932974821,0.0483048568497082,0.0420311288295029,0.0548270118504686
0.0496258932974821,0.0483048568497082,0.0420311288295029,0.0548270118504686
0.0496258932974821,0.0483048568497082,0.0420311288295029,0.0548270118504686
0.0496258932974821,0.0483048568497082,0.0420311288295029,0.0548270118504686
0.0496258932974821,0.0483048568497082,0.0420311288295029,0.0548270118504686
0.0496258932974821,0.0483048568497082,0.0420311288295029,0.0540356934462401
0.0496258932974821,0.0483048568497082,0.0420311288295029,0.0540356934462401
0.0496258932974821,0.0454846926303097,0.0420311288295029,0.0540356934462401
0.0496258932974821,0.0454846926303097,0.0420311288295029,0.0540356934462401
0.0496258932974821,0.0454846926303097,0.0420311288295029,0.0540356934462401
0.0496258932974821,0.0454846926303097,0.0420311288295029,0.0540356934462401
0.0496258932974821,0.0454846926303097,0.0420311288295029,0.0540356934462401
0.0496258932974821,0.0454846926303097,0.0420311288295029,0.0540356934462401
0.0496258932974821,0.0454846926303097,0.0420311288295029,0.0540356934462401
0.0496258932974821,0.0454846926303097,0.0420311288295029,0.0540356934462401
0.0496258932974821,0.0454846926303097,0.0420311288295029,0.0540356934462401
0.0496258932974821,0.0454846926303097,0.0420311288295029,0.0540356934462401
0.0496258932974821,0.0454846926303097,0.0420311288295029,0.0540356934462401
0.0496258932974821,0.0454846926303097,0.0420311288295029,0.0540356934462401
0.0496258932974821,0.0454846926303097,0.0420311288295029,0.0540356934462401
0.0496258932974821,0.0463728088605004,0.0420311288295029,0.0540356934462401
0.0496258932974821,0.0463728088605004,0.0420311288295029,0.0540356934462401
0.0496258932974821,0.0463728088605004,0.0420311288295029,0.0540356934462401
0.0496258932974821,0.0463728088605004,0.0420311288295029,0.0540356934462401
0.0496258932974821,0.0463728088605004,0.0425215083806232,0.0540356934462401
0.0489650470356349,0.0463728088605004,0.0425215083806232,0.0555507206135806
0.0489650470356349,0.0463728088605004,0.0425215083806232,0.0555507206135806
0.0489650470356349,0.0463728088605004,0.0425215083806232,0.0555507206135806
0.0489650470356349,0.0463728088605004,0.0425215083806232,0.0555507206135806
0.0489650470356349,0.0463728088605004,0.0425215083806232,0.0555507206135806
0.0489650470356349,0.0463728088605004,0.0425215083806232,0.0555507206135806
0.0489650470356349,0.0463728088605004,0.0425215083806232,0.0555507206135806
0.0489650470356349,0.0463728088605004,0.0425215083806232,0.0555507206135806
0.0489650470356349,0.0463728088605004,0.0425215083806232,0.0555507206135806
0.0489650470356349,0.0463728088605004,0.0425215083806232,0.0555507206135806
0.0489650470356349,0.0463728088605004,0.0425215083806232,0.0555507206135806
0.0489650470356349,0.0463728088605004,0.0425215083806232,0.0555507206135806
0.0489650470356349,0.0463728088605004,0.0425215083806232,0.0555507206135806
0.0489650470356349,0.0463728088605004,0.0425215083806232,0.0555507206135806
0.0489650470356349,0.0463728088605004,0.0425215083806232,0.0555507206135806
0.0489650470356349,0.0463728088605004,0.0425215083806232,0.0555507206135806
0.0489650470356349,0.0463728088605004,0.0425215083806232,0.0555507206135806
0.0489650470356349,0.0463728088605004,0.0425215083806232,0.046991993286658
0.0489650470356349,0.0463728088605004,0.0425215083806232,0.046991993286658
0.0489650470356349,0.0463728088605004,0.0425215083806232,0.046991993286658
0.0489650470356349,0.0463728088605004,0.0425215083806232,0.046991993286658
0.0489650470356349,0.0463728088605004,0.0425215083806232,0.046991993286658
0.0489650470356349,0.0463728088605004,0.0425215083806232,0.046991993286658
0.0489650470356349,0.0463728088605004,0.0425215083806232,0.046991993286658
0.0489650470356349,0.0463728088605004,0.0425215083806232,0.046991993286658
0.0489650470356349,0.0463728088605004,0.0425215083806232,0.046991993286658
0.0489650470356349,0.0463728088605004,0.0425215083806232,0.046991993286658
0.0489650470356349,0.0463728088605004,0.0425215083806232,0.046991993286658
0.0489650470356349,0.0463728088605004,0.0425215083806232,0.046991993286658
0.0489650470356349,0.0463728088605004,0.0425215083806232,0.046991993286658
0.0489650470356349,0.0463728088605004,0.0425215083806232,0.046991993286658
0.0489650470356349,0.0463728088605004,0.0425215083806232,0.046991993286658
0.0489650470356349,0.0463728088605004,0.0425215083806232,0.046991993286658
0.0489650470356349,0.0463728088605004,0.0425215083806232,0.046991993286658
0.0489650470356349,0.0463728088605004,0.0425215083806232,0.046991993286658
0.0489650470356349,0.0463728088605004,0.0425215083806232,0.046991993286658
0.0489650470356349,0.0463728088605004,0.0425215083806232,0.046991993286658
0.0489650470356349,0.0463728088605004,0.0425215083806232,0.046991993286658
0.050904782009822,0.0463728088605004,0.0425215083806232,0.046991993286658
0.050904782009822,0.0463728088605004,0.0425215083806232,0.0516014102900527
0.050904782009822,0.0463728088605004,0.0425215083806232,0.0516014102900527
0.050904782009822,0.0463728088605004,0.0425215083806232,0.0516014102900527
0.050904782009822,0.0463728088605004,0.0425215083806232,0.0516014102900527
0.050904782009822,0.0463728088605004,0.0425215083806232,0.0419651707611067
0.050904782009822,0.0463728088605004,0.0425215083806232,0.0419651707611067
0.050904782009822,0.0463728088605004,0.0425215083806232,0.0419651707611067
0.050904782009822,0.0463728088605004,0.0425215083806232,0.0419651707611067
0.050904782009822,0.0463728088605004,0.0425215083806232,0.0419651707611067
0.050904782009822,0.0463728088605004,0.0425215083806232,0.0419651707611067
0.050904782009822,0.0463728088605004,0.0425215083806232,0.0419651707611067
0.050904782009822,0.0463728088605004,0.0425215083806232,0.0419651707611067
0.050904782009822,0.0463728088605004,0.0425215083806232,0.0419651707611067
0.050904782009822,0.0463728088605004,0.0425215083806232,0.0419651707611067
0.050904782009822,0.0463728088605004,0.0425215083806232,0.0419651707611067
0.050904782009822,0.0463728088605004,0.0425594828048866,0.0419651707611067
0.050904782009822,0.0463728088605004,0.0425594828048866,0.0419651707611067
0.050904782009822,0.0493009518361036,0.0425594828048866,0.0419651707611067
0.050904782009822,0.0493009518361036,0.0425594828048866,0.0419651707611067
0.050904782009822,0.0493009518361036,0.0425594828048866,0.0528296811353805
0.050904782009822,0.0493009518361036,0.0425594828048866,0.0528296811353805
0.050904782009822,0.0493009518361036,0.0425594828048866,0.0528296811353805
0.050904782009822,0.0493009518361036,0.0391974893708127,0.0528296811353805
0.050904782009822,0.0493009518361036,0.0391974893708127,0.0528296811353805
0.050904782009822,0.0493009518361036,0.0391974893708127,0.0528296811353805
0.050904782009822,0.0493009518361036,0.0391974893708127,0.0528296811353805
0.050904782009822,0.0493009518361036,0.0391974893708127,0.0528296811353805
0.050904782009822,0.0493009518361036,0.0391974893708127,0.0528296811353805
0.050904782009822,0.0493009518361036,0.0391974893708127,0.0528296811353805
0.050904782009822,0.0493009518361036,0.0391974893708127,0.0528296811353805
0.050904782009822,0.0493009518361036,0.0391974893708127,0.0528296811353805
0.050904782009822,0.0493009518361036,0.0391974893708127,0.0528296811353805
0.050904782009822,0.0493009518361036,0.0391974893708127,0.0528296811353805
0.050904782009822,0.0493009518361036,0.0391974893708127,0.0528296811353805
0.050904782009822,0.0493009518361036,0.0391974893708127,0.0528296811353805
0.050904782009822,0.0493009518361036,0.0391974893708127,0.0528296811353805
0.050904782009822,0.0493009518361036,0.0391974893708127,0.0528296811353805
0.050904782009822,0.0493009518361036,0.0391974893708127,0.0528296811353805
0.050904782009822,0.0486171215541149,0.0391974893708127,0.0528296811353805
0.050904782009822,0.0486171215541149,0.0391974893708127,0.0446132349324398
0.050904782009822,0.0486171215541149,0.0391974893708127,0.0446132349324398
0.050904782009822,0.0486171215541149,0.0434640878785551,0.0446132349324398
0.050904782009822,0.0486171215541149,0.0434640878785551,0.0446132349324398
0.050904782009822,0.0486171215541149,0.0434640878785551,0.0446132349324398
0.050904782009822,0.0486171215541149,0.0405479122429033,0.0446132349324398
0.050904782009822,0.0486171215541149,0.0405479122429033,0.0446132349324398
0.050904782009822,0.0486171215541149,0.0405479122429033,0.0446132349324398
0.050904782009822,0.0486171215541149,0.0405479122429033,0.0446132349324398
0.050904782009822,0.0486171215541149,0.0442153857353305,0.0446132349324398
0.050904782009822,0.0486171215541149,0.0442153857353305,0.0446132349324398
0.0513163319314437,0.0486171215541149,0.0442153857353305,0.0446132349324398
0.0513163319314437,0.0486171215541149,0.0442153857353305,0.0401982247590287
0.0513163319314437,0.0486171215541149,0.0442153857353305,0.0401982247590287
0.0513163319314437,0.0486171215541149,0.0442153857353305,0.0401982247590287
0.0513163319314437,0.0486171215541149,0.0442153857353305,0.0401982247590287
0.0513163319314437,0.0486171215541149,0.0442153857353305,0.0401982247590287
0.0513163319314437,0.0486171215541149,0.0442153857353305,0.0401982247590287
0.0513163319314437,0.0486171215541149,0.0442153857353305,0.0401982247590287
0.0513163319314437,0.0486171215541149,0.0442153857353305,0.0401982247590287
0.0513163319314437,0.0486171215541149,0.0442153857353305,0.0401982247590287
0.0513163319314437,0.0486171215541149,0.0442153857353305,0.0401982247590287
0.0513163319314437,0.0486171215541149,0.0442153857353305,0.0401982247590287
0.0513163319314437,0.0486171215541149,0.0442153857353305,0.0401982247590287
0.0513163319314437,0.0486171215541149,0.0442153857353305,0.0401982247590287
0.0513163319314437,0.0486171215541149,0.0442153857353305,0.0401982247590287
0.0513163319314437,0.0486171215541149,0.0442153857353305,0.0401982247590287
0.0513163319314437,0.0486171215541149,0.0442153857353305,0.0401982247590287
0.0513163319314437,0.0486171215541149,0.0442153857353305,0.0401982247590287
0.0513163319314437,0.0486171215541149,0.0442153857353305,0.0401982247590287
0.0513163319314437,0.0486171215541149,0.0442153857353305,0.0459530589867828
0.0513163319314437,0.0486171215541149,0.0442153857353305,0.0459530589867828
0.0513163319314437,0.0486171215541149,0.0442153857353305,0.0459530589867828
0.0513163319314437,0.0486171215541149,0.0442153857353305,0.0459530589867828
0.0513163319314437,0.0486171215541149,0.0442153857353305,0.0459530589867828
0.0513163319314437,0.0486171215541149,0.0442153857353305,0.0459530589867828
0.0513163319314437,0.0486171215541149,0.0442153857353305,0.0459530589867828
0.0513163319314437,0.0486171215541149,0.0442153857353305,0.0459530589867828
0.0513163319314437,0.0486171215541149,0.0442153857353305,0.0459530589867828
0.0513163319314437,0.0486171215541149,0.0442153857353305,0.0459530589867828
0.0513163319314437,0.0486171215541149,0.0442153857353305,0.0459530589867828
0.0513163319314437,0.0486171215541149,0.0442153857353305,0.0459530589867828
0.0513163319314437,0.0486171215541149,0.0442153857353305,0.0459530589867828
0.0513163319314437,0.0486171215541149,0.0442153857353305,0.0459530589867828
0.0513163319314437,0.0486171215541149,0.0442153857353305,0.0459530589867828
0.0513163319314437,0.0486171215541149,0.0442153857353305,0.0459530589867828
0.0513163319314437,0.0486171215541149,0.0442153857353305,0.0459530589867828
0.0513163319314437,0.0486171215541149,0.0442153857353305,0.0459530589867828
0.0513163319314437,0.0486171215541149,0.0442153857353305,0.0459530589867828
0.0513163319314437,0.0486171215541149,0.0442153857353305,0.0459530589867828
0.0513163319314437,0.0486171215541149,0.0442153857353305,0.0459530589867828
0.0513163319314437,0.0486171215541149,0.0442153857353305,0.0459530589867828
0.0513163319314437,0.0486171215541149,0.0442153857353305,0.0459530589867828
0.0513163319314437,0.0486171215541149,0.0442153857353305,0.0459530589867828
0.0513163319314437,0.0467144428542312,0.0442153857353305,0.0459530589867828
0.0513163319314437,0.0467144428542312,0.0442153857353305,0.0459530589867828
0.0513163319314437,0.0467144428542312,0.0442153857353305,0.0459530589867828
0.0513163319314437,0.0467144428542312,0.0442153857353305,0.0459530589867828
0.0513163319314437,0.0467144428542312,0.0442153857353305,0.0459530589867828
0.0513163319314437,0.0467144428542312,0.0442153857353305,0.0459530589867828
0.0513163319314437,0.0467144428542312,0.0442153857353305,0.0459530589867828
0.0513163319314437,0.0503475505404436,0.0442153857353305,0.0459530589867828
0.0513163319314437,0.0503475505404436,0.0442153857353305,0.0459530589867828
0.0513163319314437,0.0503475505404436,0.0442153857353305,0.0459530589867828
0.0513163319314437,0.0503475505404436,0.0442153857353305,0.0459530589867828
0.0513163319314437,0.0503475505404436,0.0442153857353305,0.0459530589867828
0.0513163319314437,0.0503475505404436,0.0442153857353305,0.0459530589867828
0.0550202275805572,0.0503475505404436,0.0442153857353305,0.0459530589867828
0.0550202275805572,0.0503475505404436,0.0442153857353305,0.0459530589867828
0.0550202275805572,0.0503475505404436,0.0442153857353305,0.0459530589867828
0.0550202275805572,0.0503475505404436,0.0442153857353305,0.0459530589867828
0.0550202275805572,0.0503475505404436,0.0442153857353305,0.0459530589867828
0.0550202275805572,0.0503475505404436,0.0442153857353305,0.0459530589867828
0.0550202275805572,0.0503475505404436,0.0442153857353305,0.0459530589867828
0.0550202275805572,0.0503475505404436,0.0442153857353305,0.0459530589867828
0.0550202275805572,0.0503475505404436,0.0442153857353305,0.0459530589867828
0.0550202275805572,0.0503475505404436,0.0442153857353305,0.0459530589867828
0.0550202275805572,0.0503475505404436,0.0429755951804468,0.0459530589867828
0.0562602981733337,0.0503475505404436,0.0429755951804468,0.0521722665849784
0.0562602981733337,0.0503475505404436,0.0429755951804468,0.0521722665849784
0.0562602981733337,0.0503475505404436,0.0429755951804468,0.0521722665849784
0.0562602981733337,0.0503475505404436,0.0429755951804468,0.0521722665849784
0.0562602981733337,0.0503475505404436,0.0429755951804468,0.0521722665849784
0.0562602981733337,0.0503475505404436,0.0429755951804468,0.0521722665849784
0.0562602981733337,0.052967897643549,0.0429755951804468,0.0521722665849784
0.0562602981733337,0.052967897643549,0.0429755951804468,0.0521722665849784
0.0562602981733337,0.052967897643549,0.0429755951804468,0.0521722665849784
0.0562602981733337,0.052967897643549,0.0429755951804468,0.0521722665849784
0.0562602981733337,0.052967897643549,0.0429755951804468,0.0521722665849784
0.0562602981733337,0.052967897643549,0.0429755951804468,0.0521722665849784
0.0562602981733337,0.052967897643549,0.0429755951804468,0.0428907857391206
0.0562602981733337,0.052967897643549,0.0429755951804468,0.0428907857391206
0.0562602981733337,0.052967897643549,0.0429755951804468,0.0428907857391206
0.0562602981733337,0.052967897643549,0.0429755951804468,0.0428907857391206
0.0562602981733337,0.052967897643549,0.0429755951804468,0.0428907857391206
0.0562602981733337,0.052967897643549,0.0429755951804468,0.0544717630582913
0.0562602981733337,0.052967897643549,0.0429755951804468,0.0544717630582913
0.0562602981733337,0.052967897643549,0.0429755951804468,0.0544717630582913
0.0562602981733337,0.052967897643549,0.0429755951804468,0.0544717630582913
0.0562602981733337,0.052967897643549,0.0429755951804468,0.0544717630582913
0.0562602981733337,0.052967897643549,0.0429755951804468,0.0544717630582913
0.0562602981733337,0.052967897643549,0.0429755951804468,0.0544717630582913
0.0562602981733337,0.052967897643549,0.0429755951804468,0.0544717630582913
0.0562602981733337,0.052967897643549,0.0429755951804468,0.0544717630582913
0.0562602981733337,0.052967897643549,0.0429755951804468,0.0544717630582913
0.0562602981733337,0.052967897643549,0.0429755951804468,0.0544717630582913
0.0510447669192349,0.052967897643549,0.0429755951804468,0.0544717630582913
0.0510447669192349,0.0530695514716518,0.0429755951804468,0.0544717630582913
0.0510447669192349,0.0530695514716518,0.0446721564795418,0.0544717630582913
0.0510447669192349,0.0530695514716518,0.0446721564795418,0.0544717630582913
0.0510447669192349,0.0530695514716518,0.0446721564795418,0.0544717630582913
0.0510447669192349,0.0530695514716518,0.0446721564795418,0.0544717630582913
0.0510447669192349,0.0530695514716518,0.0446721564795418,0.0544717630582913
0.0510447669192349,0.0530695514716518,0.0446721564795418,0.0544717630582913
0.0510447669192349,0.0530695514716518,0.0446721564795418,0.0544717630582913
0.0510447669192349,0.0530695514716518,0.0446721564795418,0.0544717630582913
0.0510447669192349,0.0530695514716518,0.0446721564795418,0.0544717630582913
0.0510447669192349,0.0530695514716518,0.0446721564795418,0.0544717630582913
0.0510447669192349,0.0530695514716518,0.0446721564795418,0.0506352653106586
0.0510447669192349,0.0530695514716518,0.0446721564795418,0.0506352653106586
0.0510447669192349,0.0530695514716518,0.0446721564795418,0.0506352653106586
0.0510447669192349,0.0530695514716518,0.0446721564795418,0.0506352653106586
0.0510447669192349,0.0530695514716518,0.0446721564795418,0.0506352653106586
0.0499303800396096,0.0530695514716518,0.0446721564795418,0.0506352653106586
0.0499303800396096,0.0530695514716518,0.0446721564795418,0.0506352653106586
0.0499303800396096,0.0530695514716518,0.0446721564795418,0.0506352653106586
0.0499303800396096,0.0530695514716518,0.0446721564795418,0.0509934938318462
0.0499303800396096,0.0530695514716518,0.0446721564795418,0.0509934938318462
0.0499303800396096,0.0545104561152274,0.0381151312496086,0.0509934938318462
0.0499303800396096,0.0545104561152274,0.0381151312496086,0.0589403462612372
0.0499303800396096,0.0545104561152274,0.0381151312496086,0.0589403462612372
0.0499303800396096,0.0545104561152274,0.0381151312496086,0.0589403462612372
0.0499303800396096,0.0545104561152274,0.0421507288463695,0.0589403462612372
0.0499303800396096,0.0545104561152274,0.0421507288463695,0.0589403462612372
0.0499303800396096,0.0545104561152274,0.0421507288463695,0.0589403462612372
0.0499303800396096,0.0545104561152274,0.0421507288463695,0.0589403462612372
0.0499303800396096,0.0545104561152274,0.0421507288463695,0.0589403462612372
0.0499303800396096,0.0545104561152274,0.0421507288463695,0.0589403462612372
0.0499303800396096,0.0545104561152274,0.0421507288463695,0.0589403462612372
0.0499303800396096,0.0545104561152274,0.0421507288463695,0.0589403462612372
0.0499303800396096,0.0545104561152274,0.0421507288463695,0.0589403462612372
0.0499303800396096,0.0545104561152274,0.0421507288463695,0.0589403462612372
0.0499303800396096,0.0545104561152274,0.0421507288463695,0.0589403462612372
0.0499303800396096,0.0518666959823763,0.0421507288463695,0.0589403462612372
0.0499303800396096,0.0518666959823763,0.0421507288463695,0.056282400724567
0.0499303800396096,0.0518666959823763,0.0421507288463695,0.056282400724567
0.0499303800396096,0.0518666959823763,0.0421507288463695,0.0493215910592866
0.0499303800396096,0.0518666959823763,0.0421507288463695,0.0493215910592866
0.0499303800396096,0.0518666959823763,0.0421507288463695,0.0493215910592866
0.0499303800396096,0.0518666959823763,0.0421507288463695,0.0493215910592866
0.0499303800396096,0.0518666959823763,0.0421507288463695,0.0493215910592866
0.0499303800396096,0.0518666959823763,0.0421507288463695,0.0475633225791288
0.0499303800396096,0.0518666959823763,0.0421507288463695,0.0475633225791288
0.0499303800396096,0.0518666959823763,0.0421507288463695,0.0475633225791288
0.0499303800396096,0.0518666959823763,0.0421507288463695,0.0475633225791288
0.0518083805974435,0.0518666959823763,0.0421507288463695,0.0475633225791288
0.0518083805974435,0.0518666959823763,0.0421507288463695,0.0523737165016354
0.0518083805974435,0.0518666959823763,0.0421507288463695,0.0523737165016354
0.0518083805974435,0.0518666959823763,0.0421507288463695,0.0523737165016354
0.0516693589805791,0.0518666959823763,0.0421507288463695,0.0523737165016354
0.0516693589805791,0.0518666959823763,0.0421507288463695,0.0523737165016354
0.0516693589805791,0.0518666959823763,0.0421507288463695,0.0574051772646866
0.0516693589805791,0.0518666959823763,0.0421507288463695,0.0574051772646866
0.0514917059123145,0.0518666959823763,0.0421507288463695,0.0574051772646866
0.0514917059123145,0.0518666959823763,0.0421507288463695,0.0574051772646866
0.0514917059123145,0.0518666959823763,0.0421507288463695,0.0574051772646866
0.0514917059123145,0.0518666959823763,0.0421507288463695,0.0574051772646866
0.0514917059123145,0.0518666959823763,0.0421507288463695,0.0574051772646866
0.0514917059123145,0.0518666959823763,0.0421507288463695,0.0574051772646866
0.0514917059123145,0.0518666959823763,0.0421507288463695,0.0574051772646866
0.0514917059123145,0.0518666959823763,0.0421507288463695,0.0574051772646866
0.0514917059123145,0.0518666959823763,0.0421507288463695,0.0574051772646866
0.0514917059123145,0.0518666959823763,0.0421507288463695,0.0574051772646866
0.0514917059123145,0.0518666959823763,0.0421507288463695,0.0574051772646866
0.0514917059123145,0.0518666959823763,0.0421507288463695,0.0574051772646866
0.0514917059123145,0.0518666959823763,0.0421507288463695,0.0574051772646866
0.0514917059123145,0.0518666959823763,0.0421507288463695,0.0574051772646866
0.0514917059123145,0.0518666959823763,0.0421507288463695,0.0574051772646866
0.0514917059123145,0.0518666959823763,0.0421507288463695,0.0574051772646866
0.0514917059123145,0.0518666959823763,0.0421507288463695,0.0574051772646866
0.0514917059123145,0.0518666959823763,0.0421507288463695,0.0574051772646866
0.0514917059123145,0.0518666959823763,0.0421507288463695,0.0574051772646866
0.0514917059123145,0.0518666959823763,0.0421507288463695,0.0574051772646866
0.0514917059123145,0.0518666959823763,0.0421507288463695,0.0574051772646866
0.0514917059123145,0.0518666959823763,0.0421507288463695,0.0574051772646866
0.0514917059123145,0.0518666959823763,0.0421507288463695,0.0574051772646866
0.0514917059123145,0.0552731761473025,0.0421507288463695,0.0574051772646866
0.0514917059123145,0.0552731761473025,0.0421507288463695,0.0574051772646866
0.0514917059123145,0.0552731761473025,0.0421507288463695,0.0574051772646866
0.0514917059123145,0.0552731761473025,0.0421507288463695,0.0574051772646866
0.0514917059123145,0.0552731761473025,0.0421507288463695,0.0574051772646866
0.0514917059123145,0.0552731761473025,0.0421507288463695,0.0574051772646866
0.0514917059123145,0.0552731761473025,0.0421507288463695,0.0574051772646866
0.0514917059123145,0.0552731761473025,0.0421507288463695,0.0574051772646866
0.0514917059123145,0.0552731761473025,0.0421507288463695,0.0574051772646866
0.0514917059123145,0.0552731761473025,0.0421507288463695,0.0574051772646866
0.0514917059123145,0.0552731761473025,0.0421507288463695,0.0574051772646866
0.0514917059123145,0.0552731761473025,0.0421507288463695,0.0574051772646866
0.0514917059123145,0.0552731761473025,0.0421507288463695,0.0574051772646866
0.0514917059123145,0.0552731761473025,0.0421507288463695,0.0574051772646866
0.0514917059123145,0.0552731761473025,0.0421507288463695,0.0574051772646866
0.0514917059123145,0.0552731761473025,0.0421507288463695,0.0574051772646866
0.0514917059123145,0.0552731761473025,0.0421507288463695,0.0574051772646866
0.0514917059123145,0.0552731761473025,0.0421507288463695,0.0574051772646866
0.0514917059123145,0.0552731761473025,0.0421507288463695,0.0574051772646866
0.0514917059123145,0.0552731761473025,0.0421507288463695,0.0574051772646866
0.0514917059123145,0.0552731761473025,0.0421507288463695,0.0574051772646866
0.0514917059123145,0.0552731761473025,0.0421507288463695,0.0574051772646866
0.0514917059123145,0.0552731761473025,0.0421507288463695,0.0574051772646866
0.0514917059123145,0.0552731761473025,0.0421507288463695,0.0574051772646866
0.0514917059123145,0.0552731761473025,0.0421507288463695,0.0574051772646866
0.0514917059123145,0.0552731761473025,0.0421507288463695,0.0574051772646866
0.0514917059123145,0.0552731761473025,0.0421507288463695,0.0574051772646866
0.0514917059123145,0.0552731761473025,0.0421507288463695,0.0574051772646866
0.0514917059123145,0.0552731761473025,0.0421507288463695,0.0574051772646866
0.0514917059123145,0.0552731761473025,0.0421507288463695,0.0574051772646866
0.0514917059123145,0.0552731761473025,0.0421507288463695,0.0574051772646866
0.0514917059123145,0.0552731761473025,0.0421507288463695,0.0574051772646866
0.0514917059123145,0.0552731761473025,0.0421507288463695,0.0574051772646866
0.0514917059123145,0.0552731761473025,0.0421507288463695,0.0574051772646866
0.0514917059123145,0.0544576876196558,0.0421507288463695,0.0574051772646866
0.0514917059123145,0.0544576876196558,0.0421507288463695,0.0574051772646866
0.0514917059123145,0.0544576876196558,0.0421507288463695,0.0574051772646866
0.0514917059123145,0.0544576876196558,0.0421507288463695,0.0574051772646866
0.0514917059123145,0.0544576876196558,0.0398434536635909,0.0574051772646866
0.0514917059123145,0.0544576876196558,0.0398434536635909,0.0574051772646866
0.0514917059123145,0.0544576876196558,0.0398434536635909,0.0574051772646866
0.0514917059123145,0.0544576876196558,0.0401592444305563,0.0574051772646866
0.0514917059123145,0.0544576876196558,0.0401592444305563,0.0574051772646866
0.0514917059123145,0.0544576876196558,0.0401592444305563,0.0574051772646866
0.0514917059123145,0.0544576876196558,0.0401592444305563,0.0574051772646866
0.0514917059123145,0.0544576876196558,0.0401592444305563,0.0574051772646866
0.0514917059123145,0.0544576876196558,0.0401592444305563,0.0574051772646866
0.0514917059123145,0.0544576876196558,0.0401592444305563,0.0574051772646866
0.0514917059123145,0.0544576876196558,0.0401592444305563,0.0574051772646866
0.0514917059123145,0.0544576876196558,0.0401592444305563,0.0574051772646866
0.0514917059123145,0.0544576876196558,0.0401592444305563,0.0574051772646866
0.0514917059123145,0.0544576876196558,0.0401592444305563,0.0574051772646866
0.0514917059123145,0.0544576876196558,0.0401592444305563,0.0574051772646866
0.0514917059123145,0.0544576876196558,0.0401592444305563,0.0574051772646866
0.0514917059123145,0.0544576876196558,0.0401592444305563,0.0574051772646866
0.0514917059123145,0.0544576876196558,0.0401592444305563,0.0574051772646866
0.0549266731842772,0.0544576876196558,0.0401592444305563,0.0574051772646866
0.0549266731842772,0.0544576876196558,0.0401592444305563,0.0574051772646866
0.0549266731842772,0.0544576876196558,0.0401592444305563,0.0574051772646866
0.0549266731842772,0.0544576876196558,0.0401592444305563,0.0574051772646866
0.0549266731842772,0.0544576876196558,0.0401592444305563,0.0574051772646866
0.0549266731842772,0.0544576876196558,0.0401592444305563,0.0574051772646866
0.0549266731842772,0.0544576876196558,0.0401592444305563,0.0574051772646866
0.0549266731842772,0.0544576876196558,0.0401592444305563,0.0574051772646866
0.0549266731842772,0.0597176005154934,0.0401592444305563,0.0574051772646866
0.0549266731842772,0.0597176005154934,0.0401592444305563,0.0552408543496508
0.0549266731842772,0.0568786162341418,0.0401592444305563,0.0552408543496508
0.0549266731842772,0.0568786162341418,0.0401592444305563,0.0552408543496508
0.0549266731842772,0.0568786162341418,0.0401592444305563,0.0552408543496508
0.0549266731842772,0.0568786162341418,0.0401592444305563,0.0552408543496508
0.0549266731842772,0.0568786162341418,0.0401592444305563,0.0552408543496508
0.0549266731842772,0.0568786162341418,0.0401592444305563,0.0552408543496508
0.0549266731842772,0.0568786162341418,0.0401592444305563,0.0552408543496508
0.0549266731842772,0.0568786162341418,0.0433558292109623,0.0552408543496508
0.0549266731842772,0.0568786162341418,0.0433558292109623,0.0552408543496508
0.0549266731842772,0.0568786162341418,0.0433558292109623,0.0552408543496508
0.0549266731842772,0.0568786162341418,0.0433558292109623,0.0552408543496508
0.0549266731842772,0.0568786162341418,0.0433558292109623,0.0552408543496508
0.0549266731842772,0.0568786162341418,0.0400949819002815,0.0552408543496508
0.0549266731842772,0.0568786162341418,0.0400949819002815,0.0475430896234451
0.0549266731842772,0.0568786162341418,0.0400949819002815,0.0475430896234451
0.0549266731842772,0.0568786162341418,0.0400949819002815,0.0475430896234451
0.0549266731842772,0.0568786162341418,0.0400949819002815,0.0538955919062137
0.0549266731842772,0.0568786162341418,0.0400949819002815,0.0538955919062137
0.0549266731842772,0.0568786162341418,0.0400949819002815,0.0538955919062137
0.0549266731842772,0.0568786162341418,0.0400949819002815,0.0538955919062137
0.0549266731842772,0.0568786162341418,0.0389346130167138,0.0538955919062137
0.0549266731842772,0.0568786162341418,0.0389346130167138,0.0538955919062137
0.0549266731842772,0.0568786162341418,0.0389346130167138,0.0538955919062137
0.0549266731842772,0.0501115852517306,0.0389346130167138,0.0538955919062137
0.0539270273244361,0.0501115852517306,0.0389346130167138,0.0538955919062137
0.0539270273244361,0.0501115852517306,0.0389346130167138,0.0538955919062137
0.0539270273244361,0.0501115852517306,0.0389346130167138,0.0538955919062137
0.0539270273244361,0.0501115852517306,0.0389346130167138,0.0538955919062137
0.0539270273244361,0.0501115852517306,0.0389346130167138,0.0538955919062137
0.0539270273244361,0.0501115852517306,0.0389346130167138,0.0538955919062137
0.0539270273244361,0.0501115852517306,0.0389346130167138,0.0538955919062137
0.0539270273244361,0.0501115852517306,0.0389346130167138,0.0538955919062137
0.0539270273244361,0.0501115852517306,0.0389346130167138,0.0538955919062137
0.0539270273244361,0.0501115852517306,0.0389346130167138,0.0538955919062137
0.0539270273244361,0.0501115852517306,0.0389346130167138,0.0538955919062137
0.0539270273244361,0.0471510120808681,0.0389346130167138,0.0538955919062137
0.0539270273244361,0.0471510120808681,0.0389346130167138,0.0538955919062137
0.0539270273244361,0.0471510120808681,0.0389346130167138,0.0538955919062137
0.0539270273244361,0.0471510120808681,0.0389346130167138,0.0538955919062137
0.0539270273244361,0.0471510120808681,0.0389346130167138,0.0538955919062137
0.0539270273244361,0.0471510120808681,0.0389346130167138,0.0538955919062137
0.0539270273244361,0.0471510120808681,0.0389346130167138,0.0538955919062137
0.0539270273244361,0.0471510120808681,0.0389346130167138,0.0538955919062137
0.0552750905182659,0.0471510120808681,0.0389346130167138,0.0538955919062137
0.0552750905182659,0.0494138926733591,0.0389346130167138,0.0538955919062137
0.0552750905182659,0.0494138926733591,0.0389346130167138,0.0538955919062137
0.0552750905182659,0.0494138926733591,0.0389346130167138,0.0538955919062137
0.0552750905182659,0.0494138926733591,0.0389346130167138,0.0538955919062137
0.0552750905182659,0.0494138926733591,0.0389346130167138,0.0538955919062137
0.0552750905182659,0.0494138926733591,0.0389346130167138,0.0538955919062137
0.0552750905182659,0.0494138926733591,0.0389346130167138,0.0538955919062137
0.0552750905182659,0.0494138926733591,0.0404397257914354,0.0538955919062137
0.0552750905182659,0.0494138926733591,0.0404397257914354,0.0538955919062137
0.0552750905182659,0.0494138926733591,0.0404397257914354,0.0538955919062137
0.0552750905182659,0.0494138926733591,0.0404397257914354,0.0538955919062137
0.0552750905182659,0.0494138926733591,0.0404397257914354,0.0538955919062137
0.0552750905182659,0.0494138926733591,0.0404397257914354,0.0538955919062137
0.0552750905182659,0.0494138926733591,0.0391502582573068,0.0538955919062137
0.0552750905182659,0.0494138926733591,0.0391502582573068,0.0538955919062137
0.0552750905182659,0.0494138926733591,0.0391502582573068,0.0538955919062137
0.0552750905182659,0.0494138926733591,0.0391502582573068,0.0538955919062137
0.0552750905182659,0.0494138926733591,0.0391502582573068,0.0538955919062137
0.0552750905182659,0.0494138926733591,0.0391502582573068,0.0538955919062137
0.0552750905182659,0.0494138926733591,0.0391502582573068,0.0538955919062137
0.0552750905182659,0.0494138926733591,0.0391502582573068,0.0538955919062137
0.0552750905182659,0.0494138926733591,0.0391502582573068,0.0538955919062137
0.0552750905182659,0.0550089940356222,0.0391502582573068,0.0538955919062137
0.0552750905182659,0.0550089940356222,0.0391502582573068,0.0538955919062137
0.0552750905182659,0.0545443359792749,0.0391502582573068,0.0538955919062137
0.0552750905182659,0.0545443359792749,0.0391502582573068,0.0466260557934503
0.0552750905182659,0.0545443359792749,0.0391502582573068,0.0466260557934503
0.0542099245128614,0.0545443359792749,0.0391502582573068,0.0466260557934503
0.0542099245128614,0.0545443359792749,0.0391502582573068,0.0461164578965761
0.0542099245128614,0.0545443359792749,0.0391502582573068,0.0461164578965761
0.0542099245128614,0.0545443359792749,0.0391502582573068,0.0461164578965761
0.0542099245128614,0.0545443359792749,0.0391502582573068,0.0461164578965761
0.0542099245128614,0.0545443359792749,0.0391502582573068,0.0461164578965761
0.0529906499526874,0.0545443359792749,0.0391502582573068,0.0461164578965761
0.0529906499526874,0.0545443359792749,0.0391502582573068,0.0461164578965761
0.0529906499526874,0.0545443359792749,0.040058010700145,0.0461164578965761
0.0529906499526874,0.0545443359792749,0.040058010700145,0.0461164578965761
0.0529906499526874,0.0545443359792749,0.040058010700145,0.0461164578965761
0.0529906499526874,0.0545443359792749,0.040058010700145,0.0461164578965761
0.0529906499526874,0.0545443359792749,0.040058010700145,0.0461164578965761
0.0529906499526874,0.0545443359792749,0.040058010700145,0.0461164578965761
0.0529906499526874,0.0545443359792749,0.040058010700145,0.0461164578965761
0.0529906499526874,0.0545443359792749,0.040058010700145,0.0461164578965761
0.0529906499526874,0.0545443359792749,0.040058010700145,0.0461164578965761
0.0529906499526874,0.0588457572316308,0.040058010700145,0.0461164578965761
0.0529906499526874,0.0588457572316308,0.040058010700145,0.0461164578965761
0.0529906499526874,0.0588457572316308,0.040058010700145,0.0461164578965761
0.0529906499526874,0.0588457572316308,0.040058010700145,0.0461164578965761
0.0529906499526874,0.0588457572316308,0.040058010700145,0.0461164578965761
0.0529906499526874,0.0588457572316308,0.040058010700145,0.0461164578965761
0.0529906499526874,0.0588457572316308,0.040058010700145,0.0461164578965761
0.0529906499526874,0.0588457572316308,0.040058010700145,0.0461164578965761
0.0529906499526874,0.0588457572316308,0.040058010700145,0.0461164578965761
0.0529906499526874,0.0635661268650615,0.040058010700145,0.0461164578965761
0.0529906499526874,0.0635661268650615,0.040058010700145,0.0461164578965761
0.0529906499526874,0.0635661268650615,0.040058010700145,0.0461164578965761
0.0529906499526874,0.0635661268650615,0.040058010700145,0.0461164578965761
0.0529906499526874,0.0635661268650615,0.040058010700145,0.0461164578965761
0.0529906499526874,0.0635661268650615,0.040058010700145,0.0461164578965761
0.0529906499526874,0.0635661268650615,0.040058010700145,0.0461164578965761
0.0529906499526874,0.0635661268650615,0.040058010700145,0.0461164578965761
0.0529906499526874,0.0635661268650615,0.040058010700145,0.0461164578965761
0.0529906499526874,0.0635661268650615,0.040058010700145,0.0461164578965761
0.0529906499526874,0.0635661268650615,0.040058010700145,0.0461164578965761
0.0529906499526874,0.0635661268650615,0.040058010700145,0.041749401172594
0.0529906499526874,0.0635661268650615,0.040058010700145,0.041749401172594
0.0529906499526874,0.0635661268650615,0.040058010700145,0.041749401172594
0.0529906499526874,0.0635661268650615,0.040058010700145,0.0417781401820922
0.0529906499526874,0.0635661268650615,0.040058010700145,0.0417781401820922
0.0529906499526874,0.0635661268650615,0.040058010700145,0.043322339002631
0.0529906499526874,0.0635661268650615,0.040058010700145,0.043322339002631
0.0529906499526874,0.0635661268650615,0.040058010700145,0.043322339002631
0.0529906499526874,0.0635661268650615,0.040058010700145,0.043322339002631
0.0529906499526874,0.0635661268650615,0.040058010700145,0.043322339002631
0.0529906499526874,0.0635661268650615,0.040058010700145,0.043322339002631
0.0529906499526874,0.0635661268650615,0.040058010700145,0.043322339002631
0.0529906499526874,0.0635661268650615,0.040058010700145,0.043322339002631
0.0529906499526874,0.0635661268650615,0.040058010700145,0.043322339002631
0.0529906499526874,0.0635661268650615,0.040058010700145,0.043322339002631
0.0529906499526874,0.0635661268650615,0.040058010700145,0.043322339002631
0.0529906499526874,0.0666951218984902,0.040058010700145,0.043322339002631
0.0529906499526874,0.0666951218984902,0.040058010700145,0.043322339002631
0.0529906499526874,0.0666951218984902,0.040058010700145,0.043322339002631
0.0529906499526874,0.0666951218984902,0.0363897261723453,0.043322339002631
0.0529906499526874,0.0666951218984902,0.0363897261723453,0.043322339002631
0.0529906499526874,0.0666951218984902,0.0363897261723453,0.043322339002631
0.0529906499526874,0.0666951218984902,0.0363897261723453,0.043322339002631
0.0529906499526874,0.0666951218984902,0.0363897261723453,0.043322339002631
0.0529906499526874,0.0666951218984902,0.0363897261723453,0.043322339002631
0.0529906499526874,0.0666951218984902,0.0363897261723453,0.043322339002631
0.0529906499526874,0.0666951218984902,0.0363897261723453,0.043322339002631
0.0517638209119536,0.0666951218984902,0.0363897261723453,0.043322339002631
0.0517638209119536,0.0666951218984902,0.0363897261723453,0.043322339002631
0.0517638209119536,0.0666951218984902,0.0363897261723453,0.043322339002631
0.0517638209119536,0.0666951218984902,0.0363897261723453,0.0432022813087659
0.0517638209119536,0.0666951218984902,0.0363897261723453,0.0432022813087659
0.0517638209119536,0.0666951218984902,0.0363897261723453,0.0432022813087659
0.0517638209119536,0.0666951218984902,0.0363897261723453,0.0432022813087659
0.0517638209119536,0.0666951218984902,0.0363897261723453,0.0432022813087659
0.0517638209119536,0.0666951218984902,0.0363897261723453,0.0414449415660648
0.0517638209119536,0.0666951218984902,0.0363897261723453,0.0414449415660648
0.0517638209119536,0.0666951218984902,0.0363897261723453,0.0414449415660648
0.0517638209119536,0.0666951218984902,0.0363897261723453,0.0414449415660648
0.0517638209119536,0.0666951218984902,0.0363897261723453,0.0414449415660648
0.0517638209119536,0.0666951218984902,0.0363897261723453,0.0358910957451094
0.0517638209119536,0.0666951218984902,0.0363897261723453,0.0358910957451094
0.0517638209119536,0.0666951218984902,0.0363897261723453,0.0358910957451094
0.0517638209119536,0.0666951218984902,0.0363897261723453,0.0358910957451094
0.0517638209119536,0.0666951218984902,0.0363897261723453,0.0358910957451094
0.0517638209119536,0.0666951218984902,0.0363897261723453,0.0358910957451094
0.0517638209119536,0.0666951218984902,0.0363897261723453,0.0358910957451094
0.0517638209119536,0.0666951218984902,0.0363897261723453,0.0358910957451094
0.0517638209119536,0.0666951218984902,0.0363897261723453,0.0358910957451094
0.0517638209119536,0.0666951218984902,0.0363897261723453,0.0358910957451094
0.0517638209119536,0.0666951218984902,0.0363897261723453,0.0358910957451094
0.0517638209119536,0.0666951218984902,0.0363897261723453,0.0358910957451094
0.0517638209119536,0.0666951218984902,0.0363897261723453,0.0358910957451094
0.0517638209119536,0.0666951218984902,0.0363897261723453,0.0358910957451094
0.0495980898564811,0.0666951218984902,0.0363897261723453,0.0358910957451094
0.0495980898564811,0.0666951218984902,0.0363897261723453,0.0358910957451094
0.0495980898564811,0.0666951218984902,0.0363897261723453,0.0383272880151385
0.0495980898564811,0.0666951218984902,0.0363897261723453,0.0383272880151385
0.0495980898564811,0.0666951218984902,0.0363897261723453,0.0383272880151385
0.0495980898564811,0.0666951218984902,0.0363897261723453,0.0383272880151385
0.0495980898564811,0.0666951218984902,0.0363897261723453,0.0383272880151385
0.0495980898564811,0.0666951218984902,0.0363897261723453,0.0383272880151385
0.0495980898564811,0.0666951218984902,0.0363897261723453,0.0383272880151385
0.0495980898564811,0.0666951218984902,0.0363897261723453,0.0383272880151385
0.0495980898564811,0.0666951218984902,0.0363897261723453,0.0383272880151385
0.0495980898564811,0.0666951218984902,0.0363897261723453,0.0383272880151385
0.0495980898564811,0.0666951218984902,0.0363897261723453,0.0383272880151385
0.0495980898564811,0.0666951218984902,0.0363897261723453,0.0383272880151385
0.0495980898564811,0.0666951218984902,0.0363897261723453,0.0383272880151385
0.0495980898564811,0.0666951218984902,0.0363897261723453,0.0383272880151385
0.0495980898564811,0.0666951218984902,0.0363897261723453,0.0383272880151385
0.0495980898564811,0.0666951218984902,0.0363897261723453,0.0383272880151385
0.0495980898564811,0.0666951218984902,0.0363897261723453,0.0383272880151385
0.0495980898564811,0.0666951218984902,0.0363897261723453,0.0383272880151385
0.0495980898564811,0.0590183237784709,0.0363897261723453,0.0383272880151385
0.0495980898564811,0.0590183237784709,0.0363897261723453,0.0383272880151385
0.0495980898564811,0.0590183237784709,0.0363897261723453,0.0420422071373142
0.0495980898564811,0.0590183237784709,0.0363897261723453,0.0420422071373142
0.0495980898564811,0.0590183237784709,0.0363897261723453,0.0420422071373142
0.0495980898564811,0.0590183237784709,0.0363897261723453,0.0420422071373142
0.0495980898564811,0.0590183237784709,0.0363897261723453,0.0420422071373142
0.0495980898564811,0.0590183237784709,0.0363897261723453,0.0420422071373142
0.0495980898564811,0.0590183237784709,0.0363897261723453,0.0420422071373142
0.0495980898564811,0.0590183237784709,0.0363897261723453,0.0420422071373142
0.0495980898564811,0.0590183237784709,0.0363897261723453,0.0420422071373142
0.0495980898564811,0.0590183237784709,0.0363897261723453,0.0420422071373142
0.0495980898564811,0.0590183237784709,0.0363897261723453,0.0420422071373142
0.0495980898564811,0.0590183237784709,0.0363897261723453,0.0420422071373142
0.0495980898564811,0.0590183237784709,0.0363897261723453,0.0420422071373142
0.0495980898564811,0.0590183237784709,0.0363897261723453,0.0420422071373142
0.0495980898564811,0.0590183237784709,0.0363897261723453,0.0420422071373142
0.0495980898564811,0.0590183237784709,0.0363897261723453,0.038029504817201
0.0495980898564811,0.0590183237784709,0.0363897261723453,0.038029504817201
0.0495980898564811,0.0590183237784709,0.0363897261723453,0.038029504817201
0.0495980898564811,0.0590183237784709,0.0363897261723453,0.038029504817201
0.0495980898564811,0.0590183237784709,0.0363897261723453,0.038029504817201
0.0495980898564811,0.0590183237784709,0.0363897261723453,0.038029504817201
0.0495980898564811,0.0590183237784709,0.0363897261723453,0.0443365768252799
0.0495980898564811,0.0590183237784709,0.0363897261723453,0.0443365768252799
0.0495980898564811,0.0590183237784709,0.0363897261723453,0.0443365768252799
0.0495980898564811,0.0590183237784709,0.0363897261723453,0.0443365768252799
0.0495980898564811,0.0590183237784709,0.0363897261723453,0.0443365768252799
0.0495980898564811,0.0590183237784709,0.0363897261723453,0.0443365768252799
0.0495980898564811,0.0590183237784709,0.0363897261723453,0.0443365768252799
0.0495980898564811,0.0590183237784709,0.0363897261723453,0.0388827839592064
0.0495980898564811,0.0590183237784709,0.0363897261723453,0.0388827839592064
0.0495980898564811,0.0590183237784709,0.0363897261723453,0.0388827839592064
0.0495980898564811,0.0590183237784709,0.0363897261723453,0.0388827839592064
0.0495980898564811,0.0590183237784709,0.0363897261723453,0.0388827839592064
0.0495980898564811,0.0590183237784709,0.0363897261723453,0.0388827839592064
0.0495980898564811,0.0590183237784709,0.0363897261723453,0.0388827839592064
0.0495980898564811,0.0590183237784709,0.0363897261723453,0.0388827839592064
0.0495980898564811,0.0590183237784709,0.0363897261723453,0.0388827839592064
0.0495980898564811,0.0590183237784709,0.0363897261723453,0.0388827839592064
0.0495980898564811,0.0590183237784709,0.0363897261723453,0.0388827839592064
0.0495980898564811,0.0590183237784709,0.0363897261723453,0.0388827839592064
0.0495980898564811,0.0590183237784709,0.0363897261723453,0.0388827839592064
0.0495980898564811,0.0590183237784709,0.0363897261723453,0.0388827839592064
0.0495980898564811,0.0590183237784709,0.0363897261723453,0.0388827839592064
0.0495980898564811,0.0590183237784709,0.0363897261723453,0.0388827839592064
0.0495980898564811,0.0590183237784709,0.0363897261723453,0.0388827839592064
0.0495980898564811,0.0590183237784709,0.0363897261723453,0.0388827839592064
0.0495980898564811,0.0590183237784709,0.0363897261723453,0.0388827839592064
0.0495980898564811,0.0590183237784709,0.0363897261723453,0.0388827839592064
0.0495980898564811,0.0590183237784709,0.0363897261723453,0.0388827839592064
0.0495980898564811,0.0590183237784709,0.0363897261723453,0.0388827839592064
0.0495980898564811,0.0590183237784709,0.0363897261723453,0.0388827839592064
0.0495980898564811,0.0590183237784709,0.0363897261723453,0.0388827839592064
0.0495980898564811,0.0590183237784709,0.0363897261723453,0.0388827839592064
0.0495980898564811,0.0590183237784709,0.0339139355327241,0.0388827839592064
0.0495980898564811,0.0590183237784709,0.0339139355327241,0.0388827839592064
0.0495980898564811,0.0590183237784709,0.0339139355327241,0.0390483328148951
0.0495980898564811,0.0590183237784709,0.0339139355327241,0.0390483328148951
0.0495980898564811,0.0590183237784709,0.0339139355327241,0.0390483328148951
0.0495980898564811,0.0590183237784709,0.0339139355327241,0.0390483328148951
0.0495980898564811,0.0590183237784709,0.0339139355327241,0.0390483328148951
0.0495980898564811,0.0590183237784709,0.0339139355327241,0.0390483328148951
0.0495980898564811,0.0590183237784709,0.0339139355327241,0.0390483328148951
0.0495980898564811,0.0590183237784709,0.0339139355327241,0.0390483328148951
0.0495980898564811,0.0590183237784709,0.0339139355327241,0.0390483328148951
0.0495980898564811,0.0572071597627232,0.0380816988540665,0.0390483328148951
0.0495980898564811,0.0572071597627232,0.0380816988540665,0.0390483328148951
0.0495980898564811,0.0572071597627232,0.0380816988540665,0.0390483328148951
0.0495980898564811,0.0572071597627232,0.0380816988540665,0.0390483328148951
0.0495980898564811,0.0572071597627232,0.0380816988540665,0.0390483328148951
0.0495980898564811,0.0572071597627232,0.0380816988540665,0.0390483328148951
0.0495980898564811,0.0572071597627232,0.0380816988540665,0.0390483328148951
0.0495980898564811,0.0572071597627232,0.0380816988540665,0.0390483328148951
0.0495980898564811,0.0572071597627232,0.0380816988540665,0.0390483328148951
0.0495980898564811,0.0572071597627232,0.0380816988540665,0.0390483328148951
0.0495980898564811,0.0572071597627232,0.0380816988540665,0.0390483328148951
0.0495980898564811,0.0572071597627232,0.0380816988540665,0.0390483328148951
0.0495980898564811,0.0572071597627232,0.0380816988540665,0.0390483328148951
0.0495980898564811,0.0572071597627232,0.0380816988540665,0.0390483328148951
0.0495980898564811,0.0572071597627232,0.0380816988540665,0.0390483328148951
0.0495980898564811,0.0572071597627232,0.0380816988540665,0.0390483328148951
0.0495980898564811,0.0570335205023643,0.0380816988540665,0.0390483328148951
0.0495980898564811,0.0570335205023643,0.0380816988540665,0.0390483328148951
0.0495980898564811,0.0570335205023643,0.0380816988540665,0.0390483328148951
0.0495980898564811,0.0570335205023643,0.0380816988540665,0.0390483328148951
0.0495980898564811,0.0570335205023643,0.0380816988540665,0.0390483328148951
0.0495980898564811,0.0570335205023643,0.0380816988540665,0.0390483328148951
0.0495980898564811,0.0570335205023643,0.0380816988540665,0.0441793256131364
0.0495980898564811,0.0570335205023643,0.0380816988540665,0.0441793256131364
0.0495980898564811,0.0570335205023643,0.0380816988540665,0.0441793256131364
0.0495980898564811,0.0570335205023643,0.0380816988540665,0.0441793256131364
0.0495980898564811,0.0570335205023643,0.0380816988540665,0.0406597777357863
0.0495980898564811,0.0570335205023643,0.0380816988540665,0.0406597777357863
0.0495980898564811,0.0570335205023643,0.0380816988540665,0.0406597777357863
0.0495980898564811,0.0566113094160328,0.0380816988540665,0.0406597777357863
0.0495980898564811,0.0566113094160328,0.0392655423054749,0.0406597777357863
0.0495980898564811,0.0566113094160328,0.0392655423054749,0.0406597777357863
0.0495980898564811,0.0566113094160328,0.0392655423054749,0.0406597777357863
0.0495980898564811,0.0566113094160328,0.0392655423054749,0.0406597777357863
0.0495980898564811,0.0566113094160328,0.0392655423054749,0.0406597777357863
0.0495980898564811,0.0566113094160328,0.0392655423054749,0.0406597777357863
0.0495980898564811,0.0566113094160328,0.0392655423054749,0.0406597777357863
0.0495980898564811,0.0566113094160328,0.0392655423054749,0.0406597777357863
0.0495980898564811,0.0566113094160328,0.0392655423054749,0.0406597777357863
0.0495980898564811,0.0566113094160328,0.0392655423054749,0.0406597777357863
0.0495980898564811,0.0566113094160328,0.0392655423054749,0.0406597777357863
0.0495980898564811,0.0566113094160328,0.0392655423054749,0.0406597777357863
0.0495980898564811,0.0566113094160328,0.0392655423054749,0.0406597777357863
0.0495980898564811,0.0566113094160328,0.0392655423054749,0.0406597777357863
0.0495980898564811,0.0566113094160328,0.0392655423054749,0.0406597777357863
0.0495980898564811,0.0566113094160328,0.0392655423054749,0.0406597777357863
0.0495980898564811,0.0566113094160328,0.0392655423054749,0.0406597777357863
0.0495980898564811,0.0576465210058877,0.0392655423054749,0.0406597777357863
0.0495980898564811,0.0576465210058877,0.0392655423054749,0.0406597777357863
0.0495980898564811,0.0576465210058877,0.0392655423054749,0.0406597777357863
0.0495980898564811,0.0576465210058877,0.0392655423054749,0.0406597777357863
0.0495980898564811,0.0576465210058877,0.0392655423054749,0.0406597777357863
0.0495980898564811,0.0576465210058877,0.0392655423054749,0.0406597777357863
0.0495980898564811,0.0576465210058877,0.0392655423054749,0.0406597777357863
0.0495980898564811,0.0576465210058877,0.0392655423054749,0.0406597777357863
0.0495980898564811,0.0576465210058877,0.0392655423054749,0.0406597777357863
0.0532998251402145,0.0576465210058877,0.0393849378643186,0.0406597777357863
0.0532998251402145,0.0576465210058877,0.0393849378643186,0.0406597777357863
0.0532998251402145,0.0576465210058877,0.0393849378643186,0.0406597777357863
0.0532998251402145,0.0525333117668227,0.0393849378643186,0.0406597777357863
0.0532998251402145,0.0525333117668227,0.0393849378643186,0.0406597777357863
0.0532998251402145,0.0525333117668227,0.0393849378643186,0.0406597777357863
0.0532998251402145,0.0525333117668227,0.0393849378643186,0.0406597777357863
0.0532998251402145,0.0525333117668227,0.0393849378643186,0.0406597777357863
0.0532998251402145,0.0525333117668227,0.0393849378643186,0.0406597777357863
0.0532998251402145,0.0525333117668227,0.0393849378643186,0.0406597777357863
0.0532998251402145,0.0525333117668227,0.0393849378643186,0.0406597777357863
0.0532998251402145,0.0525333117668227,0.0393849378643186,0.0406597777357863
0.0532998251402145,0.0525333117668227,0.0393849378643186,0.0406597777357863
0.0532998251402145,0.0525333117668227,0.0393849378643186,0.0406597777357863
0.0532998251402145,0.0525333117668227,0.0378368319866536,0.0406597777357863
0.0532998251402145,0.0525333117668227,0.0378368319866536,0.0406597777357863
0.0532998251402145,0.0525333117668227,0.0378368319866536,0.0406597777357863
0.0532998251402145,0.0525333117668227,0.0378368319866536,0.0406597777357863
0.0532998251402145,0.0525333117668227,0.0378368319866536,0.0406597777357863
0.0532998251402145,0.0525333117668227,0.0378368319866536,0.0406597777357863
0.0532998251402145,0.0498711294660171,0.0378368319866536,0.0406597777357863
0.0532998251402145,0.0498711294660171,0.0378368319866536,0.0406597777357863
0.0532998251402145,0.0498711294660171,0.0378368319866536,0.0406597777357863
0.0498897961277296,0.0498711294660171,0.0378368319866536,0.0406597777357863
0.0498897961277296,0.0498711294660171,0.0378368319866536,0.0406597777357863
0.0498897961277296,0.0596182799065144,0.0378368319866536,0.0406597777357863
0.0498897961277296,0.0596182799065144,0.0378368319866536,0.0406597777357863
0.0498897961277296,0.0596182799065144,0.0378368319866536,0.0406597777357863
0.0498897961277296,0.0596182799065144,0.0378368319866536,0.0406597777357863
0.0498897961277296,0.0596182799065144,0.0378368319866536,0.0406597777357863
0.0498897961277296,0.0596182799065144,0.0378368319866536,0.0406072477968954
0.0498897961277296,0.0596182799065144,0.0378368319866536,0.0406072477968954
0.0498897961277296,0.0596182799065144,0.0378368319866536,0.0406072477968954
0.0498897961277296,0.0596182799065144,0.0378368319866536,0.0406072477968954
0.0498897961277296,0.0596182799065144,0.0378368319866536,0.0406072477968954
0.0498897961277296,0.0596182799065144,0.0378368319866536,0.0406072477968954
0.0498897961277296,0.0596182799065144,0.0378368319866536,0.0406072477968954
0.0498897961277296,0.0596182799065144,0.0378368319866536,0.0406072477968954
0.0498897961277296,0.0596182799065144,0.0378368319866536,0.0406072477968954
0.0498897961277296,0.0596182799065144,0.0378368319866536,0.0406072477968954
0.0498897961277296,0.0596182799065144,0.0378368319866536,0.0406072477968954
0.0498897961277296,0.0573071072020613,0.0378368319866536,0.0406072477968954
0.0498897961277296,0.0573071072020613,0.0378368319866536,0.04730957245472
0.0498897961277296,0.0573071072020613,0.0378368319866536,0.04730957245472
0.0498897961277296,0.0573071072020613,0.0378368319866536,0.04730957245472
0.0498897961277296,0.0573071072020613,0.0370787048004809,0.04730957245472
0.0498897961277296,0.0573071072020613,0.0370787048004809,0.04730957245472
0.0498897961277296,0.0573071072020613,0.0370787048004809,0.04730957245472
0.0498897961277296,0.0573071072020613,0.0370787048004809,0.04730957245472
0.0498897961277296,0.0573071072020613,0.0370787048004809,0.04730957245472
0.0498897961277296,0.0573071072020613,0.0370787048004809,0.04730957245472
0.0498897961277296,0.0573071072020613,0.0370787048004809,0.04730957245472
0.0498897961277296,0.0573071072020613,0.0370787048004809,0.04730957245472
0.0498897961277296,0.0510290820587367,0.0370787048004809,0.04730957245472
0.0498897961277296,0.0510290820587367,0.0370787048004809,0.04730957245472
0.0498897961277296,0.0510290820587367,0.0376769909836909,0.04730957245472
0.0498897961277296,0.0510290820587367,0.0376769909836909,0.04730957245472
0.0498897961277296,0.0510290820587367,0.0376769909836909,0.04730957245472
0.0498897961277296,0.0510290820587367,0.0376769909836909,0.04730957245472
0.0498897961277296,0.0510290820587367,0.0376769909836909,0.04730957245472
0.0470992075054005,0.0510290820587367,0.0376769909836909,0.04730957245472
0.0470992075054005,0.0510290820587367,0.0376769909836909,0.04730957245472
0.0470992075054005,0.0510290820587367,0.0376769909836909,0.04730957245472
0.0470992075054005,0.0510290820587367,0.0398050344550731,0.04730957245472
0.0470992075054005,0.0510290820587367,0.0398050344550731,0.04730957245472
0.0470992075054005,0.0571025160186265,0.0398050344550731,0.04730957245472
0.0470992075054005,0.0571025160186265,0.0398050344550731,0.04730957245472
0.0470992075054005,0.0571025160186265,0.0398050344550731,0.04730957245472
0.0470992075054005,0.0571025160186265,0.0398050344550731,0.04730957245472
0.0470992075054005,0.0571025160186265,0.0398050344550731,0.04730957245472
0.0470992075054005,0.0571025160186265,0.0398050344550731,0.04730957245472
0.0470992075054005,0.0571025160186265,0.0398050344550731,0.0455703358877813
0.0470992075054005,0.0571025160186265,0.0398050344550731,0.0454760995603225
0.0470992075054005,0.0571025160186265,0.0398050344550731,0.0454760995603225
0.0470992075054005,0.0571025160186265,0.0398050344550731,0.0454760995603225
0.0470992075054005,0.0571025160186265,0.0398050344550731,0.0454760995603225
0.0470992075054005,0.0571025160186265,0.0398050344550731,0.0454760995603225
0.0470992075054005,0.0571025160186265,0.0398050344550731,0.0454760995603225
0.0470992075054005,0.0571025160186265,0.0421691408865534,0.0454760995603225
0.0470992075054005,0.0571025160186265,0.0421691408865534,0.0454760995603225
0.0470992075054005,0.0571025160186265,0.0421691408865534,0.0454760995603225
0.0470992075054005,0.0571025160186265,0.0421691408865534,0.0454760995603225
0.0470992075054005,0.0571025160186265,0.0421691408865534,0.048528743457713
0.0470992075054005,0.0571025160186265,0.0421691408865534,0.048528743457713
0.0470992075054005,0.0571025160186265,0.0421691408865534,0.048528743457713
0.0470992075054005,0.0571025160186265,0.0421691408865534,0.048528743457713
0.0470992075054005,0.0571025160186265,0.0421691408865534,0.048528743457713
0.0470992075054005,0.0571025160186265,0.0421691408865534,0.048528743457713
0.0478342317860597,0.0571025160186265,0.0421691408865534,0.048528743457713
0.0478342317860597,0.0571025160186265,0.0421691408865534,0.048528743457713
0.0478342317860597,0.0571025160186265,0.0421691408865534,0.0451323768287532
0.0478342317860597,0.0571025160186265,0.0421691408865534,0.0451323768287532
0.0478342317860597,0.0571025160186265,0.040932444847691,0.0451323768287532
0.0478342317860597,0.0571025160186265,0.040932444847691,0.0451323768287532
0.0478342317860597,0.0571025160186265,0.040932444847691,0.0451323768287532
0.0478342317860597,0.0571025160186265,0.040932444847691,0.0451323768287532
0.0478342317860597,0.0571025160186265,0.040932444847691,0.0451323768287532
0.0478342317860597,0.0571622026293245,0.040932444847691,0.0451323768287532
0.0478342317860597,0.0571622026293245,0.040932444847691,0.0451323768287532
0.0478342317860597,0.0571622026293245,0.040932444847691,0.0451323768287532
0.04990595209469,0.0571622026293245,0.040932444847691,0.0451323768287532
0.04990595209469,0.0571622026293245,0.040932444847691,0.0451323768287532
0.04990595209469,0.0571622026293245,0.040932444847691,0.0451323768287532
0.04990595209469,0.0571622026293245,0.040932444847691,0.0451323768287532
0.04990595209469,0.0571622026293245,0.040932444847691,0.0451323768287532
0.04990595209469,0.0571622026293245,0.040932444847691,0.0451323768287532
0.04990595209469,0.0571622026293245,0.040932444847691,0.0451323768287532
0.04990595209469,0.0571622026293245,0.040932444847691,0.0451323768287532
0.04990595209469,0.0571622026293245,0.040932444847691,0.0451323768287532
0.04990595209469,0.0571622026293245,0.040932444847691,0.0451323768287532
0.04990595209469,0.0571622026293245,0.040932444847691,0.0451323768287532
0.04990595209469,0.0571622026293245,0.040932444847691,0.0451323768287532
0.04990595209469,0.0571622026293245,0.040932444847691,0.0451323768287532
0.04990595209469,0.0571622026293245,0.040932444847691,0.0451323768287532
0.04990595209469,0.0571622026293245,0.040932444847691,0.0451323768287532
0.04990595209469,0.0571622026293245,0.040932444847691,0.0451323768287532
0.04990595209469,0.0571622026293245,0.040932444847691,0.0451323768287532
0.04990595209469,0.0571622026293245,0.040932444847691,0.0451323768287532
0.04990595209469,0.0486482744645348,0.040932444847691,0.0451323768287532
0.04990595209469,0.0486482744645348,0.040932444847691,0.0451323768287532
0.04990595209469,0.0486482744645348,0.040932444847691,0.0451323768287532
0.04990595209469,0.0486482744645348,0.040932444847691,0.0451323768287532
0.04990595209469,0.0486482744645348,0.040932444847691,0.0451323768287532
0.04990595209469,0.0486482744645348,0.040932444847691,0.0451323768287532
0.04990595209469,0.0486482744645348,0.040932444847691,0.0451323768287532
0.04990595209469,0.0486482744645348,0.040932444847691,0.0463241238017403
0.04990595209469,0.0486482744645348,0.0386674580971608,0.0463241238017403
0.04990595209469,0.0486482744645348,0.0386674580971608,0.0463241238017403
0.04990595209469,0.0486482744645348,0.0386674580971608,0.0463241238017403
0.04990595209469,0.0486482744645348,0.0386674580971608,0.0463241238017403
0.04990595209469,0.0486482744645348,0.0357387993775334,0.0463241238017403
0.04990595209469,0.0486482744645348,0.0357387993775334,0.0463241238017403
0.04990595209469,0.0486482744645348,0.0357387993775334,0.0463241238017403
0.04990595209469,0.0486482744645348,0.0357387993775334,0.0463241238017403
0.04990595209469,0.0486482744645348,0.0357387993775334,0.0463241238017403
0.04990595209469,0.0486482744645348,0.0357387993775334,0.0463241238017403
0.04990595209469,0.0486482744645348,0.0357387993775334,0.0463241238017403
0.04990595209469,0.0486482744645348,0.0357387993775334,0.0463241238017403
0.04990595209469,0.0486482744645348,0.0357387993775334,0.0463241238017403
0.04990595209469,0.046961577409455,0.0357387993775334,0.0463241238017403
0.04990595209469,0.046961577409455,0.0357387993775334,0.0463241238017403
0.04990595209469,0.046961577409455,0.0357387993775334,0.0463241238017403
0.04990595209469,0.046961577409455,0.0357387993775334,0.0463241238017403
0.04990595209469,0.046961577409455,0.0357387993775334,0.0463241238017403
0.04990595209469,0.046961577409455,0.0357387993775334,0.0463241238017403
0.04990595209469,0.046961577409455,0.0357387993775334,0.0463241238017403
0.04990595209469,0.046961577409455,0.0357387993775334,0.0542663415468501
0.04990595209469,0.046961577409455,0.0357387993775334,0.0542663415468501
0.04990595209469,0.046961577409455,0.0357387993775334,0.0542663415468501
0.04990595209469,0.046961577409455,0.0357387993775334,0.0542663415468501
0.04990595209469,0.046961577409455,0.0357387993775334,0.0542663415468501
0.04990595209469,0.046961577409455,0.0357387993775334,0.0542663415468501
0.04990595209469,0.046961577409455,0.0357387993775334,0.0542663415468501
0.04990595209469,0.046961577409455,0.0357387993775334,0.0542663415468501
0.04990595209469,0.046961577409455,0.0357387993775334,0.0542663415468501
0.04990595209469,0.046961577409455,0.0357387993775334,0.0542663415468501
0.04990595209469,0.046961577409455,0.0357387993775334,0.0542663415468501
0.04990595209469,0.046961577409455,0.0357387993775334,0.0542663415468501
0.04990595209469,0.046961577409455,0.0357387993775334,0.0542663415468501
0.04990595209469,0.046961577409455,0.0357387993775334,0.0542663415468501
0.04990595209469,0.046961577409455,0.0357387993775334,0.0542663415468501
0.04990595209469,0.046961577409455,0.0357387993775334,0.0542663415468501
0.04990595209469,0.046961577409455,0.0357387993775334,0.0542663415468501
0.04990595209469,0.046961577409455,0.0357387993775334,0.0542663415468501
0.04990595209469,0.046961577409455,0.0357387993775334,0.0542663415468501
0.04990595209469,0.046961577409455,0.0357387993775334,0.0542663415468501
0.04990595209469,0.046961577409455,0.0357387993775334,0.05094348730865
0.04990595209469,0.046961577409455,0.0357387993775334,0.05094348730865
0.04990595209469,0.046961577409455,0.0357387993775334,0.05094348730865
0.04990595209469,0.046961577409455,0.0357387993775334,0.05094348730865
0.04990595209469,0.046961577409455,0.0357387993775334,0.05094348730865
0.04990595209469,0.046961577409455,0.0357387993775334,0.05094348730865
0.04990595209469,0.046961577409455,0.0357387993775334,0.05094348730865
0.04990595209469,0.046961577409455,0.0357387993775334,0.05094348730865
0.04990595209469,0.046961577409455,0.0357387993775334,0.05094348730865
0.04990595209469,0.046961577409455,0.0357387993775334,0.05094348730865
0.04990595209469,0.046961577409455,0.0357387993775334,0.05094348730865
0.04990595209469,0.046961577409455,0.0357387993775334,0.05094348730865
0.04990595209469,0.046961577409455,0.0357387993775334,0.05094348730865
0.04990595209469,0.046961577409455,0.0357387993775334,0.05094348730865
0.04990595209469,0.046961577409455,0.0357387993775334,0.05094348730865
0.04990595209469,0.046961577409455,0.0357387993775334,0.05094348730865
0.04990595209469,0.046961577409455,0.0357387993775334,0.05094348730865
0.04990595209469,0.046961577409455,0.0357387993775334,0.05094348730865
0.04990595209469,0.046961577409455,0.0357387993775334,0.05094348730865
0.04990595209469,0.046961577409455,0.0357387993775334,0.05094348730865
0.04990595209469,0.046961577409455,0.0357387993775334,0.05094348730865
0.04990595209469,0.046961577409455,0.0357387993775334,0.05094348730865
0.04990595209469,0.046961577409455,0.0357387993775334,0.05094348730865
0.04990595209469,0.046961577409455,0.0357387993775334,0.05094348730865
0.04990595209469,0.046961577409455,0.0357387993775334,0.05094348730865
0.04990595209469,0.046961577409455,0.0357387993775334,0.05094348730865
0.04990595209469,0.046961577409455,0.0357387993775334,0.05094348730865
0.04990595209469,0.046961577409455,0.0357387993775334,0.05094348730865
0.04990595209469,0.0449260980360838,0.0357387993775334,0.05094348730865
0.04990595209469,0.0449260980360838,0.0393718827998845,0.05094348730865
0.04990595209469,0.0449260980360838,0.0393718827998845,0.0448327200793103
0.04990595209469,0.0449260980360838,0.0393718827998845,0.0448327200793103
0.04990595209469,0.0449260980360838,0.0393718827998845,0.0448327200793103
0.04990595209469,0.0449260980360838,0.0393718827998845,0.0448327200793103
0.04990595209469,0.0449260980360838,0.0393718827998845,0.0448327200793103
0.04990595209469,0.0449260980360838,0.0393718827998845,0.0448327200793103
0.04990595209469,0.0449260980360838,0.0393718827998845,0.0448327200793103
0.04990595209469,0.0449260980360838,0.0393718827998845,0.0448327200793103
0.04990595209469,0.0449260980360838,0.0393718827998845,0.0448327200793103
0.04990595209469,0.0449260980360838,0.0393718827998845,0.0448327200793103
0.04990595209469,0.0449260980360838,0.0393718827998845,0.0448327200793103
0.04990595209469,0.0449260980360838,0.0393718827998845,0.0448327200793103
0.04990595209469,0.0449260980360838,0.0393718827998845,0.0448327200793103
0.04990595209469,0.0449260980360838,0.0393718827998845,0.0448327200793103
0.04990595209469,0.0449260980360838,0.0393718827998845,0.0448327200793103
0.04990595209469,0.0449260980360838,0.0393718827998845,0.0448327200793103
0.04990595209469,0.0449260980360838,0.0393718827998845,0.0448327200793103
0.04990595209469,0.0449260980360838,0.0393718827998845,0.0448327200793103
0.04990595209469,0.0449260980360838,0.0393718827998845,0.0448327200793103
0.04990595209469,0.042994813799023,0.0393718827998845,0.0448327200793103
0.04990595209469,0.042994813799023,0.0393718827998845,0.0448327200793103
0.04990595209469,0.042994813799023,0.0393718827998845,0.0448327200793103
0.04990595209469,0.042994813799023,0.0393718827998845,0.0448327200793103
0.04990595209469,0.042994813799023,0.0393718827998845,0.0448327200793103
0.04990595209469,0.042994813799023,0.0393718827998845,0.0448327200793103
0.04990595209469,0.042994813799023,0.0393718827998845,0.049568131674995
0.04990595209469,0.042994813799023,0.0393718827998845,0.0511778777289083
0.04990595209469,0.042994813799023,0.0393718827998845,0.0511778777289083
0.04990595209469,0.042994813799023,0.0393718827998845,0.0511778777289083
0.04990595209469,0.042994813799023,0.0393718827998845,0.0511778777289083
0.04990595209469,0.042994813799023,0.0393718827998845,0.0511778777289083
0.04990595209469,0.042994813799023,0.0393718827998845,0.0511778777289083
0.04990595209469,0.042994813799023,0.0393718827998845,0.0511778777289083
0.04990595209469,0.042994813799023,0.0393718827998845,0.0511778777289083
0.04990595209469,0.042994813799023,0.0393718827998845,0.0511778777289083
0.04990595209469,0.042994813799023,0.0393718827998845,0.0511778777289083
0.04990595209469,0.042994813799023,0.0393718827998845,0.0511778777289083
0.04990595209469,0.042994813799023,0.0393718827998845,0.0511778777289083
0.04990595209469,0.042994813799023,0.0393718827998845,0.0387216183223833
0.04990595209469,0.042994813799023,0.0393718827998845,0.0387216183223833
0.04990595209469,0.042994813799023,0.0393718827998845,0.0387216183223833
0.04990595209469,0.042994813799023,0.0393718827998845,0.0387216183223833
0.04990595209469,0.042994813799023,0.0393718827998845,0.0387216183223833
0.04990595209469,0.0419830937460072,0.0393718827998845,0.0387216183223833
0.04990595209469,0.0419830937460072,0.0393718827998845,0.0387216183223833
0.04990595209469,0.0419830937460072,0.0393718827998845,0.0387216183223833
0.04990595209469,0.0419830937460072,0.0393718827998845,0.0387216183223833
0.04990595209469,0.0419830937460072,0.0393718827998845,0.0387216183223833
0.04990595209469,0.0419830937460072,0.0393718827998845,0.0387216183223833
0.04990595209469,0.0419830937460072,0.0393718827998845,0.0387216183223833
0.04990595209469,0.0419830937460072,0.0393718827998845,0.0379476710230265
0.04990595209469,0.0419830937460072,0.0393718827998845,0.0379476710230265
0.04990595209469,0.0419830937460072,0.0393718827998845,0.0379476710230265
0.04990595209469,0.0419830937460072,0.0393718827998845,0.0379476710230265
0.04990595209469,0.0419830937460072,0.0393718827998845,0.0403884692384196
0.04990595209469,0.0419830937460072,0.0393718827998845,0.0403884692384196
0.04990595209469,0.0419830937460072,0.0393718827998845,0.0403884692384196
0.04990595209469,0.0419830937460072,0.0393718827998845,0.0403884692384196
0.04990595209469,0.0419830937460072,0.0393718827998845,0.0403884692384196
0.04990595209469,0.0419830937460072,0.0393718827998845,0.0403884692384196
0.04990595209469,0.0439837051776312,0.0393718827998845,0.0443644923880128
0.04990595209469,0.0392422977872837,0.0393718827998845,0.0443644923880128
0.04990595209469,0.0392422977872837,0.0393718827998845,0.0443644923880128
0.04990595209469,0.0392422977872837,0.0393718827998845,0.0443644923880128
0.04990595209469,0.0392422977872837,0.0393718827998845,0.0443644923880128
0.04990595209469,0.0392422977872837,0.0393718827998845,0.0443644923880128
0.04990595209469,0.0392422977872837,0.0393718827998845,0.0443644923880128
0.04990595209469,0.0411802505807367,0.0393718827998845,0.0443644923880128
0.04990595209469,0.0443885736360942,0.0393718827998845,0.0443644923880128
0.04990595209469,0.0443885736360942,0.0393718827998845,0.0443644923880128
0.04990595209469,0.0443885736360942,0.0393718827998845,0.0443644923880128
0.04990595209469,0.0443885736360942,0.0393718827998845,0.0443644923880128
0.04990595209469,0.0443885736360942,0.0393718827998845,0.0443644923880128
0.04990595209469,0.0443885736360942,0.0393718827998845,0.0443644923880128
0.04990595209469,0.0443885736360942,0.0393718827998845,0.0350624268898525
0.04990595209469,0.0443885736360942,0.0393718827998845,0.0350624268898525
0.04990595209469,0.0443885736360942,0.0393718827998845,0.0350624268898525
0.04990595209469,0.0443885736360942,0.0393718827998845,0.0350624268898525
0.04990595209469,0.0465260169799263,0.0393718827998845,0.0350624268898525
0.04990595209469,0.0465260169799263,0.0393718827998845,0.0350624268898525
0.04990595209469,0.0465260169799263,0.0393718827998845,0.0350624268898525
0.04990595209469,0.0465260169799263,0.0393718827998845,0.0350624268898525
0.04990595209469,0.0436949600029927,0.0393718827998845,0.0350624268898525
0.0508907653082716,0.0436949600029927,0.0393718827998845,0.0350624268898525
0.0508907653082716,0.0436949600029927,0.0393718827998845,0.0350624268898525
0.0508907653082716,0.0436949600029927,0.0393718827998845,0.0350624268898525
0.0508907653082716,0.0436949600029927,0.0393718827998845,0.0350624268898525
0.0508907653082716,0.0436949600029927,0.0393718827998845,0.0350624268898525
0.0508907653082716,0.0436949600029927,0.0393718827998845,0.0350624268898525
0.0508907653082716,0.0436949600029927,0.0393718827998845,0.0350624268898525
0.0508907653082716,0.0436949600029927,0.0393718827998845,0.0350624268898525
0.0508907653082716,0.0436949600029927,0.0393718827998845,0.0350624268898525
0.0508907653082716,0.0436949600029927,0.0393718827998845,0.0350624268898525
0.0508907653082716,0.0436949600029927,0.0393718827998845,0.0350624268898525
0.0508907653082716,0.0436949600029927,0.0393718827998845,0.0350624268898525
0.0508907653082716,0.0436949600029927,0.0393718827998845,0.0350624268898525
0.0508907653082716,0.0436949600029927,0.0393718827998845,0.0350624268898525
0.0508907653082716,0.0436949600029927,0.0393718827998845,0.0350624268898525
0.0508907653082716,0.0431184714618488,0.0393718827998845,0.0350624268898525
0.0508907653082716,0.0431184714618488,0.0393718827998845,0.0350624268898525
0.0508907653082716,0.0431184714618488,0.0393718827998845,0.0350624268898525
0.0508907653082716,0.0431184714618488,0.0393718827998845,0.0350624268898525
0.0508907653082716,0.0463543628652485,0.0393718827998845,0.0366538323724861
0.0508907653082716,0.0463543628652485,0.0393718827998845,0.0366538323724861
0.0508907653082716,0.0463543628652485,0.0393718827998845,0.0366538323724861
0.0508907653082716,0.0463543628652485,0.0393718827998845,0.0366538323724861
0.0508907653082716,0.0463543628652485,0.0393718827998845,0.0366538323724861
0.0508907653082716,0.0463543628652485,0.0393718827998845,0.0366538323724861
0.0508907653082716,0.0463543628652485,0.0399569332784867,0.0366538323724861
0.0508907653082716,0.0463543628652485,0.0399569332784867,0.0366538323724861
0.0508907653082716,0.0463543628652485,0.0399569332784867,0.0366538323724861
0.0508907653082716,0.0463543628652485,0.0399569332784867,0.0366538323724861
0.0508907653082716,0.0463543628652485,0.0399569332784867,0.0366538323724861
0.0508907653082716,0.0463543628652485,0.0399569332784867,0.0366538323724861
0.0508907653082716,0.0463543628652485,0.0399569332784867,0.0366538323724861
0.0508907653082716,0.0463543628652485,0.0399569332784867,0.0366538323724861
0.0508907653082716,0.0463543628652485,0.0399569332784867,0.0366538323724861
0.0508907653082716,0.0463543628652485,0.0399569332784867,0.0366538323724861
0.0508907653082716,0.0463543628652485,0.0399569332784867,0.0366538323724861
0.0508907653082716,0.0463543628652485,0.0399569332784867,0.0366538323724861
0.0508907653082716,0.0463543628652485,0.0399569332784867,0.0366538323724861
0.0508907653082716,0.0463543628652485,0.0399569332784867,0.0366538323724861
0.0508907653082716,0.0463543628652485,0.0399569332784867,0.0366538323724861
0.0508907653082716,0.0463543628652485,0.0399569332784867,0.0366538323724861
0.0508907653082716,0.0463543628652485,0.0399569332784867,0.0366538323724861
0.0508907653082716,0.0463543628652485,0.0399569332784867,0.0330749812106875
0.0508907653082716,0.0463543628652485,0.0399569332784867,0.0330749812106875
0.0508907653082716,0.0463543628652485,0.0399569332784867,0.0330749812106875
0.0508907653082716,0.0463543628652485,0.0399569332784867,0.0330749812106875
0.0508907653082716,0.0463543628652485,0.0399569332784867,0.0330749812106875
0.0508907653082716,0.0432585778924429,0.0399569332784867,0.0330749812106875
0.0508907653082716,0.0432585778924429,0.0399569332784867,0.0330749812106875
0.0508907653082716,0.0432585778924429,0.0399569332784867,0.0330749812106875
0.0508907653082716,0.0432585778924429,0.0399569332784867,0.0330749812106875
0.0508907653082716,0.0432585778924429,0.0399569332784867,0.0330749812106875
0.0508907653082716,0.0432585778924429,0.0399569332784867,0.0330749812106875
0.0500250567107342,0.0432585778924429,0.0399569332784867,0.0330749812106875
0.0500250567107342,0.0432585778924429,0.0399569332784867,0.0330749812106875
0.0500250567107342,0.0432585778924429,0.0399569332784867,0.0330749812106875
0.0500250567107342,0.0432585778924429,0.0399569332784867,0.0330749812106875
0.0500250567107342,0.0432585778924429,0.0399569332784867,0.0330749812106875
0.0510964049162226,0.0432585778924429,0.0399569332784867,0.0330749812106875
0.0510964049162226,0.0451515380610038,0.0399569332784867,0.0330749812106875
0.0510964049162226,0.0451515380610038,0.0399569332784867,0.0330749812106875
0.0510964049162226,0.0451515380610038,0.0399569332784867,0.0330749812106875
0.0510964049162226,0.0451515380610038,0.0399569332784867,0.0330749812106875
0.0510964049162226,0.0451515380610038,0.0399569332784867,0.0330749812106875
0.0510964049162226,0.0451515380610038,0.0399569332784867,0.0330749812106875
0.0510964049162226,0.0451515380610038,0.0399569332784867,0.0330749812106875
0.0510964049162226,0.0451515380610038,0.0399569332784867,0.0330749812106875
0.0510964049162226,0.0451515380610038,0.0399569332784867,0.0330749812106875
0.0510964049162226,0.0451515380610038,0.0399569332784867,0.0330749812106875
0.0510964049162226,0.0451515380610038,0.0399569332784867,0.0330749812106875
0.0510964049162226,0.0451515380610038,0.0399569332784867,0.0330749812106875
0.0510964049162226,0.0451515380610038,0.0399569332784867,0.0330749812106875
0.0510964049162226,0.0451515380610038,0.0399569332784867,0.0330749812106875
0.0510964049162226,0.0451515380610038,0.0399569332784867,0.0330749812106875
0.0510964049162226,0.0451515380610038,0.0399569332784867,0.0330749812106875
0.0510964049162226,0.0451515380610038,0.0399569332784867,0.0330749812106875
0.0510964049162226,0.0451515380610038,0.0399569332784867,0.0330749812106875
0.0510964049162226,0.0451515380610038,0.0399569332784867,0.0313222794000388
0.0510964049162226,0.0451515380610038,0.0399569332784867,0.0313222794000388
0.0510964049162226,0.0474357911310447,0.0399569332784867,0.0313222794000388
0.0510964049162226,0.0474357911310447,0.0399569332784867,0.0313222794000388
0.0510964049162226,0.0474357911310447,0.0399569332784867,0.0313222794000388
0.0510964049162226,0.0474357911310447,0.0399569332784867,0.0313222794000388
0.0510964049162226,0.0474357911310447,0.0399569332784867,0.0313222794000388
0.0510964049162226,0.0474357911310447,0.0429303678698586,0.0313222794000388
0.0510964049162226,0.0474357911310447,0.0429303678698586,0.0313222794000388
0.0510964049162226,0.0474357911310447,0.0429303678698586,0.0313222794000388
0.0510964049162226,0.0474357911310447,0.0429303678698586,0.0313222794000388
0.0510964049162226,0.0474357911310447,0.0429303678698586,0.0313222794000388
0.0510964049162226,0.0474357911310447,0.0429303678698586,0.0313222794000388
0.0510964049162226,0.0474357911310447,0.0429303678698586,0.0313222794000388
0.0510964049162226,0.0474357911310447,0.0429303678698586,0.0313222794000388
0.0510964049162226,0.0474357911310447,0.0429303678698586,0.0313222794000388
0.0510964049162226,0.0474357911310447,0.0429303678698586,0.0313222794000388
0.0510964049162226,0.0474357911310447,0.0429303678698586,0.0313222794000388
0.0510964049162226,0.0474357911310447,0.0429303678698586,0.0313222794000388
0.0510964049162226,0.0474357911310447,0.0429303678698586,0.0313222794000388
0.0510964049162226,0.0474357911310447,0.0429303678698586,0.0313222794000388
0.0510964049162226,0.0474357911310447,0.0429303678698586,0.0313222794000388
0.0510964049162226,0.0474357911310447,0.0429303678698586,0.0313222794000388
0.0510964049162226,0.0474357911310447,0.0429303678698586,0.0313222794000388
0.0510964049162226,0.0474357911310447,0.0429303678698586,0.0313222794000388
0.0510964049162226,0.0474357911310447,0.0429303678698586,0.0313222794000388
0.0510964049162226,0.0474357911310447,0.0429303678698586,0.0313222794000388
0.0510964049162226,0.0474357911310447,0.0429303678698586,0.0313222794000388
0.0510964049162226,0.0474357911310447,0.0429303678698586,0.0313222794000388
0.0510964049162226,0.0474357911310447,0.0429303678698586,0.0313222794000388
0.0510964049162226,0.0474357911310447,0.0429303678698586,0.0368150695590711
0.0510964049162226,0.0474357911310447,0.0429303678698586,0.0356968131315529
0.0510964049162226,0.0474357911310447,0.0429303678698586,0.0356968131315529
0.0510964049162226,0.0474357911310447,0.0429303678698586,0.0356968131315529
0.0526109525681677,0.0474357911310447,0.0429303678698586,0.0356968131315529
0.0526109525681677,0.0474357911310447,0.0429303678698586,0.0356968131315529
0.0526109525681677,0.0474357911310447,0.0429303678698586,0.0356968131315529
0.0526109525681677,0.0474357911310447,0.0429303678698586,0.0356968131315529
0.0526109525681677,0.0474357911310447,0.0429303678698586,0.0356968131315529
0.0526109525681677,0.0474357911310447,0.0429303678698586,0.0356968131315529
0.0526109525681677,0.0474357911310447,0.0429303678698586,0.0356968131315529
0.0526109525681677,0.0474357911310447,0.0429303678698586,0.0356968131315529
0.0526109525681677,0.0474357911310447,0.0429303678698586,0.0356968131315529
0.0526109525681677,0.0474357911310447,0.0429303678698586,0.0356968131315529
0.0526109525681677,0.0474357911310447,0.0429303678698586,0.0361742471575685
0.0526109525681677,0.0474357911310447,0.0429303678698586,0.0361742471575685
0.0526109525681677,0.0474357911310447,0.0429303678698586,0.0361742471575685
0.0526109525681677,0.0474357911310447,0.0429303678698586,0.0361742471575685
0.0526109525681677,0.0474357911310447,0.0429303678698586,0.0361742471575685
0.0526109525681677,0.0474357911310447,0.0429303678698586,0.0361742471575685
0.0526109525681677,0.0474357911310447,0.0429303678698586,0.0361742471575685
0.0526109525681677,0.0474357911310447,0.0429303678698586,0.0361742471575685
0.0526109525681677,0.0474357911310447,0.0429303678698586,0.0361742471575685
0.0526109525681677,0.0474357911310447,0.0429303678698586,0.0423250934141982
0.0526109525681677,0.0474357911310447,0.0429303678698586,0.0423250934141982
0.0526109525681677,0.0429158248293296,0.0429303678698586,0.0423250934141982
0.0526109525681677,0.0429158248293296,0.0429303678698586,0.0423250934141982
0.0526109525681677,0.0429158248293296,0.0429303678698586,0.0423250934141982
0.0526109525681677,0.0429158248293296,0.0429303678698586,0.0423250934141982
0.0526109525681677,0.0429158248293296,0.0429303678698586,0.0416066259853485
0.0526109525681677,0.0429158248293296,0.0429303678698586,0.0416066259853485
0.0526109525681677,0.0429158248293296,0.0429795082799731,0.0416066259853485
0.0526109525681677,0.0429158248293296,0.0429795082799731,0.0416066259853485
0.0526109525681677,0.0429158248293296,0.0429795082799731,0.0416066259853485
0.0526109525681677,0.0429158248293296,0.0429795082799731,0.0416066259853485
0.0526109525681677,0.0429158248293296,0.0429795082799731,0.0416066259853485
0.0526109525681677,0.0429158248293296,0.0429795082799731,0.0416066259853485
0.0526109525681677,0.0429158248293296,0.0429795082799731,0.0416066259853485
0.0526109525681677,0.0429158248293296,0.0429795082799731,0.0416066259853485
0.0526109525681677,0.0429158248293296,0.0429795082799731,0.0416066259853485
0.0526109525681677,0.0429158248293296,0.0429795082799731,0.0416066259853485
0.0526109525681677,0.0429158248293296,0.0429795082799731,0.0416066259853485
0.0526109525681677,0.0429158248293296,0.0429795082799731,0.0416066259853485
0.0526109525681677,0.0429158248293296,0.0429795082799731,0.0416066259853485
0.0526109525681677,0.0429158248293296,0.0429795082799731,0.0416066259853485
0.0526109525681677,0.0429158248293296,0.0429795082799731,0.0416066259853485
0.0526109525681677,0.0429158248293296,0.0429795082799731,0.0416066259853485
0.0526109525681677,0.0429158248293296,0.0429795082799731,0.0416066259853485
0.0526109525681677,0.0429158248293296,0.0429795082799731,0.0416066259853485
0.0526109525681677,0.0429158248293296,0.0429795082799731,0.0416066259853485
0.0526109525681677,0.0429158248293296,0.0429795082799731,0.0416066259853485
0.0526109525681677,0.0429158248293296,0.0429795082799731,0.0416066259853485
0.0526109525681677,0.0429158248293296,0.0429795082799731,0.0416066259853485
0.0526109525681677,0.0429158248293296,0.0429795082799731,0.0416066259853485
0.0526109525681677,0.0429158248293296,0.0429795082799731,0.0416066259853485
0.0526109525681677,0.0429158248293296,0.0429795082799731,0.0416066259853485
0.0526109525681677,0.0429158248293296,0.0429795082799731,0.0416066259853485
0.0526109525681677,0.0429158248293296,0.0429795082799731,0.0416066259853485
0.0526109525681677,0.0429158248293296,0.0429795082799731,0.0416066259853485
0.0526109525681677,0.0429158248293296,0.0429795082799731,0.0416066259853485
0.0526109525681677,0.0429158248293296,0.0429795082799731,0.0466727524200119
0.0526109525681677,0.0429158248293296,0.0429795082799731,0.0466727524200119
0.0526109525681677,0.0429158248293296,0.0429795082799731,0.0466727524200119
0.0526109525681677,0.0429158248293296,0.0429795082799731,0.0466727524200119
0.0526109525681677,0.0429158248293296,0.0429795082799731,0.0466727524200119
0.0526109525681677,0.0429158248293296,0.0429795082799731,0.0466727524200119
0.0526109525681677,0.0429158248293296,0.0429795082799731,0.0466727524200119
0.0526109525681677,0.0429158248293296,0.0429795082799731,0.0466727524200119
0.0526109525681677,0.0429158248293296,0.0429795082799731,0.0466727524200119
0.0526109525681677,0.0429158248293296,0.0429795082799731,0.0466727524200119
0.0526109525681677,0.0429158248293296,0.0429795082799731,0.0466727524200119
0.0526109525681677,0.0429158248293296,0.0429795082799731,0.0466727524200119
0.0526109525681677,0.0429158248293296,0.0429795082799731,0.0466727524200119
0.0526109525681677,0.0429158248293296,0.0429795082799731,0.0466727524200119
0.0526109525681677,0.0429158248293296,0.0429795082799731,0.0460862001269418
0.0526109525681677,0.0429158248293296,0.0429795082799731,0.0460862001269418
0.0526109525681677,0.0429158248293296,0.0429795082799731,0.0350007021319235
0.0526109525681677,0.0429158248293296,0.0429795082799731,0.0350007021319235
0.0526109525681677,0.0429158248293296,0.0429795082799731,0.0350007021319235
0.0526109525681677,0.0429158248293296,0.0429795082799731,0.0350007021319235
0.0526109525681677,0.0429158248293296,0.0429795082799731,0.0350007021319235
0.0526109525681677,0.0429158248293296,0.0429795082799731,0.0350007021319235
0.0526109525681677,0.0429158248293296,0.0429795082799731,0.0350007021319235
0.0526109525681677,0.0429158248293296,0.0429795082799731,0.0401478679025758
0.0526109525681677,0.0429158248293296,0.0429795082799731,0.0401478679025758
0.0526109525681677,0.0429158248293296,0.0429795082799731,0.0401478679025758
0.0526109525681677,0.0429158248293296,0.0429795082799731,0.0401478679025758
0.0526109525681677,0.0498477073858666,0.0429795082799731,0.0401478679025758
0.0526109525681677,0.0498477073858666,0.0429795082799731,0.0401478679025758
0.0526109525681677,0.0513715832192949,0.0429795082799731,0.0401478679025758
0.0526109525681677,0.0513715832192949,0.0429795082799731,0.0401478679025758
0.0526109525681677,0.0513715832192949,0.0429795082799731,0.0401478679025758
0.0526109525681677,0.0513715832192949,0.0429795082799731,0.0401478679025758
0.0526109525681677,0.0513715832192949,0.0429795082799731,0.0401478679025758
0.0526109525681677,0.0513715832192949,0.0429795082799731,0.0401478679025758
0.0526109525681677,0.0513715832192949,0.0429795082799731,0.0401478679025758
0.0526109525681677,0.0513715832192949,0.0429795082799731,0.0401478679025758
0.0526109525681677,0.0513715832192949,0.0426986764165821,0.0401478679025758
0.0526109525681677,0.0513715832192949,0.0426986764165821,0.0401478679025758
0.0526109525681677,0.0500220471848163,0.0426986764165821,0.0401478679025758
0.0526109525681677,0.0500220471848163,0.0426986764165821,0.0401478679025758
0.0526109525681677,0.0500220471848163,0.0426986764165821,0.0401478679025758
0.0526109525681677,0.0463045815523574,0.0426986764165821,0.0401478679025758
0.0526109525681677,0.0463045815523574,0.0426986764165821,0.0401478679025758
0.0526109525681677,0.0463045815523574,0.0426986764165821,0.0401478679025758
0.0526109525681677,0.0463045815523574,0.0426986764165821,0.0401478679025758
0.0526109525681677,0.0463045815523574,0.0426986764165821,0.0401478679025758
0.0526109525681677,0.0518141512835477,0.0426986764165821,0.0401478679025758
0.0526109525681677,0.0518141512835477,0.0426986764165821,0.0401478679025758
0.0526109525681677,0.0518141512835477,0.0426986764165821,0.0401478679025758
0.0526109525681677,0.0518141512835477,0.0426986764165821,0.0401478679025758
0.0526109525681677,0.0518141512835477,0.0417305248418906,0.0401478679025758
0.0526109525681677,0.0518141512835477,0.0423571639695808,0.0401478679025758
0.0526109525681677,0.0518141512835477,0.0423571639695808,0.0401478679025758
0.0526109525681677,0.0518141512835477,0.0423571639695808,0.0401478679025758
0.0526109525681677,0.0518141512835477,0.0423571639695808,0.0401478679025758
0.0526109525681677,0.0518141512835477,0.0423571639695808,0.0401478679025758
0.0526109525681677,0.0518141512835477,0.0423571639695808,0.0401478679025758
0.0526109525681677,0.0518141512835477,0.0423571639695808,0.0401478679025758
0.0526109525681677,0.0518141512835477,0.0423571639695808,0.0401478679025758
0.0526109525681677,0.0518141512835477,0.0423571639695808,0.0401478679025758
0.0526109525681677,0.0518141512835477,0.0423571639695808,0.0401478679025758
0.0526109525681677,0.0518141512835477,0.0423571639695808,0.0401478679025758
0.0526109525681677,0.0575839018280055,0.0423571639695808,0.0401478679025758
0.0526109525681677,0.0575839018280055,0.0423571639695808,0.0396370929991239
0.0526109525681677,0.0575839018280055,0.0423571639695808,0.0396370929991239
0.0526109525681677,0.0575839018280055,0.0409252297049604,0.0396370929991239
0.0526109525681677,0.0575839018280055,0.0409252297049604,0.0396370929991239
0.0526109525681677,0.0575839018280055,0.0409252297049604,0.0396370929991239
0.0526109525681677,0.0575839018280055,0.0409252297049604,0.0396370929991239
0.0526109525681677,0.0575839018280055,0.0409252297049604,0.0396370929991239
0.0526109525681677,0.0575839018280055,0.0409252297049604,0.0396370929991239
0.0526109525681677,0.0575839018280055,0.0409252297049604,0.0396370929991239
0.0526109525681677,0.0575839018280055,0.0409252297049604,0.0396370929991239
0.0526109525681677,0.0575839018280055,0.0409252297049604,0.0396370929991239
0.0526109525681677,0.0575839018280055,0.0409252297049604,0.0396370929991239
0.0523636985709924,0.0575839018280055,0.0409252297049604,0.0396370929991239
0.0523636985709924,0.0587733092817633,0.0409252297049604,0.0396370929991239
0.0523636985709924,0.0587733092817633,0.047621033015636,0.0396370929991239
0.0523636985709924,0.0587733092817633,0.047621033015636,0.0396370929991239
0.0523636985709924,0.0587733092817633,0.047621033015636,0.0396370929991239
0.0523636985709924,0.0587733092817633,0.047621033015636,0.0396370929991239
0.0523636985709924,0.0587733092817633,0.047621033015636,0.0396370929991239
0.0523636985709924,0.0587733092817633,0.047621033015636,0.0396370929991239
0.0523636985709924,0.0587733092817633,0.047621033015636,0.0396370929991239
0.0523636985709924,0.0587733092817633,0.047621033015636,0.0396370929991239
0.0523636985709924,0.0587733092817633,0.047621033015636,0.0396370929991239
0.0523636985709924,0.0587733092817633,0.047621033015636,0.0396370929991239
0.0523636985709924,0.0587733092817633,0.0443878440080664,0.0396370929991239
0.0523636985709924,0.0587733092817633,0.0443878440080664,0.0396370929991239
0.0523636985709924,0.0587733092817633,0.0443878440080664,0.0396370929991239
0.0523636985709924,0.0587733092817633,0.0443878440080664,0.0396370929991239
0.0523636985709924,0.0587733092817633,0.0443878440080664,0.0396370929991239
0.0523636985709924,0.0587733092817633,0.0443878440080664,0.0396370929991239
0.0523636985709924,0.0587733092817633,0.0443878440080664,0.0407259651904207
0.0523636985709924,0.0587733092817633,0.0443878440080664,0.0407259651904207
0.0523636985709924,0.0587733092817633,0.0443878440080664,0.0407259651904207
0.0523636985709924,0.0587733092817633,0.0443878440080664,0.0407259651904207
0.0523636985709924,0.0587733092817633,0.0443878440080664,0.0407259651904207
0.0523636985709924,0.0587733092817633,0.0443878440080664,0.0407259651904207
0.0523636985709924,0.0587733092817633,0.0443878440080664,0.0407259651904207
0.0523636985709924,0.0587733092817633,0.0443878440080664,0.0407259651904207
0.0523636985709924,0.0587733092817633,0.0443878440080664,0.0407259651904207
0.0523636985709924,0.0587733092817633,0.0443878440080664,0.0407259651904207
0.0523636985709924,0.0587733092817633,0.0443878440080664,0.0407259651904207
0.0523636985709924,0.0587733092817633,0.0443878440080664,0.0407259651904207
0.0523636985709924,0.0587733092817633,0.0443878440080664,0.0407259651904207
0.0523636985709924,0.0587733092817633,0.0443878440080664,0.0407259651904207
0.0523636985709924,0.0587733092817633,0.0443878440080664,0.0407259651904207
0.0523636985709924,0.0587733092817633,0.0443878440080664,0.0407259651904207
0.0523636985709924,0.0587733092817633,0.0443878440080664,0.0407259651904207
0.0523636985709924,0.055153260539213,0.0443878440080664,0.0407259651904207
0.0523636985709924,0.055153260539213,0.0443878440080664,0.0407259651904207
0.0523636985709924,0.055153260539213,0.0443878440080664,0.0407259651904207
0.0523636985709924,0.055153260539213,0.0443878440080664,0.0407259651904207
0.0523636985709924,0.055153260539213,0.0443878440080664,0.0407259651904207
0.0505273975606394,0.055153260539213,0.0443878440080664,0.0407259651904207
0.0505273975606394,0.055153260539213,0.0443878440080664,0.0407259651904207
0.0505273975606394,0.0523770764718989,0.0443878440080664,0.0407259651904207
0.0505273975606394,0.0523770764718989,0.0443878440080664,0.0407259651904207
0.0505273975606394,0.0523770764718989,0.0443878440080664,0.0407259651904207
0.0505273975606394,0.0523770764718989,0.0443878440080664,0.0407259651904207
0.0505273975606394,0.0523770764718989,0.0443878440080664,0.0407259651904207
0.0505273975606394,0.0523770764718989,0.0443878440080664,0.0407259651904207
0.0505273975606394,0.0523770764718989,0.0443878440080664,0.0407259651904207
0.0505273975606394,0.0523770764718989,0.0443878440080664,0.0407259651904207
0.0505273975606394,0.0523770764718989,0.0443878440080664,0.0407259651904207
0.0505273975606394,0.0449877231834004,0.0443878440080664,0.0407259651904207
0.0505273975606394,0.0449877231834004,0.0443878440080664,0.0407259651904207
0.0505273975606394,0.0449877231834004,0.0443878440080664,0.0407259651904207
0.0505273975606394,0.0449877231834004,0.0443878440080664,0.0407259651904207
0.0505273975606394,0.0449877231834004,0.0443878440080664,0.0407259651904207
0.0505273975606394,0.0449877231834004,0.0443878440080664,0.0407259651904207
0.0505273975606394,0.0449877231834004,0.0443878440080664,0.0407259651904207
0.0505273975606394,0.0449877231834004,0.0443878440080664,0.0407259651904207
0.0505273975606394,0.0449877231834004,0.0443878440080664,0.0407259651904207
0.0505273975606394,0.0449877231834004,0.0443878440080664,0.0407259651904207
0.0505273975606394,0.0449877231834004,0.0443878440080664,0.0407259651904207
0.0505273975606394,0.0449877231834004,0.0443878440080664,0.0407259651904207
0.0505273975606394,0.0449877231834004,0.0443878440080664,0.0407259651904207
0.0505273975606394,0.0449877231834004,0.0443878440080664,0.0407259651904207
0.0505273975606394,0.0449877231834004,0.0443878440080664,0.0407259651904207
0.0505273975606394,0.0449877231834004,0.0443878440080664,0.0407259651904207
0.0505273975606394,0.0449877231834004,0.0443878440080664,0.0407259651904207
0.0505273975606394,0.0449877231834004,0.0443878440080664,0.0407259651904207
0.0505273975606394,0.0449877231834004,0.0443878440080664,0.0407259651904207
0.0505273975606394,0.0449877231834004,0.0443878440080664,0.0407259651904207
0.0505273975606394,0.0449877231834004,0.0443878440080664,0.0407259651904207
0.0505273975606394,0.0449877231834004,0.0443878440080664,0.0407259651904207
0.0505273975606394,0.0449877231834004,0.0443878440080664,0.0407259651904207
0.0505273975606394,0.0449877231834004,0.0443878440080664,0.0407259651904207
0.0540749442606785,0.0449877231834004,0.0443878440080664,0.0407259651904207
0.0540749442606785,0.0449877231834004,0.0443878440080664,0.0407259651904207
0.0540749442606785,0.0449877231834004,0.0443878440080664,0.0407259651904207
0.0540749442606785,0.0449877231834004,0.0443878440080664,0.0407259651904207
0.0540749442606785,0.0449877231834004,0.0443878440080664,0.0407259651904207
0.0540749442606785,0.0449877231834004,0.0443878440080664,0.0407259651904207
0.0540749442606785,0.0449877231834004,0.0443878440080664,0.0407259651904207
0.0540749442606785,0.0449877231834004,0.0443878440080664,0.0407259651904207
0.0540749442606785,0.0449877231834004,0.0443878440080664,0.0407259651904207
0.0540749442606785,0.0449877231834004,0.0443878440080664,0.0407259651904207
0.0540749442606785,0.0449877231834004,0.0443878440080664,0.0407259651904207
0.0540749442606785,0.0449877231834004,0.0443878440080664,0.0407259651904207
0.0540749442606785,0.0449877231834004,0.0443878440080664,0.0407259651904207
0.0540749442606785,0.0449877231834004,0.0443878440080664,0.0407259651904207
0.0540749442606785,0.0496389956499597,0.0443878440080664,0.0407259651904207
0.0540749442606785,0.0496389956499597,0.0443878440080664,0.0407259651904207
0.0540749442606785,0.0496389956499597,0.0443878440080664,0.0407259651904207
0.0540749442606785,0.0496389956499597,0.0443878440080664,0.0407259651904207
0.0540749442606785,0.0496389956499597,0.0443878440080664,0.0407259651904207
0.0540749442606785,0.0496389956499597,0.0443878440080664,0.0407259651904207
0.0540749442606785,0.0496389956499597,0.0443878440080664,0.0407259651904207
0.0540749442606785,0.0496389956499597,0.0443878440080664,0.0407259651904207
0.0540749442606785,0.0496389956499597,0.0443878440080664,0.0407259651904207
0.0540749442606785,0.0496389956499597,0.0443878440080664,0.0407259651904207
0.0540749442606785,0.0496389956499597,0.0443878440080664,0.0407259651904207
0.0540749442606785,0.05454103846746,0.0443878440080664,0.0407259651904207
0.0540749442606785,0.05454103846746,0.0443878440080664,0.0407259651904207
0.0540749442606785,0.05454103846746,0.0443878440080664,0.0407259651904207
0.0540749442606785,0.05454103846746,0.0443878440080664,0.0407259651904207
0.0540749442606785,0.05454103846746,0.0443878440080664,0.0407259651904207
0.0540749442606785,0.05454103846746,0.0443878440080664,0.0407259651904207
0.0540749442606785,0.05454103846746,0.0443878440080664,0.0407259651904207
0.046999083596327,0.05454103846746,0.0443878440080664,0.0407259651904207
0.046999083596327,0.05454103846746,0.0443878440080664,0.046162951023882
0.046999083596327,0.05454103846746,0.0443878440080664,0.046162951023882
0.046999083596327,0.05454103846746,0.0443878440080664,0.046162951023882
0.046999083596327,0.05454103846746,0.0443878440080664,0.046162951023882
0.046999083596327,0.05454103846746,0.0443878440080664,0.046162951023882
0.046999083596327,0.05454103846746,0.0403087178494776,0.046162951023882
0.046999083596327,0.05454103846746,0.0403087178494776,0.046162951023882
0.046999083596327,0.05454103846746,0.0403087178494776,0.046162951023882
0.046999083596327,0.05454103846746,0.0403087178494776,0.046162951023882
0.046999083596327,0.05454103846746,0.0403087178494776,0.046162951023882
0.046999083596327,0.05454103846746,0.0403087178494776,0.046162951023882
0.046999083596327,0.05454103846746,0.0403087178494776,0.046162951023882
0.046999083596327,0.05454103846746,0.0403087178494776,0.046162951023882
0.046999083596327,0.05454103846746,0.0403087178494776,0.046162951023882
0.046999083596327,0.05454103846746,0.0403087178494776,0.046162951023882
0.046999083596327,0.05454103846746,0.0403087178494776,0.046162951023882
0.046999083596327,0.05454103846746,0.0403087178494776,0.046162951023882
0.046999083596327,0.05454103846746,0.0403087178494776,0.046162951023882
0.0470784386746765,0.05454103846746,0.0403087178494776,0.046162951023882
0.0470784386746765,0.05454103846746,0.0403087178494776,0.046162951023882
0.0470784386746765,0.05454103846746,0.0403087178494776,0.046162951023882
0.0470784386746765,0.05454103846746,0.0403087178494776,0.046162951023882
0.0470784386746765,0.05454103846746,0.0403087178494776,0.046162951023882
0.0470784386746765,0.05454103846746,0.0403087178494776,0.046162951023882
0.0470784386746765,0.05454103846746,0.0403087178494776,0.046162951023882
0.0470784386746765,0.05454103846746,0.0403087178494776,0.0466218671133054
0.0470784386746765,0.05454103846746,0.0403087178494776,0.0466218671133054
0.0470784386746765,0.05454103846746,0.0403087178494776,0.0466218671133054
0.0470784386746765,0.05454103846746,0.0403087178494776,0.0466218671133054
0.0470784386746765,0.05454103846746,0.0403087178494776,0.0466218671133054
0.0470784386746765,0.05454103846746,0.0403087178494776,0.0466218671133054
0.0470784386746765,0.05454103846746,0.0403087178494776,0.0466218671133054
0.0470784386746765,0.05454103846746,0.0403087178494776,0.0466218671133054
0.0470784386746765,0.05454103846746,0.0403087178494776,0.0466218671133054
0.0470784386746765,0.05454103846746,0.0403087178494776,0.0466218671133054
0.0470784386746765,0.05454103846746,0.0403087178494776,0.0466218671133054
0.0470784386746765,0.05454103846746,0.0403087178494776,0.0466218671133054
0.0470784386746765,0.05454103846746,0.0403087178494776,0.0466218671133054
0.0470784386746765,0.05454103846746,0.0403087178494776,0.0466218671133054
0.0470784386746765,0.05454103846746,0.0403087178494776,0.0466218671133054
0.0470784386746765,0.05454103846746,0.0364523658214906,0.0466218671133054
0.0470784386746765,0.05454103846746,0.0364523658214906,0.0466218671133054
0.0470784386746765,0.05454103846746,0.0364523658214906,0.0466218671133054
0.0470784386746765,0.05454103846746,0.043323250234636,0.0466218671133054
0.0470784386746765,0.05454103846746,0.043323250234636,0.0466218671133054
0.0470784386746765,0.05454103846746,0.043323250234636,0.0466218671133054
0.0470784386746765,0.05454103846746,0.043323250234636,0.0416702859464809
0.0470784386746765,0.05454103846746,0.043323250234636,0.0416702859464809
0.0470784386746765,0.05454103846746,0.043323250234636,0.0416702859464809
0.0470784386746765,0.05454103846746,0.043323250234636,0.0416702859464809
0.0470784386746765,0.05454103846746,0.043323250234636,0.0416702859464809
0.0470784386746765,0.05454103846746,0.043323250234636,0.0416702859464809
0.0470784386746765,0.05454103846746,0.043323250234636,0.0416702859464809
0.0470784386746765,0.05454103846746,0.043323250234636,0.0416702859464809
0.0470784386746765,0.05454103846746,0.043323250234636,0.0416702859464809
0.0470784386746765,0.05454103846746,0.043323250234636,0.0416702859464809
0.0470784386746765,0.05454103846746,0.043323250234636,0.0416702859464809
0.0470784386746765,0.05454103846746,0.043323250234636,0.0416702859464809
0.0470784386746765,0.05454103846746,0.043323250234636,0.0416702859464809
0.0470784386746765,0.05454103846746,0.043323250234636,0.0416702859464809
0.0470784386746765,0.05454103846746,0.043323250234636,0.0416702859464809
0.0470784386746765,0.05454103846746,0.043323250234636,0.0416702859464809
0.0470784386746765,0.05454103846746,0.043323250234636,0.0416702859464809
0.0470784386746765,0.0546923399253261,0.043323250234636,0.0416702859464809
0.0470784386746765,0.0546923399253261,0.043323250234636,0.0416702859464809
0.0470784386746765,0.0546923399253261,0.043323250234636,0.0416702859464809
0.0470784386746765,0.0546923399253261,0.043323250234636,0.0416702859464809
0.0470784386746765,0.0546923399253261,0.043323250234636,0.0416702859464809
0.0470784386746765,0.0546923399253261,0.043323250234636,0.0416702859464809
0.0470784386746765,0.0546923399253261,0.043323250234636,0.0416702859464809
0.0470784386746765,0.0546923399253261,0.043323250234636,0.0416702859464809
0.0470784386746765,0.0546923399253261,0.043323250234636,0.0416702859464809
0.0470784386746765,0.0546923399253261,0.043323250234636,0.0416702859464809
0.0470784386746765,0.0546923399253261,0.043323250234636,0.0416702859464809
0.0470784386746765,0.0546923399253261,0.043323250234636,0.0416702859464809
0.0470784386746765,0.0546923399253261,0.043323250234636,0.0416702859464809
0.0470784386746765,0.0546923399253261,0.043323250234636,0.0416702859464809
0.0470784386746765,0.0546923399253261,0.043323250234636,0.0416702859464809
0.0470784386746765,0.0546923399253261,0.043323250234636,0.0416702859464809
0.0470784386746765,0.0546923399253261,0.043323250234636,0.0416702859464809
0.0470784386746765,0.0546923399253261,0.043323250234636,0.0416702859464809
0.0470784386746765,0.0546923399253261,0.043323250234636,0.0416702859464809
0.0470784386746765,0.0546923399253261,0.043323250234636,0.0416702859464809
0.0470784386746765,0.0546923399253261,0.043323250234636,0.0416702859464809
0.0470784386746765,0.0546923399253261,0.043323250234636,0.0416702859464809
0.0470784386746765,0.0546923399253261,0.043323250234636,0.0416702859464809
0.0470784386746765,0.0546923399253261,0.043323250234636,0.0416702859464809
0.0470784386746765,0.0546923399253261,0.043323250234636,0.0416702859464809
0.0470784386746765,0.0546923399253261,0.043323250234636,0.0416702859464809
0.0470784386746765,0.0546923399253261,0.043323250234636,0.0416702859464809
0.0470784386746765,0.0546923399253261,0.043323250234636,0.0416702859464809
0.0470784386746765,0.0546923399253261,0.043323250234636,0.0416702859464809
0.0470784386746765,0.0546923399253261,0.043323250234636,0.0416702859464809
0.0470784386746765,0.0507958070632896,0.043323250234636,0.0416702859464809
0.0470784386746765,0.0507958070632896,0.043323250234636,0.0416702859464809
0.0470784386746765,0.0507958070632896,0.043323250234636,0.0416702859464809
0.0470784386746765,0.0507958070632896,0.043323250234636,0.0416702859464809
0.0523110882889627,0.0507958070632896,0.043323250234636,0.0457208122683136
0.0523110882889627,0.0507958070632896,0.043323250234636,0.0457208122683136
0.0523110882889627,0.0507958070632896,0.043323250234636,0.0457208122683136
0.0523110882889627,0.0507958070632896,0.043323250234636,0.0457208122683136
0.0523110882889627,0.0507958070632896,0.043323250234636,0.0457208122683136
0.0523110882889627,0.0507958070632896,0.043323250234636,0.0457208122683136
0.0523110882889627,0.0507958070632896,0.043323250234636,0.0457208122683136
0.0523110882889627,0.0507958070632896,0.043323250234636,0.0457208122683136
0.0523110882889627,0.0507958070632896,0.043323250234636,0.0457208122683136
0.0523110882889627,0.0507958070632896,0.043323250234636,0.0457208122683136
0.0523110882889627,0.0507958070632896,0.043323250234636,0.0457208122683136
0.0523110882889627,0.0507958070632896,0.043323250234636,0.0457208122683136
0.0523110882889627,0.0507958070632896,0.043323250234636,0.0457208122683136
0.0523110882889627,0.0507958070632896,0.043323250234636,0.0457208122683136
0.0523110882889627,0.0507958070632896,0.043323250234636,0.0457208122683136
0.0523110882889627,0.0507958070632896,0.043323250234636,0.0457208122683136
0.0523110882889627,0.050835681401283,0.043323250234636,0.0457208122683136
0.0523110882889627,0.050835681401283,0.043323250234636,0.0457208122683136
0.0523110882889627,0.050835681401283,0.043323250234636,0.0457208122683136
0.0523110882889627,0.050835681401283,0.043323250234636,0.0457208122683136
0.0523110882889627,0.050835681401283,0.043323250234636,0.0457208122683136
0.0523110882889627,0.050835681401283,0.043323250234636,0.0457208122683136
0.0523110882889627,0.050835681401283,0.043323250234636,0.0457208122683136
0.0523110882889627,0.050835681401283,0.043323250234636,0.0457208122683136
0.0523110882889627,0.050835681401283,0.043323250234636,0.0457208122683136
0.0523110882889627,0.050835681401283,0.043323250234636,0.0457208122683136
0.0542147840351698,0.050835681401283,0.043323250234636,0.0457208122683136
0.0542147840351698,0.050835681401283,0.043323250234636,0.0457208122683136
0.0542147840351698,0.050835681401283,0.043323250234636,0.0457208122683136
0.0542147840351698,0.050835681401283,0.043323250234636,0.0457208122683136
0.0542147840351698,0.050835681401283,0.043323250234636,0.0457208122683136
0.0542147840351698,0.050835681401283,0.043323250234636,0.0457208122683136
0.0542147840351698,0.050835681401283,0.043323250234636,0.0457208122683136
0.0492806289559432,0.050835681401283,0.043323250234636,0.0457208122683136
0.0492806289559432,0.050835681401283,0.043323250234636,0.0457208122683136
0.0492806289559432,0.050835681401283,0.043323250234636,0.0457208122683136
0.0492806289559432,0.050835681401283,0.043323250234636,0.0457208122683136
0.0530726144256067,0.050835681401283,0.043323250234636,0.0457208122683136
0.0530726144256067,0.050835681401283,0.043323250234636,0.0457208122683136
0.0530726144256067,0.050835681401283,0.043323250234636,0.0457208122683136
0.0530726144256067,0.050835681401283,0.043323250234636,0.0457208122683136
0.0530726144256067,0.050835681401283,0.043323250234636,0.0457208122683136
0.0530726144256067,0.050835681401283,0.043323250234636,0.0457208122683136
0.0530726144256067,0.050835681401283,0.043323250234636,0.0457208122683136
0.0530726144256067,0.050835681401283,0.043323250234636,0.0457208122683136
0.0530726144256067,0.050835681401283,0.043323250234636,0.0457208122683136
0.0530726144256067,0.050835681401283,0.043323250234636,0.0457208122683136
0.0530726144256067,0.050835681401283,0.043323250234636,0.0457208122683136
0.0530726144256067,0.050835681401283,0.043323250234636,0.0457208122683136
0.0530726144256067,0.050835681401283,0.043323250234636,0.0457208122683136
0.0530726144256067,0.050835681401283,0.043323250234636,0.0457208122683136
0.0530726144256067,0.050835681401283,0.043323250234636,0.0457208122683136
0.0530726144256067,0.050835681401283,0.043323250234636,0.0457208122683136
0.0530726144256067,0.050835681401283,0.043323250234636,0.0457208122683136
0.0530726144256067,0.050835681401283,0.043323250234636,0.0457208122683136
0.0530726144256067,0.0540697388513938,0.043323250234636,0.0457208122683136
0.0530726144256067,0.0540697388513938,0.043323250234636,0.0457208122683136
0.0530726144256067,0.0509678148540402,0.043323250234636,0.0457208122683136
0.0530726144256067,0.0509678148540402,0.043323250234636,0.0457208122683136
0.0530726144256067,0.0509678148540402,0.043323250234636,0.0457208122683136
0.0530726144256067,0.0509678148540402,0.043323250234636,0.0457208122683136
0.0530726144256067,0.0509678148540402,0.043323250234636,0.0457208122683136
0.0530726144256067,0.0509678148540402,0.043323250234636,0.0457208122683136
0.0530726144256067,0.0509678148540402,0.043323250234636,0.0457208122683136
0.0530726144256067,0.0509678148540402,0.043323250234636,0.0457208122683136
0.0530726144256067,0.0509678148540402,0.043323250234636,0.0457208122683136
0.0530726144256067,0.0509678148540402,0.043323250234636,0.0457208122683136
0.0530726144256067,0.0509678148540402,0.043323250234636,0.0457208122683136
0.0530726144256067,0.0509678148540402,0.043323250234636,0.0457208122683136
0.0530726144256067,0.0433192585167679,0.043323250234636,0.0457208122683136
0.0530726144256067,0.0433192585167679,0.043323250234636,0.0457208122683136
0.0530726144256067,0.0433192585167679,0.043323250234636,0.0457208122683136
0.0530726144256067,0.0433192585167679,0.043323250234636,0.0457208122683136
0.0530726144256067,0.0433192585167679,0.043323250234636,0.0457208122683136
0.0530726144256067,0.0433192585167679,0.043323250234636,0.0457208122683136
0.0530726144256067,0.0433192585167679,0.043323250234636,0.0457208122683136
0.0530726144256067,0.0433192585167679,0.043323250234636,0.0457208122683136
0.0530726144256067,0.0433192585167679,0.043323250234636,0.0457208122683136
0.0530726144256067,0.0433192585167679,0.043323250234636,0.0457208122683136
0.0530726144256067,0.0433192585167679,0.043323250234636,0.0457208122683136
0.0530726144256067,0.0433192585167679,0.043323250234636,0.0457208122683136
0.0530726144256067,0.0433192585167679,0.043323250234636,0.0457208122683136
0.0530726144256067,0.0433192585167679,0.043323250234636,0.0457208122683136
0.0530726144256067,0.0433192585167679,0.043323250234636,0.0457208122683136
0.0530726144256067,0.0433192585167679,0.043323250234636,0.0457208122683136
0.0530726144256067,0.0433192585167679,0.043323250234636,0.0457208122683136
0.0530726144256067,0.0433192585167679,0.043323250234636,0.0457208122683136
0.0530726144256067,0.0433192585167679,0.043323250234636,0.0457208122683136
0.0530726144256067,0.0433192585167679,0.043323250234636,0.0457208122683136
0.0530726144256067,0.0433192585167679,0.043323250234636,0.0457208122683136
0.0530726144256067,0.0433192585167679,0.043323250234636,0.0457208122683136
0.0530726144256067,0.0433192585167679,0.043323250234636,0.0457208122683136
0.0530726144256067,0.0433192585167679,0.043323250234636,0.0457208122683136
0.0530726144256067,0.0433192585167679,0.043323250234636,0.0457208122683136
0.0530726144256067,0.0433192585167679,0.043323250234636,0.0457208122683136
0.0530726144256067,0.0433192585167679,0.043323250234636,0.0457208122683136
0.0530726144256067,0.0433192585167679,0.043323250234636,0.0457208122683136
0.0530726144256067,0.0433192585167679,0.043323250234636,0.0457208122683136
0.0530726144256067,0.0433192585167679,0.043323250234636,0.0457208122683136
0.0530726144256067,0.0433192585167679,0.043323250234636,0.0457208122683136
0.0530726144256067,0.0433192585167679,0.043323250234636,0.0457208122683136
0.0530726144256067,0.0433192585167679,0.043323250234636,0.0457208122683136
0.0530726144256067,0.0433192585167679,0.043323250234636,0.0457208122683136
0.0530726144256067,0.0433192585167679,0.043323250234636,0.0457208122683136
0.0530726144256067,0.0433192585167679,0.043323250234636,0.0457208122683136
0.0530726144256067,0.0433192585167679,0.043323250234636,0.0457208122683136
0.0530726144256067,0.0433192585167679,0.043323250234636,0.0457208122683136
0.0530726144256067,0.0433192585167679,0.043323250234636,0.0457208122683136
0.0530726144256067,0.0433192585167679,0.043323250234636,0.0457208122683136
0.0500678603498985,0.0433192585167679,0.043323250234636,0.0457208122683136
0.0500678603498985,0.0433192585167679,0.043323250234636,0.0457208122683136
0.0500678603498985,0.0433192585167679,0.043323250234636,0.0457208122683136
0.0500678603498985,0.0454753015306293,0.043323250234636,0.0457208122683136
0.0500678603498985,0.0454753015306293,0.043323250234636,0.0457208122683136
0.0500678603498985,0.0454753015306293,0.043323250234636,0.0457208122683136
0.0500678603498985,0.0454753015306293,0.043323250234636,0.0457208122683136
0.0500678603498985,0.0454753015306293,0.043323250234636,0.0457208122683136
0.0500678603498985,0.0454753015306293,0.043323250234636,0.0457208122683136
0.0500678603498985,0.0454753015306293,0.043323250234636,0.0457208122683136
0.0500678603498985,0.0454753015306293,0.043323250234636,0.0457208122683136
0.0500678603498985,0.0454753015306293,0.043323250234636,0.0457208122683136
0.0500678603498985,0.0454753015306293,0.043323250234636,0.0457208122683136
0.0500678603498985,0.0454753015306293,0.043323250234636,0.0457208122683136
0.0500678603498985,0.0454753015306293,0.043323250234636,0.0554774583950402
0.0500678603498985,0.0454753015306293,0.043323250234636,0.0554774583950402
0.0500678603498985,0.0454753015306293,0.043323250234636,0.0554774583950402
0.0500678603498985,0.0454753015306293,0.043323250234636,0.0554774583950402
0.0500678603498985,0.0454753015306293,0.043323250234636,0.0554774583950402
0.0500678603498985,0.0454753015306293,0.043323250234636,0.0554774583950402
0.0500678603498985,0.0454753015306293,0.043323250234636,0.0480674255688427
0.0500678603498985,0.0454753015306293,0.043323250234636,0.0480674255688427
0.0500678603498985,0.0454753015306293,0.043323250234636,0.0480674255688427
0.0500678603498985,0.0454753015306293,0.043323250234636,0.0480674255688427
0.0500678603498985,0.0454753015306293,0.043323250234636,0.0480674255688427
0.0500678603498985,0.0454753015306293,0.043323250234636,0.0480674255688427
0.0500678603498985,0.0454753015306293,0.043323250234636,0.0480674255688427
0.0500678603498985,0.0454753015306293,0.0422967910449367,0.0480674255688427
0.0500678603498985,0.0454753015306293,0.0422967910449367,0.0480674255688427
0.0500678603498985,0.0454753015306293,0.0422967910449367,0.0480674255688427
0.0500678603498985,0.0454753015306293,0.0422967910449367,0.0480674255688427
0.0500678603498985,0.0454753015306293,0.0422967910449367,0.0480674255688427
0.0500678603498985,0.0454753015306293,0.0422967910449367,0.0480674255688427
0.0500678603498985,0.0454753015306293,0.0422967910449367,0.0480674255688427
0.0500678603498985,0.0454753015306293,0.0422967910449367,0.0480674255688427
0.0500678603498985,0.0454753015306293,0.0422967910449367,0.0480674255688427
0.0500678603498985,0.0454753015306293,0.0422967910449367,0.0480674255688427
0.0500678603498985,0.0454753015306293,0.0422967910449367,0.0480674255688427
0.0500678603498985,0.0454753015306293,0.0422967910449367,0.0480674255688427
0.0500678603498985,0.0454753015306293,0.0422967910449367,0.0480674255688427
0.0500678603498985,0.0454753015306293,0.0422967910449367,0.0480674255688427
0.0500678603498985,0.0527337261741848,0.0422967910449367,0.0480674255688427
0.0500678603498985,0.0527337261741848,0.0422967910449367,0.0480674255688427
0.0500678603498985,0.0527337261741848,0.0422967910449367,0.0480674255688427
0.0500678603498985,0.0527337261741848,0.0422967910449367,0.0480674255688427
0.0500678603498985,0.0527337261741848,0.0422967910449367,0.0480674255688427
0.0500678603498985,0.0489391583178024,0.0422967910449367,0.0480674255688427
0.0500678603498985,0.0489391583178024,0.0426383349278946,0.0480674255688427
0.0500678603498985,0.0489391583178024,0.0426383349278946,0.0480674255688427
0.0500678603498985,0.0489391583178024,0.0426383349278946,0.0480674255688427
0.0500678603498985,0.0489391583178024,0.0426383349278946,0.0480674255688427
0.0500678603498985,0.0489391583178024,0.0426383349278946,0.0480674255688427
0.0500678603498985,0.0489391583178024,0.0426383349278946,0.0480674255688427
0.0500678603498985,0.0489391583178024,0.0426383349278946,0.0480674255688427
0.0500678603498985,0.0489391583178024,0.0426383349278946,0.0480674255688427
0.0500678603498985,0.0489391583178024,0.0426383349278946,0.0480674255688427
0.0500678603498985,0.0489391583178024,0.0426383349278946,0.0480674255688427
0.0500678603498985,0.0489391583178024,0.0426383349278946,0.0480674255688427
0.0500678603498985,0.0489391583178024,0.0426383349278946,0.0480674255688427
0.0500678603498985,0.0489391583178024,0.0426383349278946,0.0480674255688427
0.0500678603498985,0.0489391583178024,0.0426383349278946,0.0480674255688427
0.0500678603498985,0.0489391583178024,0.0426383349278946,0.0480674255688427
0.0500678603498985,0.0489391583178024,0.0426383349278946,0.0480674255688427
0.0500678603498985,0.0489391583178024,0.0426383349278946,0.0480674255688427
0.0500678603498985,0.0489391583178024,0.0426383349278946,0.0480674255688427
0.0500678603498985,0.0489391583178024,0.0426383349278946,0.0480674255688427
0.0500678603498985,0.0489391583178024,0.0426383349278946,0.0480674255688427
0.0500678603498985,0.0505190820334651,0.0426383349278946,0.0480674255688427
0.0500678603498985,0.0505190820334651,0.0426383349278946,0.0480674255688427
0.0500678603498985,0.0505190820334651,0.0426383349278946,0.0599378654710859
0.0500678603498985,0.0505190820334651,0.0450784849649199,0.0599378654710859
0.0500678603498985,0.0505190820334651,0.0450784849649199,0.0599378654710859
0.0500678603498985,0.0505190820334651,0.0450784849649199,0.0599378654710859
0.0500678603498985,0.0505190820334651,0.0450784849649199,0.0599378654710859
0.0500678603498985,0.0505190820334651,0.0450784849649199,0.0599378654710859
0.0500678603498985,0.0505190820334651,0.0450784849649199,0.0599378654710859
0.0500678603498985,0.0505190820334651,0.0450784849649199,0.0599378654710859
0.0500678603498985,0.0505190820334651,0.0450784849649199,0.0599378654710859
0.0500678603498985,0.0505190820334651,0.0450784849649199,0.0599378654710859
0.0500678603498985,0.0505190820334651,0.0450784849649199,0.0599378654710859
0.0500678603498985,0.0505190820334651,0.0450784849649199,0.0599378654710859
0.0500678603498985,0.0505190820334651,0.0450784849649199,0.0599378654710859
0.0500678603498985,0.0505190820334651,0.0450784849649199,0.0538734238269933
0.0500678603498985,0.0505190820334651,0.0450784849649199,0.0538734238269933
0.0500678603498985,0.0505190820334651,0.0450784849649199,0.0538734238269933
0.0500678603498985,0.0505190820334651,0.0450784849649199,0.0538734238269933
0.0500678603498985,0.0505190820334651,0.0450784849649199,0.0538734238269933
0.0500678603498985,0.0505190820334651,0.0450784849649199,0.0538734238269933
0.0500678603498985,0.0505190820334651,0.0450784849649199,0.0538734238269933
0.0500678603498985,0.0505190820334651,0.0450784849649199,0.0538734238269933
0.0500678603498985,0.0505190820334651,0.0450784849649199,0.0538734238269933
0.0500678603498985,0.0505190820334651,0.0450784849649199,0.0538734238269933
0.0500678603498985,0.0505190820334651,0.0450784849649199,0.0538734238269933
0.0500678603498985,0.0505190820334651,0.0462897568687878,0.0538734238269933
0.0500678603498985,0.0505190820334651,0.0462897568687878,0.0509726626946499
0.0500678603498985,0.0505190820334651,0.0462897568687878,0.0509726626946499
0.0500678603498985,0.0493027265011774,0.0462897568687878,0.0509726626946499
0.0500678603498985,0.0493027265011774,0.0462897568687878,0.0509726626946499
0.0500678603498985,0.0493027265011774,0.0462897568687878,0.0509726626946499
0.0500678603498985,0.0493027265011774,0.0462897568687878,0.0509726626946499
0.0500678603498985,0.0493027265011774,0.0462897568687878,0.0509726626946499
0.0500678603498985,0.0493027265011774,0.0462897568687878,0.0578576621768877
0.0500678603498985,0.0493027265011774,0.0462897568687878,0.0592983949435814
0.0500678603498985,0.0493027265011774,0.0462897568687878,0.0592983949435814
0.0500678603498985,0.0493027265011774,0.0462897568687878,0.0592983949435814
0.0500678603498985,0.0493027265011774,0.0462897568687878,0.0592983949435814
0.0500678603498985,0.0493027265011774,0.0462897568687878,0.0592983949435814
0.0500678603498985,0.0493027265011774,0.0462897568687878,0.0592983949435814
0.0500678603498985,0.0493027265011774,0.0462897568687878,0.0592983949435814
0.0500678603498985,0.0493027265011774,0.0462897568687878,0.0592983949435814
0.0500678603498985,0.0493027265011774,0.0462897568687878,0.0592983949435814
0.0500678603498985,0.0493027265011774,0.0462897568687878,0.0592983949435814
0.0499707351958403,0.0493027265011774,0.0486982425089411,0.0592983949435814
0.0499707351958403,0.0493027265011774,0.0486982425089411,0.0592983949435814
0.0499707351958403,0.0493027265011774,0.0486982425089411,0.0592983949435814
0.0499707351958403,0.0493027265011774,0.0486982425089411,0.0592983949435814
0.0499707351958403,0.0493027265011774,0.0486982425089411,0.0592983949435814
0.0499707351958403,0.0493027265011774,0.0486982425089411,0.0592983949435814
0.0499707351958403,0.0493027265011774,0.0486982425089411,0.0592983949435814
0.0499707351958403,0.0493027265011774,0.0486982425089411,0.0592983949435814
0.0499707351958403,0.0493027265011774,0.0486982425089411,0.0592983949435814
0.0499707351958403,0.0493027265011774,0.0486982425089411,0.0592983949435814
0.0499707351958403,0.0493027265011774,0.0486982425089411,0.0592983949435814
0.0499707351958403,0.0493027265011774,0.0486982425089411,0.0592983949435814
0.0499707351958403,0.0493027265011774,0.0486982425089411,0.0592983949435814
0.0499707351958403,0.0493027265011774,0.0486982425089411,0.0592983949435814
0.0499707351958403,0.0493027265011774,0.0486982425089411,0.0592983949435814
0.0499707351958403,0.0493027265011774,0.0486982425089411,0.0592983949435814
0.0499707351958403,0.0493027265011774,0.0486982425089411,0.0592983949435814
0.0499707351958403,0.0493027265011774,0.0486982425089411,0.0592983949435814
0.0499707351958403,0.0493027265011774,0.0473727832394785,0.0592983949435814
0.0499707351958403,0.0493027265011774,0.0473727832394785,0.0592983949435814
0.0499707351958403,0.048388108689023,0.0473727832394785,0.0592983949435814
0.0499707351958403,0.048388108689023,0.0473727832394785,0.0592983949435814
0.0482297682093261,0.048388108689023,0.0473727832394785,0.0592983949435814
0.0482297682093261,0.048388108689023,0.0473727832394785,0.0592983949435814
0.0482297682093261,0.048388108689023,0.0473727832394785,0.0592983949435814
0.0482297682093261,0.048388108689023,0.0473727832394785,0.0592983949435814
0.0482297682093261,0.048388108689023,0.0473727832394785,0.0592983949435814
0.0482297682093261,0.048388108689023,0.0473727832394785,0.0592983949435814
0.0482297682093261,0.048388108689023,0.0473727832394785,0.0592983949435814
0.0482297682093261,0.048388108689023,0.0473727832394785,0.0592983949435814
0.0482297682093261,0.048388108689023,0.0473727832394785,0.0592983949435814
0.0482297682093261,0.048388108689023,0.0473727832394785,0.0592983949435814
0.0482297682093261,0.048388108689023,0.0473727832394785,0.0592983949435814
0.0482297682093261,0.048388108689023,0.0473727832394785,0.0592983949435814
0.0482297682093261,0.048388108689023,0.0473727832394785,0.0592983949435814
0.0482297682093261,0.048388108689023,0.0473727832394785,0.0592983949435814
0.0482297682093261,0.048388108689023,0.0473727832394785,0.0592983949435814
0.0482297682093261,0.048388108689023,0.0473727832394785,0.0592983949435814
0.0482297682093261,0.048388108689023,0.0473727832394785,0.0592983949435814
0.0482297682093261,0.048388108689023,0.0473727832394785,0.0592983949435814
0.0482297682093261,0.048388108689023,0.0473727832394785,0.0592983949435814
0.0482297682093261,0.048388108689023,0.0446855999996473,0.0592983949435814
0.0482297682093261,0.048388108689023,0.0446855999996473,0.0592983949435814
0.0462381682457074,0.048388108689023,0.0446855999996473,0.0592983949435814
0.0462381682457074,0.048388108689023,0.0446855999996473,0.0592983949435814
0.0462381682457074,0.048388108689023,0.0446855999996473,0.0604253922193616
0.0462381682457074,0.048388108689023,0.0446855999996473,0.0604253922193616
0.0462381682457074,0.048388108689023,0.0446855999996473,0.0604253922193616
0.0462381682457074,0.048388108689023,0.0446855999996473,0.0604253922193616
0.0462381682457074,0.0529522587568816,0.0446855999996473,0.0604253922193616
0.0462381682457074,0.0529522587568816,0.0446855999996473,0.0604253922193616
0.0462381682457074,0.0529522587568816,0.0446855999996473,0.0604253922193616
0.0462381682457074,0.0529522587568816,0.0446855999996473,0.0604253922193616
0.0462381682457074,0.0529522587568816,0.0446855999996473,0.0575865666589379
0.0462381682457074,0.0529522587568816,0.0446855999996473,0.0575865666589379
0.0462381682457074,0.0529522587568816,0.0446855999996473,0.0575865666589379
0.0462381682457074,0.0529522587568816,0.0446855999996473,0.0575865666589379
0.0462381682457074,0.0529522587568816,0.0446855999996473,0.0575865666589379
0.0462381682457074,0.0529522587568816,0.0446855999996473,0.0575865666589379
0.0459838459848744,0.0529522587568816,0.0446855999996473,0.0575865666589379
0.0459838459848744,0.0529522587568816,0.0446855999996473,0.0575865666589379
0.0459838459848744,0.0529522587568816,0.0446855999996473,0.0575865666589379
0.0459838459848744,0.0529522587568816,0.0446855999996473,0.0575865666589379
0.0459838459848744,0.0529522587568816,0.0446326757269818,0.0575865666589379
0.0459838459848744,0.0529522587568816,0.0446326757269818,0.0575865666589379
0.0486108919129119,0.0529522587568816,0.0446326757269818,0.0575865666589379
0.0486108919129119,0.0529522587568816,0.0446326757269818,0.0575865666589379
0.0486108919129119,0.0529522587568816,0.0446326757269818,0.0575865666589379
0.0486108919129119,0.0529522587568816,0.0446326757269818,0.0575865666589379
0.0486108919129119,0.0529522587568816,0.0446326757269818,0.0575865666589379
0.0486108919129119,0.0529522587568816,0.0446326757269818,0.0575865666589379
0.0486108919129119,0.0529522587568816,0.0446326757269818,0.0575865666589379
0.0486108919129119,0.0529522587568816,0.0446326757269818,0.0575865666589379
0.0486108919129119,0.0529522587568816,0.0446326757269818,0.0575865666589379
0.0486108919129119,0.0529522587568816,0.0444995814409872,0.0575865666589379
0.0486108919129119,0.0526156269242826,0.0446863361870527,0.0575865666589379
0.0486108919129119,0.0526156269242826,0.0446863361870527,0.0575865666589379
0.0486108919129119,0.0526156269242826,0.0446863361870527,0.0575865666589379
0.0486108919129119,0.0526156269242826,0.0446863361870527,0.0575865666589379
0.0486108919129119,0.0526156269242826,0.0450848622375353,0.0575865666589379
0.0486108919129119,0.0526156269242826,0.0450848622375353,0.0575865666589379
0.0486108919129119,0.0526156269242826,0.0450848622375353,0.0575865666589379
0.0486108919129119,0.0526156269242826,0.0450848622375353,0.0575865666589379
0.0486108919129119,0.0526156269242826,0.0450848622375353,0.0575865666589379
0.0486108919129119,0.0526156269242826,0.0450848622375353,0.0575865666589379
0.0486108919129119,0.0526156269242826,0.0450848622375353,0.0575865666589379
0.0486108919129119,0.0526156269242826,0.0450848622375353,0.0575865666589379
0.0486108919129119,0.0526156269242826,0.0450848622375353,0.0575865666589379
0.0486108919129119,0.0526156269242826,0.0450848622375353,0.0575865666589379
0.0486108919129119,0.0526156269242826,0.0450848622375353,0.0575865666589379
0.0486108919129119,0.0526156269242826,0.0449558522302389,0.0575865666589379
0.0486108919129119,0.0526156269242826,0.0449558522302389,0.0575865666589379
0.0486108919129119,0.0526156269242826,0.0449558522302389,0.0575865666589379
0.0486108919129119,0.0526156269242826,0.0449558522302389,0.0575865666589379
0.0486108919129119,0.0526156269242826,0.0449558522302389,0.0575865666589379
0.0486108919129119,0.0526156269242826,0.0449558522302389,0.0575865666589379
0.0486108919129119,0.0526156269242826,0.0449558522302389,0.0575865666589379
0.0486108919129119,0.0526156269242826,0.0449558522302389,0.0575865666589379
0.0486108919129119,0.0526156269242826,0.0449558522302389,0.0575865666589379
0.0486108919129119,0.0526156269242826,0.0449558522302389,0.0575865666589379
0.0486108919129119,0.0526156269242826,0.0449558522302389,0.0575865666589379
0.0486108919129119,0.0526156269242826,0.0449558522302389,0.0575865666589379
0.0486108919129119,0.0526156269242826,0.0449558522302389,0.0575865666589379
0.0486108919129119,0.0526156269242826,0.0449558522302389,0.0563902222141694
0.0486108919129119,0.0526156269242826,0.0449558522302389,0.0563902222141694
0.0486108919129119,0.0526156269242826,0.0449558522302389,0.0563902222141694
0.0486108919129119,0.0526156269242826,0.0449558522302389,0.0563902222141694
0.0486108919129119,0.0526156269242826,0.0449558522302389,0.0563902222141694
0.0486108919129119,0.0526156269242826,0.0449558522302389,0.0563902222141694
0.0486108919129119,0.0526156269242826,0.0449558522302389,0.0563902222141694
0.0486108919129119,0.0526156269242826,0.0449558522302389,0.0563902222141694
0.0486108919129119,0.0526156269242826,0.0449558522302389,0.0563902222141694
0.0486108919129119,0.0526156269242826,0.0449558522302389,0.0563902222141694
0.0486108919129119,0.0462936323411811,0.0449558522302389,0.0563902222141694
0.0486108919129119,0.0462936323411811,0.0449558522302389,0.0563902222141694
0.0543902595374825,0.0462936323411811,0.0449558522302389,0.0563902222141694
0.0543902595374825,0.0462936323411811,0.0449558522302389,0.0563902222141694
0.0543902595374825,0.0462936323411811,0.0449558522302389,0.0563902222141694
0.0543902595374825,0.0462936323411811,0.0449558522302389,0.0563902222141694
0.0543902595374825,0.0462936323411811,0.0449558522302389,0.0563902222141694
0.0543902595374825,0.0462936323411811,0.0449558522302389,0.0563902222141694
0.0543902595374825,0.0462936323411811,0.0449558522302389,0.0543443059728051
0.0543902595374825,0.0462936323411811,0.0449558522302389,0.0562062415592119
0.0543902595374825,0.0462936323411811,0.0449558522302389,0.0562062415592119
0.0543902595374825,0.0462936323411811,0.0449558522302389,0.0562062415592119
0.0543902595374825,0.0462936323411811,0.0449558522302389,0.0562062415592119
0.0543902595374825,0.0462936323411811,0.0449558522302389,0.0562062415592119
0.0543902595374825,0.0462936323411811,0.0449558522302389,0.0562062415592119
0.0543902595374825,0.0462936323411811,0.0449558522302389,0.0562062415592119
0.0543902595374825,0.0462936323411811,0.0449558522302389,0.0562062415592119
0.0543902595374825,0.0462936323411811,0.0449558522302389,0.0562062415592119
0.0543902595374825,0.0462936323411811,0.0449558522302389,0.0562062415592119
0.0543902595374825,0.0462936323411811,0.0449558522302389,0.0562062415592119
0.0543902595374825,0.0462936323411811,0.0449558522302389,0.0562062415592119
0.0543902595374825,0.0462936323411811,0.0449558522302389,0.0562062415592119
0.0543902595374825,0.0462936323411811,0.0449558522302389,0.0562062415592119
0.0543902595374825,0.0462936323411811,0.0449558522302389,0.0562062415592119
0.0543902595374825,0.0462936323411811,0.0449558522302389,0.0562062415592119
0.0543902595374825,0.0462936323411811,0.0449558522302389,0.0562062415592119
0.0543902595374825,0.0462936323411811,0.0449558522302389,0.0562062415592119
0.058837020000262,0.0452252000763005,0.0449558522302389,0.0562062415592119
0.058837020000262,0.0452252000763005,0.0449558522302389,0.0562062415592119
0.058837020000262,0.0452252000763005,0.0449558522302389,0.0562062415592119
0.058837020000262,0.0452252000763005,0.0449558522302389,0.0562062415592119
0.058837020000262,0.0452252000763005,0.0449558522302389,0.0562062415592119
0.058837020000262,0.0452252000763005,0.0449558522302389,0.0562062415592119
0.058837020000262,0.0452252000763005,0.0449558522302389,0.0562062415592119
0.058837020000262,0.0452252000763005,0.0449558522302389,0.0562062415592119
0.058837020000262,0.0452252000763005,0.0449558522302389,0.0562062415592119
0.058837020000262,0.0452252000763005,0.0449558522302389,0.0562062415592119
0.058837020000262,0.0452252000763005,0.0449558522302389,0.0562062415592119
0.058837020000262,0.0452252000763005,0.0449558522302389,0.0562062415592119
0.058837020000262,0.0452252000763005,0.0449558522302389,0.0562062415592119
0.058837020000262,0.0452252000763005,0.0449558522302389,0.0562062415592119
0.058837020000262,0.0486253971170132,0.0449558522302389,0.0562062415592119
0.058837020000262,0.0486253971170132,0.0449558522302389,0.0562062415592119
0.058837020000262,0.0486253971170132,0.0449558522302389,0.0562062415592119
0.058837020000262,0.0486253971170132,0.0449558522302389,0.0562062415592119
0.058837020000262,0.0486253971170132,0.0449558522302389,0.0562062415592119
0.058837020000262,0.0486253971170132,0.0449558522302389,0.0562062415592119
0.058837020000262,0.0486253971170132,0.0449558522302389,0.0562062415592119
0.058837020000262,0.0486253971170132,0.0449558522302389,0.0562062415592119
0.058837020000262,0.0486253971170132,0.0449558522302389,0.0512182713213291
0.058837020000262,0.0486253971170132,0.0449558522302389,0.0512182713213291
0.058837020000262,0.0486253971170132,0.0449558522302389,0.0512182713213291
0.0569304215172603,0.0486253971170132,0.0462904561663672,0.0512182713213291
0.0569304215172603,0.0486253971170132,0.0462904561663672,0.0512182713213291
0.0569304215172603,0.0486253971170132,0.0462904561663672,0.0512182713213291
0.0569304215172603,0.0486253971170132,0.0462904561663672,0.0512182713213291
0.0569304215172603,0.0486253971170132,0.0462904561663672,0.0512182713213291
0.0569304215172603,0.0486253971170132,0.0462904561663672,0.0552562535420913
0.0569304215172603,0.0486253971170132,0.0462904561663672,0.0552562535420913
0.0569304215172603,0.0486253971170132,0.0462904561663672,0.0552562535420913
0.0569304215172603,0.0486253971170132,0.0462904561663672,0.0552562535420913
0.0569304215172603,0.0486253971170132,0.0462904561663672,0.0552562535420913
0.0569304215172603,0.0486253971170132,0.0462904561663672,0.0552562535420913
0.0569304215172603,0.0460369642039934,0.0462904561663672,0.0552562535420913
0.0569304215172603,0.0460369642039934,0.0462904561663672,0.0552562535420913
0.0569304215172603,0.0460369642039934,0.0462904561663672,0.0552562535420913
0.0569304215172603,0.0460369642039934,0.0462904561663672,0.0552562535420913
0.0569304215172603,0.056053099820029,0.0462904561663672,0.0552562535420913
0.0569304215172603,0.056053099820029,0.0462904561663672,0.0552562535420913
0.0569304215172603,0.056053099820029,0.0462904561663672,0.0552562535420913
0.0569304215172603,0.056053099820029,0.0449598737427723,0.0552562535420913
0.0569304215172603,0.056053099820029,0.0449598737427723,0.0552562535420913
0.0569304215172603,0.056053099820029,0.0449598737427723,0.0552562535420913
0.0569304215172603,0.056053099820029,0.0449598737427723,0.0552562535420913
0.0569304215172603,0.056053099820029,0.0449598737427723,0.0552562535420913
0.0569304215172603,0.056053099820029,0.0449598737427723,0.0552562535420913
0.0569304215172603,0.056053099820029,0.0449598737427723,0.0552562535420913
0.0569304215172603,0.056053099820029,0.0449598737427723,0.0552562535420913
0.0569304215172603,0.056053099820029,0.0449598737427723,0.0552562535420913
0.0549838557207534,0.056053099820029,0.0497523839319162,0.0552562535420913
0.0549838557207534,0.056053099820029,0.0497523839319162,0.0414532267828279
0.0549838557207534,0.056053099820029,0.0497523839319162,0.0414532267828279
0.0549838557207534,0.056053099820029,0.0497523839319162,0.0414532267828279
0.0549838557207534,0.056053099820029,0.0497523839319162,0.0414532267828279
0.0549838557207534,0.056053099820029,0.0497523839319162,0.0414532267828279
0.0549838557207534,0.056053099820029,0.0497523839319162,0.0414532267828279
0.0549838557207534,0.056053099820029,0.0497523839319162,0.0414532267828279
0.0549838557207534,0.056053099820029,0.0497523839319162,0.0414532267828279
0.0549838557207534,0.056053099820029,0.0497523839319162,0.0414532267828279
0.0549838557207534,0.056053099820029,0.0497523839319162,0.0414532267828279
0.0549838557207534,0.056053099820029,0.0497523839319162,0.0414532267828279
0.0549838557207534,0.056053099820029,0.0497523839319162,0.0414532267828279
0.0549838557207534,0.056053099820029,0.0497523839319162,0.0414532267828279
0.0549838557207534,0.056053099820029,0.0497523839319162,0.0414532267828279
0.0549838557207534,0.056053099820029,0.0497523839319162,0.0414532267828279
0.0549838557207534,0.056053099820029,0.0506454819638556,0.0519189270856049
0.0549838557207534,0.056053099820029,0.0506454819638556,0.0519189270856049
0.0549838557207534,0.056053099820029,0.0506454819638556,0.0519189270856049
0.0549838557207534,0.056053099820029,0.0506454819638556,0.0519189270856049
0.0549838557207534,0.056053099820029,0.0506454819638556,0.0519189270856049
0.0549838557207534,0.056053099820029,0.0506454819638556,0.0519189270856049
0.0549838557207534,0.056053099820029,0.0506454819638556,0.0519189270856049
0.0549838557207534,0.056053099820029,0.0506454819638556,0.0519189270856049
0.0549838557207534,0.056053099820029,0.0506454819638556,0.0519189270856049
0.0549838557207534,0.056053099820029,0.0506454819638556,0.0519189270856049
0.0549838557207534,0.056053099820029,0.0506454819638556,0.0519189270856049
0.0549838557207534,0.056053099820029,0.0506454819638556,0.0519189270856049
0.0549838557207534,0.056053099820029,0.0506454819638556,0.0519189270856049
0.0549838557207534,0.056053099820029,0.0509539682672587,0.0519189270856049
0.0549838557207534,0.056053099820029,0.0509539682672587,0.0519189270856049
0.0549838557207534,0.056053099820029,0.0483628915807894,0.0519189270856049
0.0549838557207534,0.056053099820029,0.0483628915807894,0.0519189270856049
0.0549838557207534,0.056053099820029,0.0483628915807894,0.0519189270856049
0.0549838557207534,0.056053099820029,0.0483628915807894,0.0519189270856049
0.0554308494620079,0.056053099820029,0.0483628915807894,0.0519189270856049
0.0554308494620079,0.056053099820029,0.0483628915807894,0.0519189270856049
0.0554308494620079,0.056053099820029,0.0483628915807894,0.0519189270856049
0.0554308494620079,0.0484105058022334,0.0483628915807894,0.0519189270856049
0.0554308494620079,0.0484105058022334,0.0483628915807894,0.0519189270856049
0.0554308494620079,0.0484105058022334,0.0483628915807894,0.0519189270856049
0.0554308494620079,0.0484105058022334,0.0483628915807894,0.0519189270856049
0.0554308494620079,0.0484105058022334,0.0483628915807894,0.0519189270856049
0.0554308494620079,0.0484105058022334,0.0483628915807894,0.0519189270856049
0.0554308494620079,0.0484105058022334,0.0483628915807894,0.0519189270856049
0.0554308494620079,0.0484105058022334,0.0483628915807894,0.0519189270856049
0.0554308494620079,0.0484105058022334,0.0483628915807894,0.0519189270856049
0.0554308494620079,0.0484105058022334,0.0483628915807894,0.0519189270856049
0.0554308494620079,0.0484105058022334,0.0483628915807894,0.0519189270856049
0.0554308494620079,0.0484105058022334,0.0483628915807894,0.0519189270856049
0.0554308494620079,0.0484105058022334,0.0483628915807894,0.0519189270856049
0.0554308494620079,0.0484105058022334,0.0483628915807894,0.0519189270856049
0.0554308494620079,0.0484105058022334,0.0483628915807894,0.0519189270856049
0.0554308494620079,0.0484105058022334,0.0483628915807894,0.0519189270856049
0.0554308494620079,0.0484105058022334,0.0483628915807894,0.0519189270856049
0.0554308494620079,0.0484105058022334,0.0483628915807894,0.0519189270856049
0.0554308494620079,0.0484105058022334,0.0483628915807894,0.0519189270856049
0.0554308494620079,0.0484105058022334,0.0483628915807894,0.0519189270856049
0.0554308494620079,0.0484105058022334,0.0483628915807894,0.0519189270856049
0.0554308494620079,0.0484105058022334,0.0483628915807894,0.0519189270856049
0.0554308494620079,0.0484105058022334,0.0483628915807894,0.0519189270856049
0.0554308494620079,0.0484105058022334,0.0483628915807894,0.0519189270856049
0.0554308494620079,0.0484105058022334,0.0483628915807894,0.0519189270856049
0.0554308494620079,0.0484105058022334,0.0483628915807894,0.0461809426088836
0.0586705894315563,0.0484105058022334,0.0483628915807894,0.0461809426088836
0.0586705894315563,0.0484105058022334,0.0483628915807894,0.0461809426088836
0.0586705894315563,0.0484105058022334,0.0483628915807894,0.0461809426088836
0.0586705894315563,0.0484105058022334,0.0483628915807894,0.0461809426088836
0.0586705894315563,0.0540574301888838,0.0483628915807894,0.0461809426088836
0.0586705894315563,0.0464882879630304,0.0483628915807894,0.0461809426088836
0.0586705894315563,0.0464882879630304,0.0483628915807894,0.0461809426088836
0.0586705894315563,0.0464882879630304,0.0483628915807894,0.0511873945901084
0.0586705894315563,0.0464882879630304,0.0483628915807894,0.0511873945901084
0.0586705894315563,0.0464882879630304,0.0483628915807894,0.0511873945901084
0.0586705894315563,0.0464882879630304,0.0483628915807894,0.0511873945901084
0.0586705894315563,0.0464882879630304,0.0483628915807894,0.0511873945901084
0.0586705894315563,0.0464882879630304,0.0483628915807894,0.0511873945901084
0.0586705894315563,0.0464882879630304,0.0483628915807894,0.0511873945901084
0.0586705894315563,0.0464882879630304,0.0483628915807894,0.0491742152546763
0.0586705894315563,0.0464882879630304,0.0483628915807894,0.0491742152546763
0.0586705894315563,0.0464882879630304,0.0483628915807894,0.0491742152546763
0.0586705894315563,0.0464882879630304,0.0483628915807894,0.0491742152546763
0.0586705894315563,0.0464882879630304,0.0483628915807894,0.0491742152546763
0.0586705894315563,0.0464882879630304,0.0483628915807894,0.0491742152546763
0.0586705894315563,0.0464882879630304,0.0483628915807894,0.0491742152546763
0.0586705894315563,0.0464882879630304,0.0483628915807894,0.0491742152546763
0.0586705894315563,0.0464882879630304,0.0483628915807894,0.0491742152546763
0.0586705894315563,0.0464882879630304,0.0483628915807894,0.0491742152546763
0.0586705894315563,0.0464882879630304,0.0483628915807894,0.0491742152546763
0.0586705894315563,0.0521711725053933,0.0483628915807894,0.0491742152546763
0.0586705894315563,0.0521711725053933,0.0483628915807894,0.0491742152546763
0.0586705894315563,0.057037449330195,0.0483628915807894,0.0491742152546763
0.0586705894315563,0.057037449330195,0.0483628915807894,0.0491742152546763
0.0586705894315563,0.057037449330195,0.0483628915807894,0.0491742152546763
0.0586705894315563,0.057037449330195,0.0483628915807894,0.0491742152546763
0.0586705894315563,0.057037449330195,0.0483628915807894,0.0491742152546763
0.0586705894315563,0.057037449330195,0.0483628915807894,0.0491742152546763
0.0586705894315563,0.057037449330195,0.0483628915807894,0.0491742152546763
0.0586705894315563,0.057037449330195,0.0483628915807894,0.0491742152546763
0.0586705894315563,0.057037449330195,0.0483628915807894,0.0491742152546763
0.0586705894315563,0.057037449330195,0.0483628915807894,0.0491742152546763
0.0586705894315563,0.057037449330195,0.0483628915807894,0.0491742152546763
0.0586705894315563,0.057037449330195,0.0483628915807894,0.0491742152546763
0.0586705894315563,0.057037449330195,0.0483628915807894,0.0491742152546763
0.0586705894315563,0.057037449330195,0.0483628915807894,0.0491742152546763
0.0586705894315563,0.057037449330195,0.0483628915807894,0.0491742152546763
0.0586705894315563,0.057037449330195,0.0483628915807894,0.0491742152546763
0.0606636734103345,0.057037449330195,0.0483628915807894,0.0491742152546763
0.0606636734103345,0.057037449330195,0.0483628915807894,0.0491742152546763
0.0606636734103345,0.057037449330195,0.0484371242356125,0.0491742152546763
0.0606636734103345,0.057037449330195,0.0484371242356125,0.0491742152546763
0.0606636734103345,0.057037449330195,0.0484371242356125,0.0491742152546763
0.0606636734103345,0.057037449330195,0.0484371242356125,0.0491742152546763
0.0606636734103345,0.057037449330195,0.0484371242356125,0.0491742152546763
0.0606636734103345,0.05508125290094,0.0484371242356125,0.0491742152546763
0.0606636734103345,0.05508125290094,0.0484371242356125,0.0491742152546763
0.0606636734103345,0.05508125290094,0.0484371242356125,0.0491742152546763
0.0606636734103345,0.05508125290094,0.0484371242356125,0.0491742152546763
0.0606636734103345,0.05508125290094,0.0484371242356125,0.0491742152546763
0.0606636734103345,0.05508125290094,0.0484371242356125,0.0491742152546763
0.0606636734103345,0.05508125290094,0.0484371242356125,0.0491742152546763
0.0606636734103345,0.05508125290094,0.0484371242356125,0.0491742152546763
0.0606636734103345,0.05508125290094,0.0484371242356125,0.0491742152546763
0.0606636734103345,0.05508125290094,0.0484371242356125,0.0491742152546763
0.0606636734103345,0.05508125290094,0.0484371242356125,0.0491742152546763
0.0606636734103345,0.05508125290094,0.0484371242356125,0.0491742152546763
0.0606636734103345,0.05508125290094,0.0484371242356125,0.0491742152546763
0.0606636734103345,0.05508125290094,0.0484371242356125,0.0491742152546763
0.0606636734103345,0.05508125290094,0.0484371242356125,0.0491742152546763
0.0606636734103345,0.05508125290094,0.0484371242356125,0.0491742152546763
0.0606636734103345,0.05508125290094,0.0484371242356125,0.0491742152546763
0.0606636734103345,0.05508125290094,0.0484371242356125,0.0491742152546763
0.0606636734103345,0.05508125290094,0.0484371242356125,0.0491742152546763
0.0606636734103345,0.05508125290094,0.0484371242356125,0.0491742152546763
0.0606636734103345,0.05508125290094,0.0484371242356125,0.0491742152546763
0.0606636734103345,0.05508125290094,0.0484371242356125,0.0519235763206601
0.0606636734103345,0.05508125290094,0.0484371242356125,0.0519235763206601
0.0606636734103345,0.05508125290094,0.0484371242356125,0.0519235763206601
0.0606636734103345,0.05508125290094,0.0516095984745188,0.0488489214205181
0.0606636734103345,0.05508125290094,0.0516095984745188,0.0488489214205181
0.0606636734103345,0.05508125290094,0.0516095984745188,0.0488489214205181
0.0606636734103345,0.05508125290094,0.0516095984745188,0.0488489214205181
0.0606636734103345,0.05508125290094,0.0516095984745188,0.0488489214205181
0.0606636734103345,0.0572109098699045,0.0516095984745188,0.0488489214205181
0.0606636734103345,0.0572109098699045,0.0516095984745188,0.0488489214205181
0.0606636734103345,0.0572109098699045,0.0516095984745188,0.0488489214205181
0.0606636734103345,0.0572109098699045,0.0516095984745188,0.0488489214205181
0.0606636734103345,0.0572109098699045,0.0516095984745188,0.0488489214205181
0.0606636734103345,0.0572109098699045,0.0516095984745188,0.0488489214205181
0.0606636734103345,0.0572109098699045,0.0516095984745188,0.0488489214205181
0.0606636734103345,0.0572109098699045,0.0516095984745188,0.0488489214205181
0.0606636734103345,0.0572109098699045,0.0516095984745188,0.0488489214205181
0.0606636734103345,0.0572109098699045,0.0516095984745188,0.0488489214205181
0.0606636734103345,0.0572109098699045,0.0516095984745188,0.0488489214205181
0.0606636734103345,0.0572109098699045,0.0516095984745188,0.0488489214205181
0.0606636734103345,0.0572109098699045,0.0516095984745188,0.0488489214205181
0.0606636734103345,0.0572109098699045,0.0516095984745188,0.0488489214205181
0.0606636734103345,0.0572109098699045,0.0516095984745188,0.0488489214205181
0.0606636734103345,0.0572109098699045,0.0516095984745188,0.0488489214205181
0.0606636734103345,0.0572109098699045,0.0516095984745188,0.0488489214205181
0.0606636734103345,0.0572109098699045,0.0459106917038624,0.0488489214205181
0.0606636734103345,0.0572109098699045,0.0459106917038624,0.0488489214205181
0.0606636734103345,0.0572109098699045,0.0459106917038624,0.0488489214205181
0.0606636734103345,0.0572109098699045,0.0459106917038624,0.0488489214205181
0.0606636734103345,0.0572109098699045,0.0459106917038624,0.0488489214205181
0.0606636734103345,0.0572109098699045,0.0459106917038624,0.0488489214205181
0.0606636734103345,0.0572109098699045,0.0459106917038624,0.0488489214205181
0.0606636734103345,0.0572109098699045,0.0459106917038624,0.0488489214205181
0.0606636734103345,0.0572109098699045,0.0459106917038624,0.0488489214205181
0.0606636734103345,0.0572109098699045,0.0459106917038624,0.0488489214205181
0.0606636734103345,0.0572109098699045,0.0459106917038624,0.0488489214205181
0.0606636734103345,0.0572109098699045,0.0459106917038624,0.0488489214205181
0.0606636734103345,0.0572109098699045,0.0459106917038624,0.0488489214205181
0.0606636734103345,0.0572109098699045,0.0459106917038624,0.0488489214205181
0.0606636734103345,0.0572109098699045,0.0459106917038624,0.0488489214205181
0.0606636734103345,0.0572109098699045,0.0459106917038624,0.0488489214205181
0.0606636734103345,0.0572109098699045,0.0459106917038624,0.0488489214205181
0.0606636734103345,0.0572109098699045,0.0459106917038624,0.0488489214205181
0.0606636734103345,0.0572109098699045,0.0459106917038624,0.0488489214205181
0.0606636734103345,0.0572109098699045,0.0459106917038624,0.0488489214205181
0.0606636734103345,0.0572109098699045,0.0459106917038624,0.0488489214205181
0.0606636734103345,0.0572109098699045,0.0459106917038624,0.0488489214205181
0.0606636734103345,0.0572109098699045,0.0459106917038624,0.0488489214205181
0.0606636734103345,0.0572109098699045,0.0459106917038624,0.0488489214205181
0.0606636734103345,0.0572109098699045,0.0459106917038624,0.0488489214205181
0.0606636734103345,0.0572109098699045,0.0459106917038624,0.0488489214205181
0.0606636734103345,0.0572109098699045,0.0459106917038624,0.0488489214205181
0.0606636734103345,0.0572109098699045,0.0459106917038624,0.0488489214205181
0.0606636734103345,0.0572109098699045,0.0459106917038624,0.0488489214205181
0.0606636734103345,0.0572109098699045,0.0459106917038624,0.0488489214205181
0.0606636734103345,0.0572109098699045,0.0459106917038624,0.0488489214205181
0.0606636734103345,0.0572109098699045,0.0459106917038624,0.0488489214205181
0.0606636734103345,0.0572109098699045,0.0459106917038624,0.0488489214205181
0.0606636734103345,0.0572109098699045,0.0459106917038624,0.0488489214205181
0.0606636734103345,0.0572109098699045,0.0459106917038624,0.0488489214205181
0.0606636734103345,0.0572109098699045,0.0459106917038624,0.0488489214205181
0.0606636734103345,0.0572109098699045,0.0459106917038624,0.0488489214205181
0.0606636734103345,0.0572109098699045,0.0459106917038624,0.0488489214205181
0.0606636734103345,0.0572109098699045,0.0459106917038624,0.0488489214205181
0.0606636734103345,0.0627837129974159,0.0459106917038624,0.0488489214205181
0.0606636734103345,0.0627837129974159,0.0479359917939759,0.0488489214205181
0.0606636734103345,0.0627837129974159,0.0479359917939759,0.0488489214205181
0.0606636734103345,0.0627837129974159,0.0479359917939759,0.0488489214205181
0.0606636734103345,0.0627837129974159,0.0479359917939759,0.0488489214205181
0.0606636734103345,0.0627837129974159,0.0479359917939759,0.0488489214205181
0.0606636734103345,0.0627837129974159,0.0479359917939759,0.0488489214205181
0.0606636734103345,0.0627837129974159,0.0479359917939759,0.0488489214205181
0.0606636734103345,0.0627837129974159,0.0479359917939759,0.0488489214205181
0.0606636734103345,0.0627837129974159,0.0479359917939759,0.0488489214205181
0.0606636734103345,0.0627837129974159,0.0479359917939759,0.0488489214205181
0.0606636734103345,0.0627837129974159,0.0479359917939759,0.0488489214205181
0.0606636734103345,0.0627837129974159,0.0479359917939759,0.0488489214205181
0.0606636734103345,0.0627837129974159,0.0479359917939759,0.0547643358628105
0.0606636734103345,0.0627837129974159,0.0479359917939759,0.0547643358628105
0.0606636734103345,0.0627837129974159,0.0479359917939759,0.0547643358628105
0.0606636734103345,0.0627837129974159,0.0479359917939759,0.0547643358628105
0.0606636734103345,0.0627837129974159,0.0479359917939759,0.0547643358628105
0.0606636734103345,0.0627837129974159,0.0479359917939759,0.0547643358628105
0.0606636734103345,0.0627837129974159,0.0479359917939759,0.0547643358628105
0.0606636734103345,0.060525440882857,0.0479359917939759,0.0547643358628105
0.0606636734103345,0.0585816339185212,0.0479359917939759,0.0547643358628105
0.0606636734103345,0.0585816339185212,0.0479359917939759,0.0547643358628105
0.0606636734103345,0.0585816339185212,0.0479359917939759,0.0503947495801048
0.0606636734103345,0.0585816339185212,0.0479359917939759,0.0503947495801048
0.0606636734103345,0.0585816339185212,0.0479359917939759,0.0503947495801048
0.0606636734103345,0.0585816339185212,0.0479359917939759,0.0503947495801048
0.0606636734103345,0.0585816339185212,0.0479359917939759,0.0503947495801048
0.0606636734103345,0.0585816339185212,0.0479359917939759,0.0503947495801048
0.0606636734103345,0.0585816339185212,0.0479359917939759,0.0503947495801048
0.0606636734103345,0.0585816339185212,0.0479359917939759,0.0503947495801048
0.0606636734103345,0.0585816339185212,0.0479359917939759,0.0503947495801048
0.0606636734103345,0.0585816339185212,0.0479359917939759,0.0503947495801048
0.0606636734103345,0.0585816339185212,0.0479359917939759,0.0503947495801048
0.0606636734103345,0.0585816339185212,0.0479359917939759,0.0503947495801048
0.0606636734103345,0.0585816339185212,0.0479359917939759,0.0503947495801048
0.0606636734103345,0.0603430241333902,0.0479359917939759,0.0503947495801048
0.0606636734103345,0.0603430241333902,0.0479359917939759,0.0503947495801048
0.0606636734103345,0.0603430241333902,0.0479359917939759,0.0503947495801048
0.0606636734103345,0.0594709748255922,0.0479359917939759,0.0503947495801048
0.0606636734103345,0.0594709748255922,0.0479359917939759,0.0503947495801048
0.0606636734103345,0.0594709748255922,0.0479359917939759,0.0503947495801048
0.0606636734103345,0.0594709748255922,0.0479359917939759,0.0503947495801048
0.0606636734103345,0.0594709748255922,0.0479359917939759,0.0503947495801048
0.0606636734103345,0.0594709748255922,0.0479359917939759,0.0503947495801048
0.0606636734103345,0.0594709748255922,0.0479359917939759,0.0503947495801048
0.0606636734103345,0.0594709748255922,0.0479359917939759,0.0503947495801048
0.0606636734103345,0.0594709748255922,0.0479359917939759,0.0503947495801048
0.0606636734103345,0.0594709748255922,0.0479359917939759,0.0503947495801048
0.0606636734103345,0.0594709748255922,0.0479359917939759,0.0503947495801048
0.0606636734103345,0.0573632937621073,0.0479359917939759,0.0503947495801048
0.0606636734103345,0.0573632937621073,0.0479359917939759,0.0503947495801048
0.0606636734103345,0.0573632937621073,0.0479359917939759,0.0503947495801048
0.0606636734103345,0.0573632937621073,0.0479359917939759,0.0503947495801048
0.0606636734103345,0.0573632937621073,0.0479359917939759,0.0503947495801048
0.0606636734103345,0.0573632937621073,0.0479359917939759,0.0503947495801048
0.0618252244390539,0.0573632937621073,0.0479359917939759,0.0503947495801048
0.0618252244390539,0.0573632937621073,0.0479359917939759,0.0503947495801048
0.0618252244390539,0.0573632937621073,0.0479359917939759,0.0503947495801048
0.0618252244390539,0.0573632937621073,0.0479359917939759,0.0503947495801048
0.0618252244390539,0.0573632937621073,0.0479359917939759,0.0503947495801048
0.0618252244390539,0.0573632937621073,0.0479359917939759,0.0503947495801048
0.0618252244390539,0.0573632937621073,0.0479359917939759,0.0503947495801048
0.0618252244390539,0.0573632937621073,0.0479359917939759,0.0503947495801048
0.0618252244390539,0.0573632937621073,0.0479359917939759,0.0503947495801048
0.0618252244390539,0.0573632937621073,0.0479359917939759,0.0503947495801048
0.0618252244390539,0.0573632937621073,0.0479359917939759,0.0503947495801048
0.0618252244390539,0.0573632937621073,0.0479359917939759,0.0503947495801048
0.0618252244390539,0.0573632937621073,0.0479359917939759,0.0438729015531309
0.0618252244390539,0.0573632937621073,0.0479359917939759,0.0438729015531309
0.0618252244390539,0.0573632937621073,0.0479359917939759,0.0438729015531309
0.0618252244390539,0.0573632937621073,0.0479359917939759,0.0438729015531309
0.0618252244390539,0.0573632937621073,0.0479359917939759,0.0438729015531309
0.0618252244390539,0.0573632937621073,0.0479359917939759,0.0438729015531309
0.0618252244390539,0.0573632937621073,0.0479359917939759,0.0438729015531309
0.0618252244390539,0.0573632937621073,0.0479359917939759,0.0438729015531309
0.0618252244390539,0.0573632937621073,0.0479359917939759,0.0438729015531309
0.0618252244390539,0.0573632937621073,0.0479359917939759,0.0438729015531309
0.0618252244390539,0.0573632937621073,0.0479359917939759,0.0438729015531309
0.0618252244390539,0.0573632937621073,0.0479359917939759,0.0438729015531309
0.0618252244390539,0.0573632937621073,0.0479359917939759,0.0438729015531309
0.0618252244390539,0.0573632937621073,0.0479359917939759,0.0438729015531309
0.0618252244390539,0.0573632937621073,0.0479359917939759,0.0438729015531309
0.0618252244390539,0.0573632937621073,0.0479359917939759,0.0438729015531309
0.0618252244390539,0.0573632937621073,0.0479359917939759,0.0438729015531309
0.0618252244390539,0.0573632937621073,0.0479359917939759,0.0438729015531309
0.0618252244390539,0.0573632937621073,0.0479359917939759,0.0438729015531309
0.0618252244390539,0.0573632937621073,0.0479359917939759,0.0438729015531309
0.0618252244390539,0.0573632937621073,0.0479359917939759,0.0438729015531309
0.0618252244390539,0.0573632937621073,0.0479359917939759,0.0438729015531309
0.0618252244390539,0.0573632937621073,0.0479359917939759,0.0438729015531309
0.0618252244390539,0.0573632937621073,0.0479359917939759,0.0438729015531309
0.0618252244390539,0.0573632937621073,0.0479359917939759,0.0438729015531309
0.0618252244390539,0.0573632937621073,0.0479359917939759,0.0438729015531309
0.0618252244390539,0.0573632937621073,0.0479359917939759,0.0438729015531309
0.0618252244390539,0.0573632937621073,0.0479359917939759,0.0438729015531309
0.0618252244390539,0.0573632937621073,0.0479359917939759,0.0438729015531309
0.0618252244390539,0.0573632937621073,0.0479359917939759,0.0438729015531309
0.0618252244390539,0.0573632937621073,0.0479359917939759,0.0438729015531309
0.0618252244390539,0.0573632937621073,0.0479359917939759,0.0438729015531309
0.0635506423515495,0.0573632937621073,0.0479359917939759,0.0438729015531309
0.0635506423515495,0.0573632937621073,0.0479359917939759,0.0438729015531309
0.0635506423515495,0.0573632937621073,0.0479359917939759,0.0438729015531309
0.0635506423515495,0.0573632937621073,0.0479359917939759,0.0438729015531309
0.0635506423515495,0.0573632937621073,0.0479359917939759,0.0438729015531309
0.0635506423515495,0.0573632937621073,0.0479359917939759,0.0438729015531309
0.0635506423515495,0.0573632937621073,0.0479359917939759,0.0438729015531309
0.0635506423515495,0.0573632937621073,0.0479359917939759,0.0438729015531309
0.0635506423515495,0.0585055491651482,0.0479359917939759,0.0438729015531309
0.0635506423515495,0.0585055491651482,0.0479359917939759,0.0438729015531309
0.0635506423515495,0.0585055491651482,0.0479359917939759,0.0438729015531309
0.0635506423515495,0.0585055491651482,0.0479359917939759,0.0438729015531309
0.0635506423515495,0.0585055491651482,0.0479359917939759,0.0484064634026418
0.0635506423515495,0.0589920412949855,0.0479359917939759,0.0484064634026418
0.0635506423515495,0.0589920412949855,0.0479359917939759,0.0484064634026418
0.0635506423515495,0.0589920412949855,0.0479359917939759,0.0484064634026418
0.0635506423515495,0.0589920412949855,0.0479359917939759,0.0484064634026418
0.0635506423515495,0.0589920412949855,0.0479359917939759,0.0484064634026418
0.0593880967086994,0.0589920412949855,0.0479359917939759,0.0484064634026418
0.0642271144556653,0.0589920412949855,0.0479359917939759,0.0484064634026418
0.0642271144556653,0.058730077256119,0.0479359917939759,0.0484064634026418
0.0642271144556653,0.058730077256119,0.0479359917939759,0.0484064634026418
0.0642271144556653,0.058730077256119,0.0479359917939759,0.0484064634026418
0.0642271144556653,0.054665912058773,0.0479359917939759,0.0484064634026418
0.0642271144556653,0.054665912058773,0.0479359917939759,0.0484064634026418
0.0642271144556653,0.054665912058773,0.0479359917939759,0.0484064634026418
0.0642271144556653,0.054665912058773,0.0479359917939759,0.0484064634026418
0.0642271144556653,0.054665912058773,0.0479359917939759,0.0484064634026418
0.0642271144556653,0.054665912058773,0.0479359917939759,0.0484064634026418
0.0642271144556653,0.054665912058773,0.049325999346778,0.0484064634026418
0.0642271144556653,0.054665912058773,0.049325999346778,0.0484064634026418
0.0642271144556653,0.054665912058773,0.049325999346778,0.0484064634026418
0.0642271144556653,0.054665912058773,0.049325999346778,0.0484064634026418
0.0642271144556653,0.054665912058773,0.049325999346778,0.0484064634026418
0.0642271144556653,0.0457400373455969,0.049325999346778,0.0484064634026418
0.0642271144556653,0.0457400373455969,0.049325999346778,0.0484064634026418
0.0642271144556653,0.0457400373455969,0.049325999346778,0.0484064634026418
0.0642271144556653,0.0457400373455969,0.049325999346778,0.0484064634026418
0.0642271144556653,0.0457400373455969,0.049325999346778,0.0484064634026418
0.0642271144556653,0.0457400373455969,0.049325999346778,0.0484064634026418
0.0642271144556653,0.0457400373455969,0.049325999346778,0.0484064634026418
0.0642271144556653,0.0490639300347293,0.049325999346778,0.0484064634026418
0.0642271144556653,0.0490639300347293,0.049325999346778,0.0484064634026418
0.0642271144556653,0.0490639300347293,0.049325999346778,0.0484064634026418
0.0642271144556653,0.0490639300347293,0.049325999346778,0.0484064634026418
0.0642271144556653,0.0490639300347293,0.049325999346778,0.0484064634026418
0.0642271144556653,0.0531633498726145,0.049325999346778,0.0397917705092187
0.0642271144556653,0.0531633498726145,0.049325999346778,0.0397917705092187
0.0642271144556653,0.0531633498726145,0.049325999346778,0.0397917705092187
0.0642271144556653,0.0531633498726145,0.049325999346778,0.0397917705092187
0.0642271144556653,0.0531633498726145,0.049325999346778,0.0397917705092187
0.0642271144556653,0.0531633498726145,0.049325999346778,0.0397917705092187
0.0642271144556653,0.0531633498726145,0.049325999346778,0.0397917705092187
0.0642271144556653,0.0531633498726145,0.049325999346778,0.0397917705092187
0.0642271144556653,0.0531633498726145,0.049325999346778,0.0397917705092187
0.0642271144556653,0.0531633498726145,0.049325999346778,0.0397917705092187
0.0642271144556653,0.0531633498726145,0.049325999346778,0.0397917705092187
0.0642271144556653,0.0531633498726145,0.049325999346778,0.0397917705092187
0.0642271144556653,0.0531633498726145,0.049325999346778,0.0397917705092187
0.0642271144556653,0.0531633498726145,0.049325999346778,0.0397917705092187
0.0642271144556653,0.0531633498726145,0.049325999346778,0.0397917705092187
0.0642271144556653,0.0531633498726145,0.049325999346778,0.0397917705092187
0.0642271144556653,0.0531633498726145,0.049325999346778,0.0397917705092187
0.0642271144556653,0.0531633498726145,0.049325999346778,0.0397917705092187
0.0642271144556653,0.0531633498726145,0.049325999346778,0.0397917705092187
0.0642271144556653,0.0531633498726145,0.049325999346778,0.0397917705092187
0.0642271144556653,0.0531633498726145,0.049325999346778,0.0397917705092187
0.0642271144556653,0.0531633498726145,0.049325999346778,0.0397917705092187
0.0642271144556653,0.0531633498726145,0.049325999346778,0.0397917705092187
0.0642271144556653,0.0531633498726145,0.049325999346778,0.0397917705092187
0.0642271144556653,0.0531633498726145,0.049325999346778,0.0397917705092187
0.0642271144556653,0.0531633498726145,0.049325999346778,0.0397917705092187
0.0642271144556653,0.0531633498726145,0.049325999346778,0.0397917705092187
0.0642271144556653,0.0531633498726145,0.049325999346778,0.0494075144839562
0.0642271144556653,0.0531633498726145,0.049325999346778,0.0437699473310143
0.0629229111405635,0.0559922247066192,0.049325999346778,0.0437699473310143
0.0629229111405635,0.0559922247066192,0.049325999346778,0.0437699473310143
0.0629229111405635,0.0559922247066192,0.049325999346778,0.0437699473310143
0.0629229111405635,0.0559922247066192,0.049325999346778,0.0437699473310143
0.0629229111405635,0.0559922247066192,0.049325999346778,0.0437699473310143
0.0629229111405635,0.0559922247066192,0.049325999346778,0.0437699473310143
0.0629229111405635,0.0559922247066192,0.049325999346778,0.0437699473310143
0.0629229111405635,0.0559922247066192,0.049325999346778,0.0437699473310143
0.0629229111405635,0.0559922247066192,0.049325999346778,0.042063925230984
0.0629229111405635,0.0559922247066192,0.049325999346778,0.042063925230984
0.0629229111405635,0.0559922247066192,0.049325999346778,0.042063925230984
0.0620634174220473,0.0559922247066192,0.049325999346778,0.0479843422678178
0.0620634174220473,0.0559922247066192,0.049325999346778,0.0479843422678178
0.0620634174220473,0.0559922247066192,0.049325999346778,0.0479843422678178
0.0620634174220473,0.0559922247066192,0.049325999346778,0.0479843422678178
0.0620634174220473,0.0559922247066192,0.049325999346778,0.0479843422678178
0.0620634174220473,0.0559922247066192,0.049325999346778,0.0479843422678178
0.0620634174220473,0.0559922247066192,0.049325999346778,0.0402758375695095
0.0620634174220473,0.0559922247066192,0.049325999346778,0.0402758375695095
0.0620634174220473,0.0559922247066192,0.049325999346778,0.0402758375695095
0.0620634174220473,0.0559922247066192,0.049325999346778,0.0402758375695095
0.0620634174220473,0.0559922247066192,0.049325999346778,0.0402758375695095
0.0620634174220473,0.0559922247066192,0.049325999346778,0.0402758375695095
0.0620634174220473,0.0559922247066192,0.049325999346778,0.0402758375695095
0.0620634174220473,0.0559922247066192,0.0515961404466781,0.0402758375695095
0.0620634174220473,0.0559922247066192,0.0515961404466781,0.0402758375695095
0.0620634174220473,0.0559922247066192,0.0515961404466781,0.0402758375695095
0.0620634174220473,0.0559922247066192,0.0515961404466781,0.0402758375695095
0.0620634174220473,0.0559922247066192,0.0515961404466781,0.0402758375695095
0.0620634174220473,0.0559922247066192,0.0515961404466781,0.0402758375695095
0.0620634174220473,0.0559922247066192,0.0515961404466781,0.0402758375695095
0.0620634174220473,0.053465600410988,0.0515961404466781,0.0402758375695095
0.0620634174220473,0.053465600410988,0.0515961404466781,0.0402758375695095
0.0620634174220473,0.053465600410988,0.0515961404466781,0.0402758375695095
0.0620634174220473,0.053465600410988,0.0515961404466781,0.0402758375695095
0.0620634174220473,0.053465600410988,0.0515961404466781,0.0402758375695095
0.0620634174220473,0.053465600410988,0.0515961404466781,0.0402758375695095
0.0620634174220473,0.053465600410988,0.0515961404466781,0.0402758375695095
0.0620634174220473,0.053465600410988,0.0515961404466781,0.0402758375695095
0.0620634174220473,0.053465600410988,0.0515961404466781,0.0402758375695095
0.0620634174220473,0.053465600410988,0.0515961404466781,0.0402758375695095
0.0620634174220473,0.053465600410988,0.0515961404466781,0.0402758375695095
0.0620634174220473,0.053465600410988,0.0515961404466781,0.0402758375695095
0.0620634174220473,0.053465600410988,0.0515961404466781,0.0402758375695095
0.0620634174220473,0.053465600410988,0.0515961404466781,0.0402758375695095
0.0620634174220473,0.053465600410988,0.0515961404466781,0.0402758375695095
0.0620634174220473,0.053465600410988,0.0515961404466781,0.0402758375695095
0.0620634174220473,0.053465600410988,0.0515961404466781,0.0402758375695095
0.0620634174220473,0.053465600410988,0.0515961404466781,0.0402758375695095
0.0620634174220473,0.053465600410988,0.0515961404466781,0.0402758375695095
0.0620634174220473,0.053465600410988,0.0515961404466781,0.0402758375695095
0.0620634174220473,0.053465600410988,0.0515961404466781,0.0402758375695095
0.0620634174220473,0.053465600410988,0.0515961404466781,0.0402758375695095
0.0620634174220473,0.053465600410988,0.0515961404466781,0.0402758375695095
0.0620634174220473,0.053465600410988,0.0515961404466781,0.0402758375695095
0.0620634174220473,0.053465600410988,0.0515961404466781,0.0402758375695095
0.0620634174220473,0.053465600410988,0.0515961404466781,0.0402758375695095
0.0620634174220473,0.053465600410988,0.0515961404466781,0.0402758375695095
0.0620634174220473,0.053465600410988,0.0515961404466781,0.0402758375695095
0.0620634174220473,0.053465600410988,0.0516869350103585,0.0402758375695095
0.0620634174220473,0.053465600410988,0.0516869350103585,0.0402758375695095
0.0620634174220473,0.053465600410988,0.0516869350103585,0.0402758375695095
0.0620634174220473,0.053465600410988,0.0516869350103585,0.0402758375695095
0.0620634174220473,0.053465600410988,0.0516869350103585,0.0402758375695095
0.0620634174220473,0.053465600410988,0.0516869350103585,0.0402758375695095
0.0620634174220473,0.053465600410988,0.0516869350103585,0.0402758375695095
0.0620634174220473,0.053465600410988,0.0516869350103585,0.0402758375695095
0.0620634174220473,0.053465600410988,0.0516869350103585,0.0402758375695095
0.0600016229737446,0.053465600410988,0.0516869350103585,0.0402758375695095
0.0600016229737446,0.053465600410988,0.0516869350103585,0.0402758375695095
0.0600016229737446,0.053465600410988,0.0516869350103585,0.0402758375695095
0.0600016229737446,0.053465600410988,0.0516869350103585,0.0402758375695095
0.0600016229737446,0.053465600410988,0.0516869350103585,0.0402758375695095
0.0600016229737446,0.053465600410988,0.0516869350103585,0.0402758375695095
0.0600016229737446,0.053465600410988,0.0516869350103585,0.0402758375695095
0.0600016229737446,0.053465600410988,0.0516869350103585,0.0402758375695095
0.0600016229737446,0.053465600410988,0.0516869350103585,0.0402758375695095
0.0600016229737446,0.053465600410988,0.0516869350103585,0.0402758375695095
0.0600016229737446,0.053465600410988,0.0516869350103585,0.0402758375695095
0.0600016229737446,0.053465600410988,0.0516869350103585,0.0438358956891888
0.0600016229737446,0.053465600410988,0.0516869350103585,0.0438358956891888
0.0600016229737446,0.053465600410988,0.0516869350103585,0.0438358956891888
0.0600016229737446,0.053465600410988,0.0516869350103585,0.0438358956891888
0.0600016229737446,0.053465600410988,0.0516869350103585,0.0438358956891888
0.0600016229737446,0.053465600410988,0.0516869350103585,0.0438358956891888
0.0600016229737446,0.053465600410988,0.0516869350103585,0.0438358956891888
0.0600016229737446,0.053465600410988,0.0516869350103585,0.0438358956891888
0.0600016229737446,0.053465600410988,0.0516869350103585,0.0438358956891888
0.0520418979061791,0.053465600410988,0.0516869350103585,0.0438358956891888
0.0520418979061791,0.0587965966663111,0.0516869350103585,0.0438358956891888
0.0520418979061791,0.0587965966663111,0.0516869350103585,0.0438358956891888
0.0520418979061791,0.0575706108480649,0.0516869350103585,0.0438358956891888
0.0520418979061791,0.0575706108480649,0.0516869350103585,0.0438358956891888
0.0520418979061791,0.0575706108480649,0.0516869350103585,0.0438358956891888
0.0520418979061791,0.0575706108480649,0.0516869350103585,0.0438358956891888
0.0520418979061791,0.0575706108480649,0.0516869350103585,0.0438358956891888
0.0520418979061791,0.0575706108480649,0.0516869350103585,0.0438358956891888
0.0520418979061791,0.0575706108480649,0.0516869350103585,0.0438358956891888
0.0520418979061791,0.0575706108480649,0.0516869350103585,0.0438358956891888
0.0520418979061791,0.0575706108480649,0.0516869350103585,0.0438358956891888
0.0520418979061791,0.0575706108480649,0.0516869350103585,0.0438358956891888
0.0520418979061791,0.0575706108480649,0.0516869350103585,0.0438358956891888
0.0520418979061791,0.0575706108480649,0.0516869350103585,0.0438358956891888
0.0520418979061791,0.0575706108480649,0.0516869350103585,0.0442413577580741
0.0520418979061791,0.0575706108480649,0.0516869350103585,0.0442413577580741
0.0520418979061791,0.0575706108480649,0.0516869350103585,0.0442413577580741
0.0520418979061791,0.0575706108480649,0.0516869350103585,0.0442413577580741
0.0520418979061791,0.0575706108480649,0.0516869350103585,0.0442413577580741
0.0520418979061791,0.0575706108480649,0.0516869350103585,0.0442413577580741
0.0520418979061791,0.0575706108480649,0.0516869350103585,0.0442413577580741
0.0520418979061791,0.0575706108480649,0.0516869350103585,0.0442413577580741
0.0520418979061791,0.0510681595710664,0.0516869350103585,0.0442413577580741
0.0520418979061791,0.0510681595710664,0.0516869350103585,0.0442413577580741
0.0520418979061791,0.0510681595710664,0.0516869350103585,0.0442413577580741
0.0520418979061791,0.0510681595710664,0.0516869350103585,0.0442413577580741
0.0520418979061791,0.0510681595710664,0.0516869350103585,0.0442413577580741
0.0520418979061791,0.0510681595710664,0.0516869350103585,0.0442413577580741
0.0520418979061791,0.0510681595710664,0.0516869350103585,0.0442413577580741
0.0520418979061791,0.0510681595710664,0.0516869350103585,0.0485765478944191
0.0520418979061791,0.0510681595710664,0.0516869350103585,0.0485765478944191
0.0520418979061791,0.0510681595710664,0.0516869350103585,0.0485765478944191
0.0520418979061791,0.0510681595710664,0.0516869350103585,0.0485765478944191
0.0520418979061791,0.0510681595710664,0.0516869350103585,0.0485765478944191
0.0520418979061791,0.0510681595710664,0.0516869350103585,0.0485765478944191
0.0520418979061791,0.0510681595710664,0.0516869350103585,0.0485765478944191
0.0520418979061791,0.0510681595710664,0.0516869350103585,0.0485765478944191
0.0520418979061791,0.0510681595710664,0.0516869350103585,0.0570556785181729
0.0520418979061791,0.0510681595710664,0.0516869350103585,0.0570556785181729
0.0520418979061791,0.0510681595710664,0.0516869350103585,0.0570556785181729
0.0520418979061791,0.0510681595710664,0.0516869350103585,0.0570556785181729
0.0520418979061791,0.0540882750751307,0.0516869350103585,0.0570556785181729
0.0520418979061791,0.0540882750751307,0.0516869350103585,0.0570556785181729
0.0520418979061791,0.0540882750751307,0.0516869350103585,0.0570556785181729
0.0520418979061791,0.0540882750751307,0.0516869350103585,0.0570556785181729
0.0520418979061791,0.0521270835475184,0.0516869350103585,0.0570556785181729
0.0520418979061791,0.0521270835475184,0.0516869350103585,0.0570556785181729
0.0520418979061791,0.0521270835475184,0.0516869350103585,0.0570556785181729
0.0520418979061791,0.0521270835475184,0.0516869350103585,0.0570556785181729
0.0520418979061791,0.0521270835475184,0.0516869350103585,0.0570556785181729
0.0524178684285723,0.0521270835475184,0.0516869350103585,0.0570556785181729
0.0524178684285723,0.0521270835475184,0.0516869350103585,0.0579876057579201
0.0524178684285723,0.0488172078923078,0.0516869350103585,0.0579876057579201
0.0524178684285723,0.0464255281012713,0.0516869350103585,0.0579876057579201
0.0524178684285723,0.0464255281012713,0.0516869350103585,0.0579876057579201
0.0524178684285723,0.0464255281012713,0.0516869350103585,0.0579876057579201
0.0524178684285723,0.0464255281012713,0.0516869350103585,0.0579876057579201
0.0524178684285723,0.0464255281012713,0.0516869350103585,0.0579876057579201
0.0524178684285723,0.0464255281012713,0.0516869350103585,0.0579876057579201
0.0524178684285723,0.0464255281012713,0.0516869350103585,0.0579876057579201
0.0524178684285723,0.0464255281012713,0.0516869350103585,0.0579876057579201
0.0524178684285723,0.0464255281012713,0.0516869350103585,0.0579876057579201
0.0524178684285723,0.0464255281012713,0.0516869350103585,0.0579876057579201
0.0524178684285723,0.0464255281012713,0.0516869350103585,0.0579876057579201
0.0524178684285723,0.0464255281012713,0.0516869350103585,0.0579876057579201
0.0524178684285723,0.0464255281012713,0.0516869350103585,0.0579876057579201
0.0524178684285723,0.0464255281012713,0.0516869350103585,0.0579876057579201
0.0524178684285723,0.0464255281012713,0.0516869350103585,0.0579876057579201
0.0480449442158027,0.0464255281012713,0.0516869350103585,0.0579876057579201
0.0480449442158027,0.0464255281012713,0.0516869350103585,0.0579876057579201
0.0480449442158027,0.0464255281012713,0.050108823543881,0.0530625782954182
0.0480449442158027,0.0464255281012713,0.050108823543881,0.0530625782954182
0.0480449442158027,0.0464255281012713,0.0456057108704029,0.0530625782954182
0.0480449442158027,0.0464255281012713,0.0456057108704029,0.0489889527565329
0.0480449442158027,0.0464255281012713,0.0456057108704029,0.0489889527565329
0.0480449442158027,0.0464255281012713,0.0456057108704029,0.0489889527565329
0.0480449442158027,0.0464255281012713,0.0456057108704029,0.0489889527565329
0.0480449442158027,0.0464255281012713,0.0456057108704029,0.0489889527565329
0.0480449442158027,0.0464255281012713,0.0456057108704029,0.0489889527565329
0.0480449442158027,0.0464255281012713,0.0456057108704029,0.0489889527565329
0.0480449442158027,0.0464255281012713,0.0456057108704029,0.0489889527565329
0.0497178352564482,0.0464255281012713,0.0456057108704029,0.0489889527565329
0.0497178352564482,0.0464255281012713,0.0456057108704029,0.0489889527565329
0.047819139027528,0.0464255281012713,0.0456057108704029,0.0489889527565329
0.047819139027528,0.0464255281012713,0.0456057108704029,0.0489889527565329
0.047819139027528,0.0464255281012713,0.0456057108704029,0.0489889527565329
0.047819139027528,0.0464255281012713,0.0456057108704029,0.0489889527565329
0.047819139027528,0.0464255281012713,0.0456057108704029,0.0489889527565329
0.047819139027528,0.0464255281012713,0.0456057108704029,0.0489889527565329
0.047819139027528,0.0464255281012713,0.0456057108704029,0.0489889527565329
0.047819139027528,0.0464255281012713,0.0456057108704029,0.0489889527565329
0.047819139027528,0.0464255281012713,0.0456057108704029,0.0489889527565329
0.047819139027528,0.0447951025193922,0.0456057108704029,0.0489889527565329
0.047819139027528,0.0447951025193922,0.0456057108704029,0.0489889527565329
0.0478961826925307,0.0447951025193922,0.0456057108704029,0.0489889527565329
0.0478961826925307,0.0447951025193922,0.0456057108704029,0.0489889527565329
0.0478961826925307,0.0447951025193922,0.0456057108704029,0.0489889527565329
0.0478961826925307,0.0437223112971158,0.0456057108704029,0.0460475644426276
0.0478961826925307,0.0437223112971158,0.0456057108704029,0.0460475644426276
0.0478961826925307,0.0437223112971158,0.0456057108704029,0.0460475644426276
0.0478961826925307,0.0437223112971158,0.0456057108704029,0.0460475644426276
0.0478961826925307,0.0437223112971158,0.0456057108704029,0.0460475644426276
0.0478961826925307,0.0437223112971158,0.0456057108704029,0.0460475644426276
0.0478961826925307,0.0437223112971158,0.0456057108704029,0.0460475644426276
0.0478961826925307,0.0437223112971158,0.0456057108704029,0.0460475644426276
0.0478961826925307,0.0437223112971158,0.0456057108704029,0.0460475644426276
0.0518310992519547,0.0437223112971158,0.0456057108704029,0.0460475644426276
0.0518310992519547,0.0437223112971158,0.0456057108704029,0.0460475644426276
0.0526468303729662,0.0437223112971158,0.0456057108704029,0.0460475644426276
0.0526468303729662,0.0437223112971158,0.0456057108704029,0.0460475644426276
0.0526468303729662,0.0427353558899627,0.0456057108704029,0.0460475644426276
0.0515134758003621,0.0427353558899627,0.0456057108704029,0.0460475644426276
0.0515134758003621,0.0427353558899627,0.0456057108704029,0.0460475644426276
0.0515134758003621,0.0427353558899627,0.0456057108704029,0.0460475644426276
0.0515134758003621,0.0427353558899627,0.0456057108704029,0.0460475644426276
0.0515134758003621,0.0427353558899627,0.0456057108704029,0.0459813425384822
0.0515134758003621,0.0427353558899627,0.0456057108704029,0.0459813425384822
0.0515134758003621,0.0427353558899627,0.0456057108704029,0.0459813425384822
0.0515134758003621,0.0427353558899627,0.0456057108704029,0.0459813425384822
0.0515134758003621,0.0427353558899627,0.0456057108704029,0.0459813425384822
0.0515134758003621,0.0427353558899627,0.0456057108704029,0.0459813425384822
0.0515134758003621,0.0427353558899627,0.0456057108704029,0.0459813425384822
0.0515134758003621,0.0427353558899627,0.0456057108704029,0.0459813425384822
0.0515134758003621,0.0427353558899627,0.0456057108704029,0.0459813425384822
0.0515134758003621,0.0427353558899627,0.0456057108704029,0.0459813425384822
0.0515134758003621,0.0427353558899627,0.0456057108704029,0.0459813425384822
0.0515134758003621,0.0427353558899627,0.0456057108704029,0.0459813425384822
0.0515134758003621,0.0427353558899627,0.0446446532165634,0.0459813425384822
0.0515134758003621,0.0404022897406409,0.0446446532165634,0.0459813425384822
0.0515134758003621,0.0404022897406409,0.0446446532165634,0.0459813425384822
0.0515134758003621,0.0404022897406409,0.0446446532165634,0.0459813425384822
0.0515134758003621,0.047434004354105,0.0446446532165634,0.0459813425384822
0.0515134758003621,0.047434004354105,0.0446446532165634,0.0459813425384822
0.0515134758003621,0.047434004354105,0.0446446532165634,0.0459813425384822
0.0515134758003621,0.047434004354105,0.0446446532165634,0.0459813425384822
0.0515134758003621,0.047434004354105,0.0446446532165634,0.0459813425384822
0.0515134758003621,0.047434004354105,0.0446446532165634,0.0459813425384822
0.0515134758003621,0.047434004354105,0.0446446532165634,0.0459813425384822
0.0515134758003621,0.047434004354105,0.0446446532165634,0.0474076236467433
0.0515134758003621,0.047434004354105,0.0446446532165634,0.0474076236467433
0.0515134758003621,0.047434004354105,0.0446446532165634,0.0474076236467433
0.0515134758003621,0.047434004354105,0.0446446532165634,0.0474076236467433
0.0515134758003621,0.047434004354105,0.0446446532165634,0.0474076236467433
0.0515134758003621,0.047434004354105,0.0446446532165634,0.0474076236467433
0.0515134758003621,0.047434004354105,0.0446446532165634,0.0474076236467433
0.0515134758003621,0.047434004354105,0.0446446532165634,0.0474076236467433
0.0515134758003621,0.047434004354105,0.0446446532165634,0.0474076236467433
0.0515134758003621,0.047434004354105,0.0446446532165634,0.0474076236467433
0.0491889154860385,0.047434004354105,0.0446446532165634,0.0474076236467433
0.0491889154860385,0.047434004354105,0.0446446532165634,0.0474076236467433
0.0491889154860385,0.047434004354105,0.0446446532165634,0.0474076236467433
0.0491889154860385,0.047434004354105,0.0446446532165634,0.0474076236467433
0.0491889154860385,0.047434004354105,0.0446446532165634,0.0474076236467433
0.0491889154860385,0.047434004354105,0.0446446532165634,0.0474076236467433
0.0491889154860385,0.047434004354105,0.0446446532165634,0.0474076236467433
0.0491889154860385,0.047434004354105,0.0446446532165634,0.0474076236467433
0.0491889154860385,0.047434004354105,0.0446446532165634,0.0474076236467433
0.0491889154860385,0.047434004354105,0.0446446532165634,0.0474076236467433
0.0491889154860385,0.047434004354105,0.0446446532165634,0.0474076236467433
0.0491889154860385,0.047434004354105,0.0446446532165634,0.0474076236467433
0.0491889154860385,0.047434004354105,0.0446446532165634,0.0474076236467433
0.0491889154860385,0.0399393956850948,0.0446446532165634,0.0474076236467433
0.0491889154860385,0.0399393956850948,0.0446446532165634,0.0474076236467433
0.0508433968466108,0.0399393956850948,0.0433169858310614,0.0474076236467433
0.0508433968466108,0.0429146674652836,0.0433169858310614,0.0479036070917577
0.0508433968466108,0.0429146674652836,0.0433169858310614,0.0479036070917577
0.0508433968466108,0.0429146674652836,0.0433169858310614,0.0479036070917577
0.0508433968466108,0.0429146674652836,0.0433169858310614,0.0479036070917577
0.0508433968466108,0.0429146674652836,0.0433169858310614,0.0479036070917577
0.0508433968466108,0.0429146674652836,0.0433169858310614,0.0479036070917577
0.0508433968466108,0.0429146674652836,0.0433169858310614,0.0479036070917577
0.0508433968466108,0.0429146674652836,0.0433169858310614,0.0479036070917577
0.0508433968466108,0.0429146674652836,0.0433169858310614,0.0479036070917577
0.0508433968466108,0.0429146674652836,0.0433169858310614,0.0479036070917577
0.0508433968466108,0.0429146674652836,0.0433169858310614,0.0479036070917577
0.0508433968466108,0.0429146674652836,0.0433169858310614,0.0479036070917577
0.0508433968466108,0.0429146674652836,0.0433169858310614,0.0479036070917577
0.0508433968466108,0.0429146674652836,0.0433169858310614,0.0479036070917577
0.0508433968466108,0.0429146674652836,0.0433169858310614,0.0479036070917577
0.0508433968466108,0.0429146674652836,0.0433169858310614,0.0479036070917577
0.0508433968466108,0.0429146674652836,0.0433169858310614,0.0479036070917577
0.0508433968466108,0.0429146674652836,0.0433169858310614,0.0479036070917577
0.0508433968466108,0.0429146674652836,0.0433169858310614,0.0479036070917577
0.0508433968466108,0.0429146674652836,0.0433169858310614,0.0479036070917577
0.0508433968466108,0.0429146674652836,0.0433169858310614,0.0479036070917577
0.0508433968466108,0.0429146674652836,0.0433169858310614,0.0479036070917577
0.0508433968466108,0.0429146674652836,0.0433169858310614,0.0479036070917577
0.0508433968466108,0.0429146674652836,0.0433169858310614,0.0479036070917577
0.0508433968466108,0.0429146674652836,0.0433169858310614,0.0479036070917577
0.0508433968466108,0.0429146674652836,0.0433169858310614,0.0479036070917577
0.0508433968466108,0.0429146674652836,0.0433169858310614,0.0479036070917577
0.0508433968466108,0.0429146674652836,0.0433169858310614,0.0479036070917577
0.0508433968466108,0.0429146674652836,0.0433169858310614,0.0479036070917577
0.0508433968466108,0.0429146674652836,0.0433169858310614,0.0479036070917577
0.0508433968466108,0.0429146674652836,0.0433169858310614,0.0479036070917577
0.0508433968466108,0.0429146674652836,0.0433169858310614,0.0479036070917577
0.0508433968466108,0.0429146674652836,0.0433169858310614,0.0479036070917577
0.0508433968466108,0.0429146674652836,0.0433169858310614,0.0479036070917577
0.0508433968466108,0.0460160118930979,0.0433169858310614,0.0479036070917577
0.0508433968466108,0.0460160118930979,0.0433169858310614,0.0479036070917577
0.0508433968466108,0.0460160118930979,0.0433169858310614,0.0479036070917577
0.0508433968466108,0.0460160118930979,0.0433169858310614,0.0479036070917577
0.0508433968466108,0.0471790294213386,0.0433169858310614,0.0479036070917577
0.0508433968466108,0.0471790294213386,0.0423494510323146,0.0479036070917577
0.0508433968466108,0.0471790294213386,0.0423494510323146,0.0479036070917577
0.0508433968466108,0.0471790294213386,0.0423494510323146,0.0479036070917577
0.0508433968466108,0.0471790294213386,0.0423494510323146,0.0479036070917577
0.0508433968466108,0.0471790294213386,0.0423494510323146,0.0448790383885256
0.0508433968466108,0.0471790294213386,0.0423494510323146,0.0448790383885256
0.0508433968466108,0.0471790294213386,0.0423494510323146,0.0427032120834245
0.0508433968466108,0.0471790294213386,0.0423494510323146,0.0427032120834245
0.0508433968466108,0.0471790294213386,0.0423494510323146,0.0427032120834245
0.0508433968466108,0.0471790294213386,0.0423494510323146,0.0427032120834245
0.0508433968466108,0.0471790294213386,0.0423494510323146,0.0427032120834245
0.0508433968466108,0.0471790294213386,0.0423494510323146,0.0427032120834245
0.0508433968466108,0.0471790294213386,0.0423494510323146,0.0427032120834245
0.0508433968466108,0.0471790294213386,0.0423494510323146,0.0453842641898224
0.0508433968466108,0.0471790294213386,0.0423494510323146,0.0453842641898224
0.0508433968466108,0.0471790294213386,0.0423494510323146,0.0453842641898224
0.0508433968466108,0.0471790294213386,0.0423494510323146,0.0453842641898224
0.0508433968466108,0.0471790294213386,0.0423494510323146,0.0453842641898224
0.0508433968466108,0.0471790294213386,0.0423494510323146,0.0476736073114788
0.0508433968466108,0.0471790294213386,0.0423494510323146,0.0476736073114788
0.0508433968466108,0.0471790294213386,0.0423494510323146,0.0416798652090742
0.0508433968466108,0.0471790294213386,0.0423494510323146,0.0416798652090742
0.0508433968466108,0.0471790294213386,0.0423494510323146,0.0447818667343661
0.0508433968466108,0.0471790294213386,0.0423494510323146,0.0447818667343661
0.0508433968466108,0.0471790294213386,0.0423494510323146,0.0447818667343661
0.0508433968466108,0.0473254592275645,0.0423494510323146,0.0447818667343661
0.0508433968466108,0.0473254592275645,0.0423494510323146,0.0447818667343661
0.0508433968466108,0.0473254592275645,0.0423494510323146,0.0447818667343661
0.0508433968466108,0.0473254592275645,0.0423494510323146,0.0498355818457442
0.0508433968466108,0.0473254592275645,0.0423494510323146,0.0498355818457442
0.0508433968466108,0.0473254592275645,0.0423494510323146,0.0498355818457442
0.0508433968466108,0.0473254592275645,0.0423494510323146,0.0498355818457442
0.0508433968466108,0.0473254592275645,0.0423494510323146,0.0498355818457442
0.0508433968466108,0.0473254592275645,0.0423494510323146,0.0498355818457442
0.0508433968466108,0.0473254592275645,0.0423494510323146,0.0498355818457442
0.0508433968466108,0.0473254592275645,0.0423494510323146,0.0498355818457442
0.0508433968466108,0.0473254592275645,0.0423494510323146,0.0498355818457442
0.0508433968466108,0.0473254592275645,0.0423494510323146,0.0498355818457442
0.0508433968466108,0.0473254592275645,0.0423494510323146,0.0498355818457442
0.0508433968466108,0.0473254592275645,0.0423494510323146,0.0498355818457442
0.0508433968466108,0.0473254592275645,0.0423494510323146,0.0498355818457442
0.0508433968466108,0.0473254592275645,0.0423494510323146,0.0498355818457442
0.0508433968466108,0.0473254592275645,0.0423494510323146,0.0498355818457442
0.0508433968466108,0.0473254592275645,0.0423494510323146,0.0498355818457442
0.0508433968466108,0.0473254592275645,0.0423494510323146,0.0498355818457442
0.0508433968466108,0.0473254592275645,0.0423494510323146,0.0498355818457442
0.0508433968466108,0.0473254592275645,0.0423494510323146,0.0498355818457442
0.0508433968466108,0.0473254592275645,0.0423494510323146,0.0498355818457442
0.0508433968466108,0.0473254592275645,0.0423494510323146,0.0498355818457442
0.0508433968466108,0.0473254592275645,0.0423494510323146,0.0498355818457442
0.0508433968466108,0.0473254592275645,0.0423494510323146,0.0498355818457442
0.0508433968466108,0.0473254592275645,0.0423494510323146,0.0498355818457442
0.0508433968466108,0.0473254592275645,0.0423494510323146,0.0498355818457442
0.0508433968466108,0.0473254592275645,0.0423494510323146,0.0498355818457442
0.0508433968466108,0.0473254592275645,0.0423494510323146,0.0498355818457442
0.0508433968466108,0.0473254592275645,0.0423494510323146,0.0498355818457442
0.0508433968466108,0.0473254592275645,0.0423494510323146,0.0498355818457442
0.0508433968466108,0.0473254592275645,0.0423494510323146,0.0498355818457442
0.0508433968466108,0.0473254592275645,0.0423494510323146,0.0498355818457442
0.0508433968466108,0.0473254592275645,0.0423494510323146,0.0498355818457442
0.0508433968466108,0.0473254592275645,0.0423494510323146,0.0498355818457442
0.0508433968466108,0.0473254592275645,0.0423494510323146,0.0498355818457442
0.0508433968466108,0.0473254592275645,0.0423494510323146,0.0498355818457442
0.0508433968466108,0.0473254592275645,0.0423494510323146,0.0498355818457442
0.0508433968466108,0.0473254592275645,0.0423494510323146,0.0498355818457442
0.0508433968466108,0.0473254592275645,0.0423494510323146,0.0498355818457442
0.0508433968466108,0.0467788842892562,0.0423494510323146,0.0498355818457442
0.0508433968466108,0.0467788842892562,0.0423494510323146,0.0498355818457442
0.0508433968466108,0.0467788842892562,0.0423494510323146,0.0498355818457442
0.0508433968466108,0.0467788842892562,0.0423494510323146,0.0498355818457442
0.0508433968466108,0.0467788842892562,0.0423494510323146,0.0498355818457442
0.0508433968466108,0.0467788842892562,0.0423494510323146,0.0498355818457442
0.0508433968466108,0.0467788842892562,0.0423494510323146,0.0498355818457442
0.0508433968466108,0.0467788842892562,0.0423494510323146,0.0498355818457442
0.0508433968466108,0.0467788842892562,0.0423494510323146,0.0498355818457442
0.0508433968466108,0.0467788842892562,0.0423494510323146,0.0498355818457442
0.0508433968466108,0.0467788842892562,0.0423494510323146,0.0498355818457442
0.0508433968466108,0.0467788842892562,0.0423494510323146,0.0498355818457442
0.0508433968466108,0.0467788842892562,0.0423494510323146,0.0498355818457442
0.0508433968466108,0.0467788842892562,0.0423494510323146,0.0498355818457442
0.0508433968466108,0.0467788842892562,0.0423494510323146,0.0498355818457442
0.0508433968466108,0.0467788842892562,0.0423494510323146,0.0498355818457442
0.0508433968466108,0.0467788842892562,0.0423494510323146,0.0498355818457442
0.0508433968466108,0.0467788842892562,0.0423494510323146,0.0498355818457442
0.0508433968466108,0.0467788842892562,0.0423494510323146,0.0498355818457442
0.0508433968466108,0.0467788842892562,0.0423494510323146,0.0498355818457442
0.0508433968466108,0.0467788842892562,0.0423494510323146,0.0498355818457442
0.0508433968466108,0.0467788842892562,0.0423494510323146,0.0497604982669818
0.0508433968466108,0.0467788842892562,0.0423494510323146,0.0497604982669818
0.0508433968466108,0.0467788842892562,0.0423494510323146,0.0497604982669818
0.0508433968466108,0.0467788842892562,0.0423494510323146,0.0497604982669818
0.0508433968466108,0.0467788842892562,0.0423494510323146,0.0497604982669818
0.0508433968466108,0.0467788842892562,0.0423494510323146,0.0443020202191883
0.0508433968466108,0.0467788842892562,0.0423494510323146,0.0443020202191883
0.0508433968466108,0.0467788842892562,0.0423494510323146,0.0443020202191883
0.0508433968466108,0.0467788842892562,0.0423494510323146,0.0443020202191883
0.0508433968466108,0.0467788842892562,0.0423494510323146,0.0443020202191883
0.0508433968466108,0.0467788842892562,0.0423494510323146,0.0443020202191883
0.0508433968466108,0.0475267640324187,0.0423494510323146,0.0443020202191883
0.0508433968466108,0.0475267640324187,0.0423494510323146,0.0443020202191883
0.0508433968466108,0.0475267640324187,0.0423494510323146,0.0443020202191883
0.0508433968466108,0.0475267640324187,0.0423494510323146,0.0443020202191883
0.0508433968466108,0.0475267640324187,0.0423494510323146,0.0443020202191883
0.0508433968466108,0.0475267640324187,0.0423494510323146,0.0443020202191883
0.0508433968466108,0.0472190260174542,0.0423494510323146,0.0443020202191883
0.0508433968466108,0.0472190260174542,0.0423494510323146,0.0443020202191883
0.0508433968466108,0.0472190260174542,0.0423494510323146,0.0443020202191883
0.0508433968466108,0.0472190260174542,0.0423494510323146,0.0443020202191883
0.0508433968466108,0.0472190260174542,0.0423494510323146,0.0443020202191883
0.0508433968466108,0.0472190260174542,0.0423494510323146,0.0443020202191883
0.0508433968466108,0.0472190260174542,0.0423494510323146,0.0443020202191883
0.0508433968466108,0.0472190260174542,0.0423494510323146,0.0443020202191883
0.0508433968466108,0.0472190260174542,0.0423494510323146,0.0443020202191883
0.0508433968466108,0.0472190260174542,0.0423494510323146,0.0443020202191883
0.0508433968466108,0.0472190260174542,0.0423494510323146,0.0443020202191883
0.0508433968466108,0.0472190260174542,0.0423494510323146,0.0443020202191883
0.0508433968466108,0.0472190260174542,0.0423494510323146,0.0443020202191883
0.0508433968466108,0.0472190260174542,0.0423494510323146,0.0443020202191883
0.0508433968466108,0.0472190260174542,0.0423494510323146,0.0443020202191883
0.0508433968466108,0.0472190260174542,0.0423494510323146,0.0443020202191883
0.0508433968466108,0.0472190260174542,0.0423494510323146,0.0443020202191883
0.0508433968466108,0.0526042978969035,0.0423494510323146,0.0443020202191883
0.0508433968466108,0.0526042978969035,0.0423494510323146,0.0443020202191883
0.0508433968466108,0.0526042978969035,0.0423494510323146,0.0443020202191883
0.0508433968466108,0.0524340328009108,0.0423494510323146,0.0443020202191883
0.0508433968466108,0.0524340328009108,0.0423494510323146,0.0443020202191883
0.0508433968466108,0.0524340328009108,0.0423494510323146,0.0443020202191883
0.0508433968466108,0.0524340328009108,0.0423494510323146,0.0443020202191883
0.0508433968466108,0.0524340328009108,0.0423494510323146,0.0443020202191883
0.0508433968466108,0.0524340328009108,0.0423494510323146,0.0443020202191883
0.0508433968466108,0.0524340328009108,0.0423494510323146,0.0421686682704836
0.0508433968466108,0.0524340328009108,0.0423494510323146,0.0421686682704836
0.0508433968466108,0.0524340328009108,0.0423494510323146,0.0421686682704836
0.0508433968466108,0.0524340328009108,0.0423494510323146,0.0421686682704836
0.0508433968466108,0.0524340328009108,0.0423494510323146,0.0421686682704836
0.0508433968466108,0.0524340328009108,0.0423494510323146,0.0421686682704836
0.0508433968466108,0.0526827366790477,0.0423494510323146,0.0421686682704836
0.0508433968466108,0.0526827366790477,0.0423494510323146,0.0421686682704836
0.0508433968466108,0.0526827366790477,0.0423494510323146,0.0421686682704836
0.0508433968466108,0.0526827366790477,0.0423494510323146,0.0421686682704836
0.0508433968466108,0.0526827366790477,0.0423494510323146,0.0421686682704836
0.0508433968466108,0.0526827366790477,0.0423494510323146,0.0421686682704836
0.0508433968466108,0.0526827366790477,0.0423494510323146,0.0421686682704836
0.0528245193368718,0.0526827366790477,0.0423494510323146,0.0421686682704836
0.0528245193368718,0.0526827366790477,0.0423494510323146,0.0421686682704836
0.0528245193368718,0.0526827366790477,0.0423494510323146,0.0421686682704836
0.0528245193368718,0.0526827366790477,0.0423494510323146,0.0421686682704836
0.0528245193368718,0.0526827366790477,0.0423494510323146,0.0421686682704836
0.0528245193368718,0.0526827366790477,0.0423494510323146,0.0421686682704836
0.0528245193368718,0.0526827366790477,0.0423494510323146,0.0421686682704836
0.0528245193368718,0.0526827366790477,0.0423494510323146,0.0421686682704836
0.0528245193368718,0.0526827366790477,0.0423494510323146,0.0483246591665882
0.0528245193368718,0.0526827366790477,0.0423494510323146,0.0483246591665882
0.0528245193368718,0.0526827366790477,0.0423494510323146,0.0483246591665882
0.0528245193368718,0.0526827366790477,0.0423494510323146,0.0483246591665882
0.0528245193368718,0.0526827366790477,0.0423494510323146,0.0483246591665882
0.0528245193368718,0.0526827366790477,0.0423494510323146,0.0483246591665882
0.0528245193368718,0.0526827366790477,0.0423494510323146,0.0483246591665882
0.0528245193368718,0.0526827366790477,0.0423494510323146,0.0483246591665882
0.0528245193368718,0.0526827366790477,0.0423494510323146,0.0483246591665882
0.0528245193368718,0.0526827366790477,0.0423494510323146,0.0483246591665882
0.0528245193368718,0.0526827366790477,0.0423494510323146,0.0483246591665882
0.0528245193368718,0.0526827366790477,0.0423494510323146,0.0483246591665882
0.0528245193368718,0.0526827366790477,0.0423494510323146,0.0483246591665882
0.0528245193368718,0.0526827366790477,0.0423494510323146,0.0483246591665882
0.0528245193368718,0.0526827366790477,0.0423494510323146,0.0483246591665882
0.053650768930726,0.0526827366790477,0.0423494510323146,0.0483246591665882
0.053650768930726,0.0526827366790477,0.0423494510323146,0.0483246591665882
0.053650768930726,0.0526827366790477,0.0423494510323146,0.0483246591665882
0.053650768930726,0.0526827366790477,0.0423494510323146,0.0483246591665882
0.053650768930726,0.0526827366790477,0.0423494510323146,0.0483246591665882
0.053650768930726,0.0526827366790477,0.0423494510323146,0.0483246591665882
0.053650768930726,0.0526827366790477,0.0423494510323146,0.0483246591665882
0.053650768930726,0.0526827366790477,0.0423494510323146,0.0483246591665882
0.053650768930726,0.0526827366790477,0.0423494510323146,0.0483246591665882
0.053650768930726,0.0526827366790477,0.0423494510323146,0.0492574696916472
0.053650768930726,0.0526827366790477,0.0423494510323146,0.0492574696916472
0.053650768930726,0.0526827366790477,0.0423494510323146,0.0492574696916472
0.053650768930726,0.0526827366790477,0.0423494510323146,0.0492574696916472
0.053650768930726,0.0526827366790477,0.0423494510323146,0.0492574696916472
0.053650768930726,0.0526827366790477,0.0423494510323146,0.0492574696916472
0.053650768930726,0.0530317835979856,0.0423494510323146,0.0492574696916472
0.053650768930726,0.0530317835979856,0.0423494510323146,0.0492574696916472
0.053650768930726,0.0530317835979856,0.0423494510323146,0.0492574696916472
0.053650768930726,0.0530317835979856,0.0423494510323146,0.0492574696916472
0.053650768930726,0.0577858309709383,0.0449648447492508,0.0492574696916472
0.053650768930726,0.0577858309709383,0.0449648447492508,0.0492574696916472
0.053650768930726,0.0577858309709383,0.0449648447492508,0.0492574696916472
0.053650768930726,0.0577858309709383,0.0449648447492508,0.0492574696916472
0.053650768930726,0.0577858309709383,0.0449648447492508,0.0492574696916472
0.053650768930726,0.0577858309709383,0.0449648447492508,0.0492574696916472
0.053650768930726,0.0577858309709383,0.0449648447492508,0.0492574696916472
0.053650768930726,0.0577858309709383,0.0449648447492508,0.0492574696916472
0.053650768930726,0.0577858309709383,0.0449648447492508,0.0492574696916472
0.053650768930726,0.0577858309709383,0.0449648447492508,0.0492574696916472
0.053650768930726,0.0577858309709383,0.0449648447492508,0.0492574696916472
0.053650768930726,0.0577858309709383,0.0408647703995023,0.0492574696916472
0.053650768930726,0.0577858309709383,0.0408647703995023,0.0492574696916472
0.053650768930726,0.0577858309709383,0.0408647703995023,0.0492574696916472
0.053650768930726,0.0577858309709383,0.0408647703995023,0.0492574696916472
0.053650768930726,0.0577858309709383,0.0408647703995023,0.0517636314086162
0.053650768930726,0.0577858309709383,0.0408647703995023,0.0517636314086162
0.053650768930726,0.0577858309709383,0.0408647703995023,0.0517636314086162
0.053650768930726,0.0577858309709383,0.0408647703995023,0.0517636314086162
0.053650768930726,0.0577858309709383,0.0408647703995023,0.0517636314086162
0.053650768930726,0.0577858309709383,0.0408647703995023,0.0517636314086162
0.053650768930726,0.0577858309709383,0.0408647703995023,0.0517636314086162
0.053650768930726,0.0577858309709383,0.0408647703995023,0.0517636314086162
0.053650768930726,0.0577858309709383,0.0408647703995023,0.0517636314086162
0.053650768930726,0.0577858309709383,0.0408647703995023,0.0517636314086162
0.053650768930726,0.0577858309709383,0.0408647703995023,0.0517636314086162
0.053650768930726,0.0577858309709383,0.0408647703995023,0.0517636314086162
0.053650768930726,0.0577858309709383,0.0408647703995023,0.0517636314086162
0.053650768930726,0.0577858309709383,0.0408647703995023,0.0517636314086162
0.053650768930726,0.0577858309709383,0.040125554613696,0.0517636314086162
0.053650768930726,0.0577858309709383,0.040125554613696,0.0517636314086162
0.053650768930726,0.0577858309709383,0.040125554613696,0.0517636314086162
0.053650768930726,0.0577858309709383,0.040125554613696,0.0517636314086162
0.053650768930726,0.0577858309709383,0.040125554613696,0.0517636314086162
0.053650768930726,0.0577858309709383,0.040125554613696,0.0517636314086162
0.053650768930726,0.0577858309709383,0.040125554613696,0.0517636314086162
0.053650768930726,0.0577858309709383,0.040125554613696,0.0517636314086162
0.053650768930726,0.0577858309709383,0.040125554613696,0.0517636314086162
0.053650768930726,0.0577858309709383,0.040125554613696,0.0517636314086162
0.053650768930726,0.0577858309709383,0.040125554613696,0.0517636314086162
0.053650768930726,0.0577858309709383,0.040125554613696,0.0517636314086162
0.053650768930726,0.0577858309709383,0.0423974179970539,0.0517636314086162
0.053650768930726,0.0577858309709383,0.0423974179970539,0.0517636314086162
0.053650768930726,0.0577858309709383,0.0423974179970539,0.0517636314086162
0.053650768930726,0.0577858309709383,0.0423974179970539,0.0517636314086162
0.053650768930726,0.0577858309709383,0.0423974179970539,0.0517636314086162
0.053650768930726,0.0577858309709383,0.0423974179970539,0.0517636314086162
0.053650768930726,0.0577858309709383,0.0423974179970539,0.0517636314086162
0.053650768930726,0.0577858309709383,0.0423974179970539,0.0517636314086162
0.053650768930726,0.0577858309709383,0.0423974179970539,0.0517636314086162
0.053650768930726,0.0577858309709383,0.0423974179970539,0.0517636314086162
0.053650768930726,0.0577858309709383,0.0423974179970539,0.0517636314086162
0.053650768930726,0.0577858309709383,0.0423974179970539,0.0517636314086162
0.053650768930726,0.0577858309709383,0.0423974179970539,0.0517636314086162
0.053650768930726,0.0577858309709383,0.0423974179970539,0.0517636314086162
0.053650768930726,0.0577858309709383,0.0423974179970539,0.0517636314086162
0.053650768930726,0.0577858309709383,0.0423974179970539,0.0517636314086162
0.053650768930726,0.0577858309709383,0.0423974179970539,0.0517636314086162
0.053650768930726,0.0577858309709383,0.0423974179970539,0.0517636314086162
0.053650768930726,0.0577858309709383,0.0423974179970539,0.0517636314086162
0.053650768930726,0.0577858309709383,0.0423974179970539,0.0517636314086162
0.053650768930726,0.0577858309709383,0.0423974179970539,0.0517636314086162
0.053650768930726,0.0577858309709383,0.0423974179970539,0.0517636314086162
0.053650768930726,0.0577858309709383,0.0423974179970539,0.0517636314086162
0.053650768930726,0.0577858309709383,0.0423974179970539,0.0517636314086162
0.053650768930726,0.0577858309709383,0.0423974179970539,0.0517636314086162
0.053650768930726,0.0577858309709383,0.0423974179970539,0.0517636314086162
0.053650768930726,0.0577858309709383,0.0423974179970539,0.0517636314086162
0.053650768930726,0.0577858309709383,0.0423974179970539,0.0517636314086162
0.053650768930726,0.0577858309709383,0.0423974179970539,0.0517636314086162
0.053650768930726,0.0577858309709383,0.0423974179970539,0.0517636314086162
0.053650768930726,0.0605703244956237,0.0423974179970539,0.0517636314086162
0.053650768930726,0.0605703244956237,0.0423974179970539,0.0517636314086162
0.053650768930726,0.0605703244956237,0.0423974179970539,0.0517636314086162
0.053650768930726,0.0605703244956237,0.0423974179970539,0.0517636314086162
0.053650768930726,0.0605703244956237,0.0423974179970539,0.0517636314086162
0.053650768930726,0.0605703244956237,0.0423974179970539,0.0517636314086162
0.053650768930726,0.0605703244956237,0.0423974179970539,0.0517636314086162
0.053650768930726,0.0605703244956237,0.0423974179970539,0.0517636314086162
0.053650768930726,0.0605703244956237,0.0423974179970539,0.0517636314086162
0.053650768930726,0.0581363990571548,0.0423974179970539,0.0517636314086162
0.053650768930726,0.0581363990571548,0.0423974179970539,0.0517636314086162
0.053650768930726,0.0581363990571548,0.0423974179970539,0.0517636314086162
0.053650768930726,0.0581363990571548,0.0423974179970539,0.0517636314086162
0.053650768930726,0.0581363990571548,0.0423974179970539,0.0517636314086162
0.053650768930726,0.0581363990571548,0.0423974179970539,0.0517636314086162
0.0517731457054523,0.0581363990571548,0.0423974179970539,0.0517636314086162
0.0517731457054523,0.0587450552863552,0.0423974179970539,0.0517636314086162
0.0517731457054523,0.0587450552863552,0.0423974179970539,0.0517636314086162
0.0517731457054523,0.0587450552863552,0.0423974179970539,0.0517636314086162
0.0517731457054523,0.0587450552863552,0.0423974179970539,0.0517636314086162
0.0517731457054523,0.0587450552863552,0.0423974179970539,0.0517636314086162
0.0517731457054523,0.0587450552863552,0.0423974179970539,0.0517636314086162
0.0517731457054523,0.0587450552863552,0.0423974179970539,0.0517636314086162
0.0517731457054523,0.0587450552863552,0.0423974179970539,0.0517636314086162
0.0517731457054523,0.0587450552863552,0.0423974179970539,0.0517636314086162
0.0517731457054523,0.0587450552863552,0.0423974179970539,0.0517636314086162
0.0511965779213848,0.0587450552863552,0.0423974179970539,0.0517636314086162
0.0511965779213848,0.0587450552863552,0.0423974179970539,0.0517636314086162
0.0511965779213848,0.0587450552863552,0.0423974179970539,0.0517636314086162
0.0511965779213848,0.0587450552863552,0.0423974179970539,0.0517636314086162
0.0511965779213848,0.0587450552863552,0.0423974179970539,0.0517636314086162
0.0511965779213848,0.0587450552863552,0.0423974179970539,0.0517636314086162
0.0511965779213848,0.0587450552863552,0.0423974179970539,0.0517636314086162
0.0511965779213848,0.0587450552863552,0.0423974179970539,0.0517636314086162
0.0511965779213848,0.0587450552863552,0.0423974179970539,0.0517636314086162
0.0511965779213848,0.0592237163037343,0.0423974179970539,0.0517636314086162
0.0511965779213848,0.0592237163037343,0.0423974179970539,0.0588881139706635
0.0511965779213848,0.0592237163037343,0.0423974179970539,0.0588881139706635
0.0511965779213848,0.0592237163037343,0.0423974179970539,0.0588881139706635
0.0511965779213848,0.0592237163037343,0.0423974179970539,0.0588881139706635
0.0511965779213848,0.0592237163037343,0.0423974179970539,0.0588881139706635
0.0511965779213848,0.0592237163037343,0.0423974179970539,0.0588881139706635
0.0511965779213848,0.0592237163037343,0.0423974179970539,0.0588881139706635
0.0511965779213848,0.0592237163037343,0.0423974179970539,0.0588881139706635
0.0511965779213848,0.0600290085672591,0.0423974179970539,0.0588881139706635
0.0511965779213848,0.0600290085672591,0.0423974179970539,0.0588881139706635
0.0511965779213848,0.0600290085672591,0.0423974179970539,0.0588881139706635
0.0511965779213848,0.0600290085672591,0.0423974179970539,0.0588881139706635
0.0511965779213848,0.0600290085672591,0.0399213177884989,0.0588881139706635
0.0511965779213848,0.0600290085672591,0.0399213177884989,0.0588881139706635
0.0511965779213848,0.0600290085672591,0.0399213177884989,0.0588881139706635
0.0511965779213848,0.0600290085672591,0.0399213177884989,0.0588881139706635
0.0511965779213848,0.0600290085672591,0.0399213177884989,0.0588881139706635
0.0511965779213848,0.0600290085672591,0.0399213177884989,0.0588881139706635
0.0511965779213848,0.0600290085672591,0.0399213177884989,0.0588881139706635
0.0511965779213848,0.0600290085672591,0.0399213177884989,0.0588881139706635
0.0511965779213848,0.0571961470472141,0.0399213177884989,0.0588881139706635
0.0511965779213848,0.0571961470472141,0.0399213177884989,0.0588881139706635
0.0511965779213848,0.0571961470472141,0.0399213177884989,0.0588881139706635
0.0511965779213848,0.0571961470472141,0.0399213177884989,0.0588881139706635
0.0511965779213848,0.0571961470472141,0.0399213177884989,0.0588881139706635
0.0511965779213848,0.0571961470472141,0.0399213177884989,0.0588881139706635
0.0511965779213848,0.0571961470472141,0.0399213177884989,0.0560838878445338
0.0511965779213848,0.0571961470472141,0.0399213177884989,0.0560838878445338
0.0511965779213848,0.0571961470472141,0.0399213177884989,0.0560838878445338
0.0511965779213848,0.0571961470472141,0.0399213177884989,0.0560838878445338
0.0511965779213848,0.0571961470472141,0.0399213177884989,0.0560838878445338
0.0511965779213848,0.0571961470472141,0.0399213177884989,0.0560838878445338
0.0511965779213848,0.0571961470472141,0.0399213177884989,0.0560838878445338
0.0511965779213848,0.0571961470472141,0.0399213177884989,0.0560838878445338
0.0511965779213848,0.0571961470472141,0.0399213177884989,0.0560838878445338
0.0511965779213848,0.0571961470472141,0.0399213177884989,0.0560838878445338
0.0511965779213848,0.0571961470472141,0.0399213177884989,0.0560838878445338
0.0511965779213848,0.0571961470472141,0.0399213177884989,0.0560838878445338
0.0511965779213848,0.0571961470472141,0.0399213177884989,0.0560838878445338
0.0511965779213848,0.0571961470472141,0.0399213177884989,0.0560838878445338
0.0511965779213848,0.0571961470472141,0.0399213177884989,0.0560838878445338
0.0511965779213848,0.0571961470472141,0.0442904735297883,0.0560838878445338
0.0511965779213848,0.0571961470472141,0.0442904735297883,0.0560838878445338
0.0511965779213848,0.0571961470472141,0.0442904735297883,0.0560838878445338
0.0511965779213848,0.0571961470472141,0.0442904735297883,0.0560838878445338
0.0511965779213848,0.0571961470472141,0.0442904735297883,0.0569385613421298
0.0511965779213848,0.0571961470472141,0.0442904735297883,0.0569385613421298
0.0511965779213848,0.0571961470472141,0.0442904735297883,0.0569385613421298
0.0511965779213848,0.0571961470472141,0.0442904735297883,0.0569385613421298
0.0511965779213848,0.0571961470472141,0.0442904735297883,0.0559719791230828
0.0511965779213848,0.0571961470472141,0.0442904735297883,0.0559719791230828
0.0511965779213848,0.0571961470472141,0.0442904735297883,0.0559719791230828
0.0511965779213848,0.0571961470472141,0.0419257449618963,0.0559719791230828
0.0511965779213848,0.0571961470472141,0.0419257449618963,0.0559719791230828
0.0511965779213848,0.0571961470472141,0.0419257449618963,0.0559719791230828
0.0511965779213848,0.0571961470472141,0.0419257449618963,0.0559719791230828
0.0511965779213848,0.0571961470472141,0.0419257449618963,0.0559719791230828
0.0511965779213848,0.0571961470472141,0.0419257449618963,0.0559719791230828
0.0511965779213848,0.0571961470472141,0.0419257449618963,0.0559719791230828
0.0511965779213848,0.0571961470472141,0.0419257449618963,0.0559719791230828
0.0511965779213848,0.0571961470472141,0.0419257449618963,0.0468555749373846
0.0511965779213848,0.0571961470472141,0.0419257449618963,0.0468555749373846
0.0511965779213848,0.0571961470472141,0.0419257449618963,0.0538850796433658
0.0511965779213848,0.0571961470472141,0.0419257449618963,0.0538850796433658
0.0511965779213848,0.0571961470472141,0.0419257449618963,0.0538850796433658
0.0511965779213848,0.0571961470472141,0.0419257449618963,0.0538850796433658
0.0511965779213848,0.0571961470472141,0.0419257449618963,0.0538850796433658
0.0511965779213848,0.0571961470472141,0.0419257449618963,0.0538850796433658
0.0511965779213848,0.0571961470472141,0.0419257449618963,0.0538850796433658
0.0511965779213848,0.0571961470472141,0.0419257449618963,0.0538850796433658
0.0511965779213848,0.0571961470472141,0.0419257449618963,0.0434551417161602
0.0511965779213848,0.0571961470472141,0.0419257449618963,0.0434551417161602
0.0511965779213848,0.0571961470472141,0.0419257449618963,0.0434551417161602
0.0511965779213848,0.0571961470472141,0.0419257449618963,0.0434551417161602
0.0511965779213848,0.0571961470472141,0.0419257449618963,0.0434551417161602
0.0511965779213848,0.0571961470472141,0.0419257449618963,0.0434551417161602
0.0511965779213848,0.0571961470472141,0.0419257449618963,0.0434551417161602
0.0511965779213848,0.0571961470472141,0.0419257449618963,0.0434551417161602
0.0511965779213848,0.0571961470472141,0.0419257449618963,0.0434551417161602
0.0511965779213848,0.0571961470472141,0.0419257449618963,0.0434551417161602
0.0511965779213848,0.0571961470472141,0.0419257449618963,0.0434551417161602
0.0511965779213848,0.0571961470472141,0.0419257449618963,0.0503684595245165
0.0511965779213848,0.0571961470472141,0.0419257449618963,0.0503684595245165
0.0511965779213848,0.0571961470472141,0.0419257449618963,0.0503684595245165
0.0511965779213848,0.0571961470472141,0.0419257449618963,0.0503684595245165
0.0511965779213848,0.0581452721644848,0.0419257449618963,0.0503684595245165
0.0511965779213848,0.0581452721644848,0.0419257449618963,0.0503684595245165
0.0511965779213848,0.0581452721644848,0.0419257449618963,0.0503684595245165
0.0511965779213848,0.0581452721644848,0.0419257449618963,0.0503684595245165
0.0511965779213848,0.0581452721644848,0.0426179573255583,0.0503684595245165
0.0511965779213848,0.0581452721644848,0.0426179573255583,0.0503684595245165
0.0511965779213848,0.0581452721644848,0.0426179573255583,0.0503684595245165
0.0511965779213848,0.0581452721644848,0.0426179573255583,0.0529174144713051
0.0511965779213848,0.0581452721644848,0.0426179573255583,0.0529174144713051
0.0511965779213848,0.0581452721644848,0.0426179573255583,0.0529174144713051
0.0511965779213848,0.0581452721644848,0.0426179573255583,0.0529174144713051
0.0511965779213848,0.0581452721644848,0.0426179573255583,0.0529174144713051
0.0511965779213848,0.0581452721644848,0.0426179573255583,0.0529174144713051
0.0511965779213848,0.0581452721644848,0.0426179573255583,0.0529174144713051
0.0511965779213848,0.0581452721644848,0.0426179573255583,0.0529174144713051
0.0511965779213848,0.0581452721644848,0.0435782532999024,0.0529174144713051
0.0511965779213848,0.0581452721644848,0.0435782532999024,0.0529174144713051
0.0511965779213848,0.0581452721644848,0.0435782532999024,0.0529174144713051
0.0511965779213848,0.0581452721644848,0.0435782532999024,0.0529174144713051
0.0511965779213848,0.0581452721644848,0.0435782532999024,0.0529174144713051
0.0511965779213848,0.0581452721644848,0.0435782532999024,0.0529174144713051
0.0511965779213848,0.0581452721644848,0.0435782532999024,0.0529174144713051
0.0511965779213848,0.0581452721644848,0.0435782532999024,0.0529174144713051
0.0511965779213848,0.0581452721644848,0.0435782532999024,0.0529174144713051
0.0511965779213848,0.0581452721644848,0.0435782532999024,0.0529174144713051
0.0511965779213848,0.0581452721644848,0.0435782532999024,0.0529174144713051
0.0511965779213848,0.0581452721644848,0.0435782532999024,0.0529174144713051
0.0511965779213848,0.0581452721644848,0.0435782532999024,0.0529174144713051
0.0511965779213848,0.0581452721644848,0.0435782532999024,0.0529174144713051
0.0511965779213848,0.0581452721644848,0.0403135307368279,0.0529174144713051
0.0511965779213848,0.0581452721644848,0.0403135307368279,0.0529174144713051
0.0511965779213848,0.0581452721644848,0.0403135307368279,0.0529174144713051
0.0532345841660206,0.0581452721644848,0.0403135307368279,0.0514976734288179
0.0532345841660206,0.0581452721644848,0.0403135307368279,0.0514976734288179
0.0532345841660206,0.0581452721644848,0.0403135307368279,0.0514976734288179
0.0532345841660206,0.0581452721644848,0.0403135307368279,0.0514976734288179
0.0532345841660206,0.0581452721644848,0.0403135307368279,0.0514976734288179
0.0532345841660206,0.0581452721644848,0.0403135307368279,0.0514976734288179
0.0532345841660206,0.0581452721644848,0.0403135307368279,0.0514976734288179
0.0532345841660206,0.0581452721644848,0.0403135307368279,0.0514976734288179
0.0532345841660206,0.0581452721644848,0.0403135307368279,0.0514976734288179
0.0532345841660206,0.0581452721644848,0.0403135307368279,0.0514976734288179
0.0532345841660206,0.0581452721644848,0.0392656954521091,0.0514976734288179
0.0532345841660206,0.0581452721644848,0.0392656954521091,0.0514976734288179
0.0532345841660206,0.0581452721644848,0.0392656954521091,0.0501150539798874
0.0532345841660206,0.0581452721644848,0.0392656954521091,0.0501150539798874
0.0532345841660206,0.0581452721644848,0.0392656954521091,0.0501150539798874
0.0532345841660206,0.0581452721644848,0.0392656954521091,0.0501150539798874
0.0532345841660206,0.0581452721644848,0.0392656954521091,0.0501150539798874
0.0532345841660206,0.0581452721644848,0.0392656954521091,0.0501150539798874
0.0532345841660206,0.0542950725348323,0.0392656954521091,0.0501150539798874
0.0532345841660206,0.0542950725348323,0.0392656954521091,0.0501150539798874
0.0532345841660206,0.0542950725348323,0.0392656954521091,0.0501150539798874
0.0532345841660206,0.0542950725348323,0.0392656954521091,0.0498041859471558
0.0508140466480488,0.0542950725348323,0.0392656954521091,0.0409439063121129
0.0508140466480488,0.0542950725348323,0.0392656954521091,0.0409439063121129
0.0508140466480488,0.0542950725348323,0.0392656954521091,0.0409439063121129
0.0508140466480488,0.0542950725348323,0.0392656954521091,0.0409439063121129
0.0508140466480488,0.0542950725348323,0.0392656954521091,0.0409439063121129
0.0508140466480488,0.0542950725348323,0.0392656954521091,0.0409439063121129
0.0508140466480488,0.056589749532941,0.0392656954521091,0.0409439063121129
0.0508140466480488,0.056589749532941,0.0392656954521091,0.0409439063121129
0.0508140466480488,0.056589749532941,0.0392656954521091,0.0409439063121129
0.0508140466480488,0.056589749532941,0.0392656954521091,0.0409439063121129
0.0508140466480488,0.056589749532941,0.0392656954521091,0.0409439063121129
0.0508140466480488,0.056589749532941,0.0392656954521091,0.0409439063121129
0.0508140466480488,0.056589749532941,0.0392656954521091,0.0409439063121129
0.0508140466480488,0.056589749532941,0.0392656954521091,0.0409439063121129
0.0508140466480488,0.056589749532941,0.0392656954521091,0.0409439063121129
0.0508140466480488,0.056589749532941,0.0392656954521091,0.0409439063121129
0.0508140466480488,0.056589749532941,0.0392656954521091,0.0409439063121129
0.0508140466480488,0.056589749532941,0.0392656954521091,0.0461288339404771
0.0508140466480488,0.056589749532941,0.0392656954521091,0.0461288339404771
0.0508140466480488,0.056589749532941,0.0392656954521091,0.0461288339404771
0.0508140466480488,0.056589749532941,0.0392656954521091,0.0461288339404771
0.0508140466480488,0.056589749532941,0.0392656954521091,0.0461288339404771
0.0508140466480488,0.056589749532941,0.0392656954521091,0.0461288339404771
0.0508140466480488,0.056589749532941,0.0392656954521091,0.0461288339404771
0.0508140466480488,0.056589749532941,0.0392656954521091,0.0461288339404771
0.0508140466480488,0.056589749532941,0.0392656954521091,0.0461288339404771
0.0508140466480488,0.056589749532941,0.0420238482121519,0.0461288339404771
0.0508140466480488,0.0574150590500581,0.0420238482121519,0.0461288339404771
0.0508140466480488,0.0574150590500581,0.0420238482121519,0.0461288339404771
0.0508140466480488,0.0574150590500581,0.0420238482121519,0.0461288339404771
0.0508140466480488,0.0574150590500581,0.0420238482121519,0.0461288339404771
0.0508140466480488,0.0574150590500581,0.0420238482121519,0.0461288339404771
0.0508140466480488,0.0574150590500581,0.0420238482121519,0.0461288339404771
0.0508140466480488,0.0574150590500581,0.0420238482121519,0.0461288339404771
0.0508140466480488,0.0574150590500581,0.0420238482121519,0.0461288339404771
0.0508140466480488,0.0574150590500581,0.0420238482121519,0.0461288339404771
0.0508140466480488,0.0574150590500581,0.0420238482121519,0.0461288339404771
0.0508140466480488,0.0574150590500581,0.0420238482121519,0.0461288339404771
0.0508140466480488,0.0574150590500581,0.0420238482121519,0.0461288339404771
0.0508140466480488,0.0574150590500581,0.0420238482121519,0.0461288339404771
0.0508140466480488,0.0574150590500581,0.0413267143469307,0.0461288339404771
0.0508140466480488,0.0574150590500581,0.0413267143469307,0.0461288339404771
0.0508140466480488,0.0574150590500581,0.0413267143469307,0.0461288339404771
0.0508140466480488,0.0574150590500581,0.0413267143469307,0.0461288339404771
0.0508140466480488,0.0574150590500581,0.0413267143469307,0.0461288339404771
0.0508140466480488,0.0574150590500581,0.0413267143469307,0.0461288339404771
0.0508140466480488,0.0574150590500581,0.0413267143469307,0.0461288339404771
0.0508140466480488,0.0574150590500581,0.0413267143469307,0.0461288339404771
0.0508140466480488,0.0574150590500581,0.0413267143469307,0.0461288339404771
0.0508140466480488,0.0574150590500581,0.0413267143469307,0.0461288339404771
0.0508140466480488,0.0574150590500581,0.0413267143469307,0.0461288339404771
0.0508140466480488,0.0574150590500581,0.0413267143469307,0.0461288339404771
0.0508140466480488,0.0574150590500581,0.0440596267363061,0.0461288339404771
0.0508140466480488,0.0574150590500581,0.0440596267363061,0.0461288339404771
0.0508140466480488,0.0574150590500581,0.0440596267363061,0.0461288339404771
0.0508140466480488,0.0574150590500581,0.0440596267363061,0.0461288339404771
0.0508140466480488,0.0574150590500581,0.0440596267363061,0.0461288339404771
0.0508140466480488,0.0574150590500581,0.0440596267363061,0.0461288339404771
0.0508140466480488,0.0574150590500581,0.0445788988956492,0.0461288339404771
0.0508140466480488,0.0574150590500581,0.0445788988956492,0.0461288339404771
0.0508140466480488,0.0574150590500581,0.0445788988956492,0.0504711954728738
0.0508140466480488,0.0574150590500581,0.0445788988956492,0.0504711954728738
0.0508140466480488,0.0574150590500581,0.0445788988956492,0.0504711954728738
0.0508140466480488,0.0574150590500581,0.0445788988956492,0.0504711954728738
0.0508140466480488,0.0574150590500581,0.0455597737435982,0.0504711954728738
0.0508140466480488,0.0574150590500581,0.0455597737435982,0.0504711954728738
0.0508140466480488,0.0574150590500581,0.0455597737435982,0.0504711954728738
0.0508140466480488,0.0574150590500581,0.0455597737435982,0.0482844132440183
0.0508140466480488,0.0574150590500581,0.0455597737435982,0.0482844132440183
0.0508140466480488,0.0574150590500581,0.0455597737435982,0.0444427408585255
0.0508140466480488,0.0574150590500581,0.0455597737435982,0.0509903697746674
0.0508140466480488,0.0574150590500581,0.0455597737435982,0.0509903697746674
0.0508140466480488,0.0574150590500581,0.0455597737435982,0.0509903697746674
0.0508140466480488,0.0574150590500581,0.0455597737435982,0.0509903697746674
0.0508140466480488,0.0574150590500581,0.0455597737435982,0.0509903697746674
0.0508140466480488,0.0574150590500581,0.0455597737435982,0.0509903697746674
0.0508140466480488,0.0574150590500581,0.0455597737435982,0.0490224337057795
0.0508140466480488,0.0574150590500581,0.0455597737435982,0.0490224337057795
0.0508140466480488,0.0574150590500581,0.0455597737435982,0.0490224337057795
0.0508140466480488,0.0574150590500581,0.0455597737435982,0.0490224337057795
0.0508140466480488,0.0574150590500581,0.0428804711980037,0.0490224337057795
0.0508140466480488,0.0574150590500581,0.0428804711980037,0.0490224337057795
0.0508140466480488,0.0574150590500581,0.0428804711980037,0.0490224337057795
0.0508140466480488,0.0629408847802764,0.0428804711980037,0.0490224337057795
0.0508140466480488,0.0629408847802764,0.0428804711980037,0.0490224337057795
0.0508140466480488,0.0629408847802764,0.0428804711980037,0.0490224337057795
0.0508140466480488,0.0629408847802764,0.0428804711980037,0.0490224337057795
0.0508140466480488,0.0629408847802764,0.0428804711980037,0.0490224337057795
0.0516037115308454,0.0629408847802764,0.0428804711980037,0.0490224337057795
0.0516037115308454,0.0629408847802764,0.0428804711980037,0.0517912994358139
0.0516037115308454,0.0629408847802764,0.0428804711980037,0.0517912994358139
0.0516037115308454,0.0629408847802764,0.0428804711980037,0.0517912994358139
0.0516037115308454,0.0629408847802764,0.0418379092638485,0.0517912994358139
0.0516037115308454,0.0629408847802764,0.0418379092638485,0.0491856488138227
0.0516037115308454,0.0629408847802764,0.0418379092638485,0.0491856488138227
0.0516037115308454,0.0629408847802764,0.0418379092638485,0.0491856488138227
0.0516037115308454,0.0629408847802764,0.0418379092638485,0.0491856488138227
0.0516037115308454,0.0629408847802764,0.0418379092638485,0.0491856488138227
0.0516037115308454,0.0629408847802764,0.0418379092638485,0.0491856488138227
0.0516037115308454,0.0629408847802764,0.0418379092638485,0.0491856488138227
0.0516037115308454,0.0629408847802764,0.0418379092638485,0.0491856488138227
0.0516037115308454,0.0629408847802764,0.0418379092638485,0.0491856488138227
0.0516037115308454,0.0570751737681102,0.0418379092638485,0.0491856488138227
0.0516037115308454,0.0570751737681102,0.0418379092638485,0.0491856488138227
0.0516037115308454,0.051460435233682,0.0418379092638485,0.0491856488138227
0.0516037115308454,0.051460435233682,0.0418379092638485,0.0491856488138227
0.0516037115308454,0.051460435233682,0.0418379092638485,0.0491856488138227
0.0516037115308454,0.0599105921065074,0.0422535959209996,0.0491856488138227
0.0516037115308454,0.0599105921065074,0.0422535959209996,0.0491856488138227
0.0516037115308454,0.0599105921065074,0.0422535959209996,0.0491856488138227
0.0516037115308454,0.0599105921065074,0.0422535959209996,0.0491856488138227
0.0516037115308454,0.0599105921065074,0.0422535959209996,0.0491856488138227
0.0516037115308454,0.0599105921065074,0.0422535959209996,0.0491856488138227
0.0516037115308454,0.0599105921065074,0.0422535959209996,0.0491856488138227
0.0516037115308454,0.0599105921065074,0.0422535959209996,0.0491856488138227
0.0516037115308454,0.0599105921065074,0.0422535959209996,0.0491856488138227
0.0516037115308454,0.0599105921065074,0.0422535959209996,0.0491856488138227
0.0516037115308454,0.0599105921065074,0.0422535959209996,0.0491856488138227
0.0516037115308454,0.0599105921065074,0.0422535959209996,0.0491856488138227
0.0516037115308454,0.0599105921065074,0.0422535959209996,0.0491856488138227
0.0516037115308454,0.0599105921065074,0.0422535959209996,0.0491856488138227
0.0516037115308454,0.0599105921065074,0.0422535959209996,0.0491856488138227
0.052210659981136,0.0599105921065074,0.0422535959209996,0.0491856488138227
0.052210659981136,0.0599105921065074,0.0422535959209996,0.0491856488138227
0.052210659981136,0.0599105921065074,0.0422535959209996,0.0486060538272979
0.052210659981136,0.0599105921065074,0.0422535959209996,0.0486060538272979
0.052210659981136,0.0599105921065074,0.0422535959209996,0.0486060538272979
0.052210659981136,0.0599105921065074,0.0422535959209996,0.0486060538272979
0.052210659981136,0.0599105921065074,0.0422535959209996,0.0486060538272979
0.052210659981136,0.0599105921065074,0.0422535959209996,0.0486060538272979
0.052210659981136,0.0599105921065074,0.0422535959209996,0.0486060538272979
0.052210659981136,0.0599105921065074,0.0422535959209996,0.0486988415461512
0.0556873458886464,0.0599105921065074,0.0422535959209996,0.0486988415461512
0.0556873458886464,0.0599105921065074,0.0422535959209996,0.0486988415461512
0.0556873458886464,0.0599105921065074,0.0422535959209996,0.0486988415461512
0.0556873458886464,0.0599105921065074,0.0422535959209996,0.0486988415461512
0.0556873458886464,0.0599105921065074,0.0422535959209996,0.0486988415461512
0.0556873458886464,0.0599105921065074,0.0422535959209996,0.0486988415461512
0.0556873458886464,0.0599105921065074,0.0422535959209996,0.0486988415461512
0.0556873458886464,0.0599105921065074,0.0422535959209996,0.0486988415461512
0.0556873458886464,0.0599105921065074,0.0422535959209996,0.0486988415461512
0.0556873458886464,0.0599105921065074,0.0422535959209996,0.0486988415461512
0.0556873458886464,0.0599105921065074,0.0422535959209996,0.0486988415461512
0.0556873458886464,0.0599105921065074,0.0422535959209996,0.0486988415461512
0.0556873458886464,0.0658284843149107,0.0422535959209996,0.0486988415461512
0.0556873458886464,0.0658284843149107,0.0422535959209996,0.0486988415461512
0.0556873458886464,0.0663783494770548,0.0422535959209996,0.0486988415461512
0.0556873458886464,0.0663783494770548,0.0422535959209996,0.0486988415461512
0.0556873458886464,0.0663783494770548,0.0422535959209996,0.0486988415461512
0.0556873458886464,0.0663783494770548,0.0422535959209996,0.0486988415461512
0.0556873458886464,0.0663783494770548,0.0422535959209996,0.0545400280422882
0.0556873458886464,0.0663783494770548,0.0422535959209996,0.0543478253304023
0.0556873458886464,0.0663783494770548,0.0422535959209996,0.0543478253304023
0.0556873458886464,0.0663783494770548,0.0429104545707094,0.0543478253304023
0.0556873458886464,0.0663783494770548,0.0429104545707094,0.0543478253304023
0.0556873458886464,0.0663783494770548,0.0429104545707094,0.0543478253304023
0.0556873458886464,0.0663783494770548,0.0433185419035321,0.0543478253304023
0.0556873458886464,0.0663783494770548,0.0438659308937909,0.0543478253304023
0.0556873458886464,0.0663783494770548,0.0438659308937909,0.0543478253304023
0.0556873458886464,0.0663783494770548,0.0438659308937909,0.0543478253304023
0.0556873458886464,0.0663783494770548,0.0438659308937909,0.0543478253304023
0.0556873458886464,0.0663783494770548,0.0438659308937909,0.0543478253304023
0.0556873458886464,0.0663783494770548,0.0463208910867816,0.0543478253304023
0.0556873458886464,0.0663783494770548,0.0463208910867816,0.0543478253304023
0.0556873458886464,0.0663783494770548,0.0463208910867816,0.0543478253304023
0.0556873458886464,0.0663783494770548,0.0463208910867816,0.054623160378746
0.0556873458886464,0.0663783494770548,0.0463208910867816,0.054623160378746
0.0556873458886464,0.0663783494770548,0.0463208910867816,0.054623160378746
0.0556873458886464,0.0663783494770548,0.0463208910867816,0.054623160378746
0.0556873458886464,0.0663783494770548,0.0463208910867816,0.0522050624677822
0.0556873458886464,0.0663783494770548,0.0463208910867816,0.0522050624677822
0.0556873458886464,0.0663783494770548,0.0463208910867816,0.0522050624677822
0.0556873458886464,0.0663783494770548,0.0463208910867816,0.0522050624677822
0.0556873458886464,0.0663783494770548,0.0463208910867816,0.0522050624677822
0.0556873458886464,0.0663783494770548,0.0463208910867816,0.0522050624677822
0.0556873458886464,0.0663783494770548,0.0433658919780637,0.0522050624677822
0.0556873458886464,0.0663783494770548,0.0433658919780637,0.0522050624677822
0.0556873458886464,0.0663783494770548,0.0433658919780637,0.0522050624677822
0.0556873458886464,0.0663783494770548,0.0433658919780637,0.0522050624677822
0.0556873458886464,0.0663783494770548,0.0433658919780637,0.0522050624677822
0.0556873458886464,0.0663783494770548,0.0433658919780637,0.0522050624677822
0.0556873458886464,0.0663783494770548,0.0433658919780637,0.0522050624677822
0.0556873458886464,0.0663783494770548,0.0433658919780637,0.0522050624677822
0.0556873458886464,0.0663783494770548,0.0433658919780637,0.0522050624677822
0.0556873458886464,0.0663783494770548,0.0433658919780637,0.0522050624677822
0.0556873458886464,0.0663783494770548,0.0433658919780637,0.0507275349219601
0.0556873458886464,0.0663783494770548,0.0433658919780637,0.0507275349219601
0.0556873458886464,0.0582338341634212,0.0433658919780637,0.0507275349219601
0.0556873458886464,0.0582338341634212,0.0433658919780637,0.0507275349219601
0.0556873458886464,0.0582338341634212,0.0433658919780637,0.0507275349219601
0.0556873458886464,0.0582338341634212,0.0433658919780637,0.0507275349219601
0.0556873458886464,0.0582338341634212,0.0433658919780637,0.0507275349219601
0.0556873458886464,0.0582338341634212,0.0433658919780637,0.0507275349219601
0.0556873458886464,0.0582338341634212,0.0433658919780637,0.0507275349219601
0.0556873458886464,0.0582338341634212,0.0433658919780637,0.0507275349219601
0.0556873458886464,0.0582338341634212,0.0433658919780637,0.0507275349219601
0.0556873458886464,0.0582338341634212,0.0433658919780637,0.0507275349219601
0.0556873458886464,0.0582338341634212,0.0433658919780637,0.0507275349219601
0.0556873458886464,0.0582338341634212,0.0433658919780637,0.0507275349219601
0.0556873458886464,0.0582338341634212,0.0433658919780637,0.0507275349219601
0.0556873458886464,0.0582338341634212,0.0433658919780637,0.0507275349219601
0.0556873458886464,0.0554980931166284,0.0433658919780637,0.0567509401042264
0.0556873458886464,0.0554980931166284,0.0433658919780637,0.0567509401042264
0.0556873458886464,0.0554980931166284,0.0433658919780637,0.0567509401042264
0.0556873458886464,0.0554980931166284,0.0433658919780637,0.0512817567281905
0.0556873458886464,0.0554980931166284,0.0433658919780637,0.0478418901266594
0.0556873458886464,0.0554980931166284,0.0433658919780637,0.0478418901266594
0.0556873458886464,0.0554980931166284,0.0433658919780637,0.0478418901266594
0.0556873458886464,0.0554980931166284,0.0433658919780637,0.0478418901266594
0.0556873458886464,0.0554980931166284,0.0433658919780637,0.0478418901266594
0.0556873458886464,0.0554980931166284,0.0433658919780637,0.0478418901266594
0.0556873458886464,0.0554980931166284,0.0433658919780637,0.0478418901266594
0.0556873458886464,0.0554980931166284,0.0433658919780637,0.0478418901266594
0.0556873458886464,0.0554980931166284,0.0433658919780637,0.0478418901266594
0.0556873458886464,0.0554980931166284,0.0433658919780637,0.0478418901266594
0.0561087420285426,0.0554980931166284,0.0433658919780637,0.0487015636192625
0.0561087420285426,0.0554980931166284,0.0433658919780637,0.0487015636192625
0.0561087420285426,0.0554980931166284,0.0433658919780637,0.0487015636192625
0.0561087420285426,0.0554980931166284,0.0433658919780637,0.0487015636192625
0.0561087420285426,0.0570602282527317,0.0433658919780637,0.0487015636192625
0.0561087420285426,0.0570602282527317,0.0433658919780637,0.0487015636192625
0.0561087420285426,0.0570602282527317,0.0433658919780637,0.0487015636192625
0.0561087420285426,0.0570602282527317,0.0433658919780637,0.0487015636192625
0.0561087420285426,0.0570602282527317,0.0431903263391905,0.0487015636192625
0.0561087420285426,0.0570602282527317,0.0431903263391905,0.0487015636192625
0.0561087420285426,0.0570602282527317,0.0431903263391905,0.0487015636192625
0.0561087420285426,0.0570602282527317,0.0431903263391905,0.0487015636192625
0.0561087420285426,0.0650735348759292,0.0431903263391905,0.0487015636192625
0.0561087420285426,0.0650735348759292,0.0431903263391905,0.0487015636192625
0.0561087420285426,0.0650735348759292,0.0431903263391905,0.0487015636192625
0.0561087420285426,0.0650735348759292,0.0431903263391905,0.0487015636192625
0.0561087420285426,0.0650735348759292,0.0431903263391905,0.0487015636192625
0.0561087420285426,0.0650735348759292,0.0431903263391905,0.0487015636192625
0.0561087420285426,0.0650735348759292,0.0431903263391905,0.0487015636192625
0.0561087420285426,0.0650735348759292,0.0431903263391905,0.0487015636192625
0.0561087420285426,0.0650735348759292,0.0431903263391905,0.0487015636192625
0.0561087420285426,0.0650735348759292,0.0431903263391905,0.0487015636192625
0.0561087420285426,0.0650735348759292,0.0431903263391905,0.0487015636192625
0.0516555994952934,0.0650735348759292,0.0431903263391905,0.0487015636192625
0.0516555994952934,0.0650735348759292,0.0431903263391905,0.0487015636192625
0.0516555994952934,0.0650735348759292,0.0431903263391905,0.0487015636192625
0.0516555994952934,0.0652111642566619,0.0431085686574628,0.0487015636192625
0.0516555994952934,0.0652111642566619,0.0431085686574628,0.0487015636192625
0.0516555994952934,0.0652111642566619,0.0431085686574628,0.0487015636192625
0.0516555994952934,0.0652111642566619,0.0431085686574628,0.0487015636192625
0.0516555994952934,0.0652111642566619,0.0431085686574628,0.0487015636192625
0.0516555994952934,0.0652111642566619,0.0431085686574628,0.0487015636192625
0.0516555994952934,0.0652111642566619,0.0431085686574628,0.0487015636192625
0.0516555994952934,0.0652111642566619,0.0431085686574628,0.0487015636192625
0.0516555994952934,0.0652111642566619,0.0431085686574628,0.0487015636192625
0.0516555994952934,0.0652111642566619,0.0431085686574628,0.0487015636192625
0.0516555994952934,0.0652111642566619,0.0431085686574628,0.0487015636192625
0.0516555994952934,0.0652111642566619,0.0431085686574628,0.0487015636192625
0.0516555994952934,0.0652111642566619,0.0431085686574628,0.0487015636192625
0.0516555994952934,0.0652111642566619,0.0431085686574628,0.0487015636192625
0.0516555994952934,0.0652111642566619,0.0431085686574628,0.0487015636192625
0.0516555994952934,0.0652111642566619,0.0431085686574628,0.0487015636192625
0.0516555994952934,0.0652111642566619,0.0431085686574628,0.0487015636192625
0.0516555994952934,0.0652111642566619,0.0431085686574628,0.0487015636192625
0.0516555994952934,0.0652111642566619,0.0431085686574628,0.0487015636192625
0.0516555994952934,0.0652111642566619,0.0431085686574628,0.0487015636192625
0.0516555994952934,0.0652111642566619,0.0431085686574628,0.0487015636192625
0.0516555994952934,0.0652111642566619,0.0431085686574628,0.0487015636192625
0.0516555994952934,0.0652111642566619,0.0431085686574628,0.0487015636192625
0.0516555994952934,0.0652111642566619,0.0431085686574628,0.0487015636192625
0.0516555994952934,0.0652111642566619,0.0431085686574628,0.0487015636192625
0.0516555994952934,0.0652111642566619,0.0463028352957063,0.0487015636192625
0.0516555994952934,0.0652111642566619,0.0463028352957063,0.0487015636192625
0.0516555994952934,0.0652111642566619,0.0463028352957063,0.0487015636192625
0.0516555994952934,0.0652111642566619,0.0463028352957063,0.0487015636192625
0.0516555994952934,0.0652111642566619,0.0463028352957063,0.0487015636192625
0.0516555994952934,0.0652111642566619,0.0463028352957063,0.0487015636192625
0.0516555994952934,0.0652111642566619,0.0463028352957063,0.0487015636192625
0.0516555994952934,0.0652111642566619,0.0463028352957063,0.0487015636192625
0.0516555994952934,0.0652111642566619,0.0463028352957063,0.0487015636192625
0.0516555994952934,0.0652111642566619,0.0463028352957063,0.0487015636192625
0.0516555994952934,0.0652111642566619,0.0463028352957063,0.0487015636192625
0.0516555994952934,0.0652111642566619,0.0466931320732003,0.0436234512522377
0.0516555994952934,0.0652111642566619,0.0466931320732003,0.0436234512522377
0.0516555994952934,0.0652111642566619,0.0466931320732003,0.0436234512522377
0.0516555994952934,0.0652111642566619,0.0466931320732003,0.0436234512522377
0.0516555994952934,0.0652111642566619,0.0466931320732003,0.0436234512522377
0.0516555994952934,0.0652111642566619,0.0466931320732003,0.0468021146384111
0.0516555994952934,0.0652111642566619,0.0466931320732003,0.0468021146384111
0.0516555994952934,0.0652111642566619,0.0466931320732003,0.0468021146384111
0.0516555994952934,0.0652111642566619,0.0466931320732003,0.0468021146384111
0.0516555994952934,0.0652111642566619,0.0466931320732003,0.0468021146384111
0.0516555994952934,0.0652111642566619,0.0466931320732003,0.0468021146384111
0.0516555994952934,0.0652111642566619,0.0466931320732003,0.0468021146384111
0.0516555994952934,0.0652111642566619,0.0466931320732003,0.0468021146384111
0.0516555994952934,0.0652111642566619,0.0466931320732003,0.0468021146384111
0.0516555994952934,0.0652111642566619,0.0466931320732003,0.0468021146384111
0.0516555994952934,0.0652111642566619,0.0466931320732003,0.0475353346817162
0.0516555994952934,0.0652111642566619,0.0466931320732003,0.0475353346817162
0.0516555994952934,0.0652111642566619,0.0466931320732003,0.0475353346817162
0.0516555994952934,0.0652111642566619,0.0466931320732003,0.0475353346817162
0.0516555994952934,0.0652111642566619,0.0466931320732003,0.0475353346817162
0.0516555994952934,0.0652111642566619,0.0411160097526532,0.0475353346817162
0.0516555994952934,0.0652111642566619,0.0411160097526532,0.0475353346817162
0.0516555994952934,0.0652111642566619,0.0411160097526532,0.0517175348533408
0.0516555994952934,0.0652111642566619,0.0411160097526532,0.0517175348533408
0.0516555994952934,0.0652111642566619,0.0411160097526532,0.0517175348533408
0.0516555994952934,0.0652111642566619,0.0411160097526532,0.0517175348533408
0.0516555994952934,0.0652111642566619,0.0411160097526532,0.0517175348533408
0.0516555994952934,0.0652111642566619,0.0411160097526532,0.0517175348533408
0.0516555994952934,0.0652111642566619,0.0411160097526532,0.0517175348533408
0.0516555994952934,0.0588806322816882,0.0411160097526532,0.0517175348533408
0.0516555994952934,0.0588806322816882,0.0411160097526532,0.0517175348533408
0.0516555994952934,0.0588806322816882,0.0411160097526532,0.0517175348533408
0.0516555994952934,0.0588806322816882,0.0411160097526532,0.0517175348533408
0.0516555994952934,0.0588806322816882,0.0411160097526532,0.0517175348533408
0.0516555994952934,0.0588806322816882,0.0411160097526532,0.0517175348533408
0.0516555994952934,0.0588806322816882,0.0411160097526532,0.0517175348533408
0.0516555994952934,0.0588806322816882,0.0411160097526532,0.0517175348533408
0.0516555994952934,0.0588806322816882,0.0411160097526532,0.0517175348533408
0.0516555994952934,0.0588806322816882,0.0411160097526532,0.0517175348533408
0.0516555994952934,0.0588806322816882,0.0411160097526532,0.0517175348533408
0.0516555994952934,0.0588806322816882,0.0411160097526532,0.0517175348533408
0.0516555994952934,0.0588806322816882,0.0411160097526532,0.0517175348533408
0.0516555994952934,0.0588806322816882,0.0411160097526532,0.0517175348533408
0.0523944922164195,0.0588806322816882,0.0411160097526532,0.0517175348533408
0.0523944922164195,0.0588806322816882,0.0411160097526532,0.0517175348533408
0.0523619981545454,0.0588806322816882,0.0411160097526532,0.0517175348533408
0.0523619981545454,0.0588806322816882,0.0411160097526532,0.0517175348533408
0.0523619981545454,0.0588806322816882,0.0411160097526532,0.0517175348533408
0.0523619981545454,0.0588806322816882,0.0431722214099218,0.0517175348533408
0.0523619981545454,0.0588806322816882,0.0431722214099218,0.0517175348533408
0.0523619981545454,0.0588806322816882,0.0431722214099218,0.0517175348533408
0.0523619981545454,0.0588806322816882,0.0431722214099218,0.0517175348533408
0.0523619981545454,0.0588806322816882,0.0431722214099218,0.0517175348533408
0.0523619981545454,0.0588806322816882,0.0431722214099218,0.0517175348533408
0.0523619981545454,0.059502108792714,0.0431722214099218,0.0517175348533408
0.0523619981545454,0.059502108792714,0.0431722214099218,0.0517175348533408
0.0523619981545454,0.059502108792714,0.0431722214099218,0.0517175348533408
0.0523619981545454,0.059502108792714,0.0431722214099218,0.0517175348533408
0.0523619981545454,0.059502108792714,0.0431722214099218,0.0517175348533408
0.0523619981545454,0.0604224085640038,0.0431722214099218,0.0517175348533408
0.0523619981545454,0.0604224085640038,0.0431722214099218,0.0517175348533408
0.0523619981545454,0.0501368502278598,0.0431722214099218,0.0517175348533408
0.0523619981545454,0.0501368502278598,0.0431722214099218,0.0517175348533408
0.0523619981545454,0.0501368502278598,0.0431722214099218,0.0517175348533408
0.0523619981545454,0.0501368502278598,0.0431722214099218,0.0517175348533408
0.0523619981545454,0.0501368502278598,0.0431722214099218,0.0435384079600745
0.0523619981545454,0.0501368502278598,0.0431722214099218,0.0435384079600745
0.0523619981545454,0.0501368502278598,0.0431722214099218,0.0435384079600745
0.0523619981545454,0.0501368502278598,0.0431722214099218,0.0435384079600745
0.0523619981545454,0.0501368502278598,0.0431722214099218,0.0435384079600745
0.0523619981545454,0.0501368502278598,0.0431722214099218,0.0435384079600745
0.0523619981545454,0.0501368502278598,0.0431722214099218,0.0435384079600745
0.0523619981545454,0.0501368502278598,0.0431722214099218,0.0435384079600745
0.0523619981545454,0.0501368502278598,0.0431722214099218,0.0435384079600745
0.0523619981545454,0.0501368502278598,0.0431722214099218,0.0465532367032313
0.0523619981545454,0.0501368502278598,0.0431722214099218,0.0465532367032313
0.0523619981545454,0.0501368502278598,0.0431722214099218,0.0465532367032313
0.0523619981545454,0.0501368502278598,0.0431722214099218,0.0465532367032313
0.0523619981545454,0.0501368502278598,0.0431722214099218,0.0465532367032313
0.0523619981545454,0.0501368502278598,0.0431722214099218,0.0465532367032313
0.0523619981545454,0.0501368502278598,0.0431722214099218,0.0465532367032313
0.0523619981545454,0.0501368502278598,0.0431722214099218,0.0465532367032313
0.0523619981545454,0.0501368502278598,0.0431722214099218,0.0465532367032313
0.0523619981545454,0.0501368502278598,0.0431722214099218,0.0465532367032313
0.0523619981545454,0.0501368502278598,0.0431722214099218,0.0465532367032313
0.0523619981545454,0.0501368502278598,0.0431722214099218,0.0465532367032313
0.0523619981545454,0.0483788408875335,0.0431722214099218,0.0465532367032313
0.0523619981545454,0.0483788408875335,0.0431722214099218,0.0465532367032313
0.0523619981545454,0.0483788408875335,0.0431722214099218,0.0465532367032313
0.0523619981545454,0.0483788408875335,0.0431722214099218,0.0465532367032313
0.0523619981545454,0.0483788408875335,0.0431722214099218,0.0465532367032313
0.0523619981545454,0.0483788408875335,0.0431722214099218,0.0425842656938055
0.0523619981545454,0.0483788408875335,0.0431722214099218,0.0425842656938055
0.0523619981545454,0.0483788408875335,0.0431722214099218,0.0419537386024365
0.0523619981545454,0.0483788408875335,0.0431722214099218,0.0419537386024365
0.0523619981545454,0.0483788408875335,0.0431722214099218,0.0419537386024365
0.0523619981545454,0.0483788408875335,0.0431722214099218,0.0419537386024365
0.0523619981545454,0.0483788408875335,0.0431722214099218,0.0419537386024365
0.0523619981545454,0.0483788408875335,0.0431722214099218,0.0419537386024365
0.0523619981545454,0.0483788408875335,0.0431722214099218,0.0419537386024365
0.0523619981545454,0.0483788408875335,0.0431722214099218,0.0419537386024365
0.0523619981545454,0.0483788408875335,0.0431722214099218,0.0419537386024365
0.0523619981545454,0.0483788408875335,0.0431722214099218,0.0419537386024365
0.0523619981545454,0.0483788408875335,0.0431722214099218,0.0419537386024365
0.0523619981545454,0.0483788408875335,0.0431722214099218,0.0419537386024365
0.0523619981545454,0.0483788408875335,0.0431722214099218,0.0419537386024365
0.0523619981545454,0.0483788408875335,0.0431722214099218,0.0419537386024365
0.0523619981545454,0.0483788408875335,0.0431722214099218,0.0419537386024365
0.0523619981545454,0.0483788408875335,0.0431722214099218,0.0404438048441207
0.0523619981545454,0.0483788408875335,0.0431722214099218,0.0404438048441207
0.0523619981545454,0.0483788408875335,0.0431722214099218,0.0404438048441207
0.0523619981545454,0.0483788408875335,0.0431722214099218,0.0404438048441207
0.0523619981545454,0.0483788408875335,0.0431722214099218,0.0404438048441207
0.0523619981545454,0.0483788408875335,0.0431722214099218,0.0404438048441207
0.0523619981545454,0.0483788408875335,0.0431722214099218,0.0404438048441207
0.0523619981545454,0.0483788408875335,0.0431722214099218,0.0404438048441207
0.0523619981545454,0.0483788408875335,0.0431722214099218,0.0404438048441207
0.0523619981545454,0.0483788408875335,0.0431722214099218,0.0404438048441207
0.0523619981545454,0.0483788408875335,0.0431722214099218,0.0404438048441207
0.0523619981545454,0.0483788408875335,0.0431722214099218,0.0404438048441207
0.0523619981545454,0.0483788408875335,0.0431722214099218,0.0404438048441207
0.0523619981545454,0.0517789810555628,0.0431722214099218,0.0404438048441207
0.0523619981545454,0.0517789810555628,0.0431722214099218,0.0404438048441207
0.0523619981545454,0.0517789810555628,0.0431722214099218,0.0404438048441207
0.0523619981545454,0.0517789810555628,0.0431722214099218,0.0404438048441207
0.0523619981545454,0.0517789810555628,0.0431722214099218,0.0404438048441207
0.0523619981545454,0.0517789810555628,0.0449887794740885,0.0404438048441207
0.0523619981545454,0.0517789810555628,0.0449887794740885,0.0404438048441207
0.0523619981545454,0.0517789810555628,0.0449887794740885,0.0404438048441207
0.0523619981545454,0.0517789810555628,0.0449887794740885,0.0387798719215351
0.0523619981545454,0.0517789810555628,0.0449887794740885,0.0387798719215351
0.0523619981545454,0.0517789810555628,0.0449887794740885,0.0387798719215351
0.0523619981545454,0.0517789810555628,0.0449887794740885,0.0387798719215351
0.0523619981545454,0.0517789810555628,0.0449887794740885,0.0387798719215351
0.0523619981545454,0.0517789810555628,0.0449887794740885,0.0387798719215351
0.0523619981545454,0.0517789810555628,0.0449887794740885,0.0387798719215351
0.0523619981545454,0.0517789810555628,0.0449887794740885,0.0387798719215351
0.0523619981545454,0.0517789810555628,0.0449887794740885,0.0387798719215351
0.0523619981545454,0.0517789810555628,0.0449887794740885,0.0400920029466101
0.0523619981545454,0.0517789810555628,0.0449887794740885,0.0400920029466101
0.0523619981545454,0.0517789810555628,0.0449887794740885,0.0400920029466101
0.0523619981545454,0.0517789810555628,0.0449887794740885,0.0400920029466101
0.0523619981545454,0.052969201850815,0.0449887794740885,0.0400920029466101
0.0523619981545454,0.052969201850815,0.0449887794740885,0.0400920029466101
0.0523619981545454,0.052969201850815,0.0449887794740885,0.0400920029466101
0.0523619981545454,0.052969201850815,0.0429823875684876,0.0400920029466101
0.0523619981545454,0.052969201850815,0.0429823875684876,0.0400920029466101
0.0523619981545454,0.052969201850815,0.0429823875684876,0.0400920029466101
0.0523619981545454,0.052969201850815,0.0431910290788023,0.0400920029466101
0.0523619981545454,0.052969201850815,0.0431910290788023,0.0400920029466101
0.0523619981545454,0.052969201850815,0.0431910290788023,0.0400920029466101
0.0523619981545454,0.052969201850815,0.0431910290788023,0.0400920029466101
0.0523619981545454,0.052969201850815,0.0431910290788023,0.0400920029466101
0.0523619981545454,0.052969201850815,0.0431910290788023,0.0400920029466101
0.0523619981545454,0.052969201850815,0.0431910290788023,0.0400920029466101
0.0523619981545454,0.052969201850815,0.0431910290788023,0.0400920029466101
0.0523619981545454,0.052969201850815,0.0431910290788023,0.0400920029466101
0.0523619981545454,0.052969201850815,0.0431910290788023,0.0400920029466101
0.0523619981545454,0.052969201850815,0.0423709868045763,0.0400920029466101
0.0523619981545454,0.052969201850815,0.0423709868045763,0.0400920029466101
0.0523619981545454,0.052969201850815,0.0423709868045763,0.0400920029466101
0.0523619981545454,0.052969201850815,0.0423709868045763,0.0400920029466101
0.0523619981545454,0.052969201850815,0.04042848923488,0.0400920029466101
0.0523619981545454,0.052969201850815,0.04042848923488,0.0400920029466101
0.0523619981545454,0.052969201850815,0.04042848923488,0.0400920029466101
0.0523619981545454,0.052969201850815,0.04042848923488,0.0400920029466101
0.0523619981545454,0.052969201850815,0.04042848923488,0.0400920029466101
0.0523619981545454,0.052969201850815,0.0431343072802556,0.0400920029466101
0.0527830911925319,0.052969201850815,0.0431343072802556,0.0400920029466101
0.0527830911925319,0.052969201850815,0.0431343072802556,0.0400920029466101
0.0527830911925319,0.052969201850815,0.0431343072802556,0.0400920029466101
0.0527830911925319,0.052969201850815,0.0431343072802556,0.0400920029466101
0.0527830911925319,0.052969201850815,0.0431343072802556,0.0400920029466101
0.0527830911925319,0.052969201850815,0.0431343072802556,0.0400920029466101
0.0527830911925319,0.052969201850815,0.0431343072802556,0.0400920029466101
0.0527830911925319,0.052969201850815,0.0431343072802556,0.0400920029466101
0.0527830911925319,0.052969201850815,0.0431343072802556,0.0400920029466101
0.0527830911925319,0.052969201850815,0.0431343072802556,0.0400920029466101
0.0527830911925319,0.052969201850815,0.0431343072802556,0.0400920029466101
0.0527830911925319,0.052969201850815,0.0431343072802556,0.0400920029466101
0.0527830911925319,0.052969201850815,0.0431343072802556,0.0400920029466101
0.0527830911925319,0.052969201850815,0.0431343072802556,0.0400920029466101
0.0527830911925319,0.052969201850815,0.0431343072802556,0.0400920029466101
0.0527830911925319,0.052969201850815,0.0431343072802556,0.0400920029466101
0.0527830911925319,0.052969201850815,0.0431343072802556,0.0400920029466101
0.0527830911925319,0.052969201850815,0.0431343072802556,0.0400920029466101
0.0527830911925319,0.052969201850815,0.0431343072802556,0.0400920029466101
0.0527830911925319,0.052969201850815,0.0431343072802556,0.0400920029466101
0.0527830911925319,0.052969201850815,0.0431343072802556,0.0400920029466101
0.0527830911925319,0.0512108517355491,0.0431343072802556,0.0400920029466101
0.0527830911925319,0.0512108517355491,0.0431343072802556,0.0400920029466101
0.0527830911925319,0.0512108517355491,0.0431343072802556,0.0400920029466101
0.0527830911925319,0.0512108517355491,0.0431343072802556,0.0400920029466101
0.0527830911925319,0.0512108517355491,0.0431343072802556,0.0400920029466101
0.0527830911925319,0.0512108517355491,0.0431343072802556,0.0400920029466101
0.0527830911925319,0.0512108517355491,0.0431343072802556,0.0400920029466101
0.0527830911925319,0.0512108517355491,0.0431343072802556,0.0400920029466101
0.0527830911925319,0.0505823868302991,0.0406955418839558,0.0400920029466101
0.0527830911925319,0.0505823868302991,0.0406955418839558,0.0400920029466101
0.0527830911925319,0.0505823868302991,0.0406955418839558,0.0400920029466101
0.0527830911925319,0.0505823868302991,0.0406955418839558,0.0400920029466101
0.0527830911925319,0.0505823868302991,0.0406955418839558,0.0400920029466101
0.0527830911925319,0.0505823868302991,0.0406955418839558,0.0408460487595772
0.0527830911925319,0.0505823868302991,0.0406955418839558,0.0408460487595772
0.0527830911925319,0.0505823868302991,0.0406955418839558,0.0408460487595772
0.0527830911925319,0.0505823868302991,0.0406955418839558,0.0408460487595772
0.0527830911925319,0.0505823868302991,0.0406955418839558,0.0408460487595772
0.0527830911925319,0.0505823868302991,0.0406955418839558,0.0408460487595772
0.0521505925788902,0.0505823868302991,0.0406955418839558,0.0408460487595772
0.0521505925788902,0.0505823868302991,0.0406955418839558,0.0408460487595772
0.0521505925788902,0.0505823868302991,0.0406955418839558,0.0408460487595772
0.0521505925788902,0.0505823868302991,0.0406955418839558,0.0415954502898639
0.0521505925788902,0.0505823868302991,0.0406955418839558,0.0415954502898639
0.0521505925788902,0.0505823868302991,0.0406955418839558,0.0415954502898639
0.0521505925788902,0.0505823868302991,0.0411896927773669,0.0415954502898639
0.0521505925788902,0.0505823868302991,0.0411896927773669,0.0415954502898639
0.0521505925788902,0.0505823868302991,0.0411896927773669,0.0415954502898639
0.0521505925788902,0.0505823868302991,0.0411896927773669,0.0415954502898639
0.0521505925788902,0.0505823868302991,0.0411896927773669,0.0415954502898639
0.0521505925788902,0.0505823868302991,0.0411896927773669,0.0415954502898639
0.0521505925788902,0.0505823868302991,0.0411896927773669,0.0409865224889421
0.0521505925788902,0.0505823868302991,0.0411896927773669,0.0409865224889421
0.0521505925788902,0.0505823868302991,0.0411896927773669,0.0409865224889421
0.0521505925788902,0.0505823868302991,0.0411896927773669,0.0409865224889421
0.0521505925788902,0.0505823868302991,0.0411896927773669,0.0409865224889421
0.0521505925788902,0.0505823868302991,0.0411896927773669,0.0409865224889421
0.0521505925788902,0.0505823868302991,0.0411896927773669,0.0409865224889421
0.0521505925788902,0.0505823868302991,0.0411896927773669,0.0409865224889421
0.0521505925788902,0.0505823868302991,0.0411896927773669,0.0409865224889421
0.0521505925788902,0.0505823868302991,0.0411896927773669,0.0409865224889421
0.0521505925788902,0.0505823868302991,0.0411896927773669,0.0409865224889421
0.0521505925788902,0.0505823868302991,0.0411896927773669,0.0409865224889421
0.0521505925788902,0.0505823868302991,0.0411896927773669,0.0409865224889421
0.0521505925788902,0.0505823868302991,0.0411896927773669,0.0409865224889421
0.0521505925788902,0.0505823868302991,0.0411896927773669,0.0409865224889421
0.0521505925788902,0.0505823868302991,0.0411896927773669,0.0409865224889421
0.0521505925788902,0.0505823868302991,0.0411896927773669,0.0409865224889421
0.0521505925788902,0.0505823868302991,0.0411896927773669,0.0409865224889421
0.0521505925788902,0.0505823868302991,0.0411896927773669,0.0409865224889421
0.0521505925788902,0.0505823868302991,0.0411896927773669,0.0453027186333669
0.0521505925788902,0.0505823868302991,0.0411896927773669,0.0453027186333669
0.0521505925788902,0.0505823868302991,0.0411896927773669,0.0453027186333669
0.0521505925788902,0.0505823868302991,0.0411896927773669,0.0453027186333669
0.0521505925788902,0.0505823868302991,0.0411896927773669,0.0453027186333669
0.0521505925788902,0.0505823868302991,0.0411896927773669,0.0453027186333669
0.0521505925788902,0.0505823868302991,0.0411896927773669,0.0453027186333669
0.0521505925788902,0.0505823868302991,0.0411896927773669,0.0453027186333669
0.0521505925788902,0.0505823868302991,0.0411896927773669,0.0453027186333669
0.0521505925788902,0.0505823868302991,0.0411896927773669,0.0453027186333669
0.0521505925788902,0.0505823868302991,0.0411896927773669,0.0453027186333669
0.0521505925788902,0.0505823868302991,0.0411896927773669,0.0453027186333669
0.0521505925788902,0.0505823868302991,0.0411896927773669,0.0407418144199721
0.0521505925788902,0.0505823868302991,0.0431700336100582,0.0407418144199721
0.0521505925788902,0.0505823868302991,0.0431700336100582,0.0407418144199721
0.0521505925788902,0.0505823868302991,0.0431700336100582,0.0407418144199721
0.0521505925788902,0.0505823868302991,0.0431700336100582,0.0412147218492902
0.0521505925788902,0.0505823868302991,0.0431700336100582,0.0412147218492902
0.0521505925788902,0.0505823868302991,0.0431700336100582,0.0412147218492902
0.0521505925788902,0.0505823868302991,0.0431700336100582,0.0412147218492902
0.0521505925788902,0.0505823868302991,0.0431700336100582,0.0412147218492902
0.0521505925788902,0.0505823868302991,0.0431700336100582,0.0412147218492902
0.0521505925788902,0.0505823868302991,0.0431700336100582,0.0412147218492902
0.0521505925788902,0.0505823868302991,0.0431700336100582,0.0412147218492902
0.0521505925788902,0.0505823868302991,0.0431700336100582,0.0412147218492902
0.0521505925788902,0.0505823868302991,0.0431700336100582,0.0412147218492902
0.0521505925788902,0.0505823868302991,0.0431700336100582,0.0420376685251795
0.0521505925788902,0.0505823868302991,0.0431700336100582,0.0420376685251795
0.0521505925788902,0.0505823868302991,0.0431700336100582,0.0420376685251795
0.0521505925788902,0.0505823868302991,0.0431700336100582,0.0420376685251795
0.0521505925788902,0.0505823868302991,0.0431700336100582,0.0420376685251795
0.0521505925788902,0.0505823868302991,0.0431700336100582,0.0420376685251795
0.0521505925788902,0.0505823868302991,0.0431700336100582,0.0420376685251795
0.0521505925788902,0.0505823868302991,0.0431700336100582,0.0420376685251795
0.0521505925788902,0.0505823868302991,0.0431700336100582,0.0420376685251795
0.0521505925788902,0.0534704853399529,0.0431700336100582,0.0420376685251795
0.0521505925788902,0.0534704853399529,0.0431700336100582,0.0420376685251795
0.0521505925788902,0.0534704853399529,0.0425651364278715,0.0420376685251795
0.0521505925788902,0.0534704853399529,0.0425651364278715,0.0420376685251795
0.0521505925788902,0.0534704853399529,0.0440421400044575,0.0420376685251795
0.0521505925788902,0.0534704853399529,0.0440421400044575,0.0420376685251795
0.0521505925788902,0.0534704853399529,0.0440421400044575,0.0420376685251795
0.0521505925788902,0.0534704853399529,0.0440421400044575,0.0420376685251795
0.0521505925788902,0.0534704853399529,0.0440421400044575,0.0420376685251795
0.0521505925788902,0.0534704853399529,0.0440421400044575,0.0420376685251795
0.0481538536719757,0.0534704853399529,0.0440421400044575,0.0420376685251795
0.0481538536719757,0.0534704853399529,0.0440421400044575,0.0420376685251795
0.0481538536719757,0.0534704853399529,0.0440421400044575,0.0420376685251795
0.0481538536719757,0.0534704853399529,0.0440421400044575,0.0420376685251795
0.0481538536719757,0.0534704853399529,0.0440421400044575,0.0420376685251795
0.0481538536719757,0.0534704853399529,0.0392789650619533,0.0420376685251795
0.0481538536719757,0.0534704853399529,0.0392789650619533,0.0420376685251795
0.0481538536719757,0.0534704853399529,0.0392789650619533,0.0420376685251795
0.0481538536719757,0.0534704853399529,0.0392789650619533,0.0420376685251795
0.0481538536719757,0.0534704853399529,0.0392789650619533,0.0420376685251795
0.0481538536719757,0.0534704853399529,0.0392789650619533,0.0420376685251795
0.0481538536719757,0.0534704853399529,0.0392789650619533,0.0420376685251795
0.0481538536719757,0.0534704853399529,0.0392789650619533,0.0420376685251795
0.0481538536719757,0.0534704853399529,0.0392789650619533,0.0420376685251795
0.0481538536719757,0.0534704853399529,0.0392789650619533,0.0420376685251795
0.0481538536719757,0.0534704853399529,0.0392789650619533,0.0420376685251795
0.0481538536719757,0.0534704853399529,0.0392789650619533,0.0420376685251795
0.0481538536719757,0.0534704853399529,0.0392789650619533,0.0420376685251795
0.0481538536719757,0.0534704853399529,0.0392789650619533,0.0420376685251795
0.0481538536719757,0.0534704853399529,0.0392789650619533,0.0420376685251795
0.0481538536719757,0.0534704853399529,0.0392789650619533,0.0420376685251795
0.0481538536719757,0.0534704853399529,0.0392789650619533,0.0420376685251795
0.0481538536719757,0.0534704853399529,0.0392789650619533,0.0420376685251795
0.0481538536719757,0.0534704853399529,0.0392789650619533,0.0420376685251795
0.0481538536719757,0.0534704853399529,0.0392789650619533,0.0420376685251795
0.0481538536719757,0.0534704853399529,0.0392789650619533,0.0420376685251795
0.0481538536719757,0.0534704853399529,0.0392789650619533,0.0420376685251795
0.0481538536719757,0.0534704853399529,0.0392789650619533,0.0420376685251795
0.0481538536719757,0.0534704853399529,0.0392789650619533,0.0420376685251795
0.0481538536719757,0.0534704853399529,0.0392789650619533,0.0420376685251795
0.0481538536719757,0.0534704853399529,0.0392789650619533,0.0420376685251795
0.0481538536719757,0.0534704853399529,0.0392789650619533,0.0420376685251795
0.0481538536719757,0.0534704853399529,0.0392789650619533,0.0420376685251795
0.0481538536719757,0.0534704853399529,0.0392789650619533,0.0420376685251795
0.0481538536719757,0.0534704853399529,0.0392789650619533,0.0357670804662177
0.0481538536719757,0.0534704853399529,0.0392789650619533,0.0357670804662177
0.0481538536719757,0.0534704853399529,0.0392789650619533,0.0357670804662177
0.0481538536719757,0.0534704853399529,0.0392789650619533,0.0357670804662177
0.0481538536719757,0.0534704853399529,0.0392789650619533,0.0357670804662177
0.0481538536719757,0.0534704853399529,0.0392789650619533,0.0357670804662177
0.0481538536719757,0.0534704853399529,0.0392789650619533,0.0357670804662177
0.0481538536719757,0.0534704853399529,0.0392789650619533,0.0357670804662177
0.0481538536719757,0.0534704853399529,0.0392789650619533,0.0357670804662177
0.0481538536719757,0.0534704853399529,0.0392789650619533,0.0357670804662177
0.0481538536719757,0.0534704853399529,0.0392789650619533,0.0357670804662177
0.0481538536719757,0.0534704853399529,0.0392789650619533,0.0357670804662177
0.0481538536719757,0.0534704853399529,0.0392789650619533,0.0357670804662177
0.0481538536719757,0.0534704853399529,0.0392789650619533,0.0357670804662177
0.0481538536719757,0.0534704853399529,0.0392789650619533,0.0357670804662177
0.0481538536719757,0.0534704853399529,0.0392789650619533,0.0357670804662177
0.0481538536719757,0.0534704853399529,0.0392789650619533,0.0357670804662177
0.0481538536719757,0.0534704853399529,0.0392789650619533,0.0357670804662177
0.0481538536719757,0.0534704853399529,0.0392789650619533,0.0357670804662177
0.0481538536719757,0.0534704853399529,0.0392789650619533,0.0357670804662177
0.0481538536719757,0.0534704853399529,0.0392789650619533,0.0357670804662177
0.0481538536719757,0.0534704853399529,0.0392789650619533,0.0357670804662177
0.0481538536719757,0.0534704853399529,0.0392789650619533,0.0357670804662177
0.0481538536719757,0.0534704853399529,0.0392789650619533,0.0357670804662177
0.0481538536719757,0.0534704853399529,0.0392789650619533,0.0357670804662177
0.0481538536719757,0.0534704853399529,0.0392789650619533,0.0357670804662177
0.0481538536719757,0.0534704853399529,0.0392789650619533,0.0357670804662177
0.0481538536719757,0.0534704853399529,0.0392789650619533,0.0357670804662177
0.0481538536719757,0.0534704853399529,0.0392789650619533,0.0357670804662177
0.0481538536719757,0.0534704853399529,0.0392789650619533,0.0357670804662177
0.0481538536719757,0.0534704853399529,0.0392789650619533,0.0357670804662177
0.0481538536719757,0.0534704853399529,0.0392789650619533,0.0357670804662177
0.0481538536719757,0.0534704853399529,0.0392789650619533,0.0357670804662177
0.0481538536719757,0.0534704853399529,0.0392789650619533,0.0357670804662177
0.0481538536719757,0.0534704853399529,0.0392789650619533,0.0357670804662177
0.0481538536719757,0.0534704853399529,0.0406393720676348,0.0357670804662177
0.0505503670219632,0.0534704853399529,0.0406393720676348,0.0357670804662177
0.0505503670219632,0.0534704853399529,0.0406393720676348,0.0357670804662177
0.0505503670219632,0.0534704853399529,0.0406393720676348,0.0357670804662177
0.0505503670219632,0.0534704853399529,0.0406393720676348,0.0357670804662177
0.0505503670219632,0.0534704853399529,0.0406393720676348,0.0357670804662177
0.0505503670219632,0.0534704853399529,0.0406393720676348,0.0357670804662177
0.0505503670219632,0.0534704853399529,0.0406393720676348,0.0357670804662177
0.0505503670219632,0.0534704853399529,0.0406393720676348,0.0357670804662177
0.0505503670219632,0.0534704853399529,0.0406393720676348,0.0357670804662177
0.0505503670219632,0.0534704853399529,0.0406393720676348,0.0357670804662177
0.0505503670219632,0.0534704853399529,0.0394507359914599,0.0357670804662177
0.0505503670219632,0.0534704853399529,0.0394507359914599,0.0357670804662177
0.0505503670219632,0.0534704853399529,0.0394507359914599,0.0357670804662177
0.0505503670219632,0.0534704853399529,0.0394507359914599,0.0357670804662177
0.0505503670219632,0.0534704853399529,0.0394507359914599,0.0357670804662177
0.0505503670219632,0.0534704853399529,0.0394507359914599,0.0357670804662177
0.0505503670219632,0.0534704853399529,0.0394507359914599,0.0357670804662177
0.0505503670219632,0.0534704853399529,0.0394507359914599,0.0357670804662177
0.0505503670219632,0.0534704853399529,0.0394507359914599,0.0357670804662177
0.0505503670219632,0.0534704853399529,0.0394507359914599,0.0357142564231686
0.0505503670219632,0.0534704853399529,0.0394507359914599,0.0357142564231686
0.0505503670219632,0.0534704853399529,0.0394507359914599,0.0357142564231686
0.0505503670219632,0.0534704853399529,0.0394507359914599,0.0357142564231686
0.0505503670219632,0.0534704853399529,0.0394507359914599,0.0357142564231686
0.0505503670219632,0.0534704853399529,0.0394507359914599,0.0357142564231686
0.0505503670219632,0.0534704853399529,0.0394507359914599,0.0357142564231686
0.0505503670219632,0.0534704853399529,0.0394507359914599,0.0357142564231686
0.0505503670219632,0.0534704853399529,0.0394507359914599,0.0357142564231686
0.0505503670219632,0.0534704853399529,0.0394507359914599,0.0357142564231686
0.0505503670219632,0.0534704853399529,0.0394507359914599,0.0357142564231686
0.0505503670219632,0.0534704853399529,0.0394507359914599,0.0357142564231686
0.0505503670219632,0.0534704853399529,0.0394507359914599,0.0357142564231686
0.0505503670219632,0.0534704853399529,0.0394507359914599,0.0357142564231686
0.0505503670219632,0.0534704853399529,0.0394507359914599,0.0357142564231686
0.0505503670219632,0.0534704853399529,0.0394507359914599,0.0357142564231686
0.0505503670219632,0.0534704853399529,0.0394507359914599,0.0357142564231686
0.0505503670219632,0.0534704853399529,0.0394507359914599,0.0357142564231686
0.0505503670219632,0.0534704853399529,0.0394507359914599,0.0357142564231686
0.0505503670219632,0.0534704853399529,0.0394507359914599,0.0357142564231686
0.0505503670219632,0.0534704853399529,0.0394507359914599,0.0357142564231686
0.0505503670219632,0.0534704853399529,0.0394507359914599,0.0358502150052745
0.0505503670219632,0.0534704853399529,0.0394507359914599,0.0358502150052745
0.0505503670219632,0.0534704853399529,0.0394507359914599,0.0358502150052745
0.0505503670219632,0.0534704853399529,0.0394507359914599,0.0358502150052745
0.0505503670219632,0.0534704853399529,0.0394507359914599,0.0358502150052745
0.0505503670219632,0.0535492233927756,0.0394507359914599,0.037089370807397
0.0505503670219632,0.0535492233927756,0.0394507359914599,0.0429881191804704
0.0505503670219632,0.0535492233927756,0.0394507359914599,0.0429881191804704
0.0505503670219632,0.0535492233927756,0.0394507359914599,0.0429881191804704
0.0505503670219632,0.0535492233927756,0.0394507359914599,0.0429881191804704
0.0505503670219632,0.0535492233927756,0.0394507359914599,0.0429881191804704
0.0505503670219632,0.0535492233927756,0.0394507359914599,0.0429881191804704
0.0505503670219632,0.0535492233927756,0.0394507359914599,0.0429881191804704
0.0505503670219632,0.0535492233927756,0.0394507359914599,0.0429881191804704
0.0505503670219632,0.0535492233927756,0.0394507359914599,0.0429881191804704
0.0505503670219632,0.0535492233927756,0.0394507359914599,0.0429881191804704
0.0505503670219632,0.0535492233927756,0.0394507359914599,0.0429881191804704
0.0505503670219632,0.0535492233927756,0.0394507359914599,0.0429881191804704
0.0505503670219632,0.0535492233927756,0.0394507359914599,0.0429881191804704
0.0505503670219632,0.0535492233927756,0.0394507359914599,0.0429881191804704
0.0505503670219632,0.0535492233927756,0.0394507359914599,0.0429881191804704
0.0505503670219632,0.0535492233927756,0.0394507359914599,0.0429881191804704
0.0505503670219632,0.0535492233927756,0.0394507359914599,0.0429881191804704
0.0505503670219632,0.0535492233927756,0.0394507359914599,0.0429881191804704
0.0505503670219632,0.0535492233927756,0.0394507359914599,0.0429881191804704
0.0505503670219632,0.0535492233927756,0.0394507359914599,0.0429881191804704
0.0505503670219632,0.0535492233927756,0.0384092587200842,0.0429881191804704
0.0505503670219632,0.0525969791478366,0.0384092587200842,0.0429881191804704
0.0505503670219632,0.0525969791478366,0.0384092587200842,0.0429881191804704
0.0505503670219632,0.0525969791478366,0.0384092587200842,0.0429881191804704
0.0505503670219632,0.0525969791478366,0.0384092587200842,0.0429881191804704
0.0505503670219632,0.0525969791478366,0.0384092587200842,0.0429881191804704
0.0505503670219632,0.0525969791478366,0.0384092587200842,0.0429881191804704
0.0505503670219632,0.0525969791478366,0.0384092587200842,0.0429881191804704
0.0505503670219632,0.0525969791478366,0.0384092587200842,0.0429881191804704
0.0505503670219632,0.0525969791478366,0.0384092587200842,0.0429881191804704
0.0505503670219632,0.0525969791478366,0.0384092587200842,0.0429881191804704
0.0505503670219632,0.0525969791478366,0.0384092587200842,0.0429881191804704
0.0505503670219632,0.0525969791478366,0.0384092587200842,0.0429881191804704
0.0505503670219632,0.0525969791478366,0.0384092587200842,0.0429881191804704
0.0505503670219632,0.0525969791478366,0.0384092587200842,0.0429881191804704
0.0505503670219632,0.0525969791478366,0.0384092587200842,0.0429881191804704
0.0505503670219632,0.0525969791478366,0.0384092587200842,0.0429881191804704
0.0505503670219632,0.0525969791478366,0.0384092587200842,0.0429881191804704
0.0505503670219632,0.0525969791478366,0.0384092587200842,0.0429881191804704
0.0505503670219632,0.0525969791478366,0.0384092587200842,0.0429881191804704
0.0505503670219632,0.0525969791478366,0.0384092587200842,0.0429881191804704
0.0505503670219632,0.0525969791478366,0.0384092587200842,0.0429881191804704
0.0505503670219632,0.0525969791478366,0.0384092587200842,0.0429881191804704
0.0505503670219632,0.0525969791478366,0.0384092587200842,0.0429881191804704
0.0505503670219632,0.0525969791478366,0.0384092587200842,0.0429881191804704
0.0505503670219632,0.0492131512527795,0.0384092587200842,0.0429881191804704
0.0505503670219632,0.0492131512527795,0.0384092587200842,0.0429881191804704
0.0505503670219632,0.0492131512527795,0.0384092587200842,0.0429881191804704
0.0505503670219632,0.0492131512527795,0.0384092587200842,0.0429881191804704
0.0505503670219632,0.0492131512527795,0.0384092587200842,0.0377765460836235
0.0505503670219632,0.0492131512527795,0.0384092587200842,0.0377765460836235
0.0505503670219632,0.0492131512527795,0.0384092587200842,0.0377765460836235
0.0505503670219632,0.0492131512527795,0.0384092587200842,0.0377765460836235
0.0505503670219632,0.0492131512527795,0.0384092587200842,0.0377765460836235
0.0505503670219632,0.0492131512527795,0.0384092587200842,0.0377765460836235
0.0505503670219632,0.0492131512527795,0.0384092587200842,0.0377765460836235
0.0505503670219632,0.0492131512527795,0.0384092587200842,0.0377765460836235
0.0505503670219632,0.0492131512527795,0.0384092587200842,0.0377765460836235
0.0505503670219632,0.0492131512527795,0.0384092587200842,0.0377765460836235
0.0505503670219632,0.0492131512527795,0.0384092587200842,0.0377765460836235
0.0505503670219632,0.0492131512527795,0.0384092587200842,0.0377765460836235
0.0505503670219632,0.0492131512527795,0.0384092587200842,0.0377765460836235
0.0505503670219632,0.0492131512527795,0.0384092587200842,0.0377765460836235
0.0505503670219632,0.0492131512527795,0.0384092587200842,0.0377765460836235
0.0505503670219632,0.0492131512527795,0.0384092587200842,0.0377765460836235
0.0505503670219632,0.0492131512527795,0.0384092587200842,0.0377765460836235
0.0505503670219632,0.0492131512527795,0.0366381216919216,0.0377765460836235
0.0505503670219632,0.0492131512527795,0.0366381216919216,0.0377765460836235
0.0505503670219632,0.0492131512527795,0.0366381216919216,0.0377765460836235
0.0505503670219632,0.0492131512527795,0.0366381216919216,0.0377765460836235
0.0505503670219632,0.0492131512527795,0.0366381216919216,0.0377765460836235
0.0505503670219632,0.0492131512527795,0.0366381216919216,0.0377765460836235
0.0505503670219632,0.0492131512527795,0.0366381216919216,0.0377765460836235
0.0505503670219632,0.0492131512527795,0.0366381216919216,0.0377765460836235
0.0505503670219632,0.0492131512527795,0.0366381216919216,0.0377765460836235
0.0505503670219632,0.0492131512527795,0.0366381216919216,0.0377765460836235
0.0505503670219632,0.0492131512527795,0.0366381216919216,0.0377765460836235
0.0505503670219632,0.0571749343818963,0.0366381216919216,0.0377765460836235
0.0505503670219632,0.0571749343818963,0.0366381216919216,0.0377765460836235
0.0505503670219632,0.0571749343818963,0.0366381216919216,0.0377765460836235
0.0505503670219632,0.0571749343818963,0.0366381216919216,0.0404385619893156
0.0505503670219632,0.0571749343818963,0.0366381216919216,0.0404385619893156
0.0505503670219632,0.0571749343818963,0.0366381216919216,0.0404385619893156
0.0505503670219632,0.0571749343818963,0.0366381216919216,0.0404385619893156
0.0505503670219632,0.0571749343818963,0.0366381216919216,0.0404385619893156
0.0505503670219632,0.0571749343818963,0.0366381216919216,0.0404385619893156
0.0505503670219632,0.0571749343818963,0.0366381216919216,0.0404385619893156
0.0505503670219632,0.0571749343818963,0.0366381216919216,0.0404385619893156
0.0505503670219632,0.0571749343818963,0.0366381216919216,0.0404385619893156
0.0505503670219632,0.0571749343818963,0.0366381216919216,0.0404385619893156
0.0505503670219632,0.0571749343818963,0.0366381216919216,0.0404385619893156
0.0505503670219632,0.0571749343818963,0.0366381216919216,0.0404385619893156
0.0505503670219632,0.0571749343818963,0.0366381216919216,0.0404385619893156
0.0505503670219632,0.0571749343818963,0.0366381216919216,0.0404385619893156
0.0505503670219632,0.0571749343818963,0.0366381216919216,0.0404385619893156
0.0505503670219632,0.0571749343818963,0.0366381216919216,0.0404385619893156
0.0505503670219632,0.0571749343818963,0.0366381216919216,0.0404385619893156
0.0505503670219632,0.0571749343818963,0.0366381216919216,0.0404385619893156
0.0505503670219632,0.0571749343818963,0.0366381216919216,0.0404385619893156
0.0505503670219632,0.0571749343818963,0.0366381216919216,0.0404385619893156
0.0505503670219632,0.0571749343818963,0.0366381216919216,0.0404385619893156
0.0505503670219632,0.0611847954501473,0.0366381216919216,0.0404385619893156
0.0505503670219632,0.0611847954501473,0.0366381216919216,0.0432047612649312
0.0505503670219632,0.0611847954501473,0.0366381216919216,0.0432047612649312
0.0505503670219632,0.0611847954501473,0.0366381216919216,0.0432047612649312
0.0505503670219632,0.0611847954501473,0.0366381216919216,0.0432047612649312
0.0505503670219632,0.0611847954501473,0.0366381216919216,0.0432047612649312
0.0505503670219632,0.044638372952157,0.0366381216919216,0.0432047612649312
0.0505503670219632,0.044638372952157,0.0366381216919216,0.0432047612649312
0.0505503670219632,0.044638372952157,0.0366381216919216,0.0432047612649312
0.0505503670219632,0.044638372952157,0.0366381216919216,0.0432047612649312
0.0505503670219632,0.044638372952157,0.0366381216919216,0.0432047612649312
0.0505503670219632,0.044638372952157,0.0366381216919216,0.0432047612649312
0.0505503670219632,0.044638372952157,0.0366381216919216,0.0432047612649312
0.0505503670219632,0.044638372952157,0.0366381216919216,0.0432047612649312
0.0505503670219632,0.044638372952157,0.0366381216919216,0.0432047612649312
0.0505503670219632,0.044638372952157,0.0366381216919216,0.0432047612649312
0.0505503670219632,0.044638372952157,0.0366381216919216,0.0432047612649312
0.0505503670219632,0.0489967161921518,0.0366381216919216,0.0432047612649312
0.0505503670219632,0.0489967161921518,0.0366381216919216,0.0432047612649312
0.0505503670219632,0.0489967161921518,0.0366381216919216,0.0432047612649312
0.0505503670219632,0.0489967161921518,0.0366381216919216,0.0432047612649312
0.0521379564477979,0.0489967161921518,0.0366381216919216,0.0432047612649312
0.0521379564477979,0.0499350881348174,0.0366381216919216,0.0432047612649312
0.0521379564477979,0.0499350881348174,0.0366381216919216,0.0432047612649312
0.0521379564477979,0.0499350881348174,0.0366381216919216,0.0432047612649312
0.050564539302704,0.0499350881348174,0.0366381216919216,0.0432047612649312
0.050564539302704,0.0499350881348174,0.0366381216919216,0.0432047612649312
0.050564539302704,0.0499350881348174,0.0366381216919216,0.0432047612649312
0.050564539302704,0.0499350881348174,0.0366381216919216,0.0432047612649312
0.050564539302704,0.0499350881348174,0.0366381216919216,0.0432047612649312
0.050564539302704,0.0499350881348174,0.0366381216919216,0.0432047612649312
0.050564539302704,0.0499350881348174,0.0366381216919216,0.0432047612649312
0.050564539302704,0.0499350881348174,0.0392491186367835,0.0432047612649312
0.050564539302704,0.0499350881348174,0.0392491186367835,0.0432047612649312
0.050564539302704,0.0499350881348174,0.0392491186367835,0.0432047612649312
0.050564539302704,0.0499350881348174,0.0392491186367835,0.0432047612649312
0.050564539302704,0.0499350881348174,0.0392491186367835,0.0432047612649312
0.050564539302704,0.0499350881348174,0.0392491186367835,0.0432047612649312
0.050564539302704,0.0499350881348174,0.0392491186367835,0.0432047612649312
0.0517667034838516,0.0499350881348174,0.0392491186367835,0.0432047612649312
0.0517667034838516,0.0499350881348174,0.0392491186367835,0.0432047612649312
0.0517667034838516,0.0499350881348174,0.0392491186367835,0.0432047612649312
0.0517667034838516,0.0499350881348174,0.0392491186367835,0.0432047612649312
0.0517667034838516,0.0499350881348174,0.0392491186367835,0.0432047612649312
0.0517667034838516,0.0499350881348174,0.0392491186367835,0.0432047612649312
0.0517667034838516,0.0499350881348174,0.0392491186367835,0.0432047612649312
0.0517667034838516,0.0499350881348174,0.0392491186367835,0.0432047612649312
0.0517667034838516,0.0499350881348174,0.0392491186367835,0.0432047612649312
0.0517667034838516,0.0499350881348174,0.0392491186367835,0.0432047612649312
0.0517667034838516,0.0499350881348174,0.0392491186367835,0.0432047612649312
0.0517667034838516,0.0499350881348174,0.0392491186367835,0.0432047612649312
0.0517667034838516,0.0499350881348174,0.0392491186367835,0.0432047612649312
0.0517667034838516,0.0499350881348174,0.0392491186367835,0.0421802952570989
0.0517667034838516,0.0499350881348174,0.0392491186367835,0.0421802952570989
0.0517667034838516,0.0499350881348174,0.0392491186367835,0.0421802952570989
0.0517667034838516,0.0499350881348174,0.0392491186367835,0.0421802952570989
0.0517667034838516,0.0499350881348174,0.0392491186367835,0.0421802952570989
0.0517667034838516,0.0499350881348174,0.0392491186367835,0.0421802952570989
0.0517667034838516,0.0499350881348174,0.0392491186367835,0.0421802952570989
0.0517667034838516,0.0499350881348174,0.0392491186367835,0.0421802952570989
0.0517667034838516,0.0499350881348174,0.0392491186367835,0.0421802952570989
0.0517667034838516,0.0499350881348174,0.0392491186367835,0.0421802952570989
0.0517667034838516,0.0499350881348174,0.0392491186367835,0.0421802952570989
0.0517667034838516,0.0499350881348174,0.0392491186367835,0.0421802952570989
0.0517667034838516,0.0499350881348174,0.0392491186367835,0.0421802952570989
0.0533348828942159,0.0499350881348174,0.0392491186367835,0.0421802952570989
0.0533348828942159,0.0499350881348174,0.0392491186367835,0.0421802952570989
0.0533348828942159,0.0499350881348174,0.0392491186367835,0.0411077262950835
0.0533348828942159,0.0499350881348174,0.0392491186367835,0.0411077262950835
0.0533348828942159,0.0499350881348174,0.0392491186367835,0.0411077262950835
0.0533348828942159,0.0499350881348174,0.0392491186367835,0.0411077262950835
0.0533348828942159,0.0499350881348174,0.0392491186367835,0.0411077262950835
0.0533348828942159,0.0499350881348174,0.0392491186367835,0.0479808667998882
0.0533348828942159,0.0499350881348174,0.0392491186367835,0.0479808667998882
0.0533348828942159,0.0499350881348174,0.0392491186367835,0.0479808667998882
0.0533348828942159,0.0499350881348174,0.0392491186367835,0.0479808667998882
0.0533348828942159,0.0499350881348174,0.0392491186367835,0.0479808667998882
0.0533348828942159,0.0499350881348174,0.0392491186367835,0.0479808667998882
0.0533348828942159,0.0499350881348174,0.0392491186367835,0.0479808667998882
0.0533348828942159,0.0499350881348174,0.0392491186367835,0.0479808667998882
0.0533348828942159,0.0499350881348174,0.0392491186367835,0.0479808667998882
0.0533348828942159,0.0499350881348174,0.0392491186367835,0.0479808667998882
0.0533348828942159,0.0499350881348174,0.0392491186367835,0.0479808667998882
0.0533348828942159,0.0499350881348174,0.0392491186367835,0.0479808667998882
0.0533348828942159,0.0499350881348174,0.0392491186367835,0.0479808667998882
0.0533348828942159,0.0499350881348174,0.0392491186367835,0.0479808667998882
0.0533348828942159,0.0499350881348174,0.0392491186367835,0.0479808667998882
0.0533348828942159,0.0522754548154809,0.0392491186367835,0.0479808667998882
0.0533348828942159,0.0522754548154809,0.0392491186367835,0.0479808667998882
0.0533348828942159,0.0522754548154809,0.0392491186367835,0.0479808667998882
0.0533348828942159,0.0480313018119092,0.0392491186367835,0.0479808667998882
0.0533348828942159,0.0480313018119092,0.0392491186367835,0.0479808667998882
0.0533348828942159,0.0480313018119092,0.0392491186367835,0.0428293103690573
0.0533348828942159,0.0490052785413895,0.0392491186367835,0.0501768532388934
0.0533348828942159,0.0490052785413895,0.0392491186367835,0.0501768532388934
0.0533348828942159,0.0490052785413895,0.0392491186367835,0.0501768532388934
0.0533348828942159,0.0490052785413895,0.0392491186367835,0.0501768532388934
0.0533348828942159,0.0490052785413895,0.0392491186367835,0.0501768532388934
0.0533348828942159,0.0490052785413895,0.0392491186367835,0.0501768532388934
0.0533348828942159,0.0490052785413895,0.0392491186367835,0.0501768532388934
0.0533348828942159,0.0490052785413895,0.0392491186367835,0.0501768532388934
0.0533348828942159,0.0490052785413895,0.0392491186367835,0.0501768532388934
0.0533348828942159,0.0490052785413895,0.0392491186367835,0.0501768532388934
0.0533348828942159,0.0490052785413895,0.0392491186367835,0.0501768532388934
0.0533348828942159,0.0490052785413895,0.0392491186367835,0.0501768532388934
0.0533348828942159,0.0490052785413895,0.0392491186367835,0.0501768532388934
0.0533348828942159,0.0490052785413895,0.0392491186367835,0.0501768532388934
0.0533348828942159,0.0490052785413895,0.0392491186367835,0.0501768532388934
0.0533348828942159,0.0490052785413895,0.0392491186367835,0.0501768532388934
0.0533348828942159,0.0490052785413895,0.0392491186367835,0.0501768532388934
0.0533348828942159,0.0490052785413895,0.0392491186367835,0.0501768532388934
0.0533348828942159,0.0490052785413895,0.0392491186367835,0.0501768532388934
0.0533348828942159,0.0490052785413895,0.0392491186367835,0.0468536437071168
0.0533348828942159,0.0490052785413895,0.0392491186367835,0.0468536437071168
0.0533348828942159,0.0490052785413895,0.0392491186367835,0.0468536437071168
0.0533348828942159,0.0490052785413895,0.0392491186367835,0.0468536437071168
0.0533348828942159,0.0490052785413895,0.0392491186367835,0.0468536437071168
0.0533348828942159,0.0490052785413895,0.0392491186367835,0.0468536437071168
0.0533348828942159,0.0490052785413895,0.0392491186367835,0.0468536437071168
0.0533348828942159,0.0490052785413895,0.0392491186367835,0.0468536437071168
0.0533348828942159,0.0490052785413895,0.0392491186367835,0.0468536437071168
0.0533348828942159,0.0490052785413895,0.0392491186367835,0.0468536437071168
0.0533348828942159,0.0490052785413895,0.0392491186367835,0.0468536437071168
0.0533348828942159,0.0490052785413895,0.0392491186367835,0.0468536437071168
0.0533348828942159,0.0490052785413895,0.0392491186367835,0.0505378198907466
0.0533348828942159,0.0490052785413895,0.0392491186367835,0.0505378198907466
0.0533348828942159,0.0490052785413895,0.0392491186367835,0.0505378198907466
0.0533348828942159,0.0490052785413895,0.0392491186367835,0.0505378198907466
0.0533348828942159,0.0490052785413895,0.0392491186367835,0.0505378198907466
0.0533348828942159,0.0490052785413895,0.0392491186367835,0.0505378198907466
0.0533348828942159,0.0490052785413895,0.0392491186367835,0.0505378198907466
0.0533348828942159,0.0490052785413895,0.0392491186367835,0.0505378198907466
0.0533348828942159,0.0490052785413895,0.0392491186367835,0.0505378198907466
0.0533348828942159,0.0490052785413895,0.0392491186367835,0.0505378198907466
0.0533348828942159,0.0490052785413895,0.0392491186367835,0.0505378198907466
0.0533348828942159,0.0490052785413895,0.0392491186367835,0.0505378198907466
0.0533348828942159,0.0490052785413895,0.0392491186367835,0.0505378198907466
0.0533348828942159,0.0490052785413895,0.0392491186367835,0.0505378198907466
0.0533348828942159,0.0490052785413895,0.0392491186367835,0.0505378198907466
0.0533348828942159,0.0490052785413895,0.0392491186367835,0.0505378198907466
0.0533348828942159,0.0490052785413895,0.0392491186367835,0.0505378198907466
0.0533348828942159,0.0490052785413895,0.0398306171552301,0.0505378198907466
0.0533348828942159,0.0485659381119911,0.0398306171552301,0.0505378198907466
0.0539683843398711,0.0485659381119911,0.0398306171552301,0.0505378198907466
0.0539683843398711,0.0485659381119911,0.0398306171552301,0.0505378198907466
0.0539683843398711,0.0485659381119911,0.0398306171552301,0.0505378198907466
0.0539683843398711,0.0485659381119911,0.0398306171552301,0.0505378198907466
0.0539683843398711,0.0485659381119911,0.0398306171552301,0.0505378198907466
0.0539683843398711,0.0485659381119911,0.0398306171552301,0.0505378198907466
0.0539683843398711,0.0485659381119911,0.0398306171552301,0.0505378198907466
0.0539683843398711,0.0485659381119911,0.0398306171552301,0.0505378198907466
0.0539683843398711,0.0485659381119911,0.0398306171552301,0.0505378198907466
0.0539683843398711,0.0438491761850632,0.0398306171552301,0.0505378198907466
0.0539683843398711,0.0438491761850632,0.0398306171552301,0.0505378198907466
0.0539683843398711,0.0438491761850632,0.0398306171552301,0.0505378198907466
0.0539683843398711,0.0438491761850632,0.0398306171552301,0.0505378198907466
0.0539683843398711,0.0438491761850632,0.0398306171552301,0.0505378198907466
0.0539683843398711,0.0438491761850632,0.0398306171552301,0.0505378198907466
0.0539683843398711,0.0438491761850632,0.0398306171552301,0.0505378198907466
0.0539683843398711,0.0438491761850632,0.0398306171552301,0.0505378198907466
0.0539683843398711,0.0557941733770774,0.0398306171552301,0.0505378198907466
0.0539683843398711,0.0557941733770774,0.0398306171552301,0.0511902286912503
0.0539683843398711,0.0557941733770774,0.0398306171552301,0.0511902286912503
0.0539683843398711,0.0557941733770774,0.0398306171552301,0.0511902286912503
0.0539683843398711,0.0557941733770774,0.0398306171552301,0.0511902286912503
0.0539683843398711,0.0525122414116068,0.0398306171552301,0.0511902286912503
0.0539683843398711,0.0525122414116068,0.0398306171552301,0.0511902286912503
0.0539683843398711,0.0525122414116068,0.0398306171552301,0.0511902286912503
0.0539683843398711,0.0525122414116068,0.0398306171552301,0.0511902286912503
0.0539683843398711,0.0525122414116068,0.0398306171552301,0.0511902286912503
0.0539683843398711,0.0525122414116068,0.0398306171552301,0.0511902286912503
0.0539683843398711,0.0525122414116068,0.0398306171552301,0.0511902286912503
0.0539683843398711,0.0525122414116068,0.0398306171552301,0.0511902286912503
0.0539683843398711,0.0525122414116068,0.0398306171552301,0.0511902286912503
0.0539683843398711,0.0525122414116068,0.0398306171552301,0.0511902286912503
0.0539683843398711,0.0525122414116068,0.0398306171552301,0.0511902286912503
0.0539683843398711,0.0525122414116068,0.0398306171552301,0.0511902286912503
0.0539683843398711,0.0525122414116068,0.0398306171552301,0.0511902286912503
0.0539683843398711,0.049073287659539,0.0398306171552301,0.0511902286912503
0.0539683843398711,0.049073287659539,0.0398306171552301,0.0511902286912503
0.0539683843398711,0.049073287659539,0.0398306171552301,0.0511902286912503
0.0539683843398711,0.049073287659539,0.0398306171552301,0.0511902286912503
0.0539683843398711,0.049073287659539,0.0398306171552301,0.0511902286912503
0.0539683843398711,0.049073287659539,0.0350625011270284,0.0511902286912503
0.0539683843398711,0.049073287659539,0.0349469876365081,0.0511902286912503
0.0539683843398711,0.049073287659539,0.0349469876365081,0.047109612938104
0.0539683843398711,0.0533126786365979,0.0349469876365081,0.047109612938104
0.0539683843398711,0.0533126786365979,0.0349469876365081,0.047109612938104
0.0539683843398711,0.0543618813090379,0.0349469876365081,0.047109612938104
0.0539683843398711,0.0543618813090379,0.0349469876365081,0.047109612938104
0.0539683843398711,0.0543618813090379,0.0349469876365081,0.047109612938104
0.0539683843398711,0.0543618813090379,0.0349469876365081,0.047109612938104
0.0539683843398711,0.0543618813090379,0.0349469876365081,0.047109612938104
0.0539683843398711,0.0543618813090379,0.0349469876365081,0.047109612938104
0.0539683843398711,0.0543618813090379,0.0349469876365081,0.047109612938104
0.0539683843398711,0.0543618813090379,0.0349469876365081,0.047109612938104
0.0539683843398711,0.0543618813090379,0.0349469876365081,0.047109612938104
0.0539683843398711,0.0543618813090379,0.0349469876365081,0.047109612938104
0.0539683843398711,0.0543618813090379,0.0349469876365081,0.047109612938104
0.0539683843398711,0.0543618813090379,0.0349469876365081,0.047109612938104
0.0539683843398711,0.0543618813090379,0.0349469876365081,0.047109612938104
0.0539683843398711,0.0543618813090379,0.0349469876365081,0.047109612938104
0.0539683843398711,0.0543618813090379,0.0349469876365081,0.047109612938104
0.0539683843398711,0.0543618813090379,0.0349469876365081,0.0462479922700744
0.0539683843398711,0.0543618813090379,0.0349469876365081,0.0462479922700744
0.0539683843398711,0.0543618813090379,0.0349469876365081,0.0462479922700744
0.0539683843398711,0.0543618813090379,0.0349469876365081,0.0462479922700744
0.0539683843398711,0.0543618813090379,0.0349469876365081,0.0462479922700744
0.0539683843398711,0.0543618813090379,0.0349469876365081,0.0462479922700744
0.0539683843398711,0.0543618813090379,0.0349469876365081,0.0462479922700744
0.0539683843398711,0.0543618813090379,0.0349469876365081,0.0462479922700744
0.0539683843398711,0.0543618813090379,0.0349469876365081,0.0462479922700744
0.0539683843398711,0.0543618813090379,0.0373541749664511,0.0462479922700744
0.0539683843398711,0.0543618813090379,0.0373541749664511,0.0462479922700744
0.0539683843398711,0.0543618813090379,0.0373541749664511,0.0462479922700744
0.0539683843398711,0.0543618813090379,0.0373541749664511,0.0462479922700744
0.0539683843398711,0.0543618813090379,0.0373541749664511,0.0390110945309941
0.0539683843398711,0.0543618813090379,0.0373541749664511,0.0390110945309941
0.0539683843398711,0.0543618813090379,0.0373541749664511,0.0390110945309941
0.0539683843398711,0.0543618813090379,0.0373541749664511,0.0390110945309941
0.0539683843398711,0.0543618813090379,0.0373541749664511,0.0390110945309941
0.0539683843398711,0.0543618813090379,0.0373541749664511,0.0390110945309941
0.0539683843398711,0.0543618813090379,0.0373541749664511,0.0390110945309941
0.0539683843398711,0.0543618813090379,0.0373541749664511,0.0390110945309941
0.0539683843398711,0.0529058933162726,0.0373541749664511,0.0390110945309941
0.0539683843398711,0.0529058933162726,0.0373541749664511,0.0390110945309941
0.0539683843398711,0.0529058933162726,0.0373541749664511,0.0390110945309941
0.0539683843398711,0.0529058933162726,0.0373541749664511,0.0390110945309941
0.0539683843398711,0.0529058933162726,0.0373541749664511,0.0390110945309941
0.0539683843398711,0.0529058933162726,0.0373541749664511,0.0390110945309941
0.0539683843398711,0.0529058933162726,0.0373541749664511,0.0390110945309941
0.0539683843398711,0.0529058933162726,0.0373541749664511,0.0390110945309941
0.0539683843398711,0.0529058933162726,0.0373541749664511,0.0390110945309941
0.0539683843398711,0.0529058933162726,0.0373541749664511,0.0390110945309941
0.0539683843398711,0.0529058933162726,0.0373541749664511,0.0390110945309941
0.0539683843398711,0.0529058933162726,0.0373541749664511,0.0390110945309941
0.0539683843398711,0.0529058933162726,0.0373541749664511,0.0390110945309941
0.0539683843398711,0.0529058933162726,0.0373541749664511,0.0390110945309941
0.0539683843398711,0.0529058933162726,0.0373541749664511,0.0390110945309941
0.0539683843398711,0.0529058933162726,0.0373541749664511,0.0390110945309941
0.0539683843398711,0.0529058933162726,0.0373541749664511,0.0390110945309941
0.0539683843398711,0.0529058933162726,0.0373541749664511,0.0390110945309941
0.0539683843398711,0.0529058933162726,0.0373541749664511,0.0390110945309941
0.0539683843398711,0.0529058933162726,0.0373541749664511,0.0390110945309941
0.0539683843398711,0.0529058933162726,0.0373541749664511,0.0390110945309941
0.0539683843398711,0.0529058933162726,0.0373541749664511,0.0390110945309941
0.0539683843398711,0.0529058933162726,0.0373541749664511,0.0390110945309941
0.0539683843398711,0.0503291361189861,0.0373541749664511,0.0390110945309941
0.0539683843398711,0.0503291361189861,0.0373541749664511,0.0390110945309941
0.0539683843398711,0.0503291361189861,0.0373541749664511,0.0390110945309941
0.0539683843398711,0.0503291361189861,0.0373541749664511,0.0390110945309941
0.0539683843398711,0.0503291361189861,0.0373541749664511,0.0390110945309941
0.0539683843398711,0.0503291361189861,0.0373541749664511,0.0390110945309941
0.0539683843398711,0.0503291361189861,0.0373541749664511,0.0390110945309941
0.0539683843398711,0.0565290100828332,0.0373541749664511,0.0390110945309941
0.0539683843398711,0.0565290100828332,0.0373541749664511,0.0390110945309941
0.0539683843398711,0.0565290100828332,0.0373541749664511,0.0390110945309941
0.0539683843398711,0.0565290100828332,0.0373541749664511,0.0390110945309941
0.0539683843398711,0.0565290100828332,0.0373541749664511,0.0390110945309941
0.0539683843398711,0.0565290100828332,0.0373541749664511,0.0390110945309941
0.0539683843398711,0.0565290100828332,0.0373541749664511,0.0390110945309941
0.0539683843398711,0.0565290100828332,0.0373541749664511,0.0390110945309941
0.0519928278385372,0.0565290100828332,0.0438670039562027,0.0390110945309941
0.0519928278385372,0.0565290100828332,0.0438670039562027,0.0390110945309941
0.0519928278385372,0.0565290100828332,0.0438670039562027,0.0390110945309941
0.0519928278385372,0.0565290100828332,0.0438670039562027,0.0390110945309941
0.0519928278385372,0.0565290100828332,0.0434526636329452,0.0390110945309941
0.0519928278385372,0.0565290100828332,0.0434526636329452,0.0390110945309941
0.0519928278385372,0.0565290100828332,0.0434526636329452,0.0390110945309941
0.0519928278385372,0.0565290100828332,0.0434526636329452,0.0390110945309941
0.0519928278385372,0.0565290100828332,0.0434526636329452,0.0390110945309941
0.0519928278385372,0.0565290100828332,0.0434526636329452,0.0390110945309941
0.0519928278385372,0.0565290100828332,0.0434526636329452,0.0390110945309941
0.0519928278385372,0.0565290100828332,0.0434526636329452,0.0390110945309941
0.0519928278385372,0.0565290100828332,0.0434526636329452,0.0390110945309941
0.0519928278385372,0.0565290100828332,0.0434526636329452,0.0390110945309941
0.0519928278385372,0.0565290100828332,0.0434526636329452,0.0390110945309941
0.0519928278385372,0.0565290100828332,0.0434526636329452,0.0390110945309941
0.0519928278385372,0.0565290100828332,0.0434526636329452,0.0390110945309941
0.0519928278385372,0.0565290100828332,0.0434526636329452,0.0390110945309941
0.0519928278385372,0.0565290100828332,0.0434526636329452,0.0390110945309941
0.0519928278385372,0.0565290100828332,0.0434526636329452,0.0390110945309941
0.0519928278385372,0.0560292157332635,0.0434526636329452,0.0390110945309941
0.0519928278385372,0.0560292157332635,0.0434526636329452,0.0390110945309941
0.0519928278385372,0.0560292157332635,0.0434526636329452,0.0390110945309941
0.0519928278385372,0.0560292157332635,0.0434526636329452,0.0390110945309941
0.0519928278385372,0.0560292157332635,0.0434526636329452,0.0390110945309941
0.0519928278385372,0.0560292157332635,0.0434526636329452,0.0390110945309941
0.0519928278385372,0.0560292157332635,0.0434526636329452,0.0390110945309941
0.0519928278385372,0.0560292157332635,0.0434526636329452,0.0390110945309941
0.0519928278385372,0.0560292157332635,0.0434526636329452,0.0390110945309941
0.0519928278385372,0.0560292157332635,0.0434526636329452,0.0390110945309941
0.0519928278385372,0.0560292157332635,0.0434526636329452,0.0390110945309941
0.0519928278385372,0.0560292157332635,0.0434526636329452,0.0390110945309941
0.0519928278385372,0.0560292157332635,0.0434526636329452,0.0390110945309941
0.0519928278385372,0.0560292157332635,0.0434526636329452,0.0390110945309941
0.0519928278385372,0.0560292157332635,0.0434526636329452,0.0390110945309941
0.0519928278385372,0.0560292157332635,0.0434526636329452,0.0390110945309941
0.0519928278385372,0.0560292157332635,0.0434526636329452,0.0390110945309941
0.0517386553823521,0.0560292157332635,0.0434526636329452,0.0390110945309941
0.0517386553823521,0.0560292157332635,0.0434526636329452,0.0390110945309941
0.0517386553823521,0.0560292157332635,0.0434526636329452,0.0390110945309941
0.0517386553823521,0.0560292157332635,0.0434526636329452,0.0444365989107485
0.0517386553823521,0.0560292157332635,0.0434526636329452,0.0444365989107485
0.0517386553823521,0.0560292157332635,0.0434526636329452,0.0444365989107485
0.0517386553823521,0.0560292157332635,0.0434526636329452,0.0399148987199632
0.0517386553823521,0.0560292157332635,0.0434526636329452,0.0399148987199632
0.0517386553823521,0.0560292157332635,0.0434526636329452,0.0399148987199632
0.0517386553823521,0.0560292157332635,0.0434526636329452,0.0399148987199632
0.0517386553823521,0.0560292157332635,0.0434526636329452,0.0399148987199632
0.0517386553823521,0.0560292157332635,0.0434526636329452,0.0399148987199632
0.0517386553823521,0.0560292157332635,0.0434526636329452,0.0399148987199632
0.0517386553823521,0.0560292157332635,0.0434526636329452,0.0399148987199632
0.0517386553823521,0.0560292157332635,0.0434526636329452,0.0399148987199632
0.0517386553823521,0.0560292157332635,0.0434526636329452,0.0399148987199632
0.0517386553823521,0.0560292157332635,0.0434526636329452,0.0379026884465708
0.0517386553823521,0.0560292157332635,0.0434526636329452,0.0379026884465708
0.0517386553823521,0.0560292157332635,0.0434526636329452,0.0379026884465708
0.0517386553823521,0.0560292157332635,0.0434526636329452,0.0379026884465708
0.0517386553823521,0.0560292157332635,0.0434526636329452,0.0379026884465708
0.0517386553823521,0.0560292157332635,0.0434526636329452,0.0379026884465708
0.0517386553823521,0.0560292157332635,0.0434526636329452,0.0379026884465708
0.0517386553823521,0.0560292157332635,0.0434526636329452,0.0379026884465708
0.0517386553823521,0.0560292157332635,0.0434526636329452,0.0379026884465708
0.0517386553823521,0.0560292157332635,0.0434526636329452,0.0379026884465708
0.0517386553823521,0.0560292157332635,0.0434526636329452,0.0379026884465708
0.0517386553823521,0.0560292157332635,0.0434526636329452,0.0379026884465708
0.0517386553823521,0.0560292157332635,0.0434526636329452,0.0379026884465708
0.0517386553823521,0.0560292157332635,0.0434526636329452,0.0379026884465708
0.0517386553823521,0.0560292157332635,0.0434526636329452,0.0379026884465708
0.0517386553823521,0.0560292157332635,0.0434526636329452,0.0379026884465708
0.0517386553823521,0.0560292157332635,0.0434526636329452,0.0379026884465708
0.0517386553823521,0.0560292157332635,0.0434526636329452,0.0379026884465708
0.0517386553823521,0.0560292157332635,0.0434526636329452,0.0379026884465708
0.0517386553823521,0.0560292157332635,0.0434526636329452,0.0379026884465708
0.0517386553823521,0.0560292157332635,0.0434526636329452,0.0379026884465708
0.0517386553823521,0.0560292157332635,0.0434526636329452,0.0379026884465708
0.0515620262977687,0.0560292157332635,0.0434526636329452,0.0379026884465708
0.0515620262977687,0.0560292157332635,0.0434526636329452,0.0379026884465708
0.0515620262977687,0.0560292157332635,0.0434526636329452,0.0379026884465708
0.0515620262977687,0.0560292157332635,0.0434526636329452,0.0379026884465708
0.0515620262977687,0.0560292157332635,0.0434526636329452,0.0379026884465708
0.0515620262977687,0.0560292157332635,0.0434526636329452,0.0379026884465708
0.0515620262977687,0.0560292157332635,0.0434526636329452,0.0379026884465708
0.0515620262977687,0.0560292157332635,0.0434526636329452,0.0379026884465708
0.0515620262977687,0.0560292157332635,0.0434526636329452,0.0379026884465708
0.0515620262977687,0.0560292157332635,0.0434526636329452,0.0379026884465708
0.0515620262977687,0.0560292157332635,0.0434526636329452,0.0379026884465708
0.0515620262977687,0.0560292157332635,0.0434526636329452,0.0379026884465708
0.0515620262977687,0.0560292157332635,0.0434526636329452,0.0379026884465708
0.0515620262977687,0.0560292157332635,0.0457521360190857,0.0379026884465708
0.0515620262977687,0.0560292157332635,0.0457521360190857,0.0379026884465708
0.0515620262977687,0.0560292157332635,0.0457521360190857,0.0379026884465708
0.0515620262977687,0.0560292157332635,0.0457521360190857,0.0379026884465708
0.0515620262977687,0.0492291561076159,0.0457521360190857,0.0379026884465708
0.0515620262977687,0.0559728665548342,0.0457521360190857,0.0379026884465708
0.0515620262977687,0.0559728665548342,0.0457521360190857,0.0379026884465708
0.0515620262977687,0.0559728665548342,0.0429831038911176,0.0379026884465708
0.0515620262977687,0.0559728665548342,0.0429831038911176,0.0379026884465708
0.0515620262977687,0.0559728665548342,0.0429831038911176,0.0379026884465708
0.0515620262977687,0.0559728665548342,0.0429831038911176,0.0379026884465708
0.0515620262977687,0.0559728665548342,0.0429831038911176,0.0379026884465708
0.0515620262977687,0.0559728665548342,0.0429831038911176,0.0379026884465708
0.0515620262977687,0.0559728665548342,0.0429831038911176,0.0379026884465708
0.0515620262977687,0.0559728665548342,0.0429831038911176,0.0379026884465708
0.0515620262977687,0.0559728665548342,0.0429831038911176,0.0379026884465708
0.0515620262977687,0.0559728665548342,0.0429831038911176,0.0379026884465708
0.0515620262977687,0.0559728665548342,0.0429831038911176,0.0379026884465708
0.0515620262977687,0.0559728665548342,0.0429831038911176,0.0379026884465708
0.0515620262977687,0.0559728665548342,0.0429831038911176,0.0411822253238523
0.0515620262977687,0.0559728665548342,0.0429831038911176,0.0411822253238523
0.0515620262977687,0.0559728665548342,0.0429831038911176,0.0411822253238523
0.0515620262977687,0.0559728665548342,0.0429831038911176,0.0411822253238523
0.0515620262977687,0.0559728665548342,0.0429831038911176,0.0411822253238523
0.0515620262977687,0.0559728665548342,0.0429831038911176,0.0411822253238523
0.0515620262977687,0.0559728665548342,0.0429831038911176,0.0411822253238523
0.0515620262977687,0.0559728665548342,0.0429831038911176,0.0411822253238523
0.0515620262977687,0.0559728665548342,0.0429831038911176,0.0411822253238523
0.0515620262977687,0.0559728665548342,0.0429831038911176,0.0411822253238523
0.0515620262977687,0.0559728665548342,0.0429831038911176,0.0411822253238523
0.0515620262977687,0.0559728665548342,0.0429831038911176,0.0411822253238523
0.0515620262977687,0.0559728665548342,0.0429831038911176,0.0411822253238523
0.0515620262977687,0.0559728665548342,0.0429831038911176,0.0411822253238523
0.0515620262977687,0.0559728665548342,0.0429831038911176,0.0411822253238523
0.0515620262977687,0.0559728665548342,0.0429831038911176,0.0411822253238523
0.0515620262977687,0.0559728665548342,0.0429831038911176,0.0411822253238523
0.0515620262977687,0.0559728665548342,0.0429831038911176,0.0411822253238523
0.0515620262977687,0.0559728665548342,0.0429831038911176,0.0411822253238523
0.0515620262977687,0.0559728665548342,0.0429831038911176,0.0411822253238523
0.0515620262977687,0.0559728665548342,0.0429831038911176,0.0411822253238523
0.0515620262977687,0.0559728665548342,0.0429831038911176,0.0411822253238523
0.0515620262977687,0.0559728665548342,0.0429831038911176,0.0411822253238523
0.0515620262977687,0.0559728665548342,0.0429831038911176,0.0411822253238523
0.0515620262977687,0.0559728665548342,0.0429831038911176,0.0411822253238523
0.0515620262977687,0.0559728665548342,0.0429831038911176,0.0411822253238523
0.0515620262977687,0.0559728665548342,0.0429831038911176,0.0411822253238523
0.0515620262977687,0.0559728665548342,0.0429831038911176,0.0411822253238523
0.0515620262977687,0.0559728665548342,0.0429831038911176,0.0411822253238523
0.0515620262977687,0.0559728665548342,0.0429831038911176,0.0411822253238523
0.0515620262977687,0.0559728665548342,0.042123228498066,0.0411822253238523
0.0515620262977687,0.0559728665548342,0.042123228498066,0.0411822253238523
0.0515620262977687,0.0559728665548342,0.042123228498066,0.0411822253238523
0.0515620262977687,0.0559728665548342,0.042123228498066,0.0411822253238523
0.0515620262977687,0.0559728665548342,0.042123228498066,0.0411822253238523
0.0515620262977687,0.0559728665548342,0.042123228498066,0.0411822253238523
0.0515620262977687,0.0559728665548342,0.042123228498066,0.0411822253238523
0.0515620262977687,0.0559728665548342,0.042123228498066,0.0411822253238523
0.0515620262977687,0.0559728665548342,0.042123228498066,0.0411822253238523
0.0515620262977687,0.0559728665548342,0.042123228498066,0.0411822253238523
0.0515620262977687,0.0559728665548342,0.042123228498066,0.0411822253238523
0.0515620262977687,0.0559728665548342,0.042123228498066,0.0411822253238523
0.0515620262977687,0.0559728665548342,0.042123228498066,0.0411822253238523
0.0515620262977687,0.0559728665548342,0.042123228498066,0.0411822253238523
0.0515620262977687,0.0559728665548342,0.042123228498066,0.0411822253238523
0.0515620262977687,0.0559728665548342,0.042123228498066,0.0411822253238523
0.0515620262977687,0.0559728665548342,0.042123228498066,0.0411822253238523
0.0515620262977687,0.05469944067775,0.042123228498066,0.0411822253238523
0.0515620262977687,0.05469944067775,0.042123228498066,0.0411822253238523
0.0515620262977687,0.05469944067775,0.042123228498066,0.0411822253238523
0.0515620262977687,0.0527294464737952,0.042123228498066,0.0411822253238523
0.0515620262977687,0.0527294464737952,0.042123228498066,0.0411822253238523
0.0498063797078177,0.0527294464737952,0.042123228498066,0.0411822253238523
0.0498063797078177,0.0527294464737952,0.042123228498066,0.0411822253238523
0.0515447626474695,0.0527294464737952,0.0470770046386828,0.0411822253238523
0.0515447626474695,0.0527294464737952,0.0470770046386828,0.0411822253238523
0.0515447626474695,0.0527294464737952,0.0470770046386828,0.0411822253238523
0.0515447626474695,0.0527294464737952,0.0470770046386828,0.0411822253238523
0.0515447626474695,0.0527294464737952,0.0444926873183067,0.0411822253238523
0.0515447626474695,0.0527294464737952,0.0444926873183067,0.0411822253238523
0.0515447626474695,0.0527294464737952,0.0444926873183067,0.0411822253238523
0.0515447626474695,0.0527294464737952,0.0444926873183067,0.0411822253238523
0.0515447626474695,0.0527294464737952,0.0444926873183067,0.0411822253238523
0.0515447626474695,0.0527294464737952,0.0444926873183067,0.0411822253238523
0.0515447626474695,0.0527294464737952,0.0444926873183067,0.0411822253238523
0.0515447626474695,0.0527294464737952,0.0444926873183067,0.0411822253238523
0.0515447626474695,0.0527294464737952,0.0444926873183067,0.0411822253238523
0.0515447626474695,0.0527294464737952,0.0444926873183067,0.0421225959949199
0.0515447626474695,0.0527294464737952,0.0444926873183067,0.0421225959949199
0.0515447626474695,0.0527294464737952,0.0444926873183067,0.0421225959949199
0.0515447626474695,0.0527294464737952,0.0444926873183067,0.0430668394732745
0.0515447626474695,0.0527294464737952,0.0444926873183067,0.0430668394732745
0.0515447626474695,0.0527294464737952,0.0444926873183067,0.0430668394732745
0.0515447626474695,0.0527294464737952,0.0444926873183067,0.0430668394732745
0.0515447626474695,0.0527294464737952,0.0444926873183067,0.0430668394732745
0.0515447626474695,0.0527294464737952,0.0420810754940041,0.0430668394732745
0.0515447626474695,0.0527294464737952,0.0420810754940041,0.0485972244684326
0.0515447626474695,0.0527294464737952,0.0420810754940041,0.0485972244684326
0.0515447626474695,0.0527294464737952,0.0420810754940041,0.0485972244684326
0.0515447626474695,0.0527294464737952,0.0439904173130236,0.0485972244684326
0.0515447626474695,0.0527294464737952,0.0439904173130236,0.0485972244684326
0.0515447626474695,0.0527294464737952,0.0439904173130236,0.0485972244684326
0.0515447626474695,0.0527294464737952,0.0439904173130236,0.0485972244684326
0.0515447626474695,0.0527294464737952,0.0439904173130236,0.0485972244684326
0.0515447626474695,0.0527294464737952,0.0439904173130236,0.0485972244684326
0.0515447626474695,0.054617779154605,0.0439904173130236,0.0485972244684326
0.0515447626474695,0.054617779154605,0.0439904173130236,0.0485972244684326
0.0515447626474695,0.054617779154605,0.0439904173130236,0.0485972244684326
0.0515447626474695,0.054617779154605,0.0439904173130236,0.0485972244684326
0.0515447626474695,0.054617779154605,0.0439904173130236,0.0485972244684326
0.0515447626474695,0.054617779154605,0.0439904173130236,0.0485972244684326
0.0515447626474695,0.054617779154605,0.0439904173130236,0.0485972244684326
0.0515447626474695,0.054617779154605,0.0439904173130236,0.0485972244684326
0.0515447626474695,0.054617779154605,0.0439904173130236,0.0485972244684326
0.0515447626474695,0.054617779154605,0.0439904173130236,0.0485972244684326
0.0515447626474695,0.054617779154605,0.0439904173130236,0.0485972244684326
0.0515447626474695,0.054617779154605,0.0439904173130236,0.0485972244684326
0.0515447626474695,0.054617779154605,0.0439904173130236,0.0485972244684326
0.0515447626474695,0.054617779154605,0.0439904173130236,0.0485972244684326
0.0515447626474695,0.054617779154605,0.0439904173130236,0.0485972244684326
0.0515447626474695,0.054617779154605,0.0439904173130236,0.0485972244684326
0.0515447626474695,0.054617779154605,0.0439904173130236,0.0485972244684326
0.0515447626474695,0.054617779154605,0.0439904173130236,0.0485972244684326
0.0515447626474695,0.054617779154605,0.0439904173130236,0.0485972244684326
0.0515447626474695,0.054617779154605,0.0439904173130236,0.0485972244684326
0.0515447626474695,0.054617779154605,0.0439904173130236,0.0485972244684326
0.0515447626474695,0.054617779154605,0.0439904173130236,0.0485972244684326
0.0515447626474695,0.054617779154605,0.0439904173130236,0.0485972244684326
0.0515447626474695,0.054617779154605,0.0439904173130236,0.0485972244684326
0.0515447626474695,0.054617779154605,0.0439904173130236,0.0485972244684326
0.0515447626474695,0.054617779154605,0.0418455394414764,0.0485972244684326
0.0515447626474695,0.054617779154605,0.0418455394414764,0.0485972244684326
0.0515447626474695,0.054617779154605,0.0448475682858834,0.0485972244684326
0.0515447626474695,0.054617779154605,0.0448475682858834,0.0485972244684326
0.0515447626474695,0.054617779154605,0.0448475682858834,0.0485972244684326
0.0515447626474695,0.054617779154605,0.0448475682858834,0.0485972244684326
0.0515447626474695,0.054617779154605,0.0448475682858834,0.0485972244684326
0.0515447626474695,0.054617779154605,0.0448475682858834,0.0492022993034107
0.0515447626474695,0.054617779154605,0.0488684657124129,0.0492022993034107
0.0515447626474695,0.054617779154605,0.0488684657124129,0.0492022993034107
0.0515447626474695,0.054617779154605,0.0488684657124129,0.0492022993034107
0.0515447626474695,0.054617779154605,0.0488684657124129,0.0492022993034107
0.0515447626474695,0.054617779154605,0.0488684657124129,0.0492022993034107
0.0515447626474695,0.054617779154605,0.0488684657124129,0.0492022993034107
0.0515447626474695,0.054617779154605,0.0488684657124129,0.0492022993034107
0.0515447626474695,0.054617779154605,0.0488684657124129,0.0492022993034107
0.0515447626474695,0.054617779154605,0.0488684657124129,0.0549299844374661
0.0515447626474695,0.054617779154605,0.0488684657124129,0.0549299844374661
0.0515447626474695,0.054617779154605,0.0488684657124129,0.0549299844374661
0.0515447626474695,0.054617779154605,0.0488684657124129,0.0549299844374661
0.0515447626474695,0.054617779154605,0.0488684657124129,0.0549299844374661
0.0515447626474695,0.054617779154605,0.0488684657124129,0.0549299844374661
0.0515447626474695,0.054617779154605,0.0488684657124129,0.0549299844374661
0.0515447626474695,0.054617779154605,0.0488684657124129,0.0549299844374661
0.0515447626474695,0.054617779154605,0.0488684657124129,0.0549299844374661
0.0515447626474695,0.054617779154605,0.0488684657124129,0.0549299844374661
0.0515447626474695,0.054617779154605,0.0488684657124129,0.0549299844374661
0.0515447626474695,0.054617779154605,0.0488684657124129,0.0549299844374661
0.0515447626474695,0.054617779154605,0.0488684657124129,0.0549299844374661
0.0515447626474695,0.054617779154605,0.0488684657124129,0.0549299844374661
0.0515447626474695,0.054617779154605,0.0488684657124129,0.0549299844374661
0.0515447626474695,0.054617779154605,0.0488684657124129,0.0549299844374661
0.0515447626474695,0.054617779154605,0.0488684657124129,0.0549299844374661
0.051361389313873,0.054617779154605,0.0488684657124129,0.0549299844374661
0.051361389313873,0.054617779154605,0.050832622167045,0.0549299844374661
0.051361389313873,0.054617779154605,0.050832622167045,0.0549299844374661
0.051361389313873,0.054617779154605,0.050832622167045,0.0549299844374661
0.051361389313873,0.054617779154605,0.050832622167045,0.0549299844374661
0.051361389313873,0.054617779154605,0.050832622167045,0.0549299844374661
0.051361389313873,0.054617779154605,0.050832622167045,0.0549299844374661
0.051361389313873,0.054617779154605,0.050832622167045,0.0549299844374661
0.051361389313873,0.054617779154605,0.050832622167045,0.0549299844374661
0.051361389313873,0.054617779154605,0.050832622167045,0.0549299844374661
0.051361389313873,0.054617779154605,0.050832622167045,0.0549299844374661
0.051361389313873,0.054617779154605,0.050832622167045,0.0549299844374661
0.051361389313873,0.054617779154605,0.050832622167045,0.0549299844374661
0.051361389313873,0.054617779154605,0.050832622167045,0.0549299844374661
0.051361389313873,0.054617779154605,0.050832622167045,0.0549299844374661
0.051361389313873,0.054617779154605,0.050832622167045,0.0549299844374661
0.051361389313873,0.054617779154605,0.050832622167045,0.0549299844374661
0.051361389313873,0.054617779154605,0.050832622167045,0.0507347312780033
0.051361389313873,0.054617779154605,0.050832622167045,0.0507347312780033
0.051361389313873,0.054617779154605,0.050832622167045,0.0507347312780033
0.051361389313873,0.054617779154605,0.050832622167045,0.0507347312780033
0.051361389313873,0.054617779154605,0.050832622167045,0.0507347312780033
0.051361389313873,0.054617779154605,0.050832622167045,0.0507347312780033
0.0556680039902686,0.054617779154605,0.050832622167045,0.0507347312780033
0.0556680039902686,0.054617779154605,0.050832622167045,0.0507347312780033
0.0556680039902686,0.054617779154605,0.050832622167045,0.0507347312780033
0.0556680039902686,0.054617779154605,0.050832622167045,0.0465960196527939
0.0556680039902686,0.054617779154605,0.050832622167045,0.0465241419645352
0.0556680039902686,0.054617779154605,0.050832622167045,0.0465241419645352
0.0556680039902686,0.054617779154605,0.050832622167045,0.0465241419645352
0.0556680039902686,0.054617779154605,0.050832622167045,0.0465241419645352
0.0556680039902686,0.054617779154605,0.050832622167045,0.0465241419645352
0.0556680039902686,0.054617779154605,0.050832622167045,0.0465241419645352
0.0556680039902686,0.054617779154605,0.050832622167045,0.0465241419645352
0.0556680039902686,0.054617779154605,0.050832622167045,0.0465241419645352
0.0556680039902686,0.054617779154605,0.050832622167045,0.0465241419645352
0.0499955605476241,0.0550598422781731,0.050832622167045,0.0465241419645352
0.0499955605476241,0.0550598422781731,0.050832622167045,0.0465241419645352
0.0499955605476241,0.0550598422781731,0.050832622167045,0.0465241419645352
0.0499955605476241,0.0550598422781731,0.050832622167045,0.0465241419645352
0.0499955605476241,0.056073913661944,0.050832622167045,0.0465241419645352
0.0499955605476241,0.056073913661944,0.050832622167045,0.0465241419645352
0.0499955605476241,0.056073913661944,0.050832622167045,0.0465241419645352
0.0499955605476241,0.056073913661944,0.050832622167045,0.0465241419645352
0.0499955605476241,0.056073913661944,0.050832622167045,0.0465241419645352
0.0499955605476241,0.056073913661944,0.050832622167045,0.0465241419645352
0.0499955605476241,0.056073913661944,0.050832622167045,0.0465241419645352
0.0499955605476241,0.056073913661944,0.050832622167045,0.0465241419645352
0.0499955605476241,0.056073913661944,0.050832622167045,0.0465241419645352
0.0499955605476241,0.056073913661944,0.050832622167045,0.0465241419645352
0.0499955605476241,0.0580832416912273,0.050832622167045,0.0465241419645352
0.0499955605476241,0.0580832416912273,0.050832622167045,0.0465241419645352
0.0499955605476241,0.0580832416912273,0.050832622167045,0.0465241419645352
0.0499955605476241,0.0580832416912273,0.050832622167045,0.0465241419645352
0.0499955605476241,0.0580832416912273,0.050832622167045,0.0465241419645352
0.0499955605476241,0.0580832416912273,0.050832622167045,0.0465241419645352
0.0499955605476241,0.0580832416912273,0.050832622167045,0.0465241419645352
0.0499955605476241,0.0580832416912273,0.050832622167045,0.0465241419645352
0.0499955605476241,0.0580832416912273,0.050832622167045,0.0465241419645352
0.0499955605476241,0.0580832416912273,0.050832622167045,0.0465241419645352
0.0499955605476241,0.0580832416912273,0.050832622167045,0.0465241419645352
0.0499955605476241,0.0580832416912273,0.050832622167045,0.0465241419645352
0.0499955605476241,0.0580832416912273,0.050832622167045,0.0465241419645352
0.0499955605476241,0.0580832416912273,0.050832622167045,0.0465241419645352
0.0499955605476241,0.0580832416912273,0.050832622167045,0.0465241419645352
0.0499955605476241,0.0580832416912273,0.0430174944327237,0.0465241419645352
0.0499955605476241,0.0580832416912273,0.0430174944327237,0.0465241419645352
0.0499955605476241,0.0580832416912273,0.0430174944327237,0.0465241419645352
0.0471771833440916,0.0580832416912273,0.0430174944327237,0.0465241419645352
0.0471771833440916,0.0580832416912273,0.0430174944327237,0.0465241419645352
0.0471771833440916,0.0580832416912273,0.0430174944327237,0.0465241419645352
0.0471771833440916,0.0580832416912273,0.0430174944327237,0.0465241419645352
0.0471771833440916,0.0580832416912273,0.0430174944327237,0.0465241419645352
0.0471771833440916,0.0580832416912273,0.0430174944327237,0.0465241419645352
0.0471771833440916,0.0580832416912273,0.0430174944327237,0.0465241419645352
0.0471771833440916,0.0580832416912273,0.0430174944327237,0.0465241419645352
0.0471771833440916,0.0580832416912273,0.0430174944327237,0.0465241419645352
0.0471771833440916,0.0580832416912273,0.0430174944327237,0.0465241419645352
0.0471771833440916,0.0580832416912273,0.0430174944327237,0.0465241419645352
0.0471771833440916,0.0580832416912273,0.0430174944327237,0.0465241419645352
0.0471771833440916,0.0580832416912273,0.0430174944327237,0.0465241419645352
0.0471771833440916,0.0580832416912273,0.0430174944327237,0.0465241419645352
0.0471771833440916,0.0580832416912273,0.0430174944327237,0.0465241419645352
0.0452543760284061,0.0580832416912273,0.0430174944327237,0.0465241419645352
0.0452543760284061,0.0580832416912273,0.0430174944327237,0.0465241419645352
0.0452543760284061,0.0580832416912273,0.0430174944327237,0.0465241419645352
0.0447433039911398,0.0580832416912273,0.0430174944327237,0.0465241419645352
0.0447433039911398,0.0580832416912273,0.0430174944327237,0.0465241419645352
0.0447433039911398,0.0580832416912273,0.0430174944327237,0.0465241419645352
0.0447433039911398,0.0580832416912273,0.0430174944327237,0.0465241419645352
0.0447433039911398,0.0580832416912273,0.0430174944327237,0.0465241419645352
0.0447433039911398,0.0580832416912273,0.0430174944327237,0.0465241419645352
0.0447433039911398,0.0580832416912273,0.0430174944327237,0.0465241419645352
0.0447433039911398,0.0580832416912273,0.0430174944327237,0.0465241419645352
0.0447433039911398,0.0580832416912273,0.0430174944327237,0.0465241419645352
0.0447433039911398,0.0580832416912273,0.0430174944327237,0.0493551623912254
0.0447433039911398,0.0580832416912273,0.0430174944327237,0.0493551623912254
0.0447433039911398,0.0580832416912273,0.0430174944327237,0.0493551623912254
0.0447433039911398,0.0580832416912273,0.0430174944327237,0.0493551623912254
0.0447433039911398,0.0580832416912273,0.0430174944327237,0.0493551623912254
0.0447433039911398,0.0580832416912273,0.0430174944327237,0.0493551623912254
0.0447433039911398,0.0580832416912273,0.0430174944327237,0.0493551623912254
0.0447433039911398,0.0580832416912273,0.0430174944327237,0.0493551623912254
0.0447433039911398,0.0580832416912273,0.0430174944327237,0.0493551623912254
0.0447433039911398,0.0580832416912273,0.0430174944327237,0.0493551623912254
0.0447433039911398,0.0580832416912273,0.0430174944327237,0.0493551623912254
0.0447433039911398,0.0580832416912273,0.0430174944327237,0.0493551623912254
0.0447433039911398,0.0580832416912273,0.0430174944327237,0.0493551623912254
0.0447433039911398,0.0580832416912273,0.0430174944327237,0.0493551623912254
0.0447433039911398,0.0580832416912273,0.0430174944327237,0.0493551623912254
0.0447433039911398,0.0580832416912273,0.0430174944327237,0.0493551623912254
0.0447433039911398,0.0580832416912273,0.0430174944327237,0.0493551623912254
0.0447433039911398,0.0580832416912273,0.0430174944327237,0.0493551623912254
0.0447433039911398,0.0580832416912273,0.0430174944327237,0.0493551623912254
0.0447433039911398,0.0580832416912273,0.0430174944327237,0.0493551623912254
0.0447433039911398,0.0580832416912273,0.0430174944327237,0.0493551623912254
0.0447433039911398,0.0580832416912273,0.0430174944327237,0.0493551623912254
0.0447433039911398,0.0580832416912273,0.0430174944327237,0.0493551623912254
0.0447433039911398,0.0580832416912273,0.0430174944327237,0.0493551623912254
0.0447433039911398,0.0580832416912273,0.0430174944327237,0.0493551623912254
0.0447433039911398,0.0580832416912273,0.0430174944327237,0.0493551623912254
0.0447433039911398,0.0580832416912273,0.0430174944327237,0.0493551623912254
0.0447433039911398,0.0580832416912273,0.0430174944327237,0.0493551623912254
0.0447433039911398,0.0580832416912273,0.0430174944327237,0.0493551623912254
0.0447433039911398,0.0580832416912273,0.0430174944327237,0.0493551623912254
0.0447433039911398,0.0580832416912273,0.0430174944327237,0.0493551623912254
0.0447433039911398,0.0580832416912273,0.0430174944327237,0.0493551623912254
0.0447433039911398,0.0580832416912273,0.0430174944327237,0.0493551623912254
0.0447433039911398,0.0580832416912273,0.0430174944327237,0.0493551623912254
0.0447433039911398,0.0580832416912273,0.0430174944327237,0.0493551623912254
0.0447433039911398,0.0580832416912273,0.0430174944327237,0.0443544808103921
0.0447433039911398,0.0580832416912273,0.0430174944327237,0.0443544808103921
0.0447433039911398,0.0580832416912273,0.0430174944327237,0.0443544808103921
0.0447433039911398,0.0580832416912273,0.0430174944327237,0.0443544808103921
0.0447433039911398,0.0580832416912273,0.0430174944327237,0.0443544808103921
0.0447433039911398,0.0580832416912273,0.0430174944327237,0.0443544808103921
0.0447433039911398,0.0580832416912273,0.0430174944327237,0.0443544808103921
0.0447433039911398,0.0580832416912273,0.0430174944327237,0.0443544808103921
0.0447433039911398,0.0488528315970834,0.0430174944327237,0.0443544808103921
0.0447433039911398,0.0488528315970834,0.0430174944327237,0.0443544808103921
0.0447433039911398,0.0488528315970834,0.0430174944327237,0.0443544808103921
0.0447433039911398,0.0488528315970834,0.0430174944327237,0.0443544808103921
0.0447433039911398,0.056516640636832,0.0430174944327237,0.0443544808103921
0.0447433039911398,0.056516640636832,0.0430174944327237,0.0443544808103921
0.0447433039911398,0.056516640636832,0.0430174944327237,0.0443544808103921
0.0447433039911398,0.056516640636832,0.0430174944327237,0.0443544808103921
0.0447433039911398,0.056516640636832,0.0430174944327237,0.0443544808103921
0.0447433039911398,0.056516640636832,0.0430174944327237,0.0443544808103921
0.0447433039911398,0.056516640636832,0.0430174944327237,0.0443544808103921
0.0447433039911398,0.056516640636832,0.0430174944327237,0.0443544808103921
0.0447433039911398,0.056516640636832,0.0430174944327237,0.0443544808103921
0.0447433039911398,0.056516640636832,0.0430174944327237,0.0443544808103921
0.0447433039911398,0.056516640636832,0.0430174944327237,0.0443544808103921
0.0447433039911398,0.056516640636832,0.0430174944327237,0.0443544808103921
0.0447433039911398,0.056516640636832,0.0430174944327237,0.0443544808103921
0.0447433039911398,0.0530904890474399,0.0430174944327237,0.0443544808103921
0.0447433039911398,0.0530904890474399,0.0430174944327237,0.0443544808103921
0.0447433039911398,0.0530904890474399,0.0430174944327237,0.0540814608062661
0.0447433039911398,0.0530904890474399,0.0430174944327237,0.0540814608062661
0.0447433039911398,0.0530904890474399,0.0430174944327237,0.0540814608062661
0.0447433039911398,0.0530904890474399,0.0430174944327237,0.0540814608062661
0.0447433039911398,0.0530904890474399,0.0430174944327237,0.0540814608062661
0.0447433039911398,0.0530904890474399,0.0430174944327237,0.0540814608062661
0.0447433039911398,0.0530904890474399,0.0430174944327237,0.0393287036754986
0.0447433039911398,0.0530904890474399,0.0430174944327237,0.0517943969233128
0.0447433039911398,0.0530904890474399,0.0430174944327237,0.0517943969233128
0.0447433039911398,0.0530904890474399,0.0430174944327237,0.0517943969233128
0.0447433039911398,0.0530904890474399,0.0430174944327237,0.0517943969233128
0.0447433039911398,0.0530904890474399,0.0430174944327237,0.0517943969233128
0.0447433039911398,0.0530904890474399,0.0430174944327237,0.0517943969233128
0.0447433039911398,0.0530904890474399,0.0430174944327237,0.0517943969233128
0.0447433039911398,0.0530904890474399,0.0430174944327237,0.0517943969233128
0.0447433039911398,0.0532964129152554,0.0430174944327237,0.0517943969233128
0.0447433039911398,0.0532964129152554,0.0430174944327237,0.0517943969233128
0.0447433039911398,0.0532964129152554,0.0430174944327237,0.0517943969233128
0.0447433039911398,0.0532964129152554,0.0430174944327237,0.0517943969233128
0.0447433039911398,0.0532964129152554,0.0430174944327237,0.0517943969233128
0.0447433039911398,0.0532964129152554,0.0430174944327237,0.0517943969233128
0.0447433039911398,0.0532964129152554,0.0430174944327237,0.0517943969233128
0.0447433039911398,0.0532964129152554,0.0430174944327237,0.0517943969233128
0.0447433039911398,0.0532964129152554,0.0430174944327237,0.0517943969233128
0.0447433039911398,0.0532964129152554,0.0430174944327237,0.0517943969233128
0.0447433039911398,0.0532964129152554,0.0430174944327237,0.0517943969233128
0.0447433039911398,0.0532964129152554,0.0430174944327237,0.0517943969233128
0.0447433039911398,0.0532964129152554,0.0430174944327237,0.0517943969233128
0.0447433039911398,0.0532964129152554,0.0430174944327237,0.0517943969233128
0.0447433039911398,0.0532964129152554,0.0430021803846406,0.0517943969233128
0.0447433039911398,0.0532964129152554,0.0430021803846406,0.0517943969233128
0.0447433039911398,0.0532964129152554,0.0430021803846406,0.0517943969233128
0.0447433039911398,0.0532964129152554,0.0430021803846406,0.0517943969233128
0.0447433039911398,0.0532964129152554,0.0430021803846406,0.0517943969233128
0.0447433039911398,0.0532964129152554,0.0430021803846406,0.0517943969233128
0.0447433039911398,0.0532964129152554,0.0430021803846406,0.0517943969233128
0.0447433039911398,0.0532964129152554,0.0430021803846406,0.0517943969233128
0.0447433039911398,0.0532964129152554,0.0430021803846406,0.0517943969233128
0.0447433039911398,0.0532964129152554,0.0430021803846406,0.0517943969233128
0.0447433039911398,0.0532964129152554,0.0430021803846406,0.0517943969233128
0.0447433039911398,0.0532964129152554,0.0430021803846406,0.0517943969233128
0.0447433039911398,0.0532964129152554,0.0430021803846406,0.0517943969233128
0.0447433039911398,0.0532964129152554,0.0430021803846406,0.0517943969233128
0.0447433039911398,0.0532964129152554,0.0430021803846406,0.0517943969233128
0.0447433039911398,0.0532964129152554,0.0430021803846406,0.0517943969233128
0.0447433039911398,0.0532964129152554,0.0430021803846406,0.0517943969233128
0.0447433039911398,0.0532964129152554,0.0430021803846406,0.0517943969233128
0.0447433039911398,0.0532964129152554,0.0430021803846406,0.0517943969233128
0.0447433039911398,0.0532964129152554,0.0430021803846406,0.0517943969233128
0.0447433039911398,0.0532964129152554,0.0430021803846406,0.0517943969233128
0.0447433039911398,0.0532964129152554,0.0430021803846406,0.0517943969233128
0.0447433039911398,0.0532964129152554,0.0430021803846406,0.0517943969233128
0.0447433039911398,0.0532964129152554,0.0430021803846406,0.0517943969233128
0.0447433039911398,0.0532964129152554,0.0430021803846406,0.0517943969233128
0.0447433039911398,0.0532964129152554,0.0430021803846406,0.0517943969233128
0.0447433039911398,0.0532964129152554,0.0430021803846406,0.0517943969233128
0.0447433039911398,0.0532964129152554,0.0430021803846406,0.0517943969233128
0.0447433039911398,0.0532964129152554,0.0430021803846406,0.0517943969233128
0.0447433039911398,0.0532964129152554,0.0430021803846406,0.0517943969233128
0.0428039748176238,0.0532964129152554,0.0430021803846406,0.0517943969233128
0.0428039748176238,0.0532964129152554,0.0430021803846406,0.0517943969233128
0.0428039748176238,0.0532964129152554,0.0430021803846406,0.0517943969233128
0.0428039748176238,0.0532964129152554,0.0430021803846406,0.0517943969233128
0.0428039748176238,0.0532964129152554,0.0430021803846406,0.0517943969233128
0.0428039748176238,0.0532964129152554,0.0430021803846406,0.0517943969233128
0.0428039748176238,0.0532964129152554,0.0430021803846406,0.0517943969233128
0.0428039748176238,0.052582756988843,0.0430021803846406,0.0517943969233128
0.0428039748176238,0.0453971572986848,0.0430021803846406,0.0517943969233128
0.0428039748176238,0.0453971572986848,0.0430021803846406,0.0517943969233128
0.0428039748176238,0.0453971572986848,0.0430021803846406,0.0517943969233128
0.0428039748176238,0.0453971572986848,0.0430021803846406,0.0517943969233128
0.0428039748176238,0.0453971572986848,0.0430021803846406,0.0517943969233128
0.0428039748176238,0.0453971572986848,0.0415184115910421,0.0496809089373809
0.0428039748176238,0.0453971572986848,0.0415184115910421,0.0496809089373809
0.0428039748176238,0.0453971572986848,0.0415184115910421,0.0496809089373809
0.0428039748176238,0.0453971572986848,0.0415184115910421,0.0496809089373809
0.0428039748176238,0.0453971572986848,0.0415184115910421,0.0496809089373809
0.0428039748176238,0.0453971572986848,0.0415184115910421,0.0496809089373809
0.0428039748176238,0.0453971572986848,0.0415184115910421,0.0496809089373809
0.0428039748176238,0.0453971572986848,0.0415184115910421,0.0496809089373809
0.0428039748176238,0.0453971572986848,0.0415184115910421,0.0496809089373809
0.0428039748176238,0.0453971572986848,0.0415184115910421,0.0496809089373809
0.0428039748176238,0.0453971572986848,0.0415184115910421,0.0496809089373809
0.0428039748176238,0.0453971572986848,0.0415184115910421,0.0496809089373809
0.0428039748176238,0.0453971572986848,0.0415184115910421,0.0496809089373809
0.0428039748176238,0.0453971572986848,0.0415184115910421,0.0496809089373809
0.0428039748176238,0.0453971572986848,0.0442811701853492,0.0496809089373809
0.0428039748176238,0.0453971572986848,0.0442811701853492,0.0496809089373809
0.0428039748176238,0.0479775324814899,0.0442811701853492,0.0496809089373809
0.0428039748176238,0.0479775324814899,0.0442811701853492,0.0496809089373809
0.0428039748176238,0.0479775324814899,0.0442811701853492,0.0496809089373809
0.0428039748176238,0.0479775324814899,0.0442811701853492,0.0496809089373809
0.0428039748176238,0.0479775324814899,0.0442811701853492,0.0496809089373809
0.0428039748176238,0.0479775324814899,0.0442811701853492,0.0496809089373809
0.0428039748176238,0.0454731865319707,0.0442811701853492,0.0496809089373809
0.0428039748176238,0.0454731865319707,0.0442811701853492,0.0496809089373809
0.0428039748176238,0.0454731865319707,0.0442811701853492,0.0496809089373809
0.0428039748176238,0.0454731865319707,0.0442811701853492,0.0496809089373809
0.0428771225979147,0.0454731865319707,0.0442811701853492,0.0496809089373809
0.0428771225979147,0.0454731865319707,0.0442811701853492,0.0496809089373809
0.0428771225979147,0.0454731865319707,0.0442811701853492,0.0496809089373809
0.0428771225979147,0.0454731865319707,0.0442811701853492,0.0496809089373809
0.0428771225979147,0.0454731865319707,0.0442811701853492,0.0477376188873778
0.0428771225979147,0.0454731865319707,0.0442811701853492,0.0477376188873778
0.0428771225979147,0.0454731865319707,0.0442811701853492,0.0477376188873778
0.0428771225979147,0.0454731865319707,0.0442811701853492,0.0477376188873778
0.0428771225979147,0.0454731865319707,0.0442811701853492,0.0477376188873778
0.0428771225979147,0.0454731865319707,0.0442811701853492,0.0477376188873778
0.0428771225979147,0.0454731865319707,0.0442811701853492,0.0477376188873778
0.0428771225979147,0.0454731865319707,0.0442811701853492,0.0477376188873778
0.0428771225979147,0.0454731865319707,0.0442811701853492,0.0477376188873778
0.0428771225979147,0.0454731865319707,0.0442811701853492,0.0517319632633057
0.0428771225979147,0.0454731865319707,0.0442811701853492,0.0517319632633057
0.0428771225979147,0.0454731865319707,0.0442811701853492,0.0517319632633057
0.0428771225979147,0.0454731865319707,0.0442811701853492,0.0517319632633057
0.0428771225979147,0.0454731865319707,0.0442811701853492,0.0517319632633057
0.0428771225979147,0.0454731865319707,0.0432011687076342,0.0517319632633057
0.0428771225979147,0.0454731865319707,0.0432011687076342,0.0517319632633057
0.0412190899830381,0.0454731865319707,0.0432011687076342,0.0517319632633057
0.0412190899830381,0.0454731865319707,0.0432011687076342,0.0517319632633057
0.0412190899830381,0.0454731865319707,0.0432011687076342,0.0517319632633057
0.0412190899830381,0.0454731865319707,0.0432011687076342,0.0517319632633057
0.0412190899830381,0.0454731865319707,0.0432011687076342,0.0517319632633057
0.0412190899830381,0.0454731865319707,0.0432011687076342,0.0517319632633057
0.0412190899830381,0.0454731865319707,0.0432011687076342,0.0517319632633057
0.0412190899830381,0.0454731865319707,0.0432011687076342,0.0517319632633057
0.0412190899830381,0.0454731865319707,0.0432011687076342,0.0517319632633057
0.0412190899830381,0.0454731865319707,0.0432011687076342,0.0517319632633057
0.0412190899830381,0.0454731865319707,0.0432011687076342,0.0517319632633057
0.0412190899830381,0.0454731865319707,0.0432011687076342,0.0517319632633057
0.0412190899830381,0.0454731865319707,0.0453391268969071,0.0517319632633057
0.0412190899830381,0.0454731865319707,0.0453391268969071,0.0517319632633057
0.0412190899830381,0.0454731865319707,0.0453391268969071,0.0517319632633057
0.0412190899830381,0.0454731865319707,0.0453391268969071,0.0517319632633057
0.0412190899830381,0.0454731865319707,0.0453391268969071,0.0517319632633057
0.0412190899830381,0.0454731865319707,0.0453391268969071,0.0517319632633057
0.0412190899830381,0.0454731865319707,0.0453391268969071,0.0517319632633057
0.0412190899830381,0.0454731865319707,0.0453391268969071,0.0517319632633057
0.0412190899830381,0.0454731865319707,0.0453391268969071,0.0517319632633057
0.0412190899830381,0.0454731865319707,0.0453391268969071,0.0517319632633057
0.0412190899830381,0.0454731865319707,0.0453391268969071,0.0517319632633057
0.0412190899830381,0.0454731865319707,0.0453391268969071,0.0603703489773409
0.0412190899830381,0.0454731865319707,0.0453391268969071,0.0603703489773409
0.0412190899830381,0.0454731865319707,0.0453391268969071,0.0603703489773409
0.0412190899830381,0.0454731865319707,0.0453391268969071,0.0603703489773409
0.0412190899830381,0.0454731865319707,0.0453391268969071,0.0603703489773409
0.0412190899830381,0.0454731865319707,0.0453391268969071,0.0603703489773409
0.0429131447401244,0.0454731865319707,0.0453391268969071,0.0603703489773409
0.0429131447401244,0.0454731865319707,0.0453391268969071,0.0603703489773409
0.0429131447401244,0.0454731865319707,0.0453391268969071,0.0603703489773409
0.0429131447401244,0.0454731865319707,0.0453391268969071,0.0603703489773409
0.0429131447401244,0.0454731865319707,0.0453391268969071,0.0603703489773409
0.0429131447401244,0.0454731865319707,0.0453391268969071,0.0603703489773409
0.0429131447401244,0.0459750848317887,0.0453391268969071,0.0603703489773409
0.0429131447401244,0.0459750848317887,0.0453391268969071,0.0603703489773409
0.0429131447401244,0.0459750848317887,0.0453391268969071,0.0603703489773409
0.0429131447401244,0.0459750848317887,0.0453391268969071,0.0603703489773409
0.0429131447401244,0.0459750848317887,0.0453391268969071,0.0603703489773409
0.0429131447401244,0.0459750848317887,0.0453391268969071,0.0603703489773409
0.0429131447401244,0.0459750848317887,0.0453391268969071,0.0603703489773409
0.0429131447401244,0.0459750848317887,0.044557252679466,0.0603703489773409
0.0441811294743384,0.0459750848317887,0.044557252679466,0.0603703489773409
0.0441811294743384,0.0459750848317887,0.044557252679466,0.0603703489773409
0.0441811294743384,0.0459750848317887,0.044557252679466,0.0603703489773409
0.0441811294743384,0.0459750848317887,0.044557252679466,0.0603703489773409
0.0441811294743384,0.0459750848317887,0.044557252679466,0.0603703489773409
0.0441811294743384,0.0459750848317887,0.044557252679466,0.0603703489773409
0.0441811294743384,0.0459750848317887,0.044557252679466,0.0603703489773409
0.0441811294743384,0.0459750848317887,0.044557252679466,0.0603703489773409
0.0441811294743384,0.0459750848317887,0.044557252679466,0.0603703489773409
0.0394893674588914,0.0459750848317887,0.044557252679466,0.0603703489773409
0.0394893674588914,0.0459750848317887,0.044557252679466,0.0603703489773409
0.0394893674588914,0.0459750848317887,0.044557252679466,0.0603703489773409
0.0394893674588914,0.0459750848317887,0.044557252679466,0.0603703489773409
0.0394893674588914,0.0459750848317887,0.044557252679466,0.0603703489773409
0.0394893674588914,0.0459750848317887,0.044557252679466,0.0603703489773409
0.0394893674588914,0.0459750848317887,0.044557252679466,0.0603703489773409
0.0394893674588914,0.0459750848317887,0.044557252679466,0.0603703489773409
0.0394893674588914,0.0459750848317887,0.044557252679466,0.0603703489773409
0.0394893674588914,0.0413541582389586,0.044557252679466,0.0603703489773409
0.0394893674588914,0.0413541582389586,0.044557252679466,0.0603703489773409
0.0394893674588914,0.0413541582389586,0.044557252679466,0.0603703489773409
0.0394893674588914,0.0503574804808654,0.044557252679466,0.0603703489773409
0.0394893674588914,0.0503574804808654,0.044557252679466,0.0603703489773409
0.0394893674588914,0.0503574804808654,0.044557252679466,0.0603703489773409
0.0394893674588914,0.0503574804808654,0.044557252679466,0.0603703489773409
0.0394893674588914,0.0438857728069575,0.044557252679466,0.0603703489773409
0.0394893674588914,0.0438857728069575,0.044557252679466,0.0603703489773409
0.0394893674588914,0.0438857728069575,0.044557252679466,0.0603703489773409
0.0394893674588914,0.0438857728069575,0.044557252679466,0.0603703489773409
0.0394893674588914,0.0438857728069575,0.044557252679466,0.0603703489773409
0.0394893674588914,0.0438857728069575,0.044557252679466,0.0603703489773409
0.0394893674588914,0.0438857728069575,0.044557252679466,0.0603703489773409
0.0394893674588914,0.0438857728069575,0.044557252679466,0.0603703489773409
0.0394893674588914,0.0438857728069575,0.044557252679466,0.0603703489773409
0.0394893674588914,0.0438857728069575,0.044557252679466,0.0603703489773409
0.0394893674588914,0.0438857728069575,0.044557252679466,0.0603703489773409
0.0394893674588914,0.0438857728069575,0.044557252679466,0.0603703489773409
0.0394893674588914,0.0438857728069575,0.044557252679466,0.0603703489773409
0.0394893674588914,0.0438857728069575,0.044557252679466,0.0603703489773409
0.0394893674588914,0.0438857728069575,0.044557252679466,0.0603703489773409
0.0394893674588914,0.0438857728069575,0.044557252679466,0.0603703489773409
0.0394893674588914,0.0438857728069575,0.044557252679466,0.0603703489773409
0.0394893674588914,0.0438857728069575,0.044557252679466,0.0603703489773409
0.0394893674588914,0.0438857728069575,0.044557252679466,0.0603703489773409
0.0394893674588914,0.0438857728069575,0.044557252679466,0.0603703489773409
0.0394893674588914,0.0438857728069575,0.044557252679466,0.0603703489773409
0.0394893674588914,0.0438857728069575,0.044557252679466,0.0603703489773409
0.0394893674588914,0.0438857728069575,0.044557252679466,0.0603703489773409
0.0394893674588914,0.0438857728069575,0.044557252679466,0.0603703489773409
0.0394893674588914,0.0438857728069575,0.044557252679466,0.0603703489773409
0.0394893674588914,0.0438857728069575,0.044557252679466,0.0603703489773409
0.0394893674588914,0.0438857728069575,0.044557252679466,0.0603703489773409
0.0394893674588914,0.0438857728069575,0.044557252679466,0.0603703489773409
0.0394893674588914,0.0438857728069575,0.044557252679466,0.0603703489773409
0.0394893674588914,0.0438857728069575,0.044557252679466,0.0603703489773409
0.0394893674588914,0.0438857728069575,0.044557252679466,0.0603703489773409
0.0394893674588914,0.0438857728069575,0.044557252679466,0.0603703489773409
0.0394893674588914,0.0438857728069575,0.044557252679466,0.0603703489773409
0.0394893674588914,0.0438857728069575,0.0456596930527359,0.0603703489773409
0.0394893674588914,0.0438857728069575,0.0456596930527359,0.0603703489773409
0.0394893674588914,0.0438857728069575,0.0456596930527359,0.0603703489773409
0.0394893674588914,0.0438857728069575,0.0456596930527359,0.0603703489773409
0.0394893674588914,0.0438857728069575,0.0456596930527359,0.0603703489773409
0.0394893674588914,0.0438857728069575,0.0469951471531371,0.0603703489773409
0.0394893674588914,0.0438857728069575,0.0469951471531371,0.0603703489773409
0.0394893674588914,0.0438857728069575,0.0469951471531371,0.0603703489773409
0.0394893674588914,0.0438857728069575,0.0469951471531371,0.0603703489773409
0.0394893674588914,0.0438857728069575,0.0469951471531371,0.0603703489773409
0.0394893674588914,0.0438857728069575,0.0469951471531371,0.0603703489773409
0.0394893674588914,0.0438857728069575,0.0469951471531371,0.0603703489773409
0.0394893674588914,0.0438857728069575,0.0469951471531371,0.0603703489773409
0.0394893674588914,0.0497095792350358,0.0469951471531371,0.0603703489773409
0.0394893674588914,0.0497095792350358,0.0469951471531371,0.0603703489773409
0.0394893674588914,0.0497095792350358,0.0469951471531371,0.0603703489773409
0.0394893674588914,0.0497095792350358,0.04109549066105,0.0603703489773409
0.0394893674588914,0.0497095792350358,0.04109549066105,0.0603703489773409
0.0394893674588914,0.0497095792350358,0.04109549066105,0.0603703489773409
0.0394893674588914,0.0497095792350358,0.04109549066105,0.0603703489773409
0.0394893674588914,0.0497095792350358,0.04109549066105,0.0603703489773409
0.0394893674588914,0.0497095792350358,0.04109549066105,0.0603703489773409
0.0394893674588914,0.0497095792350358,0.04109549066105,0.0603703489773409
0.0394893674588914,0.0497095792350358,0.04109549066105,0.0603703489773409
0.0394893674588914,0.0497095792350358,0.04109549066105,0.0603703489773409
0.0394893674588914,0.0497095792350358,0.04109549066105,0.0603703489773409
0.0394893674588914,0.0497095792350358,0.04109549066105,0.0603703489773409
0.0394893674588914,0.0497095792350358,0.04109549066105,0.0603703489773409
0.0394893674588914,0.0497095792350358,0.04109549066105,0.0603703489773409
0.0394893674588914,0.04965473959975,0.04109549066105,0.0603703489773409
0.0394893674588914,0.04965473959975,0.04109549066105,0.0603703489773409
0.0394893674588914,0.04965473959975,0.04109549066105,0.0603703489773409
0.0394893674588914,0.04965473959975,0.04109549066105,0.0603703489773409
0.0394893674588914,0.04965473959975,0.04109549066105,0.0603703489773409
0.0394893674588914,0.04965473959975,0.04109549066105,0.0603703489773409
0.0394893674588914,0.04965473959975,0.04109549066105,0.0603703489773409
0.0394893674588914,0.04965473959975,0.04109549066105,0.0603703489773409
0.0394893674588914,0.04965473959975,0.04109549066105,0.0603703489773409
0.0394893674588914,0.04965473959975,0.04109549066105,0.0603703489773409
0.0394893674588914,0.04965473959975,0.04109549066105,0.0603703489773409
0.0394893674588914,0.04965473959975,0.04109549066105,0.0603703489773409
0.0394893674588914,0.04965473959975,0.04109549066105,0.0603703489773409
0.0394893674588914,0.04965473959975,0.04109549066105,0.0603703489773409
0.0394893674588914,0.04965473959975,0.04109549066105,0.0603703489773409
0.0394893674588914,0.04965473959975,0.04109549066105,0.0603703489773409
0.0394893674588914,0.04965473959975,0.04109549066105,0.0566993370597381
0.0394893674588914,0.04965473959975,0.04109549066105,0.0566993370597381
0.0394893674588914,0.04965473959975,0.04109549066105,0.0566993370597381
0.0394893674588914,0.04965473959975,0.04109549066105,0.0566993370597381
0.0394893674588914,0.04965473959975,0.04109549066105,0.0566993370597381
0.0394893674588914,0.0451155789316001,0.04109549066105,0.0566993370597381
0.0394893674588914,0.0451155789316001,0.04109549066105,0.0566993370597381
0.0394893674588914,0.0451155789316001,0.04109549066105,0.0566993370597381
0.0394893674588914,0.0451155789316001,0.04109549066105,0.0560617512851045
0.0394893674588914,0.0451155789316001,0.04109549066105,0.0560617512851045
0.0394893674588914,0.0451155789316001,0.04109549066105,0.0560617512851045
0.0394893674588914,0.0451155789316001,0.04109549066105,0.0560617512851045
0.0394893674588914,0.0451155789316001,0.04109549066105,0.0560617512851045
0.0394893674588914,0.0451155789316001,0.04109549066105,0.0607218856466147
0.0394893674588914,0.0451155789316001,0.04109549066105,0.0607218856466147
0.0394893674588914,0.0451155789316001,0.04109549066105,0.0607218856466147
0.0394893674588914,0.0451155789316001,0.04109549066105,0.0596512574173792
0.0394893674588914,0.0451155789316001,0.04109549066105,0.0596512574173792
0.0394893674588914,0.0451155789316001,0.04109549066105,0.0596512574173792
0.0394893674588914,0.0451155789316001,0.04109549066105,0.0637015031895756
0.0394893674588914,0.0451155789316001,0.04109549066105,0.0637015031895756
0.0394893674588914,0.0451155789316001,0.04109549066105,0.0637015031895756
0.0394893674588914,0.0451155789316001,0.04109549066105,0.0637015031895756
0.0394893674588914,0.0451155789316001,0.04109549066105,0.0637015031895756
0.0394893674588914,0.0451155789316001,0.04109549066105,0.0637015031895756
0.0394893674588914,0.0451155789316001,0.04109549066105,0.0637015031895756
0.0381016328231444,0.0451155789316001,0.04109549066105,0.0555687905418098
0.0381016328231444,0.0451155789316001,0.04109549066105,0.0555687905418098
0.0381016328231444,0.0451155789316001,0.04109549066105,0.0555687905418098
0.0381016328231444,0.0451155789316001,0.04109549066105,0.0555687905418098
0.0381016328231444,0.0451155789316001,0.04109549066105,0.0558680282746725
0.0381016328231444,0.0451155789316001,0.04109549066105,0.0558680282746725
0.0381016328231444,0.0451155789316001,0.04109549066105,0.0558680282746725
0.0381016328231444,0.0451155789316001,0.04109549066105,0.0558680282746725
0.0381016328231444,0.0451155789316001,0.04109549066105,0.0558680282746725
0.0381016328231444,0.0451155789316001,0.04109549066105,0.0558680282746725
0.0381016328231444,0.0451155789316001,0.04109549066105,0.0558680282746725
0.0381016328231444,0.0451155789316001,0.04109549066105,0.0591495401336299
0.0381016328231444,0.0451155789316001,0.04109549066105,0.0591495401336299
0.0381016328231444,0.0451155789316001,0.04109549066105,0.0591495401336299
0.0381016328231444,0.0451155789316001,0.04109549066105,0.0591495401336299
0.0381016328231444,0.0451155789316001,0.04109549066105,0.0591495401336299
0.0381016328231444,0.0451155789316001,0.04109549066105,0.0591495401336299
0.0381016328231444,0.0451155789316001,0.04109549066105,0.0591495401336299
0.0381016328231444,0.0451155789316001,0.04109549066105,0.0591495401336299
0.0381016328231444,0.0451155789316001,0.04109549066105,0.0591495401336299
0.0381016328231444,0.0451155789316001,0.04109549066105,0.0591495401336299
0.0381016328231444,0.0451155789316001,0.04109549066105,0.0591495401336299
0.0381016328231444,0.0451155789316001,0.04109549066105,0.0591495401336299
0.0381016328231444,0.0451155789316001,0.04109549066105,0.0591495401336299
0.0381016328231444,0.0451155789316001,0.04109549066105,0.0591495401336299
0.0381016328231444,0.0451155789316001,0.04109549066105,0.0591495401336299
0.0381016328231444,0.0451155789316001,0.04109549066105,0.0591495401336299
0.0381016328231444,0.0451155789316001,0.04109549066105,0.0591495401336299
0.0381016328231444,0.0451155789316001,0.04109549066105,0.0591495401336299
0.0381016328231444,0.0451155789316001,0.04109549066105,0.0591495401336299
0.0381016328231444,0.0451155789316001,0.04109549066105,0.0591495401336299
0.0381016328231444,0.0451155789316001,0.04109549066105,0.0591495401336299
0.0381016328231444,0.0451155789316001,0.04109549066105,0.0591495401336299
0.0381016328231444,0.0451155789316001,0.04109549066105,0.0591495401336299
0.0381016328231444,0.0451155789316001,0.04109549066105,0.0591495401336299
0.038577994465045,0.0451155789316001,0.04109549066105,0.0591495401336299
0.038577994465045,0.0451155789316001,0.04109549066105,0.0591495401336299
0.038577994465045,0.0451155789316001,0.04109549066105,0.0591495401336299
0.038577994465045,0.0451155789316001,0.04109549066105,0.0591495401336299
0.0378919231889153,0.0451155789316001,0.04109549066105,0.0591495401336299
0.0378919231889153,0.0451155789316001,0.04109549066105,0.0591495401336299
0.0378919231889153,0.0451155789316001,0.04109549066105,0.0591495401336299
0.0378919231889153,0.0451155789316001,0.04109549066105,0.0591495401336299
0.0378919231889153,0.0451155789316001,0.04109549066105,0.0591495401336299
0.0378919231889153,0.0451155789316001,0.04109549066105,0.0591495401336299
0.0378919231889153,0.0451155789316001,0.04109549066105,0.0591495401336299
0.0378919231889153,0.0451155789316001,0.04109549066105,0.0591495401336299
0.0378919231889153,0.0451155789316001,0.04109549066105,0.0591495401336299
0.0378919231889153,0.0451155789316001,0.04109549066105,0.0591495401336299
0.0378919231889153,0.0451155789316001,0.04109549066105,0.0485255581508357
0.0378919231889153,0.0451155789316001,0.04109549066105,0.0485255581508357
0.0378919231889153,0.0451155789316001,0.04109549066105,0.0485255581508357
0.0378919231889153,0.0451155789316001,0.04109549066105,0.0485255581508357
0.0378919231889153,0.0451155789316001,0.0420095324099895,0.0485255581508357
0.0378919231889153,0.0451155789316001,0.0420095324099895,0.0485255581508357
0.0378919231889153,0.0451155789316001,0.0420095324099895,0.0485255581508357
0.0378919231889153,0.0451155789316001,0.0420095324099895,0.0485255581508357
0.0378919231889153,0.0451155789316001,0.0420095324099895,0.0485255581508357
0.0378919231889153,0.0451155789316001,0.0420095324099895,0.0485255581508357
0.0378919231889153,0.0451155789316001,0.0420095324099895,0.0433485949037401
0.0378919231889153,0.0451155789316001,0.0420095324099895,0.0433485949037401
0.0378919231889153,0.0451155789316001,0.0420095324099895,0.0433485949037401
0.0378919231889153,0.0451155789316001,0.0420095324099895,0.0433485949037401
0.0378919231889153,0.0451155789316001,0.0420095324099895,0.0433485949037401
0.0378919231889153,0.0451155789316001,0.0420095324099895,0.0433485949037401
0.0378919231889153,0.0451155789316001,0.0420095324099895,0.0433485949037401
0.0378919231889153,0.0451155789316001,0.0420095324099895,0.0433485949037401
0.0378919231889153,0.0451155789316001,0.0420095324099895,0.0433485949037401
0.0378919231889153,0.0451155789316001,0.0420095324099895,0.0433485949037401
0.0378919231889153,0.0451155789316001,0.0420095324099895,0.0433485949037401
0.0378919231889153,0.0451155789316001,0.0420095324099895,0.0433485949037401
0.0378919231889153,0.0451155789316001,0.0420095324099895,0.0433485949037401
0.0378919231889153,0.0544118777293269,0.0420095324099895,0.0433485949037401
0.0378919231889153,0.0544118777293269,0.0420095324099895,0.0546414527807653
0.0378919231889153,0.0544118777293269,0.0420095324099895,0.0546414527807653
0.0378919231889153,0.0544118777293269,0.0420095324099895,0.0546414527807653
0.0378919231889153,0.0509755548751606,0.0420095324099895,0.0546414527807653
0.0378919231889153,0.0509755548751606,0.0420095324099895,0.0546414527807653
0.0378919231889153,0.0509755548751606,0.0408997146892518,0.0521599127655552
0.0378919231889153,0.0509755548751606,0.0408997146892518,0.0521599127655552
0.0378919231889153,0.0509755548751606,0.0408997146892518,0.0521599127655552
0.0378919231889153,0.0509755548751606,0.0408997146892518,0.0521599127655552
0.0378919231889153,0.0509755548751606,0.0408997146892518,0.0521599127655552
0.0378919231889153,0.0509755548751606,0.0408997146892518,0.0521599127655552
0.0378919231889153,0.0509755548751606,0.0408997146892518,0.0521599127655552
0.0378919231889153,0.0509755548751606,0.0408997146892518,0.0521599127655552
0.0378919231889153,0.0509755548751606,0.0408997146892518,0.0521599127655552
0.0378919231889153,0.0509755548751606,0.0408997146892518,0.0521599127655552
0.0378919231889153,0.0509755548751606,0.0408997146892518,0.053777737508352
0.0378919231889153,0.0509755548751606,0.0408997146892518,0.053777737508352
0.0378919231889153,0.0509755548751606,0.0408997146892518,0.053777737508352
0.0378919231889153,0.0509755548751606,0.0408997146892518,0.053777737508352
0.0378919231889153,0.0509755548751606,0.0408997146892518,0.053777737508352
0.0378919231889153,0.0509755548751606,0.0408997146892518,0.053777737508352
0.0378919231889153,0.0509755548751606,0.0408997146892518,0.053777737508352
0.0378919231889153,0.0509755548751606,0.0408997146892518,0.053777737508352
0.0378919231889153,0.0509755548751606,0.0442232909910724,0.053777737508352
0.0378919231889153,0.0509755548751606,0.0442232909910724,0.053777737508352
0.0378919231889153,0.0509755548751606,0.0442232909910724,0.0526808053209449
0.0378919231889153,0.0509755548751606,0.0442232909910724,0.0526808053209449
0.0378919231889153,0.0509755548751606,0.0442232909910724,0.0526808053209449
0.0378919231889153,0.0509755548751606,0.0442232909910724,0.0526808053209449
0.0378919231889153,0.0509755548751606,0.0442232909910724,0.0526808053209449
0.0378919231889153,0.0509755548751606,0.0442232909910724,0.0526808053209449
0.0378919231889153,0.0487598900714131,0.0442232909910724,0.0526808053209449
0.0378919231889153,0.0487598900714131,0.0442232909910724,0.0526808053209449
0.0378919231889153,0.0487598900714131,0.0442232909910724,0.0526808053209449
0.0378919231889153,0.0487598900714131,0.0442232909910724,0.0526808053209449
0.0378919231889153,0.0487598900714131,0.0442232909910724,0.0526808053209449
0.0378919231889153,0.0487598900714131,0.0442232909910724,0.0526808053209449
0.0378919231889153,0.0487598900714131,0.0442232909910724,0.0526808053209449
0.0378919231889153,0.0487598900714131,0.0442232909910724,0.0526808053209449
0.0378919231889153,0.0487598900714131,0.0442232909910724,0.0526808053209449
0.0378919231889153,0.0487598900714131,0.0442232909910724,0.0526808053209449
0.0378919231889153,0.0487598900714131,0.0442232909910724,0.0526808053209449
0.0378919231889153,0.0487598900714131,0.0442232909910724,0.0526808053209449
0.0378919231889153,0.0487598900714131,0.0442232909910724,0.0526808053209449
0.0378919231889153,0.0487598900714131,0.0442232909910724,0.0526808053209449
0.0378919231889153,0.0487598900714131,0.0442232909910724,0.0526808053209449
0.0393812254913046,0.0487598900714131,0.0442232909910724,0.0526808053209449
0.0393812254913046,0.0487598900714131,0.0442232909910724,0.0526808053209449
0.0393812254913046,0.0487598900714131,0.0442232909910724,0.0526808053209449
0.0393812254913046,0.0487598900714131,0.0442232909910724,0.0526808053209449
0.0393812254913046,0.0487598900714131,0.0442232909910724,0.0526808053209449
0.0393812254913046,0.0487598900714131,0.0442232909910724,0.0526808053209449
0.0393812254913046,0.0487598900714131,0.0435461210483268,0.0529940860125688
0.0393812254913046,0.0487598900714131,0.0435461210483268,0.0529940860125688
0.0393812254913046,0.0487598900714131,0.0435461210483268,0.0529940860125688
0.0393812254913046,0.0487598900714131,0.0435461210483268,0.0529940860125688
0.0393812254913046,0.0487598900714131,0.0435461210483268,0.0529940860125688
0.0393812254913046,0.0487598900714131,0.0435461210483268,0.0529940860125688
0.0393812254913046,0.0487598900714131,0.0435461210483268,0.0444077679686281
0.0393812254913046,0.0487598900714131,0.0435461210483268,0.0444077679686281
0.0393812254913046,0.0487598900714131,0.0420480225312571,0.0444077679686281
0.0393812254913046,0.0487598900714131,0.0420480225312571,0.0444077679686281
0.0393812254913046,0.0487598900714131,0.0420480225312571,0.0444077679686281
0.0393812254913046,0.0487598900714131,0.0420480225312571,0.0444077679686281
0.0393812254913046,0.0487598900714131,0.0440957583402034,0.0409723931034873
0.0393812254913046,0.0487598900714131,0.0440957583402034,0.0409723931034873
0.0393812254913046,0.0487598900714131,0.0440957583402034,0.0409723931034873
0.0393812254913046,0.0487598900714131,0.0440957583402034,0.0409723931034873
0.0393812254913046,0.0487598900714131,0.0440957583402034,0.0409723931034873
0.0393812254913046,0.0487598900714131,0.0440957583402034,0.0409723931034873
0.0393812254913046,0.0487598900714131,0.0440957583402034,0.0409723931034873
0.0393812254913046,0.0487598900714131,0.0440957583402034,0.0409723931034873
0.0393812254913046,0.0487598900714131,0.0440957583402034,0.0409723931034873
0.0393812254913046,0.0487598900714131,0.0440957583402034,0.0409723931034873
0.0393812254913046,0.0487598900714131,0.0440957583402034,0.0409723931034873
0.0393812254913046,0.0487598900714131,0.0440957583402034,0.0409723931034873
0.0393812254913046,0.0487598900714131,0.0440957583402034,0.0409723931034873
0.0393812254913046,0.0487598900714131,0.0440957583402034,0.047572321151238
0.0393812254913046,0.0487598900714131,0.0440957583402034,0.047572321151238
0.0393812254913046,0.0487598900714131,0.0440957583402034,0.0460839441739625
0.0393812254913046,0.0487598900714131,0.0440957583402034,0.0460839441739625
0.0393812254913046,0.0487598900714131,0.0440957583402034,0.0460839441739625
0.0393812254913046,0.0487598900714131,0.0440957583402034,0.0460839441739625
0.0393812254913046,0.0487598900714131,0.0440957583402034,0.0460839441739625
0.0393812254913046,0.0487598900714131,0.0440957583402034,0.0460839441739625
0.0393812254913046,0.0487598900714131,0.0440957583402034,0.0460839441739625
0.0393812254913046,0.0487598900714131,0.0440957583402034,0.0460839441739625
0.0393812254913046,0.0487598900714131,0.0440957583402034,0.0460839441739625
0.0393812254913046,0.0487598900714131,0.0440957583402034,0.0460839441739625
0.0393812254913046,0.0487598900714131,0.0440957583402034,0.0460839441739625
0.0393812254913046,0.0487598900714131,0.0440957583402034,0.0460839441739625
0.0393812254913046,0.0487598900714131,0.0440957583402034,0.0460839441739625
0.0393812254913046,0.0416940395759288,0.0440957583402034,0.0460839441739625
0.0393812254913046,0.0416940395759288,0.0440957583402034,0.0460839441739625
0.0393812254913046,0.0416940395759288,0.0440957583402034,0.0460839441739625
0.0393812254913046,0.0416940395759288,0.0440957583402034,0.0460839441739625
0.0393812254913046,0.0416940395759288,0.0440957583402034,0.0460839441739625
0.0393812254913046,0.0416940395759288,0.0458833791682716,0.0460839441739625
0.0393812254913046,0.0416940395759288,0.0458833791682716,0.0460839441739625
0.0393812254913046,0.0416940395759288,0.0458833791682716,0.0460839441739625
0.0393812254913046,0.0416940395759288,0.0458833791682716,0.0460839441739625
0.0393812254913046,0.0416940395759288,0.0458833791682716,0.0460839441739625
0.0393812254913046,0.0416940395759288,0.0458833791682716,0.0460839441739625
0.0393812254913046,0.0416940395759288,0.0458833791682716,0.0460839441739625
0.0393812254913046,0.0416940395759288,0.0458833791682716,0.0460839441739625
0.0393812254913046,0.0416940395759288,0.0458833791682716,0.0460839441739625
0.0393812254913046,0.0416940395759288,0.0458833791682716,0.0460839441739625
0.0393812254913046,0.0416940395759288,0.0458833791682716,0.0460839441739625
0.0393812254913046,0.0416940395759288,0.0458833791682716,0.0460839441739625
0.0393812254913046,0.0416940395759288,0.0458833791682716,0.0460839441739625
0.0393812254913046,0.0416940395759288,0.0458833791682716,0.0460839441739625
0.0393812254913046,0.0416940395759288,0.0458833791682716,0.0460839441739625
0.0393812254913046,0.0416940395759288,0.0458833791682716,0.0460839441739625
0.0393812254913046,0.0416940395759288,0.0458833791682716,0.0460839441739625
0.0393812254913046,0.0416940395759288,0.0431948770739148,0.0460839441739625
0.0393812254913046,0.0416940395759288,0.0431948770739148,0.0460839441739625
0.0393812254913046,0.0416940395759288,0.0431948770739148,0.0460839441739625
0.0393812254913046,0.0416940395759288,0.0431948770739148,0.0460839441739625
0.0383419814854931,0.0416940395759288,0.0431948770739148,0.0460839441739625
0.0383419814854931,0.0416940395759288,0.0431948770739148,0.0460839441739625
0.0383419814854931,0.0416940395759288,0.0431948770739148,0.0460839441739625
0.0383419814854931,0.0416940395759288,0.0431948770739148,0.0460839441739625
0.0383419814854931,0.0416940395759288,0.0431948770739148,0.0460839441739625
0.0383419814854931,0.0416940395759288,0.0431948770739148,0.0460839441739625
0.0383419814854931,0.0416940395759288,0.0431948770739148,0.0460839441739625
0.0383419814854931,0.0416940395759288,0.0431948770739148,0.0483047841895418
0.0383419814854931,0.0416940395759288,0.0431948770739148,0.0483047841895418
0.0383419814854931,0.0416940395759288,0.0431948770739148,0.0483047841895418
0.0383419814854931,0.0416940395759288,0.0431948770739148,0.0483047841895418
0.0383419814854931,0.0416940395759288,0.0431948770739148,0.0483047841895418
0.0383419814854931,0.0416940395759288,0.0431948770739148,0.0483047841895418
0.0383419814854931,0.0416940395759288,0.0431948770739148,0.0483047841895418
0.0383419814854931,0.0416940395759288,0.0431948770739148,0.0483047841895418
0.0383419814854931,0.0416940395759288,0.0431948770739148,0.0483047841895418
0.0383419814854931,0.0416940395759288,0.0431948770739148,0.0483047841895418
0.0383419814854931,0.0416940395759288,0.0431948770739148,0.0483047841895418
0.0383419814854931,0.0416940395759288,0.0431948770739148,0.0483047841895418
0.0383419814854931,0.0416940395759288,0.0431948770739148,0.0483047841895418
0.0383419814854931,0.0416940395759288,0.0431948770739148,0.0483047841895418
0.0383419814854931,0.0416940395759288,0.0431948770739148,0.0483047841895418
0.0383419814854931,0.0416940395759288,0.0431948770739148,0.0483047841895418
0.0383419814854931,0.0416940395759288,0.0431948770739148,0.0518353474518617
0.0383419814854931,0.0416940395759288,0.0431948770739148,0.0518353474518617
0.0383419814854931,0.0416940395759288,0.0431948770739148,0.0518353474518617
0.0383419814854931,0.0416940395759288,0.0431948770739148,0.0518353474518617
0.0383419814854931,0.0416940395759288,0.0431948770739148,0.0518353474518617
0.0383419814854931,0.0416940395759288,0.0431948770739148,0.0518353474518617
0.0383419814854931,0.0416940395759288,0.0431948770739148,0.0518353474518617
0.0383419814854931,0.0416940395759288,0.0431948770739148,0.0518353474518617
0.0383419814854931,0.0416940395759288,0.0431948770739148,0.0518353474518617
0.0383419814854931,0.0416940395759288,0.0431948770739148,0.0518353474518617
0.0383419814854931,0.0416940395759288,0.0431948770739148,0.0518353474518617
0.0383419814854931,0.0416940395759288,0.0431948770739148,0.0518353474518617
0.0383419814854931,0.0416940395759288,0.0431948770739148,0.0518353474518617
0.0383419814854931,0.0416940395759288,0.0431948770739148,0.0518353474518617
0.0383419814854931,0.0416940395759288,0.0431948770739148,0.0518353474518617
0.0383419814854931,0.0416940395759288,0.0431948770739148,0.0518353474518617
0.0383419814854931,0.0416940395759288,0.0431948770739148,0.0518353474518617
0.0383419814854931,0.0416940395759288,0.0431948770739148,0.0518353474518617
0.0383419814854931,0.0416940395759288,0.0431948770739148,0.0551065640025056
0.0383419814854931,0.0416940395759288,0.0431948770739148,0.0551065640025056
0.0383419814854931,0.0416940395759288,0.0431948770739148,0.0551065640025056
0.0383419814854931,0.0416940395759288,0.0431948770739148,0.0551065640025056
0.0383419814854931,0.0395199101907615,0.0431948770739148,0.0551065640025056
0.0383419814854931,0.0395199101907615,0.0431948770739148,0.0551065640025056
0.0383419814854931,0.0395199101907615,0.0431948770739148,0.0551065640025056
0.0383419814854931,0.0395199101907615,0.0431948770739148,0.0551065640025056
0.0383419814854931,0.0395199101907615,0.0431948770739148,0.0551065640025056
0.0383419814854931,0.0395199101907615,0.0431948770739148,0.0551065640025056
0.0383419814854931,0.0395199101907615,0.0431948770739148,0.0551065640025056
0.0383419814854931,0.0395199101907615,0.0431948770739148,0.0551065640025056
0.0383419814854931,0.0395199101907615,0.0431948770739148,0.0551065640025056
0.0383419814854931,0.0395199101907615,0.0431948770739148,0.0551065640025056
0.0383419814854931,0.0395199101907615,0.0431948770739148,0.0551065640025056
0.0383419814854931,0.0395199101907615,0.0431948770739148,0.0551065640025056
0.0410383645032877,0.0395199101907615,0.0431948770739148,0.0551065640025056
0.0410383645032877,0.0395199101907615,0.0431948770739148,0.0551065640025056
0.0410383645032877,0.0395199101907615,0.0431948770739148,0.0551065640025056
0.0410383645032877,0.0395199101907615,0.0431948770739148,0.0551065640025056
0.0410383645032877,0.0395199101907615,0.0431948770739148,0.0551065640025056
0.0410383645032877,0.0395199101907615,0.0431948770739148,0.0551065640025056
0.0410383645032877,0.0395199101907615,0.0431948770739148,0.0491410093462723
0.0410383645032877,0.0395199101907615,0.0431948770739148,0.0491410093462723
0.0410383645032877,0.0395199101907615,0.0431948770739148,0.0491410093462723
0.0410383645032877,0.0395199101907615,0.0431948770739148,0.0491410093462723
0.0410383645032877,0.0395199101907615,0.0431948770739148,0.0491410093462723
0.0410383645032877,0.0395199101907615,0.0431948770739148,0.0491410093462723
0.0410383645032877,0.0395199101907615,0.0431948770739148,0.0491410093462723
0.0410383645032877,0.0395199101907615,0.0431948770739148,0.0491410093462723
0.0410383645032877,0.0395199101907615,0.0431948770739148,0.0491410093462723
0.0410383645032877,0.0395199101907615,0.0431948770739148,0.0491410093462723
0.0410383645032877,0.0395199101907615,0.0431948770739148,0.0491410093462723
0.0410383645032877,0.0395199101907615,0.0431948770739148,0.0491410093462723
0.0410383645032877,0.0395199101907615,0.0431948770739148,0.0491410093462723
0.0410383645032877,0.0395199101907615,0.0431948770739148,0.0491410093462723
0.0410383645032877,0.0395199101907615,0.0431948770739148,0.0491410093462723
0.0410383645032877,0.0395199101907615,0.0431948770739148,0.0491410093462723
0.0410383645032877,0.0395199101907615,0.0431948770739148,0.0491410093462723
0.0410383645032877,0.0395199101907615,0.0431948770739148,0.0491410093462723
0.0410383645032877,0.0395199101907615,0.0431948770739148,0.0491410093462723
0.0410383645032877,0.0395199101907615,0.0431948770739148,0.0491410093462723
0.0410383645032877,0.0395199101907615,0.0431948770739148,0.0491410093462723
0.0410383645032877,0.0395199101907615,0.0431948770739148,0.0491410093462723
0.0410383645032877,0.0395199101907615,0.0431948770739148,0.0491410093462723
0.0410383645032877,0.0395199101907615,0.0431948770739148,0.0491410093462723
0.0410383645032877,0.0395199101907615,0.0431948770739148,0.0491410093462723
0.0410383645032877,0.0395199101907615,0.0431948770739148,0.0491410093462723
0.0410383645032877,0.0395199101907615,0.0431948770739148,0.0491410093462723
0.0410383645032877,0.0395199101907615,0.0431948770739148,0.0491410093462723
0.0410383645032877,0.0395199101907615,0.0431948770739148,0.0491410093462723
0.0410383645032877,0.0395199101907615,0.0431948770739148,0.0491410093462723
0.0410383645032877,0.0395199101907615,0.0431948770739148,0.0491410093462723
0.0410383645032877,0.0395199101907615,0.0431948770739148,0.0491410093462723
0.0410383645032877,0.0395199101907615,0.0431948770739148,0.0491410093462723
0.0410383645032877,0.0395199101907615,0.0431948770739148,0.0491410093462723
0.0410383645032877,0.0395199101907615,0.0431948770739148,0.0491410093462723
0.0410383645032877,0.0395199101907615,0.0431948770739148,0.0491410093462723
0.0410383645032877,0.0395199101907615,0.0431948770739148,0.0491410093462723
0.0410383645032877,0.0395199101907615,0.0431948770739148,0.0491410093462723
0.0410383645032877,0.0395199101907615,0.0431948770739148,0.0491410093462723
0.0410383645032877,0.0395199101907615,0.0431948770739148,0.0491410093462723
0.0410383645032877,0.0395199101907615,0.0431948770739148,0.0491410093462723
0.0410383645032877,0.0395199101907615,0.0431948770739148,0.0491410093462723
0.0410383645032877,0.0395199101907615,0.0431948770739148,0.0491410093462723
0.0410383645032877,0.0395199101907615,0.0431948770739148,0.0491410093462723
0.0410383645032877,0.0395199101907615,0.0431948770739148,0.0491410093462723
0.0410383645032877,0.0395199101907615,0.0431948770739148,0.0491410093462723
0.0410383645032877,0.0395199101907615,0.0431948770739148,0.0491410093462723
0.0410383645032877,0.0395199101907615,0.0431948770739148,0.0491410093462723
0.0410383645032877,0.0395199101907615,0.0431948770739148,0.0491410093462723
0.0410383645032877,0.0395199101907615,0.0431948770739148,0.0491410093462723
0.0405990928280505,0.0395199101907615,0.0431948770739148,0.0491410093462723
0.0405990928280505,0.0395199101907615,0.0431948770739148,0.0491410093462723
0.0405990928280505,0.0395199101907615,0.0431948770739148,0.0491410093462723
0.0405990928280505,0.0395199101907615,0.0431948770739148,0.0491410093462723
0.0405990928280505,0.0395199101907615,0.0431948770739148,0.0491410093462723
0.0405990928280505,0.0395199101907615,0.0431948770739148,0.0491410093462723
0.0405990928280505,0.0395199101907615,0.0431948770739148,0.0491410093462723
0.0405990928280505,0.0395199101907615,0.0431948770739148,0.0491410093462723
0.0405990928280505,0.0395199101907615,0.0431948770739148,0.0491410093462723
0.0405990928280505,0.036860813589955,0.0431948770739148,0.0491410093462723
0.0405990928280505,0.036860813589955,0.0431948770739148,0.0491410093462723
0.0405990928280505,0.036860813589955,0.0431948770739148,0.0491410093462723
0.0405990928280505,0.036860813589955,0.0431948770739148,0.0491410093462723
0.0405990928280505,0.036860813589955,0.0431948770739148,0.0491410093462723
0.0405990928280505,0.036860813589955,0.0431948770739148,0.0491410093462723
0.0405990928280505,0.036860813589955,0.0431948770739148,0.0491410093462723
0.0405990928280505,0.036860813589955,0.0431948770739148,0.0491410093462723
0.0405990928280505,0.036860813589955,0.0431948770739148,0.046957323488845
0.0405990928280505,0.036860813589955,0.0431948770739148,0.046957323488845
0.0405990928280505,0.036860813589955,0.0431948770739148,0.046957323488845
0.0405990928280505,0.036860813589955,0.0431948770739148,0.046957323488845
0.0405990928280505,0.036860813589955,0.0431948770739148,0.046957323488845
0.0405990928280505,0.036860813589955,0.0431948770739148,0.046957323488845
0.0405990928280505,0.036860813589955,0.0431948770739148,0.046957323488845
0.0405990928280505,0.036860813589955,0.0431948770739148,0.0527058669898504
0.0405990928280505,0.036860813589955,0.0431948770739148,0.0527058669898504
0.0405990928280505,0.036860813589955,0.0431948770739148,0.0527058669898504
0.0405990928280505,0.036860813589955,0.0431948770739148,0.0509194957373083
0.0405990928280505,0.036860813589955,0.0431948770739148,0.0509194957373083
0.0405990928280505,0.036860813589955,0.0431948770739148,0.0509194957373083
0.0405990928280505,0.036860813589955,0.0431948770739148,0.061731706179693
0.0405990928280505,0.036860813589955,0.0431948770739148,0.061731706179693
0.0405990928280505,0.036860813589955,0.0431948770739148,0.061731706179693
0.0405990928280505,0.036860813589955,0.0431948770739148,0.061731706179693
0.0405990928280505,0.036860813589955,0.0431948770739148,0.061731706179693
0.0405990928280505,0.036860813589955,0.0431948770739148,0.061731706179693
0.0405990928280505,0.036860813589955,0.0431948770739148,0.061731706179693
0.0405990928280505,0.036860813589955,0.0431948770739148,0.061731706179693
0.0405990928280505,0.036860813589955,0.0431948770739148,0.061731706179693
0.0405990928280505,0.036860813589955,0.0431948770739148,0.061731706179693
0.0405990928280505,0.036860813589955,0.0431948770739148,0.061731706179693
0.0405990928280505,0.036860813589955,0.0431948770739148,0.061731706179693
0.0405990928280505,0.036860813589955,0.0431948770739148,0.061731706179693
0.0405990928280505,0.036860813589955,0.0431948770739148,0.061731706179693
0.0405990928280505,0.036860813589955,0.0431948770739148,0.061731706179693
0.0405990928280505,0.036860813589955,0.0431948770739148,0.061731706179693
0.0405990928280505,0.036860813589955,0.0431948770739148,0.061731706179693
0.0405990928280505,0.036860813589955,0.0431948770739148,0.061731706179693
0.0405990928280505,0.036860813589955,0.0402716139221225,0.061731706179693
0.0405990928280505,0.036860813589955,0.0402716139221225,0.061731706179693
0.0405990928280505,0.036860813589955,0.0402716139221225,0.061731706179693
0.0405990928280505,0.036860813589955,0.0382517042626846,0.061731706179693
0.0405990928280505,0.036860813589955,0.0382517042626846,0.061731706179693
0.0405990928280505,0.036860813589955,0.0382517042626846,0.061731706179693
0.0405990928280505,0.036860813589955,0.0382517042626846,0.061731706179693
0.0405990928280505,0.036860813589955,0.0382517042626846,0.061731706179693
0.0405990928280505,0.036860813589955,0.0382517042626846,0.061731706179693
0.0405990928280505,0.036860813589955,0.0382517042626846,0.061731706179693
0.0405990928280505,0.036860813589955,0.0382517042626846,0.061731706179693
0.0405990928280505,0.036860813589955,0.0382517042626846,0.061731706179693
0.0405990928280505,0.036860813589955,0.0382517042626846,0.061731706179693
0.0405990928280505,0.036860813589955,0.0382517042626846,0.061731706179693
0.0405990928280505,0.036860813589955,0.040348263597398,0.061731706179693
0.0405990928280505,0.036860813589955,0.040348263597398,0.061731706179693
0.0405990928280505,0.0429977851968758,0.040348263597398,0.061731706179693
0.0405990928280505,0.0429977851968758,0.040348263597398,0.061731706179693
0.0405990928280505,0.0429977851968758,0.040348263597398,0.061731706179693
0.0405990928280505,0.0429977851968758,0.040348263597398,0.061731706179693
0.0405990928280505,0.0429977851968758,0.040348263597398,0.061731706179693
0.0405990928280505,0.0429977851968758,0.040348263597398,0.061731706179693
0.0405990928280505,0.0429977851968758,0.040348263597398,0.061731706179693
0.0405990928280505,0.0429977851968758,0.040348263597398,0.061731706179693
0.0405990928280505,0.0429977851968758,0.040348263597398,0.061731706179693
0.0405990928280505,0.0429977851968758,0.040348263597398,0.061731706179693
0.0405990928280505,0.0429977851968758,0.040348263597398,0.061731706179693
0.0405990928280505,0.0429977851968758,0.040348263597398,0.061731706179693
0.0420602713776669,0.0429977851968758,0.040348263597398,0.061731706179693
0.0420602713776669,0.0429977851968758,0.0429905414596505,0.061731706179693
0.0420602713776669,0.0429977851968758,0.0429905414596505,0.061731706179693
0.0420602713776669,0.0429977851968758,0.0429905414596505,0.061731706179693
0.0420602713776669,0.0429977851968758,0.0429905414596505,0.061731706179693
0.0420602713776669,0.0429977851968758,0.0429905414596505,0.061731706179693
0.0420602713776669,0.0429977851968758,0.0429905414596505,0.061731706179693
0.0420602713776669,0.0429977851968758,0.0429905414596505,0.061731706179693
0.0420602713776669,0.0429977851968758,0.0429905414596505,0.061731706179693
0.0420602713776669,0.0429977851968758,0.0429905414596505,0.061731706179693
0.0420602713776669,0.0429977851968758,0.0429905414596505,0.061731706179693
0.0420602713776669,0.0429977851968758,0.0429905414596505,0.061731706179693
0.0420602713776669,0.0429977851968758,0.0429905414596505,0.061731706179693
0.0420602713776669,0.0429977851968758,0.0429905414596505,0.061731706179693
0.0420602713776669,0.0429977851968758,0.0429905414596505,0.061731706179693
0.0420602713776669,0.0429977851968758,0.0429905414596505,0.061731706179693
0.0420602713776669,0.0429977851968758,0.0429905414596505,0.061731706179693
0.0420602713776669,0.0429977851968758,0.0429905414596505,0.0487744364903573
0.0415113587665227,0.0429977851968758,0.0429905414596505,0.0606849769612978
0.0415113587665227,0.0429977851968758,0.0429905414596505,0.0606849769612978
0.0415113587665227,0.0429977851968758,0.0429905414596505,0.0606849769612978
0.0415113587665227,0.0429977851968758,0.0429905414596505,0.0606849769612978
0.0415113587665227,0.0429977851968758,0.0429905414596505,0.0606849769612978
0.0415113587665227,0.0429977851968758,0.0429905414596505,0.0606849769612978
0.0415113587665227,0.0429977851968758,0.0429905414596505,0.0606849769612978
0.0415113587665227,0.0429977851968758,0.0429905414596505,0.0606849769612978
0.0415113587665227,0.0402761153098336,0.0429905414596505,0.0606849769612978
0.0415113587665227,0.0402761153098336,0.0429905414596505,0.0606849769612978
0.0415113587665227,0.0402761153098336,0.0429905414596505,0.0606849769612978
0.0415113587665227,0.0402761153098336,0.0429905414596505,0.0606849769612978
0.0415113587665227,0.0402761153098336,0.0429905414596505,0.0606849769612978
0.0415113587665227,0.0402761153098336,0.0429905414596505,0.0606849769612978
0.0466137765321725,0.0402761153098336,0.0429905414596505,0.0606849769612978
0.0440215614234479,0.0402761153098336,0.0429905414596505,0.0606849769612978
0.0440215614234479,0.0402761153098336,0.0429905414596505,0.0606849769612978
0.0440215614234479,0.0402761153098336,0.0429905414596505,0.0606849769612978
0.0440215614234479,0.0402761153098336,0.0429905414596505,0.0606849769612978
0.0440215614234479,0.0402761153098336,0.0429905414596505,0.0606849769612978
0.0440215614234479,0.0402761153098336,0.0429905414596505,0.0606849769612978
0.0440215614234479,0.0402761153098336,0.0429905414596505,0.0606849769612978
0.0440215614234479,0.0402761153098336,0.0429905414596505,0.0606849769612978
0.0440215614234479,0.044679677401537,0.0429905414596505,0.0606849769612978
0.0440215614234479,0.044679677401537,0.0429905414596505,0.0606849769612978
0.0440215614234479,0.044679677401537,0.0429905414596505,0.0499674829845336
0.0440215614234479,0.044679677401537,0.0429905414596505,0.0499674829845336
0.0440215614234479,0.044679677401537,0.0429905414596505,0.0499674829845336
0.0440215614234479,0.044679677401537,0.0429905414596505,0.0499674829845336
0.0440215614234479,0.044679677401537,0.0429905414596505,0.0499674829845336
0.0440215614234479,0.044679677401537,0.0429905414596505,0.0499674829845336
0.0440215614234479,0.044679677401537,0.0429905414596505,0.0499674829845336
0.0411294051408358,0.044679677401537,0.0429905414596505,0.0499674829845336
0.0411294051408358,0.044679677401537,0.0429905414596505,0.0499674829845336
0.0411294051408358,0.044679677401537,0.0429905414596505,0.0499674829845336
0.0411294051408358,0.044679677401537,0.0429905414596505,0.0499674829845336
0.0411294051408358,0.044679677401537,0.0429905414596505,0.0499674829845336
0.0411294051408358,0.044679677401537,0.0429905414596505,0.0499674829845336
0.0411294051408358,0.044679677401537,0.0429905414596505,0.0499674829845336
0.0411294051408358,0.044679677401537,0.0429905414596505,0.0499674829845336
0.0414571892574626,0.044679677401537,0.0429905414596505,0.0499674829845336
0.0414571892574626,0.044679677401537,0.0429905414596505,0.0499674829845336
0.0414571892574626,0.044679677401537,0.0429905414596505,0.0538317273717366
0.0414571892574626,0.044679677401537,0.0429905414596505,0.0538317273717366
0.0414571892574626,0.044679677401537,0.0429905414596505,0.0538317273717366
0.0414571892574626,0.044679677401537,0.0429905414596505,0.0538317273717366
0.0414571892574626,0.044679677401537,0.0429905414596505,0.0538317273717366
0.0414571892574626,0.044679677401537,0.0429905414596505,0.0538317273717366
0.0414571892574626,0.044679677401537,0.0429905414596505,0.0538317273717366
0.0414571892574626,0.044679677401537,0.0429905414596505,0.0538317273717366
0.0414571892574626,0.044679677401537,0.0429905414596505,0.0538317273717366
0.0414571892574626,0.044679677401537,0.0429905414596505,0.0538317273717366
0.0414571892574626,0.044679677401537,0.0429905414596505,0.0538317273717366
0.0414571892574626,0.044679677401537,0.0429905414596505,0.0538317273717366
0.0414571892574626,0.044679677401537,0.0429905414596505,0.0538317273717366
0.0429981299687444,0.044679677401537,0.0429905414596505,0.0538317273717366
0.0429981299687444,0.044679677401537,0.0429905414596505,0.0538317273717366
0.0429981299687444,0.044679677401537,0.0429905414596505,0.0538317273717366
0.0429981299687444,0.044679677401537,0.0429905414596505,0.0538317273717366
0.0429981299687444,0.044679677401537,0.0429905414596505,0.0538317273717366
0.0429981299687444,0.044679677401537,0.0429905414596505,0.0538317273717366
0.0429981299687444,0.044679677401537,0.0429905414596505,0.0538317273717366
0.0429981299687444,0.044679677401537,0.0429905414596505,0.0538317273717366
0.0429981299687444,0.044679677401537,0.0429905414596505,0.0538317273717366
0.0429981299687444,0.044679677401537,0.0429905414596505,0.0538317273717366
0.0429981299687444,0.044679677401537,0.0429905414596505,0.0538317273717366
0.0429981299687444,0.044679677401537,0.0453301572662567,0.0538317273717366
0.0429981299687444,0.044679677401537,0.0453301572662567,0.0538317273717366
0.0429981299687444,0.044679677401537,0.0453301572662567,0.0538317273717366
0.0429981299687444,0.0449156751777899,0.0453301572662567,0.0538317273717366
0.0429981299687444,0.0449156751777899,0.0453301572662567,0.0538317273717366
0.0429981299687444,0.0449156751777899,0.0453301572662567,0.0538317273717366
0.0429981299687444,0.0449156751777899,0.0453301572662567,0.0538317273717366
0.0429981299687444,0.0449156751777899,0.0453301572662567,0.0610277245999206
0.0429981299687444,0.0449156751777899,0.0453301572662567,0.0610277245999206
0.0429981299687444,0.0449156751777899,0.0453301572662567,0.0610277245999206
0.0429981299687444,0.0449156751777899,0.0453301572662567,0.0610277245999206
0.0429981299687444,0.0449156751777899,0.0453301572662567,0.0610277245999206
0.0429981299687444,0.0449156751777899,0.0453301572662567,0.0610277245999206
0.0429981299687444,0.0449156751777899,0.0453301572662567,0.0610277245999206
0.0429981299687444,0.0449156751777899,0.0453301572662567,0.0610277245999206
0.0429981299687444,0.0449156751777899,0.0453301572662567,0.0610277245999206
0.0429981299687444,0.0449156751777899,0.0453301572662567,0.0610277245999206
0.0429981299687444,0.0449156751777899,0.0453301572662567,0.0610277245999206
0.0429981299687444,0.0449156751777899,0.0453301572662567,0.0610277245999206
0.0429981299687444,0.0449156751777899,0.0453301572662567,0.0610277245999206
0.0429981299687444,0.0449156751777899,0.0453301572662567,0.0610277245999206
0.0432288336521956,0.0449156751777899,0.0453301572662567,0.0610277245999206
0.0432288336521956,0.0449156751777899,0.0453301572662567,0.0610277245999206
0.0432288336521956,0.0449156751777899,0.0453301572662567,0.0610277245999206
0.0432288336521956,0.0449156751777899,0.0453301572662567,0.0610277245999206
0.0432288336521956,0.0449156751777899,0.0453301572662567,0.0610277245999206
0.0432288336521956,0.0449156751777899,0.0453301572662567,0.0610277245999206
0.0432288336521956,0.0449156751777899,0.0453301572662567,0.0610277245999206
0.0432288336521956,0.0449156751777899,0.0453301572662567,0.0610277245999206
0.0432288336521956,0.0449156751777899,0.0453301572662567,0.0610277245999206
0.0432288336521956,0.0396648347102253,0.0453301572662567,0.0610277245999206
0.0432288336521956,0.0396648347102253,0.0453301572662567,0.0610277245999206
0.0432288336521956,0.0396648347102253,0.0453301572662567,0.0610277245999206
0.0432288336521956,0.0396648347102253,0.0453301572662567,0.0610277245999206
0.0432288336521956,0.0396648347102253,0.0453301572662567,0.0610277245999206
0.0432288336521956,0.0396648347102253,0.0453301572662567,0.0610277245999206
0.0432288336521956,0.0396648347102253,0.0453301572662567,0.0610277245999206
0.0432288336521956,0.0396648347102253,0.0453301572662567,0.0610277245999206
0.0432288336521956,0.0396648347102253,0.0453301572662567,0.0514987372812941
0.0432288336521956,0.0396648347102253,0.0453301572662567,0.0514987372812941
0.0432288336521956,0.0396648347102253,0.0453301572662567,0.0514987372812941
0.0432288336521956,0.0396648347102253,0.0453301572662567,0.0607429241375421
0.0444290766500318,0.0396648347102253,0.0453301572662567,0.0607429241375421
0.0444290766500318,0.0396648347102253,0.0453301572662567,0.0607429241375421
0.0444290766500318,0.0396648347102253,0.0453301572662567,0.0607429241375421
0.0444290766500318,0.0396648347102253,0.0453301572662567,0.0607429241375421
0.0444290766500318,0.0396648347102253,0.0453301572662567,0.0607429241375421
0.0455339593057452,0.0396648347102253,0.0453301572662567,0.0607429241375421
0.0455339593057452,0.0396648347102253,0.0453301572662567,0.0607429241375421
0.0455339593057452,0.0396648347102253,0.0453301572662567,0.0607429241375421
0.0455339593057452,0.0396648347102253,0.0453301572662567,0.0607429241375421
0.0455339593057452,0.0396648347102253,0.0453301572662567,0.0607429241375421
0.0455339593057452,0.0396648347102253,0.0453301572662567,0.0607429241375421
0.0455339593057452,0.0396648347102253,0.0453301572662567,0.0607429241375421
0.0455339593057452,0.0396648347102253,0.0453301572662567,0.0607429241375421
0.0455339593057452,0.0396648347102253,0.0453301572662567,0.0607429241375421
0.0455339593057452,0.0396648347102253,0.0453301572662567,0.0607429241375421
0.0455339593057452,0.0396648347102253,0.0453301572662567,0.0607429241375421
0.0455339593057452,0.0396648347102253,0.0453301572662567,0.0607429241375421
0.0455339593057452,0.0396648347102253,0.0453301572662567,0.0607429241375421
0.0455339593057452,0.0396648347102253,0.0453301572662567,0.0607429241375421
0.0455339593057452,0.0396648347102253,0.0453301572662567,0.0607429241375421
0.0455339593057452,0.0396648347102253,0.0453301572662567,0.0607429241375421
0.0455339593057452,0.0396648347102253,0.0453301572662567,0.0607429241375421
0.0455339593057452,0.0396648347102253,0.0453301572662567,0.0607429241375421
0.0455339593057452,0.0396648347102253,0.0453301572662567,0.0607429241375421
0.0455339593057452,0.0396648347102253,0.0453301572662567,0.0607429241375421
0.0455339593057452,0.0396648347102253,0.0453301572662567,0.0607429241375421
0.0455339593057452,0.0396648347102253,0.0453301572662567,0.0607429241375421
0.0455339593057452,0.0396648347102253,0.0453301572662567,0.0607429241375421
0.0455339593057452,0.0396648347102253,0.0453301572662567,0.0607429241375421
0.0455339593057452,0.0396648347102253,0.0453301572662567,0.0607429241375421
0.0455339593057452,0.0396648347102253,0.0453301572662567,0.0607429241375421
0.0455339593057452,0.0396648347102253,0.0453301572662567,0.0607429241375421
0.0455339593057452,0.0396648347102253,0.0453301572662567,0.0607429241375421
0.0455339593057452,0.0396648347102253,0.0453301572662567,0.0607429241375421
0.0455339593057452,0.0396648347102253,0.0453301572662567,0.0607429241375421
0.0455339593057452,0.0396648347102253,0.0453301572662567,0.0607429241375421
0.0455339593057452,0.0396648347102253,0.0453301572662567,0.0607429241375421
0.0455339593057452,0.0396648347102253,0.0453301572662567,0.0607429241375421
0.0455339593057452,0.0396648347102253,0.0453301572662567,0.0607429241375421
0.0455339593057452,0.0396648347102253,0.0453301572662567,0.0607429241375421
0.0455339593057452,0.0396648347102253,0.0453301572662567,0.0607429241375421
0.0455339593057452,0.0396648347102253,0.0453301572662567,0.0620138600832541
0.0455339593057452,0.0396648347102253,0.0453301572662567,0.0620138600832541
0.0455339593057452,0.0396648347102253,0.0453301572662567,0.0620138600832541
0.0455339593057452,0.0396648347102253,0.0453301572662567,0.0620138600832541
0.0455339593057452,0.0396648347102253,0.0453301572662567,0.0620138600832541
0.0455339593057452,0.0396648347102253,0.0453301572662567,0.0620138600832541
0.0455339593057452,0.0396648347102253,0.0453301572662567,0.0620138600832541
0.0455339593057452,0.0396648347102253,0.0453301572662567,0.0620138600832541
0.0455339593057452,0.0396648347102253,0.0453301572662567,0.0505563955544721
0.0455339593057452,0.0424345946951969,0.0453301572662567,0.0505563955544721
0.0455339593057452,0.0424345946951969,0.0453301572662567,0.0505563955544721
0.0455339593057452,0.0424345946951969,0.0453301572662567,0.0505563955544721
0.0455339593057452,0.0424345946951969,0.0453301572662567,0.0505563955544721
0.0455339593057452,0.0424345946951969,0.0453301572662567,0.0505563955544721
0.0455339593057452,0.0424345946951969,0.0453301572662567,0.0505563955544721
0.0487885638283999,0.0424345946951969,0.0453301572662567,0.0505563955544721
0.0487885638283999,0.0424345946951969,0.0453301572662567,0.0505563955544721
0.0487885638283999,0.0441378997737079,0.0453301572662567,0.0505563955544721
0.0454341516887905,0.0441378997737079,0.0453301572662567,0.0505563955544721
0.0454341516887905,0.0441378997737079,0.0453301572662567,0.0505563955544721
0.0454341516887905,0.0441378997737079,0.0453301572662567,0.0505563955544721
0.0454341516887905,0.0441378997737079,0.0453301572662567,0.0505563955544721
0.0454341516887905,0.0441378997737079,0.0453301572662567,0.0505563955544721
0.0454341516887905,0.0441378997737079,0.0453301572662567,0.0505563955544721
0.0454341516887905,0.0441378997737079,0.0453301572662567,0.0505563955544721
0.0454341516887905,0.0441378997737079,0.0453301572662567,0.0505563955544721
0.0454341516887905,0.0441378997737079,0.0453301572662567,0.0505563955544721
0.0454341516887905,0.0441378997737079,0.0453301572662567,0.0505563955544721
0.0454341516887905,0.0456342154380587,0.0453301572662567,0.0505563955544721
0.0454341516887905,0.0456342154380587,0.0453301572662567,0.0505563955544721
0.0454341516887905,0.0456342154380587,0.0453301572662567,0.0505563955544721
0.0454341516887905,0.0456342154380587,0.0453301572662567,0.0505563955544721
0.0454341516887905,0.0456342154380587,0.0453301572662567,0.0505563955544721
0.0454341516887905,0.0456342154380587,0.0453301572662567,0.0505563955544721
0.0454341516887905,0.0456342154380587,0.0453301572662567,0.0505563955544721
0.0454341516887905,0.0456342154380587,0.0453301572662567,0.0505563955544721
0.0454341516887905,0.0456342154380587,0.0453301572662567,0.0505563955544721
0.0454341516887905,0.0456342154380587,0.0453301572662567,0.0505563955544721
0.0454341516887905,0.0456342154380587,0.0453301572662567,0.0505563955544721
0.0454341516887905,0.0456342154380587,0.0453301572662567,0.0505563955544721
0.0454341516887905,0.0456342154380587,0.0453301572662567,0.0505563955544721
0.0454341516887905,0.0456342154380587,0.0453301572662567,0.0505563955544721
0.0454341516887905,0.0456342154380587,0.0453301572662567,0.0505563955544721
0.0454341516887905,0.0456342154380587,0.0453301572662567,0.0505563955544721
0.0454341516887905,0.0456342154380587,0.0453301572662567,0.0505563955544721
0.0454341516887905,0.0456342154380587,0.0453301572662567,0.0505563955544721
0.0454341516887905,0.0456342154380587,0.0453301572662567,0.0505563955544721
0.0454341516887905,0.0456342154380587,0.0453301572662567,0.0505563955544721
0.0454341516887905,0.0456342154380587,0.0490548646292524,0.0505563955544721
0.0454341516887905,0.0456342154380587,0.0490548646292524,0.0505563955544721
0.0454341516887905,0.0456342154380587,0.0490548646292524,0.0505563955544721
0.0454341516887905,0.0456342154380587,0.0490548646292524,0.0505563955544721
0.0454341516887905,0.0456342154380587,0.0490548646292524,0.0505563955544721
0.0454341516887905,0.0456342154380587,0.0490548646292524,0.0505563955544721
0.0454341516887905,0.0456342154380587,0.0490548646292524,0.0555759011010095
0.0454341516887905,0.0456342154380587,0.0490548646292524,0.0555759011010095
0.0454341516887905,0.0456342154380587,0.0490548646292524,0.0555759011010095
0.0454341516887905,0.0456342154380587,0.0490548646292524,0.0555759011010095
0.0454341516887905,0.0456342154380587,0.0490548646292524,0.0555759011010095
0.0454341516887905,0.0456342154380587,0.0490548646292524,0.0555759011010095
0.0454341516887905,0.0456342154380587,0.0490548646292524,0.0555759011010095
0.0454341516887905,0.0456342154380587,0.0490548646292524,0.0555759011010095
0.0454341516887905,0.0456342154380587,0.0490548646292524,0.0555759011010095
0.0454341516887905,0.0456342154380587,0.0490548646292524,0.0555759011010095
0.0454341516887905,0.0456342154380587,0.0490548646292524,0.0555759011010095
0.0454341516887905,0.0456342154380587,0.0490548646292524,0.0555759011010095
0.0454341516887905,0.0456342154380587,0.0490548646292524,0.0555759011010095
0.0454341516887905,0.0456342154380587,0.0490548646292524,0.0555759011010095
0.0454341516887905,0.0456342154380587,0.0490548646292524,0.0567787145444866
0.0454341516887905,0.0456342154380587,0.0490548646292524,0.0505332173873501
0.0454341516887905,0.0456342154380587,0.0490548646292524,0.0505332173873501
0.0454341516887905,0.0386886145029694,0.0490548646292524,0.0505332173873501
0.0454341516887905,0.0386886145029694,0.0490548646292524,0.0505332173873501
0.0454341516887905,0.0386886145029694,0.0490548646292524,0.0505332173873501
0.0454341516887905,0.0386886145029694,0.0490548646292524,0.0505332173873501
0.0454341516887905,0.0386886145029694,0.0490548646292524,0.0505332173873501
0.0454341516887905,0.0400369931149592,0.0490548646292524,0.0505332173873501
0.0454341516887905,0.0400369931149592,0.0490548646292524,0.0505332173873501
0.0454341516887905,0.0400369931149592,0.0490548646292524,0.0505332173873501
0.0454341516887905,0.0400369931149592,0.0490548646292524,0.0505332173873501
0.0454341516887905,0.0400369931149592,0.0451763521254755,0.0505332173873501
0.0454341516887905,0.0400369931149592,0.0451763521254755,0.0505332173873501
0.0454341516887905,0.0400369931149592,0.0451763521254755,0.0505332173873501
0.0454341516887905,0.0400369931149592,0.0451763521254755,0.0505332173873501
0.0454341516887905,0.0400369931149592,0.0451763521254755,0.0505332173873501
0.0454341516887905,0.0400369931149592,0.0451763521254755,0.0505332173873501
0.0454341516887905,0.0400369931149592,0.0481433207296355,0.0505332173873501
0.0454341516887905,0.0400369931149592,0.0481433207296355,0.0505332173873501
0.0454341516887905,0.0400369931149592,0.0481433207296355,0.0505332173873501
0.0454341516887905,0.0400369931149592,0.0481433207296355,0.0505332173873501
0.0454341516887905,0.0400369931149592,0.0481433207296355,0.0505332173873501
0.0454341516887905,0.0400369931149592,0.0481433207296355,0.0505332173873501
0.0454341516887905,0.0400369931149592,0.0481433207296355,0.0505332173873501
0.0454341516887905,0.0400369931149592,0.0481433207296355,0.0548929342114521
0.0454341516887905,0.0400369931149592,0.0481433207296355,0.0548929342114521
0.0467047968110232,0.0400369931149592,0.0481433207296355,0.0548929342114521
0.0467047968110232,0.0400369931149592,0.0481433207296355,0.0548929342114521
0.0467047968110232,0.0400369931149592,0.0481433207296355,0.0548929342114521
0.0467047968110232,0.0400369931149592,0.0481433207296355,0.0548929342114521
0.0467047968110232,0.0400369931149592,0.0481433207296355,0.0548929342114521
0.0467047968110232,0.0400369931149592,0.0481433207296355,0.0548929342114521
0.0467047968110232,0.0400369931149592,0.0481433207296355,0.0548929342114521
0.0467047968110232,0.0400369931149592,0.0481433207296355,0.0548929342114521
0.0467047968110232,0.0400369931149592,0.0464470380920369,0.0548929342114521
0.0467047968110232,0.0400369931149592,0.0464470380920369,0.0548929342114521
0.0467047968110232,0.0400369931149592,0.0464470380920369,0.0548929342114521
0.0467047968110232,0.0400369931149592,0.0464470380920369,0.0548929342114521
0.0467047968110232,0.0400369931149592,0.0464470380920369,0.0548929342114521
0.0467047968110232,0.0400369931149592,0.0464470380920369,0.0548929342114521
0.0467047968110232,0.0400369931149592,0.0464470380920369,0.0548929342114521
0.0467047968110232,0.0400369931149592,0.0464470380920369,0.0548929342114521
0.0467047968110232,0.0429142464093396,0.0464470380920369,0.0554715472775914
0.0467047968110232,0.0429142464093396,0.0464470380920369,0.0554715472775914
0.0467047968110232,0.0429142464093396,0.0464470380920369,0.0554715472775914
0.0467047968110232,0.0429142464093396,0.0464470380920369,0.0554715472775914
0.0467047968110232,0.0441694331865749,0.0464470380920369,0.0554715472775914
0.0467047968110232,0.0441694331865749,0.0464470380920369,0.0554715472775914
0.0467047968110232,0.0441694331865749,0.0464470380920369,0.0554715472775914
0.0467047968110232,0.0441694331865749,0.0464470380920369,0.0534927167404754
0.0467047968110232,0.0441694331865749,0.0464470380920369,0.0534927167404754
0.0467047968110232,0.0441694331865749,0.0464470380920369,0.0534927167404754
0.0467047968110232,0.0441694331865749,0.0464470380920369,0.0476693939992152
0.0456329844133583,0.0441694331865749,0.0464470380920369,0.0476693939992152
0.0456329844133583,0.0441694331865749,0.0464470380920369,0.0476693939992152
0.0456329844133583,0.0441694331865749,0.0464470380920369,0.0476693939992152
0.0456329844133583,0.0441694331865749,0.0464470380920369,0.0476693939992152
0.0456329844133583,0.0441694331865749,0.0464470380920369,0.0476693939992152
0.0456329844133583,0.0441694331865749,0.0464470380920369,0.0476693939992152
0.0456329844133583,0.0441694331865749,0.0464470380920369,0.0476693939992152
0.0456329844133583,0.0441694331865749,0.0450264992846933,0.0476693939992152
0.0456329844133583,0.0441694331865749,0.0450264992846933,0.0476693939992152
0.0456329844133583,0.0441694331865749,0.0450264992846933,0.0476693939992152
0.0456329844133583,0.0441694331865749,0.0450264992846933,0.0476693939992152
0.0456329844133583,0.0441694331865749,0.0450264992846933,0.0476693939992152
0.0456329844133583,0.0441694331865749,0.0450264992846933,0.0476693939992152
0.0456329844133583,0.0441694331865749,0.0450264992846933,0.0476693939992152
0.0456329844133583,0.0441694331865749,0.0450264992846933,0.0532761745372953
0.0456329844133583,0.0441694331865749,0.0450264992846933,0.0532761745372953
0.0456329844133583,0.0441694331865749,0.0450264992846933,0.0532761745372953
0.0456329844133583,0.0441694331865749,0.0450264992846933,0.0532761745372953
0.0456329844133583,0.0441694331865749,0.0450264992846933,0.0532761745372953
0.0456329844133583,0.0441694331865749,0.0450264992846933,0.0532761745372953
0.0456329844133583,0.0441694331865749,0.0450264992846933,0.0532761745372953
0.0456329844133583,0.0441694331865749,0.0450264992846933,0.0532761745372953
0.0456329844133583,0.0393160388339566,0.0450264992846933,0.0532761745372953
0.0456329844133583,0.0393160388339566,0.0450264992846933,0.0532761745372953
0.0456329844133583,0.0393160388339566,0.0450264992846933,0.0532761745372953
0.0456329844133583,0.0393160388339566,0.0450264992846933,0.0532761745372953
0.0456329844133583,0.0393160388339566,0.0450264992846933,0.0532761745372953
0.0456329844133583,0.0393160388339566,0.0450264992846933,0.0532761745372953
0.0456329844133583,0.0393160388339566,0.0450264992846933,0.0532761745372953
0.0456329844133583,0.0393160388339566,0.0450264992846933,0.0532761745372953
0.0456329844133583,0.0393160388339566,0.0450264992846933,0.0532761745372953
0.0456329844133583,0.0393160388339566,0.0450264992846933,0.0532761745372953
0.0456329844133583,0.0393160388339566,0.0450264992846933,0.0532761745372953
0.0456329844133583,0.0393160388339566,0.0450264992846933,0.0532761745372953
0.0456329844133583,0.0393160388339566,0.0450264992846933,0.0532761745372953
0.0456329844133583,0.0393160388339566,0.0450264992846933,0.0532761745372953
0.0456329844133583,0.0393160388339566,0.0450264992846933,0.0532761745372953
0.0456329844133583,0.0393160388339566,0.0450264992846933,0.0532761745372953
0.0456329844133583,0.0393160388339566,0.0450264992846933,0.0532761745372953
0.0456329844133583,0.0393160388339566,0.0416178716181978,0.0532761745372953
0.0456329844133583,0.0393160388339566,0.0416178716181978,0.0532761745372953
0.0456329844133583,0.0393160388339566,0.0467086713133086,0.054498546237987
0.0456329844133583,0.0393160388339566,0.0467086713133086,0.054498546237987
0.0456329844133583,0.0393160388339566,0.0467086713133086,0.054498546237987
0.0456329844133583,0.0393160388339566,0.0467086713133086,0.054498546237987
0.0456329844133583,0.0393160388339566,0.0467086713133086,0.054498546237987
0.0447710470701502,0.0393160388339566,0.0467086713133086,0.054498546237987
0.0447710470701502,0.0393160388339566,0.0467086713133086,0.054498546237987
0.0447710470701502,0.0393160388339566,0.0467086713133086,0.054498546237987
0.0447710470701502,0.0393160388339566,0.0467086713133086,0.054498546237987
0.0447710470701502,0.0393160388339566,0.0467086713133086,0.054498546237987
0.0447710470701502,0.0393160388339566,0.0467086713133086,0.054498546237987
0.0447710470701502,0.0393160388339566,0.0467086713133086,0.054498546237987
0.0447710470701502,0.0393160388339566,0.0467086713133086,0.054498546237987
0.0447710470701502,0.0393160388339566,0.0467086713133086,0.054498546237987
0.0447710470701502,0.0393160388339566,0.0467086713133086,0.054498546237987
0.0447710470701502,0.0393160388339566,0.0467086713133086,0.054498546237987
0.0447710470701502,0.0393160388339566,0.0467086713133086,0.054498546237987
0.0447710470701502,0.0393160388339566,0.0467086713133086,0.054498546237987
0.0447710470701502,0.0393160388339566,0.0467086713133086,0.054498546237987
0.0447710470701502,0.0393842168956813,0.0467086713133086,0.054498546237987
0.0447710470701502,0.0393842168956813,0.0467086713133086,0.054498546237987
0.0447710470701502,0.0393842168956813,0.0467086713133086,0.054498546237987
0.0447710470701502,0.0387207761188955,0.0467086713133086,0.054498546237987
0.0447710470701502,0.0387207761188955,0.0467086713133086,0.054498546237987
0.0447710470701502,0.0387207761188955,0.0467086713133086,0.054498546237987
0.0447710470701502,0.0387207761188955,0.0467086713133086,0.054498546237987
0.0447710470701502,0.0387207761188955,0.0467086713133086,0.054498546237987
0.0447710470701502,0.0387207761188955,0.0467086713133086,0.054498546237987
0.0447710470701502,0.0387207761188955,0.0467086713133086,0.054498546237987
0.0447710470701502,0.0387207761188955,0.0467086713133086,0.054498546237987
0.0447710470701502,0.0387207761188955,0.0467086713133086,0.054498546237987
0.0447710470701502,0.0387207761188955,0.0467086713133086,0.054498546237987
0.0447710470701502,0.0387207761188955,0.0467086713133086,0.054498546237987
0.0447710470701502,0.0387207761188955,0.0467086713133086,0.054498546237987
0.0447710470701502,0.0387207761188955,0.0467086713133086,0.054498546237987
0.0447710470701502,0.0387207761188955,0.0467086713133086,0.054498546237987
0.0447710470701502,0.0387207761188955,0.0467086713133086,0.054498546237987
0.0447710470701502,0.0387207761188955,0.0467086713133086,0.054498546237987
0.0447710470701502,0.0387207761188955,0.0467086713133086,0.054498546237987
0.0447710470701502,0.0387207761188955,0.0467086713133086,0.054498546237987
0.0447710470701502,0.0387207761188955,0.0467086713133086,0.054498546237987
0.0447710470701502,0.0387207761188955,0.0467086713133086,0.0454583564864688
0.0447710470701502,0.0387207761188955,0.0467086713133086,0.0534904421610988
0.0447710470701502,0.0387207761188955,0.0467086713133086,0.0534904421610988
0.0447710470701502,0.0387207761188955,0.0467086713133086,0.0534904421610988
0.0447710470701502,0.0387207761188955,0.0467086713133086,0.0546385280631452
0.0447710470701502,0.0394912464323098,0.0467086713133086,0.0546385280631452
0.0447710470701502,0.0394912464323098,0.0475640152583648,0.0546385280631452
0.0447710470701502,0.0394912464323098,0.0475640152583648,0.0546385280631452
0.0447710470701502,0.0394912464323098,0.0475640152583648,0.0546385280631452
0.0447710470701502,0.0394912464323098,0.0475640152583648,0.0546385280631452
0.0447710470701502,0.0394912464323098,0.0475640152583648,0.0538545560223387
0.0447710470701502,0.0394912464323098,0.0475640152583648,0.0538545560223387
0.0447710470701502,0.0394912464323098,0.0475640152583648,0.0538545560223387
0.0447710470701502,0.0394912464323098,0.0475640152583648,0.0538545560223387
0.0447710470701502,0.0394912464323098,0.0475640152583648,0.0538545560223387
0.0447710470701502,0.0394912464323098,0.0475640152583648,0.0538545560223387
0.0447710470701502,0.0394912464323098,0.0475640152583648,0.0538545560223387
0.0447710470701502,0.0394912464323098,0.0475640152583648,0.0538545560223387
0.0447710470701502,0.0394912464323098,0.0475640152583648,0.0538545560223387
0.0447710470701502,0.0394912464323098,0.0475640152583648,0.0538545560223387
0.0447710470701502,0.0394912464323098,0.0475640152583648,0.0538545560223387
0.0447710470701502,0.0394912464323098,0.0475640152583648,0.0538545560223387
0.0447710470701502,0.0394912464323098,0.0475640152583648,0.0538545560223387
0.0447710470701502,0.0394912464323098,0.0475640152583648,0.0538545560223387
0.0447710470701502,0.0394912464323098,0.0475640152583648,0.0538545560223387
0.0447710470701502,0.0394912464323098,0.0475640152583648,0.0538545560223387
0.0447710470701502,0.0394912464323098,0.0475640152583648,0.0538545560223387
0.0447710470701502,0.0394912464323098,0.0475640152583648,0.0538545560223387
0.0447710470701502,0.0394912464323098,0.0475640152583648,0.0538545560223387
0.0447710470701502,0.0394912464323098,0.0475640152583648,0.0538545560223387
0.0447710470701502,0.0394912464323098,0.0475640152583648,0.0538545560223387
0.0447710470701502,0.0394912464323098,0.0475640152583648,0.0538545560223387
0.0447710470701502,0.0394912464323098,0.0475640152583648,0.0538545560223387
0.0447710470701502,0.0394912464323098,0.0475640152583648,0.0538545560223387
0.0447710470701502,0.0394912464323098,0.0475640152583648,0.0495120157332812
0.0444103403296137,0.0394912464323098,0.0475640152583648,0.0495120157332812
0.0444103403296137,0.0394912464323098,0.0475640152583648,0.0495120157332812
0.0444103403296137,0.0394912464323098,0.0475640152583648,0.0495120157332812
0.0444103403296137,0.0394912464323098,0.0475640152583648,0.050133280731542
0.0444103403296137,0.0394912464323098,0.0475640152583648,0.050133280731542
0.0444103403296137,0.0394912464323098,0.0475640152583648,0.050133280731542
0.0444103403296137,0.0404925480868428,0.0475640152583648,0.050133280731542
0.0444103403296137,0.0404925480868428,0.0475640152583648,0.050133280731542
0.0444103403296137,0.0404925480868428,0.0475640152583648,0.050133280731542
0.0444103403296137,0.0404925480868428,0.0475640152583648,0.0531648118994487
0.0444103403296137,0.0404925480868428,0.0475640152583648,0.0531648118994487
0.0444103403296137,0.0404925480868428,0.0475640152583648,0.0531648118994487
0.0444103403296137,0.0404925480868428,0.0475640152583648,0.0531648118994487
0.0444103403296137,0.0404925480868428,0.0475640152583648,0.0531648118994487
0.0444103403296137,0.0404925480868428,0.0475640152583648,0.0531648118994487
0.0444103403296137,0.0404925480868428,0.0475640152583648,0.0531648118994487
0.0444103403296137,0.0404925480868428,0.0475640152583648,0.0531648118994487
0.0444103403296137,0.0404925480868428,0.0475640152583648,0.0531648118994487
0.0444103403296137,0.0404925480868428,0.0475640152583648,0.0531648118994487
0.0444103403296137,0.0404925480868428,0.0475640152583648,0.0531648118994487
0.0444103403296137,0.0404925480868428,0.0475640152583648,0.0531648118994487
0.0444103403296137,0.0404925480868428,0.0475640152583648,0.0531648118994487
0.0444103403296137,0.0404925480868428,0.0475640152583648,0.0531648118994487
0.0444103403296137,0.0404925480868428,0.0475640152583648,0.0531648118994487
0.0444103403296137,0.0404925480868428,0.0475640152583648,0.0531648118994487
0.0444103403296137,0.0404925480868428,0.0475640152583648,0.0531648118994487
0.0444103403296137,0.0404925480868428,0.0475640152583648,0.0531648118994487
0.0444103403296137,0.0404925480868428,0.0475640152583648,0.0531648118994487
0.0444103403296137,0.0404925480868428,0.0475640152583648,0.0531648118994487
0.0470675190681542,0.0404925480868428,0.0475640152583648,0.0531648118994487
0.0470675190681542,0.0402478402286713,0.0475640152583648,0.0531648118994487
0.0470675190681542,0.0402478402286713,0.0475640152583648,0.0531648118994487
0.0470675190681542,0.0402478402286713,0.0475640152583648,0.0531648118994487
0.0470675190681542,0.0402478402286713,0.0475640152583648,0.0531648118994487
0.0470675190681542,0.0402478402286713,0.0475640152583648,0.0531648118994487
0.0470675190681542,0.0402478402286713,0.0475640152583648,0.0531648118994487
0.0470675190681542,0.0402478402286713,0.0475640152583648,0.0531648118994487
0.0470675190681542,0.0402478402286713,0.0475640152583648,0.0531648118994487
0.0470675190681542,0.0402478402286713,0.0509796804170116,0.0531648118994487
0.0470675190681542,0.0402478402286713,0.0509796804170116,0.0531648118994487
0.0470675190681542,0.0402478402286713,0.0509796804170116,0.0531648118994487
0.0470675190681542,0.0402478402286713,0.0509796804170116,0.0531648118994487
0.0470675190681542,0.0402478402286713,0.0509796804170116,0.0531648118994487
0.0470675190681542,0.0402478402286713,0.0509796804170116,0.0531648118994487
0.0470675190681542,0.0459123857001356,0.0509796804170116,0.0531648118994487
0.0470675190681542,0.0459123857001356,0.0509796804170116,0.0540465811243449
0.0470675190681542,0.0459123857001356,0.0509796804170116,0.0540465811243449
0.0470675190681542,0.0459123857001356,0.0509796804170116,0.0540465811243449
0.0470675190681542,0.0459123857001356,0.0509796804170116,0.0540465811243449
0.0470675190681542,0.0459123857001356,0.0509796804170116,0.0540465811243449
0.0470675190681542,0.0459123857001356,0.0509796804170116,0.0540465811243449
0.0470675190681542,0.0459123857001356,0.0509796804170116,0.0540465811243449
0.0470675190681542,0.0459123857001356,0.0509796804170116,0.0540465811243449
0.0470675190681542,0.0459123857001356,0.0509796804170116,0.0540465811243449
0.0470675190681542,0.0459123857001356,0.0509796804170116,0.0540465811243449
0.0470675190681542,0.0459123857001356,0.0509796804170116,0.0540465811243449
0.0470675190681542,0.0459123857001356,0.0509796804170116,0.0540465811243449
0.0470675190681542,0.0459123857001356,0.0509796804170116,0.0540465811243449
0.0470675190681542,0.0459123857001356,0.0509796804170116,0.0460158600858903
0.0470675190681542,0.0459123857001356,0.0509796804170116,0.0460158600858903
0.0470675190681542,0.0459123857001356,0.0509796804170116,0.0460158600858903
0.0470675190681542,0.0459123857001356,0.0509796804170116,0.0460158600858903
0.0470675190681542,0.0459123857001356,0.0509796804170116,0.0460158600858903
0.0470675190681542,0.0459123857001356,0.0509796804170116,0.0460158600858903
0.0470675190681542,0.0459123857001356,0.0509796804170116,0.0460158600858903
0.0470675190681542,0.0459123857001356,0.0509796804170116,0.0460158600858903
0.0470675190681542,0.0459123857001356,0.0509796804170116,0.0460158600858903
0.0470675190681542,0.0459123857001356,0.0509796804170116,0.0460158600858903
0.0470675190681542,0.0459123857001356,0.0509796804170116,0.0460158600858903
0.0470675190681542,0.0459123857001356,0.0509796804170116,0.0470971798032148
0.0470675190681542,0.0448408141133641,0.0509796804170116,0.0513787428127865
0.0470675190681542,0.0502405130108597,0.0509796804170116,0.0513787428127865
0.0470675190681542,0.0502405130108597,0.0509796804170116,0.0513787428127865
0.0470675190681542,0.0502405130108597,0.0509796804170116,0.0513787428127865
0.0470675190681542,0.0502405130108597,0.0509796804170116,0.0513787428127865
0.0470675190681542,0.0515128868198384,0.0509796804170116,0.0513787428127865
0.0470675190681542,0.0515128868198384,0.0509796804170116,0.0513787428127865
0.0470675190681542,0.0515128868198384,0.0509796804170116,0.0513787428127865
0.0470675190681542,0.0515128868198384,0.0509796804170116,0.0439056091614035
0.0470675190681542,0.0515128868198384,0.0509796804170116,0.0439056091614035
0.0483049080251724,0.0515128868198384,0.0509796804170116,0.0439056091614035
0.0483049080251724,0.0515128868198384,0.0509796804170116,0.0439056091614035
0.0483049080251724,0.0515128868198384,0.0509796804170116,0.0439056091614035
0.0483049080251724,0.0515128868198384,0.0509796804170116,0.0439056091614035
0.0483049080251724,0.0515128868198384,0.0509796804170116,0.0439056091614035
0.0483049080251724,0.0515128868198384,0.0509796804170116,0.0439056091614035
0.0483049080251724,0.0515128868198384,0.0509796804170116,0.0439056091614035
0.0483049080251724,0.0515128868198384,0.0509796804170116,0.0439056091614035
0.0483049080251724,0.0515128868198384,0.0509796804170116,0.0439056091614035
0.0483049080251724,0.0515128868198384,0.0509796804170116,0.0439056091614035
0.0483049080251724,0.0515128868198384,0.0509796804170116,0.0439056091614035
0.0483049080251724,0.0515128868198384,0.0509796804170116,0.0439056091614035
0.0483049080251724,0.0515128868198384,0.0509796804170116,0.0439056091614035
0.0483049080251724,0.0515128868198384,0.0509796804170116,0.0439056091614035
0.0483049080251724,0.0515128868198384,0.0509796804170116,0.0439056091614035
0.0483049080251724,0.0515128868198384,0.0509796804170116,0.0439056091614035
0.0483049080251724,0.0515128868198384,0.0509796804170116,0.0439056091614035
0.0483049080251724,0.0515128868198384,0.0509796804170116,0.0439056091614035
0.0483049080251724,0.0515128868198384,0.0509796804170116,0.0439056091614035
0.0483049080251724,0.0515128868198384,0.0509796804170116,0.0439056091614035
0.0483049080251724,0.0515128868198384,0.0509796804170116,0.0439056091614035
0.0483049080251724,0.0430970229960573,0.0509796804170116,0.0439056091614035
0.0483049080251724,0.0430970229960573,0.0509796804170116,0.0439056091614035
0.0483049080251724,0.0430970229960573,0.0509796804170116,0.0439056091614035
0.0483049080251724,0.0492215102656702,0.0509796804170116,0.0439056091614035
0.0483049080251724,0.0492215102656702,0.0509796804170116,0.0439056091614035
0.0483049080251724,0.0492215102656702,0.0509796804170116,0.0439056091614035
0.0483049080251724,0.0492215102656702,0.0509796804170116,0.0439056091614035
0.0483049080251724,0.0492215102656702,0.0509796804170116,0.0439056091614035
0.0483049080251724,0.0492215102656702,0.0509796804170116,0.0439056091614035
0.0483049080251724,0.0492215102656702,0.0509796804170116,0.0439056091614035
0.0483049080251724,0.0492215102656702,0.0509796804170116,0.0439056091614035
0.0483049080251724,0.0492215102656702,0.0509796804170116,0.0439056091614035
0.0483049080251724,0.0478598988739542,0.0509796804170116,0.0439056091614035
0.0483049080251724,0.0528861083846966,0.0509796804170116,0.0439056091614035
0.0483049080251724,0.0528861083846966,0.0509796804170116,0.0439056091614035
0.0483049080251724,0.0528861083846966,0.0509796804170116,0.0439056091614035
0.0483049080251724,0.0528861083846966,0.0509796804170116,0.0439056091614035
0.0483049080251724,0.0528861083846966,0.0509796804170116,0.0439056091614035
0.0483049080251724,0.0528861083846966,0.0509796804170116,0.0439056091614035
0.0483049080251724,0.0528861083846966,0.0509796804170116,0.0439056091614035
0.0483049080251724,0.0528861083846966,0.0509796804170116,0.0439056091614035
0.0483049080251724,0.0528861083846966,0.0509796804170116,0.0439056091614035
0.0483049080251724,0.0528861083846966,0.0509796804170116,0.0439056091614035
0.0483049080251724,0.0528861083846966,0.0509796804170116,0.0439056091614035
0.0483049080251724,0.0528861083846966,0.0509796804170116,0.0439056091614035
0.0483049080251724,0.0528861083846966,0.0509796804170116,0.0439056091614035
0.0483049080251724,0.0528861083846966,0.0509796804170116,0.0439056091614035
0.0483049080251724,0.0528861083846966,0.0509796804170116,0.0439056091614035
0.0483049080251724,0.0528861083846966,0.0509796804170116,0.0439056091614035
0.0483049080251724,0.0528861083846966,0.0509796804170116,0.0439056091614035
0.0483049080251724,0.0528861083846966,0.0509796804170116,0.0439056091614035
0.0483049080251724,0.0528861083846966,0.0509796804170116,0.0439056091614035
0.0483049080251724,0.0528861083846966,0.0509796804170116,0.0439056091614035
0.0483049080251724,0.0528861083846966,0.0509796804170116,0.0439056091614035
0.0483049080251724,0.0528861083846966,0.0509796804170116,0.0439056091614035
0.0483049080251724,0.0528861083846966,0.0509796804170116,0.0464339309850745
0.0483049080251724,0.0528861083846966,0.0509796804170116,0.0464339309850745
0.0483049080251724,0.0528861083846966,0.0509796804170116,0.0464339309850745
0.0483049080251724,0.0528861083846966,0.0509796804170116,0.0464339309850745
0.0483049080251724,0.0528861083846966,0.0509796804170116,0.0464339309850745
0.0483049080251724,0.0528861083846966,0.0509796804170116,0.0464339309850745
0.0483049080251724,0.0528861083846966,0.0509796804170116,0.0464339309850745
0.0483049080251724,0.0528861083846966,0.0509796804170116,0.0464339309850745
0.0483049080251724,0.0528861083846966,0.0509796804170116,0.0464339309850745
0.0483049080251724,0.0528861083846966,0.0509796804170116,0.0464339309850745
0.0483049080251724,0.0528861083846966,0.0509796804170116,0.0464339309850745
0.0483049080251724,0.0528861083846966,0.0495307088776303,0.0464339309850745
0.0483049080251724,0.0528861083846966,0.0495307088776303,0.0464339309850745
0.0483049080251724,0.0528861083846966,0.0495307088776303,0.0464339309850745
0.0483049080251724,0.0528861083846966,0.0495307088776303,0.0464339309850745
0.0483049080251724,0.0528861083846966,0.0495307088776303,0.0464339309850745
0.0483049080251724,0.0528861083846966,0.0495307088776303,0.0464339309850745
0.0483049080251724,0.0528861083846966,0.0495307088776303,0.0464339309850745
0.0483049080251724,0.0528861083846966,0.0495307088776303,0.0464339309850745
0.0474320191209941,0.0528861083846966,0.0495307088776303,0.0464339309850745
0.0474320191209941,0.0528861083846966,0.0495307088776303,0.0464339309850745
0.0474320191209941,0.0530495562694692,0.0495307088776303,0.0464339309850745
0.0474320191209941,0.0530495562694692,0.0495307088776303,0.0464339309850745
0.0474320191209941,0.0530495562694692,0.0495307088776303,0.0464339309850745
0.0474320191209941,0.0530495562694692,0.0495307088776303,0.0464339309850745
0.0474320191209941,0.0530495562694692,0.0495307088776303,0.0464339309850745
0.0474320191209941,0.0530495562694692,0.0495307088776303,0.0464339309850745
0.0474320191209941,0.0530495562694692,0.0495852585544169,0.0464339309850745
0.0474320191209941,0.0530495562694692,0.0495852585544169,0.0464339309850745
0.0474320191209941,0.0530495562694692,0.0495852585544169,0.0464339309850745
0.0474320191209941,0.0530495562694692,0.0495852585544169,0.0464339309850745
0.0474320191209941,0.0530495562694692,0.0495852585544169,0.0464339309850745
0.0474320191209941,0.0530495562694692,0.0495852585544169,0.0464339309850745
0.0474320191209941,0.0530495562694692,0.0495852585544169,0.0464339309850745
0.0474320191209941,0.0530495562694692,0.0495852585544169,0.0464339309850745
0.0474320191209941,0.0530495562694692,0.0495852585544169,0.0464339309850745
0.0474320191209941,0.0530495562694692,0.0495852585544169,0.0464339309850745
0.0474320191209941,0.0530495562694692,0.0495852585544169,0.0464339309850745
0.0474320191209941,0.0530495562694692,0.0495852585544169,0.0464339309850745
0.0474320191209941,0.0530495562694692,0.0495852585544169,0.0464339309850745
0.0474320191209941,0.0530495562694692,0.0495852585544169,0.0464339309850745
0.0474320191209941,0.0530495562694692,0.0495852585544169,0.0464339309850745
0.0474320191209941,0.0530495562694692,0.0495852585544169,0.0464339309850745
0.0474320191209941,0.0530495562694692,0.0495852585544169,0.0464339309850745
0.0474320191209941,0.0530495562694692,0.0495852585544169,0.0464339309850745
0.0474320191209941,0.0530495562694692,0.0495852585544169,0.0464339309850745
0.045734980698082,0.0530495562694692,0.0495852585544169,0.0464339309850745
0.045734980698082,0.0530495562694692,0.0495852585544169,0.0464339309850745
0.045734980698082,0.0530495562694692,0.0495852585544169,0.0464339309850745
0.045734980698082,0.0530495562694692,0.0495852585544169,0.0464339309850745
0.045734980698082,0.0530495562694692,0.0495852585544169,0.0464339309850745
0.045734980698082,0.0530495562694692,0.0495852585544169,0.0464339309850745
0.045734980698082,0.0530495562694692,0.0495852585544169,0.0464339309850745
0.045734980698082,0.0530495562694692,0.0495852585544169,0.0464339309850745
0.045734980698082,0.0530495562694692,0.0495852585544169,0.0567489414855661
0.045734980698082,0.0530495562694692,0.0495852585544169,0.0567489414855661
0.045734980698082,0.0530495562694692,0.0495852585544169,0.0567489414855661
0.045734980698082,0.0530495562694692,0.0495852585544169,0.0567489414855661
0.045734980698082,0.0530495562694692,0.0495852585544169,0.0567489414855661
0.045734980698082,0.0530495562694692,0.0495852585544169,0.0507535304587329
0.045734980698082,0.0530495562694692,0.0495852585544169,0.0507535304587329
0.045734980698082,0.0530495562694692,0.0495852585544169,0.0507535304587329
0.045734980698082,0.0530495562694692,0.0495852585544169,0.0507535304587329
0.045734980698082,0.0530495562694692,0.0495852585544169,0.0507535304587329
0.045734980698082,0.0530495562694692,0.0495852585544169,0.0507535304587329
0.045734980698082,0.0530495562694692,0.0495852585544169,0.0507535304587329
0.045734980698082,0.0530495562694692,0.0495852585544169,0.0507535304587329
0.045734980698082,0.0530495562694692,0.0495852585544169,0.0507535304587329
0.045734980698082,0.0530495562694692,0.0495852585544169,0.0507535304587329
0.045734980698082,0.0530495562694692,0.0495852585544169,0.0507535304587329
0.045734980698082,0.0530495562694692,0.0495852585544169,0.0507535304587329
0.045734980698082,0.0530495562694692,0.0495852585544169,0.0507535304587329
0.045734980698082,0.0530495562694692,0.0495852585544169,0.0507535304587329
0.045734980698082,0.0530495562694692,0.0495852585544169,0.0485550027476433
0.045734980698082,0.0530495562694692,0.0495852585544169,0.0485550027476433
0.045734980698082,0.0530495562694692,0.0495852585544169,0.0485550027476433
0.045734980698082,0.0530495562694692,0.0495852585544169,0.0485550027476433
0.045734980698082,0.0530495562694692,0.0495852585544169,0.0485550027476433
0.045734980698082,0.0530495562694692,0.0495852585544169,0.0485550027476433
0.045734980698082,0.0530495562694692,0.0495852585544169,0.0485550027476433
0.045734980698082,0.0530495562694692,0.0495852585544169,0.0485550027476433
0.045734980698082,0.0530495562694692,0.0495852585544169,0.0485550027476433
0.045734980698082,0.0530495562694692,0.0495852585544169,0.0485550027476433
0.045734980698082,0.0530495562694692,0.0495852585544169,0.0485550027476433
0.045734980698082,0.0463712355004508,0.0495852585544169,0.0485550027476433
0.045734980698082,0.0463712355004508,0.0495852585544169,0.0485550027476433
0.045734980698082,0.0463712355004508,0.0495852585544169,0.0485550027476433
0.045734980698082,0.0463712355004508,0.0495852585544169,0.0485550027476433
0.045734980698082,0.0463712355004508,0.0495852585544169,0.0485550027476433
0.045734980698082,0.0463712355004508,0.0495852585544169,0.0485550027476433
0.045734980698082,0.0463712355004508,0.0495852585544169,0.0485550027476433
0.045734980698082,0.0463712355004508,0.0495852585544169,0.0485550027476433
0.045734980698082,0.0463712355004508,0.0495852585544169,0.0485550027476433
0.0459267264378518,0.0463712355004508,0.0495852585544169,0.0485550027476433
0.0459267264378518,0.0463712355004508,0.0495852585544169,0.0485550027476433
0.0459267264378518,0.0463712355004508,0.0495852585544169,0.0485550027476433
0.0459267264378518,0.0463712355004508,0.0495852585544169,0.0485550027476433
0.0459267264378518,0.0463712355004508,0.0495852585544169,0.0485550027476433
0.0459267264378518,0.0463712355004508,0.0495852585544169,0.0485550027476433
0.0459267264378518,0.0463712355004508,0.0495852585544169,0.0485550027476433
0.0459267264378518,0.0463712355004508,0.0495852585544169,0.0485550027476433
0.0459267264378518,0.0463712355004508,0.0495852585544169,0.0485550027476433
0.0459267264378518,0.0463712355004508,0.0495852585544169,0.0485550027476433
0.0459267264378518,0.0463712355004508,0.0495852585544169,0.0485550027476433
0.0459267264378518,0.0463712355004508,0.0495852585544169,0.0485550027476433
0.0459267264378518,0.0463712355004508,0.0495852585544169,0.0485550027476433
0.0459267264378518,0.0463712355004508,0.0495852585544169,0.0485550027476433
0.0459267264378518,0.0463712355004508,0.0495852585544169,0.0485550027476433
0.0459267264378518,0.0463712355004508,0.0495852585544169,0.0442645985938098
0.0459267264378518,0.0463712355004508,0.0495852585544169,0.0442645985938098
0.0459267264378518,0.0463712355004508,0.0495852585544169,0.0442645985938098
0.0459267264378518,0.0463712355004508,0.0495852585544169,0.0442645985938098
0.0459267264378518,0.0411328395131843,0.0495852585544169,0.0442645985938098
0.0459267264378518,0.0411328395131843,0.0495852585544169,0.0442645985938098
0.0459267264378518,0.0411328395131843,0.0495852585544169,0.0442645985938098
0.0459267264378518,0.0411328395131843,0.0548021468547932,0.0442645985938098
0.0459267264378518,0.0411328395131843,0.0548021468547932,0.0442645985938098
0.0459267264378518,0.0411328395131843,0.0548021468547932,0.0442645985938098
0.0459267264378518,0.0457813534192841,0.0548021468547932,0.0442645985938098
0.0459267264378518,0.0457813534192841,0.0548021468547932,0.0442645985938098
0.0459267264378518,0.045033679913417,0.0548021468547932,0.0442645985938098
0.0459267264378518,0.0381370828642815,0.0548021468547932,0.0442645985938098
0.0459267264378518,0.0381370828642815,0.0548021468547932,0.0442645985938098
0.0459267264378518,0.0381370828642815,0.0548021468547932,0.0442645985938098
0.0459267264378518,0.0381370828642815,0.0548021468547932,0.0442645985938098
0.0459267264378518,0.0381370828642815,0.0548021468547932,0.0442645985938098
0.0459267264378518,0.0526379536914032,0.0548021468547932,0.0442645985938098
0.0459267264378518,0.0526379536914032,0.0501661935105336,0.0442645985938098
0.0459267264378518,0.0526379536914032,0.0501661935105336,0.0442645985938098
0.0459267264378518,0.0369843606745126,0.0501661935105336,0.0442645985938098
0.0459267264378518,0.0369843606745126,0.0501661935105336,0.0442645985938098
0.0459267264378518,0.0369843606745126,0.0501661935105336,0.0442645985938098
0.0459267264378518,0.0369843606745126,0.0501661935105336,0.0442645985938098
0.0459267264378518,0.0369843606745126,0.052936196939136,0.0442645985938098
0.0459267264378518,0.0369843606745126,0.052936196939136,0.0442645985938098
0.0459267264378518,0.0369843606745126,0.052936196939136,0.0442645985938098
0.0459267264378518,0.0369843606745126,0.052936196939136,0.0442645985938098
0.0459267264378518,0.0369843606745126,0.052936196939136,0.0442645985938098
0.0459267264378518,0.0369843606745126,0.052936196939136,0.0442645985938098
0.0459267264378518,0.0369843606745126,0.052936196939136,0.0510743801423713
0.0459267264378518,0.0369843606745126,0.052936196939136,0.0510743801423713
0.0459267264378518,0.0369843606745126,0.052936196939136,0.0510743801423713
0.0459267264378518,0.0369843606745126,0.052936196939136,0.0510743801423713
0.0459267264378518,0.0369843606745126,0.052936196939136,0.0510743801423713
0.0459267264378518,0.0369843606745126,0.052936196939136,0.0510743801423713
0.0459267264378518,0.0369843606745126,0.052936196939136,0.0510743801423713
0.0459267264378518,0.0369843606745126,0.052936196939136,0.0510743801423713
0.0459267264378518,0.0369843606745126,0.052936196939136,0.0510743801423713
0.0459267264378518,0.047076768042513,0.052936196939136,0.0510743801423713
0.0459267264378518,0.047076768042513,0.052936196939136,0.0510743801423713
0.0459267264378518,0.0509152609264487,0.052936196939136,0.0510743801423713
0.0459267264378518,0.0509152609264487,0.052936196939136,0.0510743801423713
0.0459267264378518,0.0509152609264487,0.052936196939136,0.0510743801423713
0.0459267264378518,0.0509152609264487,0.052936196939136,0.0510743801423713
0.0459267264378518,0.0509152609264487,0.052936196939136,0.0510743801423713
0.0459267264378518,0.0509152609264487,0.052936196939136,0.0510743801423713
0.0459267264378518,0.0509152609264487,0.052936196939136,0.0510743801423713
0.0459267264378518,0.0509152609264487,0.052936196939136,0.0510743801423713
0.0459267264378518,0.0509152609264487,0.052936196939136,0.0510743801423713
0.0459267264378518,0.0509152609264487,0.052936196939136,0.0510743801423713
0.0459267264378518,0.0509152609264487,0.052936196939136,0.0510743801423713
0.0459267264378518,0.0509152609264487,0.052936196939136,0.0510743801423713
0.0459267264378518,0.0509152609264487,0.052936196939136,0.0510743801423713
0.0459267264378518,0.0509152609264487,0.052936196939136,0.0510743801423713
0.0459267264378518,0.0509152609264487,0.052936196939136,0.0510743801423713
0.0459267264378518,0.0509152609264487,0.052936196939136,0.0510743801423713
0.0459267264378518,0.0509152609264487,0.052936196939136,0.0510743801423713
0.0459267264378518,0.0509152609264487,0.052936196939136,0.0510743801423713
0.0459267264378518,0.0509152609264487,0.052936196939136,0.0510743801423713
0.0459267264378518,0.0509152609264487,0.052936196939136,0.0510743801423713
0.0459267264378518,0.0509152609264487,0.052936196939136,0.0510743801423713
0.0459267264378518,0.0509152609264487,0.052936196939136,0.0510743801423713
0.0459267264378518,0.0509152609264487,0.052936196939136,0.0510743801423713
0.0459267264378518,0.0509152609264487,0.052936196939136,0.0510743801423713
0.0459267264378518,0.0509152609264487,0.052936196939136,0.0510743801423713
0.0459267264378518,0.0509152609264487,0.052936196939136,0.0510743801423713
0.0479408941499336,0.0509152609264487,0.052936196939136,0.0510743801423713
0.0479408941499336,0.0509152609264487,0.052936196939136,0.0510743801423713
0.0479408941499336,0.0509152609264487,0.052936196939136,0.0510743801423713
0.0479408941499336,0.0509152609264487,0.0516414821076589,0.0510743801423713
0.0479408941499336,0.0509152609264487,0.0516414821076589,0.0510743801423713
0.0479408941499336,0.0509152609264487,0.0516414821076589,0.0510743801423713
0.0479408941499336,0.0509152609264487,0.0516414821076589,0.0510743801423713
0.0479408941499336,0.0509152609264487,0.0516414821076589,0.0510743801423713
0.0479408941499336,0.0509152609264487,0.0516414821076589,0.0510743801423713
0.0479408941499336,0.0509152609264487,0.0516414821076589,0.0510743801423713
0.0479408941499336,0.0509152609264487,0.0499075405490116,0.0510743801423713
0.0479408941499336,0.0509152609264487,0.0499075405490116,0.0510743801423713
0.0436348837505485,0.0509152609264487,0.0499075405490116,0.0510743801423713
0.0436348837505485,0.0509152609264487,0.0499075405490116,0.0510743801423713
0.0436348837505485,0.0509152609264487,0.0499075405490116,0.0510743801423713
0.0436348837505485,0.0509152609264487,0.0499075405490116,0.0510743801423713
0.0420707737780104,0.0509152609264487,0.0499075405490116,0.0510743801423713
0.0420707737780104,0.0509152609264487,0.0499075405490116,0.0510743801423713
0.0420707737780104,0.0509152609264487,0.0499075405490116,0.0510743801423713
0.0420707737780104,0.0509152609264487,0.0499075405490116,0.0510743801423713
0.0420707737780104,0.0509152609264487,0.0499075405490116,0.0510743801423713
0.0420707737780104,0.0509152609264487,0.0499075405490116,0.0510743801423713
0.0420707737780104,0.0509152609264487,0.0499075405490116,0.0510743801423713
0.0420707737780104,0.0509152609264487,0.0499075405490116,0.0510743801423713
0.0420707737780104,0.0509152609264487,0.0499075405490116,0.0510743801423713
0.0420707737780104,0.0509152609264487,0.0499075405490116,0.0510743801423713
0.0420707737780104,0.0509152609264487,0.0499075405490116,0.0510743801423713
0.0420707737780104,0.0509152609264487,0.0499075405490116,0.0510743801423713
0.0420707737780104,0.0509152609264487,0.0499075405490116,0.0510743801423713
0.0420707737780104,0.0509152609264487,0.0499075405490116,0.0510743801423713
0.0420707737780104,0.0509152609264487,0.0499075405490116,0.0510743801423713
0.0420707737780104,0.0509152609264487,0.0499075405490116,0.0510743801423713
0.0420707737780104,0.0509152609264487,0.0499075405490116,0.0510743801423713
0.0420707737780104,0.0509152609264487,0.0499075405490116,0.0510743801423713
0.0420707737780104,0.0509152609264487,0.0499075405490116,0.0510743801423713
0.0420707737780104,0.0509152609264487,0.0499075405490116,0.0441499359499066
0.0420707737780104,0.0509152609264487,0.0499075405490116,0.0441499359499066
0.0420707737780104,0.0509152609264487,0.0499075405490116,0.0526193227506916
0.0420707737780104,0.0509152609264487,0.0499075405490116,0.0526193227506916
0.0420707737780104,0.0509152609264487,0.0499075405490116,0.0526193227506916
0.0420707737780104,0.0509152609264487,0.0499075405490116,0.0526193227506916
0.0420707737780104,0.0509152609264487,0.0499075405490116,0.0526193227506916
0.0420707737780104,0.0509152609264487,0.0499075405490116,0.0526193227506916
0.0420707737780104,0.0509152609264487,0.0499075405490116,0.0526193227506916
0.0420707737780104,0.0509152609264487,0.0499075405490116,0.0526193227506916
0.0420707737780104,0.0509152609264487,0.0499075405490116,0.0526193227506916
0.0420707737780104,0.0509152609264487,0.0499075405490116,0.0526193227506916
0.0420707737780104,0.0509152609264487,0.0499075405490116,0.0526193227506916
0.0420707737780104,0.0509152609264487,0.0499075405490116,0.0526193227506916
0.0420707737780104,0.0509152609264487,0.0499075405490116,0.0526193227506916
0.0420707737780104,0.0509152609264487,0.0499075405490116,0.0526193227506916
0.0420707737780104,0.0509152609264487,0.0499075405490116,0.0526193227506916
0.0420707737780104,0.0509152609264487,0.0499075405490116,0.0526193227506916
0.0420707737780104,0.0509152609264487,0.0499075405490116,0.0526193227506916
0.0420707737780104,0.0509152609264487,0.0499075405490116,0.0526193227506916
0.0420707737780104,0.0509152609264487,0.0499075405490116,0.0499779363199752
0.0420707737780104,0.0509152609264487,0.0499075405490116,0.0499779363199752
0.0420707737780104,0.0509152609264487,0.0499075405490116,0.0499779363199752
0.0420707737780104,0.0509152609264487,0.0499075405490116,0.0499779363199752
0.0420707737780104,0.0509152609264487,0.0499075405490116,0.0499779363199752
0.0420707737780104,0.0509152609264487,0.0499075405490116,0.0499779363199752
0.0420707737780104,0.0509152609264487,0.0499075405490116,0.050606100240303
0.0420707737780104,0.049045348501033,0.0499075405490116,0.050606100240303
0.0420707737780104,0.0501239382477163,0.0499075405490116,0.0535683303678437
0.0420707737780104,0.0501239382477163,0.0499075405490116,0.0535683303678437
0.0420707737780104,0.0501239382477163,0.0499075405490116,0.0535683303678437
0.0420707737780104,0.0501239382477163,0.0499075405490116,0.0535683303678437
0.0420707737780104,0.0501239382477163,0.0499075405490116,0.05441432969639
0.0420707737780104,0.0501239382477163,0.0499075405490116,0.05441432969639
0.0420707737780104,0.0501239382477163,0.0499075405490116,0.05441432969639
0.0420707737780104,0.0501239382477163,0.0499075405490116,0.05441432969639
0.0420707737780104,0.0501239382477163,0.0499075405490116,0.05441432969639
0.0420707737780104,0.0501239382477163,0.0499075405490116,0.05441432969639
0.0420707737780104,0.0494599079067025,0.0499075405490116,0.05441432969639
0.0420707737780104,0.0494599079067025,0.0499075405490116,0.05441432969639
0.0420707737780104,0.0494599079067025,0.0499075405490116,0.05441432969639
0.0420707737780104,0.0494599079067025,0.0499075405490116,0.05441432969639
0.0420707737780104,0.0494599079067025,0.0499075405490116,0.05441432969639
0.0420707737780104,0.0494599079067025,0.0499075405490116,0.05441432969639
0.0420707737780104,0.0494599079067025,0.0499075405490116,0.05441432969639
0.0420707737780104,0.0494599079067025,0.0499075405490116,0.05441432969639
0.0420707737780104,0.0494599079067025,0.0499075405490116,0.05441432969639
0.042634046782347,0.0494599079067025,0.0499075405490116,0.05441432969639
0.042634046782347,0.0494599079067025,0.0499075405490116,0.05441432969639
0.042634046782347,0.0494599079067025,0.0499075405490116,0.05441432969639
0.042634046782347,0.0494599079067025,0.0477778504836748,0.05441432969639
0.042634046782347,0.0494599079067025,0.0477778504836748,0.0475542039123018
0.042634046782347,0.0494599079067025,0.0477778504836748,0.0475542039123018
0.042634046782347,0.045066743320887,0.0477778504836748,0.0475542039123018
0.042634046782347,0.045066743320887,0.0477778504836748,0.0475542039123018
0.042634046782347,0.045066743320887,0.0477778504836748,0.0475542039123018
0.042634046782347,0.045066743320887,0.0477778504836748,0.0475542039123018
0.042634046782347,0.045066743320887,0.0477778504836748,0.0475542039123018
0.042634046782347,0.045066743320887,0.0477778504836748,0.0475542039123018
0.042634046782347,0.045066743320887,0.0477778504836748,0.0475542039123018
0.042634046782347,0.045066743320887,0.0477778504836748,0.0475542039123018
0.042634046782347,0.045066743320887,0.0477778504836748,0.0475542039123018
0.042634046782347,0.045066743320887,0.0477778504836748,0.0475542039123018
0.042634046782347,0.045066743320887,0.0477778504836748,0.0475542039123018
0.042634046782347,0.045066743320887,0.0477778504836748,0.0475542039123018
0.042634046782347,0.045066743320887,0.0477778504836748,0.0457042399342717
0.042634046782347,0.045066743320887,0.0477778504836748,0.0457042399342717
0.042634046782347,0.045066743320887,0.0477778504836748,0.0457042399342717
0.042634046782347,0.045066743320887,0.0477778504836748,0.0457042399342717
0.042634046782347,0.045066743320887,0.0477778504836748,0.0457042399342717
0.042634046782347,0.045066743320887,0.0477778504836748,0.0457042399342717
0.042634046782347,0.045066743320887,0.0477778504836748,0.0457042399342717
0.042634046782347,0.045066743320887,0.0477778504836748,0.0457042399342717
0.042634046782347,0.045066743320887,0.0477778504836748,0.0457042399342717
0.042634046782347,0.045066743320887,0.0477778504836748,0.0457042399342717
0.042634046782347,0.045066743320887,0.0477778504836748,0.0457042399342717
0.042634046782347,0.045066743320887,0.0477778504836748,0.0457042399342717
0.042634046782347,0.045066743320887,0.0477778504836748,0.0457042399342717
0.042634046782347,0.045066743320887,0.0477778504836748,0.0457042399342717
0.042634046782347,0.045066743320887,0.0477778504836748,0.0457042399342717
0.042634046782347,0.045066743320887,0.0477778504836748,0.0457042399342717
0.042634046782347,0.045066743320887,0.0477778504836748,0.0457042399342717
0.042634046782347,0.045066743320887,0.0477778504836748,0.0457042399342717
0.042634046782347,0.045066743320887,0.0477778504836748,0.0457042399342717
0.042634046782347,0.045066743320887,0.0477778504836748,0.0457042399342717
0.042634046782347,0.045066743320887,0.0477778504836748,0.0457042399342717
0.042634046782347,0.045066743320887,0.0477778504836748,0.0457042399342717
0.042634046782347,0.045066743320887,0.0477778504836748,0.0457042399342717
0.042634046782347,0.045066743320887,0.0477778504836748,0.0457042399342717
0.042634046782347,0.045066743320887,0.0477778504836748,0.0457042399342717
0.042634046782347,0.045066743320887,0.0477778504836748,0.0457042399342717
0.042634046782347,0.045066743320887,0.0477778504836748,0.0457042399342717
0.042634046782347,0.045066743320887,0.0469521962781313,0.0457042399342717
0.042634046782347,0.045066743320887,0.0469521962781313,0.0457042399342717
0.042634046782347,0.045066743320887,0.0469521962781313,0.0457042399342717
0.042634046782347,0.045066743320887,0.0469521962781313,0.0457042399342717
0.042634046782347,0.045066743320887,0.0469521962781313,0.0457042399342717
0.042634046782347,0.045066743320887,0.0469521962781313,0.0457042399342717
0.042634046782347,0.045066743320887,0.0469521962781313,0.0457042399342717
0.042634046782347,0.045066743320887,0.0469521962781313,0.0457042399342717
0.042634046782347,0.045066743320887,0.0469521962781313,0.0457042399342717
0.042634046782347,0.045066743320887,0.0469521962781313,0.0503219073436427
0.042634046782347,0.045066743320887,0.0469521962781313,0.0503219073436427
0.042634046782347,0.045066743320887,0.0469521962781313,0.0503219073436427
0.042634046782347,0.045066743320887,0.0469521962781313,0.0503219073436427
0.042634046782347,0.045066743320887,0.0469521962781313,0.0503219073436427
0.042634046782347,0.045066743320887,0.0469521962781313,0.0503219073436427
0.042634046782347,0.045066743320887,0.0469521962781313,0.0503219073436427
0.042634046782347,0.045066743320887,0.0469521962781313,0.0503219073436427
0.042634046782347,0.045066743320887,0.0469521962781313,0.0503219073436427
0.042634046782347,0.045066743320887,0.0469521962781313,0.0503219073436427
0.042634046782347,0.045066743320887,0.0469521962781313,0.0503219073436427
0.042634046782347,0.045066743320887,0.0501202667718353,0.0503219073436427
0.042634046782347,0.045066743320887,0.0501202667718353,0.0503219073436427
0.042634046782347,0.0406000457525532,0.0501202667718353,0.0503219073436427
0.042634046782347,0.0406000457525532,0.0501202667718353,0.0503219073436427
0.042634046782347,0.0406000457525532,0.0501202667718353,0.0503219073436427
0.042634046782347,0.0406000457525532,0.0501202667718353,0.0503219073436427
0.0426476676280014,0.0406000457525532,0.0501202667718353,0.0503219073436427
0.0426476676280014,0.0406000457525532,0.0501202667718353,0.0503219073436427
0.0426476676280014,0.0406000457525532,0.0501202667718353,0.0503219073436427
0.0426476676280014,0.0406000457525532,0.0501202667718353,0.0503219073436427
0.0426476676280014,0.0406000457525532,0.0501202667718353,0.0503219073436427
0.0426476676280014,0.0406000457525532,0.0501202667718353,0.0503219073436427
0.0426476676280014,0.0406000457525532,0.0501202667718353,0.0553915791136772
0.0426476676280014,0.0406000457525532,0.0501202667718353,0.0553915791136772
0.0426476676280014,0.0406000457525532,0.0501202667718353,0.0553915791136772
0.0426476676280014,0.0406000457525532,0.0501202667718353,0.0553915791136772
0.0426476676280014,0.0406000457525532,0.0501202667718353,0.0553915791136772
0.0426476676280014,0.0406000457525532,0.0501202667718353,0.0553915791136772
0.0426476676280014,0.0406000457525532,0.0501202667718353,0.0553915791136772
0.0426476676280014,0.0406000457525532,0.0501202667718353,0.0553915791136772
0.0426476676280014,0.0406000457525532,0.0501202667718353,0.0553915791136772
0.0426476676280014,0.0406000457525532,0.0501202667718353,0.0553915791136772
0.0426476676280014,0.0406000457525532,0.0501202667718353,0.0553915791136772
0.0426476676280014,0.0406000457525532,0.0501202667718353,0.0553915791136772
0.0426476676280014,0.0406000457525532,0.0501202667718353,0.0553915791136772
0.0426476676280014,0.0406000457525532,0.0501202667718353,0.0553915791136772
0.0426476676280014,0.0406000457525532,0.0501202667718353,0.0553915791136772
0.0426476676280014,0.0406000457525532,0.0501202667718353,0.0553915791136772
0.0426476676280014,0.0406000457525532,0.0501202667718353,0.0553915791136772
0.0426476676280014,0.0406000457525532,0.0501202667718353,0.0561837065723598
0.0426476676280014,0.0406000457525532,0.0501202667718353,0.0561837065723598
0.0426476676280014,0.0433492254631487,0.0501202667718353,0.0561837065723598
0.0426476676280014,0.0433492254631487,0.0501202667718353,0.0561837065723598
0.0426476676280014,0.0433492254631487,0.0501202667718353,0.0561837065723598
0.0426476676280014,0.0433492254631487,0.0501202667718353,0.0561837065723598
0.0426476676280014,0.0433492254631487,0.0501202667718353,0.0561837065723598
0.0426476676280014,0.0433492254631487,0.0501202667718353,0.0561837065723598
0.0426476676280014,0.0433492254631487,0.0501202667718353,0.0561837065723598
0.0426476676280014,0.0433492254631487,0.0501202667718353,0.0561837065723598
0.0426476676280014,0.0433492254631487,0.0501202667718353,0.0561837065723598
0.0426476676280014,0.0433492254631487,0.0501202667718353,0.0561837065723598
0.0426476676280014,0.0433492254631487,0.0501202667718353,0.0561837065723598
0.0426476676280014,0.0433492254631487,0.0501202667718353,0.0561837065723598
0.0426476676280014,0.0433492254631487,0.0501202667718353,0.0561837065723598
0.0426476676280014,0.0433492254631487,0.0501202667718353,0.0561837065723598
0.0426476676280014,0.0433492254631487,0.0504090013415244,0.0561837065723598
0.0426476676280014,0.0433492254631487,0.0504090013415244,0.0561837065723598
0.0426476676280014,0.0433492254631487,0.0504090013415244,0.0561837065723598
0.0426476676280014,0.0433492254631487,0.0504090013415244,0.0561837065723598
0.0426476676280014,0.0433492254631487,0.0504090013415244,0.0561837065723598
0.0426476676280014,0.0433492254631487,0.0504090013415244,0.0561837065723598
0.0426476676280014,0.0433492254631487,0.0504090013415244,0.0561837065723598
0.0426476676280014,0.0433492254631487,0.0504090013415244,0.0561837065723598
0.0426476676280014,0.0433492254631487,0.0504090013415244,0.0561837065723598
0.0462525162084311,0.0433492254631487,0.0504090013415244,0.0561837065723598
0.0462525162084311,0.0433492254631487,0.0504090013415244,0.0561837065723598
0.0462525162084311,0.0409985721290564,0.0504090013415244,0.0561837065723598
0.0462525162084311,0.0409985721290564,0.0504090013415244,0.0561837065723598
0.0462525162084311,0.0409985721290564,0.0504090013415244,0.0561837065723598
0.0462525162084311,0.0409985721290564,0.0504090013415244,0.0561837065723598
0.0462525162084311,0.0409985721290564,0.0512982496741071,0.0561837065723598
0.0462525162084311,0.0409985721290564,0.0512982496741071,0.0561837065723598
0.0462525162084311,0.0409985721290564,0.0512982496741071,0.0561837065723598
0.0462525162084311,0.0409985721290564,0.0512982496741071,0.0561837065723598
0.0462525162084311,0.0409985721290564,0.0512982496741071,0.0561837065723598
0.0462525162084311,0.0409985721290564,0.0512982496741071,0.0561837065723598
0.0462525162084311,0.0409985721290564,0.0512982496741071,0.0561837065723598
0.0462525162084311,0.0409985721290564,0.0512982496741071,0.0561837065723598
0.0462525162084311,0.0409985721290564,0.0512982496741071,0.0561837065723598
0.0462525162084311,0.0409985721290564,0.0512982496741071,0.0561837065723598
0.0462525162084311,0.0409985721290564,0.0512982496741071,0.0561837065723598
0.0462525162084311,0.0409985721290564,0.0512982496741071,0.0595168734509849
0.0462525162084311,0.0409985721290564,0.0512982496741071,0.0595168734509849
0.0462525162084311,0.0409985721290564,0.0512982496741071,0.0595168734509849
0.0462525162084311,0.046906674093102,0.0512982496741071,0.0595168734509849
0.0462525162084311,0.046906674093102,0.0512982496741071,0.0595168734509849
0.0462525162084311,0.046906674093102,0.0512982496741071,0.0595168734509849
0.0462525162084311,0.046906674093102,0.0512982496741071,0.0595168734509849
0.0462525162084311,0.046906674093102,0.0512982496741071,0.0595168734509849
0.0462525162084311,0.046906674093102,0.0512982496741071,0.0595168734509849
0.0462525162084311,0.046906674093102,0.0512982496741071,0.0595168734509849
0.0462525162084311,0.046906674093102,0.0512982496741071,0.0595168734509849
0.0462525162084311,0.046906674093102,0.0512982496741071,0.0595168734509849
0.0462525162084311,0.046906674093102,0.0512982496741071,0.0595168734509849
0.0462525162084311,0.046906674093102,0.0512982496741071,0.0595168734509849
0.0462525162084311,0.046906674093102,0.0512982496741071,0.0595168734509849
0.0462525162084311,0.046906674093102,0.0512982496741071,0.0595168734509849
0.0462525162084311,0.046906674093102,0.0512982496741071,0.0595168734509849
0.0462525162084311,0.0464985166637991,0.0512982496741071,0.0595168734509849
0.0462525162084311,0.0464985166637991,0.0512982496741071,0.0595168734509849
0.0462525162084311,0.0464985166637991,0.0512982496741071,0.0595168734509849
0.0462525162084311,0.0464985166637991,0.0512982496741071,0.0526445971032264
0.0462525162084311,0.0464985166637991,0.0512982496741071,0.053614001459629
0.0462525162084311,0.0464985166637991,0.0512982496741071,0.053614001459629
0.0462525162084311,0.0464985166637991,0.0512982496741071,0.053614001459629
0.0462525162084311,0.0464985166637991,0.0512982496741071,0.053614001459629
0.0462525162084311,0.0464985166637991,0.0512982496741071,0.053614001459629
0.0462525162084311,0.0464985166637991,0.0512982496741071,0.053614001459629
0.0462525162084311,0.0464985166637991,0.0470450370262028,0.0559376251662597
0.0462525162084311,0.0464985166637991,0.0470450370262028,0.0559376251662597
0.0462525162084311,0.0464985166637991,0.0470450370262028,0.0559376251662597
0.0462525162084311,0.0464985166637991,0.0470450370262028,0.0559376251662597
0.0462525162084311,0.0464985166637991,0.0470450370262028,0.0559376251662597
0.0462525162084311,0.0464985166637991,0.0470450370262028,0.0559376251662597
0.0462525162084311,0.0464985166637991,0.0470450370262028,0.0559376251662597
0.0462525162084311,0.0464985166637991,0.0470450370262028,0.0559376251662597
0.0462525162084311,0.0464985166637991,0.0470450370262028,0.0559376251662597
0.0462525162084311,0.0464985166637991,0.0470450370262028,0.0559376251662597
0.0462525162084311,0.0464985166637991,0.0470450370262028,0.0559376251662597
0.0462525162084311,0.0464985166637991,0.0470450370262028,0.0559376251662597
0.0462525162084311,0.0464985166637991,0.0470450370262028,0.0559376251662597
0.0462525162084311,0.0464985166637991,0.0470450370262028,0.0559376251662597
0.0462525162084311,0.0464985166637991,0.0470450370262028,0.0559376251662597
0.0462525162084311,0.0464985166637991,0.0470450370262028,0.0559376251662597
0.0462525162084311,0.0464985166637991,0.0470450370262028,0.0559376251662597
0.0462525162084311,0.0464985166637991,0.0470450370262028,0.0559376251662597
0.0462525162084311,0.0464985166637991,0.0470450370262028,0.0559376251662597
0.0462525162084311,0.0464985166637991,0.0470450370262028,0.0559376251662597
0.0462525162084311,0.0464985166637991,0.0470450370262028,0.0559376251662597
0.0462525162084311,0.0475299313599349,0.0470450370262028,0.0559376251662597
0.0462525162084311,0.0475299313599349,0.0470450370262028,0.0559376251662597
0.0462525162084311,0.0475299313599349,0.0470450370262028,0.0559376251662597
0.0462525162084311,0.0475299313599349,0.0470450370262028,0.0559376251662597
0.0462525162084311,0.0475299313599349,0.0470450370262028,0.0559376251662597
0.0462525162084311,0.0475299313599349,0.0470450370262028,0.0559376251662597
0.0462525162084311,0.0475299313599349,0.0470450370262028,0.0559376251662597
0.0462525162084311,0.0475299313599349,0.0470450370262028,0.0559376251662597
0.0462525162084311,0.0475299313599349,0.0470450370262028,0.0559376251662597
0.0462525162084311,0.0475299313599349,0.0498974415955178,0.0559376251662597
0.0462525162084311,0.0475299313599349,0.0498974415955178,0.0559376251662597
0.0462525162084311,0.0475299313599349,0.0498974415955178,0.0559376251662597
0.0462525162084311,0.0475299313599349,0.0498974415955178,0.0559376251662597
0.0462525162084311,0.0398110809029103,0.0498974415955178,0.0559376251662597
0.0462525162084311,0.0398110809029103,0.0498974415955178,0.0559376251662597
0.0462525162084311,0.0398110809029103,0.0498974415955178,0.0559376251662597
0.0462525162084311,0.0398110809029103,0.0498974415955178,0.0559376251662597
0.0462525162084311,0.0398110809029103,0.0498974415955178,0.0559376251662597
0.0462525162084311,0.0398110809029103,0.0498974415955178,0.0559376251662597
0.0462525162084311,0.0398110809029103,0.0498974415955178,0.0559376251662597
0.0462525162084311,0.0398110809029103,0.0498974415955178,0.0559376251662597
0.0462525162084311,0.0398110809029103,0.0498974415955178,0.0559376251662597
0.0462525162084311,0.0398110809029103,0.0498974415955178,0.0559376251662597
0.0462525162084311,0.0398110809029103,0.0498974415955178,0.0559376251662597
0.0462525162084311,0.0398110809029103,0.0498974415955178,0.0559376251662597
0.0462525162084311,0.0398110809029103,0.0498974415955178,0.0559376251662597
0.0462525162084311,0.0398110809029103,0.0498974415955178,0.0559376251662597
0.0462525162084311,0.0398110809029103,0.0498974415955178,0.0559376251662597
0.0462525162084311,0.0398110809029103,0.0498974415955178,0.0559376251662597
0.0462525162084311,0.0398110809029103,0.0498974415955178,0.0559376251662597
0.0462525162084311,0.0398110809029103,0.0498974415955178,0.0559376251662597
0.0462525162084311,0.0398110809029103,0.0498974415955178,0.0559376251662597
0.0462525162084311,0.0398110809029103,0.0498974415955178,0.0559376251662597
0.0462525162084311,0.041852469858157,0.0498974415955178,0.0559376251662597
0.0462525162084311,0.041852469858157,0.0498974415955178,0.0559376251662597
0.0462525162084311,0.0381273432059752,0.0498974415955178,0.0559376251662597
0.0462525162084311,0.0381273432059752,0.0498974415955178,0.0559376251662597
0.0462525162084311,0.0381273432059752,0.0498974415955178,0.0559376251662597
0.0462525162084311,0.0381273432059752,0.0498974415955178,0.0559376251662597
0.0462525162084311,0.0381273432059752,0.0498974415955178,0.0559376251662597
0.0462525162084311,0.0381273432059752,0.0498974415955178,0.0559376251662597
0.0462525162084311,0.0381273432059752,0.0498974415955178,0.0559376251662597
0.0462525162084311,0.0381273432059752,0.0498974415955178,0.0559376251662597
0.0462525162084311,0.0381273432059752,0.0498974415955178,0.0559376251662597
0.0462525162084311,0.0490934444294834,0.0498974415955178,0.0559376251662597
0.0462525162084311,0.0490934444294834,0.0498974415955178,0.0559376251662597
0.0462525162084311,0.0490934444294834,0.0498974415955178,0.0559376251662597
0.0462525162084311,0.0490934444294834,0.0498974415955178,0.0559376251662597
0.0462525162084311,0.0490934444294834,0.0498974415955178,0.0559376251662597
0.0462525162084311,0.0490934444294834,0.0498974415955178,0.0559376251662597
